0.01806640625,0.98779296875,0.02392578125,-7.38525390625,-4.21142578125,1.8310546875,-3.86070728302002,80.61610412597656,-50.26952743530274
0.020263671875,0.979248046875,0.166748046875,-7.62939453125,-9.1552734375,1.5869140625,-3.8751201629638667,80.30850982666016,-50.62023162841797
-0.010986328125,0.95263671875,0.060302734375,-7.4462890625,-4.94384765625,1.708984375,-3.79544997215271,80.24958038330078,-50.82041931152344
-0.052978515625,1.010498046875,0.041748046875,-8.6669921875,-34.85107421875,1.708984375,-4.087048530578613,80.52473449707031,-57.47887420654297
-0.163818359375,0.950439453125,0.06884765625,-9.21630859375,-48.828125,2.50244140625,-3.956851482391357,80.48531341552734,-59.410606384277344
0.0498046875,1.04443359375,0.0673828125,-10.1318359375,-74.21875,2.99072265625,-4.504319667816162,80.5125503540039,-62.34340286254883
0.242431640625,0.919677734375,-0.019287109375,-9.70458984375,-68.29833984375,3.23486328125,-5.472772121429443,80.75440216064453,-65.06012725830078
0.194580078125,0.99853515625,-0.095947265625,-3.11279296875,-54.50439453125,-1.0986328125,-5.9829301834106445,81.40476989746094,-67.2862548828125
-0.05810546875,0.980712890625,0.037841796875,5.37109375,-57.9833984375,1.89208984375,-6.011977672576903,82.09925842285156,-69.60845947265625
-0.15576171875,1.173828125,-0.09326171875,-12.63427734375,-94.7265625,-29.6630859375,-5.79745626449585,85.18815612792969,-82.99221801757812
-0.179443359375,1.072998046875,-0.119384765625,-17.08984375,-117.12646484375,-18.24951171875,-4.8460564613342285,85.36956787109375,-87.78189849853516
-0.227783203125,1.07373046875,-0.10205078125,-17.9443359375,-148.25439453125,33.38623046875,-5.964807987213135,85.58016204833984,-93.64806365966795
-0.143310546875,1.132080078125,-0.207763671875,-29.541015625,-166.015625,37.9638671875,-7.445474147796631,85.73468780517578,-100.25910186767578
-0.14013671875,0.993408203125,-0.2275390625,-40.10009765625,-173.9501953125,30.57861328125,-8.564806938171388,85.75750732421875,-107.25955963134766
-0.16796875,0.9140625,-0.22705078125,-27.9541015625,-197.998046875,42.724609375,-10.049530029296877,86.61865997314453,-115.2484130859375
-0.1318359375,1.0283203125,-0.2119140625,-22.5830078125,-218.505859375,28.076171875,-10.89240550994873,87.90885925292969,-124.1574935913086
0.120849609375,1.052001953125,-0.27783203125,-24.35302734375,-227.6611328125,-7.14111328125,-10.630939483642578,89.33013916015625,-133.53509521484378
0.256591796875,0.86962890625,-0.189453125,-18.73779296875,-197.509765625,-26.123046875,-9.79877471923828,90.49126434326172,-141.64004516601562
0.167236328125,0.816162109375,-0.05615234375,-1.89208984375,-172.119140625,-8.6669921875,-9.367093086242676,91.69806671142578,-148.62603759765625
0.085205078125,0.96875,-0.006103515625,5.31005859375,-159.85107421875,11.65771484375,-9.38070011138916,92.90170288085938,-155.1024169921875
0.1435546875,1.03759765625,-0.0439453125,-10.31494140625,-150.0244140625,13.36669921875,-9.499163627624512,93.45913696289062,-161.1963653564453
0.263427734375,0.857177734375,-0.028076171875,-15.5029296875,-122.802734375,-3.47900390625,-9.34270477294922,93.5774917602539,-166.14007568359375
0.143310546875,0.784423828125,0.004638671875,5.43212890625,-93.505859375,-12.14599609375,-8.633913040161133,94.2114486694336,-169.85336303710938
0.01953125,1.059326171875,0.076171875,24.2919921875,-84.53369140625,-6.28662109375,-7.795795917510986,95.31873321533205,-173.1796417236328
-0.044677734375,1.135986328125,0.104736328125,3.84521484375,-88.31787109375,-5.67626953125,-6.83513879776001,95.48506927490234,-176.6422576904297
0.0390625,1.0380859375,0.001708984375,-17.15087890625,-86.73095703125,-12.63427734375,-5.822713851928711,94.93973541259766,-180.041259765625
0.159912109375,0.920166015625,0.002197265625,-13.24462890625,-64.0869140625,-18.06640625,-5.048203468322754,94.43268585205078,-182.52163696289062
0.0263671875,0.9931640625,0.0517578125,-2.3193359375,-50.35400390625,-12.63427734375,-4.249588966369629,94.19013214111328,-184.46951293945312
-0.040771484375,1.103515625,0.060791015625,-0.6103515625,-52.490234375,-4.150390625,-3.6766626834869385,94.00272369384766,-186.5339813232422
0.002685546875,1.2421875,0.05126953125,-24.4140625,-56.7626953125,-4.69970703125,-3.2054367065429688,92.89338684082031,171.2238311767578
0.182861328125,1.072998046875,0.0615234375,-39.85595703125,-50.9033203125,-11.5966796875,-2.9209678173065186,91.14937591552734,169.2239532470703
0.156982421875,0.9912109375,0.11328125,-35.33935546875,-33.5693359375,-14.16015625,-2.5835349559783936,89.48404693603516,167.90542602539062
0.04541015625,1.009765625,0.107177734375,-27.34375,-26.06201171875,-11.16943359375,-2.154989242553711,88.19837188720703,166.86541748046875
-0.0537109375,1.04296875,0.087646484375,-27.28271484375,-32.8369140625,-6.53076171875,-1.7428724765777588,87.01765441894531,165.54457092285156
-0.064208984375,1.02392578125,0.0771484375,-28.3203125,-41.015625,-0.42724609375,-1.6106969118118286,85.86517333984375,163.90451049804688
-0.01806640625,0.977783203125,0.074462890625,-33.8134765625,-47.79052734375,8.23974609375,-1.984966516494751,84.54808044433594,162.02395629882812
-0.027099609375,0.923583984375,0.0556640625,-34.912109375,-45.166015625,8.85009765625,-2.3751063346862797,83.28382110595703,160.25782775878906
-0.05078125,0.93701171875,0.021240234375,-27.587890625,-46.20361328125,9.82666015625,-2.769352912902832,82.46141052246094,158.45843505859375
-0.080322265625,1.019775390625,0.011474609375,-24.7802734375,-54.50439453125,15.0146484375,-3.3646512031555176,81.84053039550781,156.35995483398438
0.31982421875,0.82470703125,0.11376953125,7.6904296875,-44.3115234375,30.76171875,-10.429478645324707,80.578125,147.7980499267578
0.2734375,0.9248046875,0.120849609375,8.30078125,-26.2451171875,33.87451171875,-12.15820598602295,81.13614654541016,146.94386291503906
0.19189453125,0.892822265625,0.100341796875,-0.79345703125,-17.39501953125,35.2783203125,-13.646406173706055,81.2951889038086,146.436767578125
0.040283203125,0.880859375,0.099365234375,-1.0986328125,-19.83642578125,27.83203125,-14.42203140258789,81.48359680175781,145.7764434814453
0.02294921875,0.947509765625,0.090576171875,0.8544921875,-32.04345703125,10.1318359375,-14.487061500549315,81.94025421142578,144.49758911132812
0.2314453125,0.96630859375,0.080322265625,0.42724609375,-31.6162109375,-15.2587890625,-14.00782585144043,82.41378784179688,143.0914306640625
0.25048828125,0.9736328125,0.0732421875,2.197265625,-18.37158203125,-16.7236328125,-13.451757431030273,82.81584930419922,142.2267608642578
0.1640625,1.035888671875,0.079345703125,0.244140625,-8.36181640625,-0.732421875,-13.283635139465332,83.0031967163086,141.8586883544922
-0.0654296875,0.951171875,0.060546875,-5.0048828125,-14.2822265625,13.0615234375,-13.194131851196287,83.04361724853516,141.30917358398438
-0.16064453125,0.928466796875,0.045654296875,3.5400390625,-29.96826171875,5.9814453125,-12.676440238952635,83.60418701171875,140.08140563964844
-0.09814453125,1.01171875,0.05078125,7.4462890625,-47.2412109375,-5.859375,-11.922152519226074,84.4449462890625,138.10787963867188
0.2646484375,0.996826171875,0.073486328125,-0.30517578125,-39.306640625,-11.77978515625,-11.70955753326416,84.8075942993164,136.45689392089844
0.273193359375,1.01171875,0.0400390625,3.47900390625,-9.21630859375,-2.62451171875,-11.769551277160645,85.12452697753906,136.05245971679688
0.2265625,1.06982421875,0.02001953125,0.9765625,5.79833984375,15.9912109375,-12.392757415771484,85.23820495605469,136.31382751464844
0.172119140625,1.0361328125,-0.025390625,-4.33349609375,9.33837890625,31.982421875,-13.516801834106445,85.18683624267578,136.75045776367188
0.18505859375,1.026123046875,-0.014404296875,-3.7841796875,8.7890625,27.40478515625,-14.446794509887695,85.13574981689453,137.153076171875
0.13818359375,0.983642578125,0.01220703125,-4.69970703125,7.8125,12.26806640625,-14.652490615844727,85.0090103149414,137.47723388671878
0.115966796875,1.0615234375,0.016357421875,-3.47900390625,5.06591796875,-13.73291015625,-13.756271362304688,84.98283386230469,137.59834289550778
0.199462890625,1.001953125,0.07373046875,-9.765625,11.474609375,-31.67724609375,-6.864821434020996,82.92450714111328,137.07965087890622
0.10498046875,1.029296875,0.062255859375,-13.24462890625,29.11376953125,-6.591796875,-6.417460441589356,82.39266204833984,138.19415283203122
0.06689453125,0.869384765625,0.010986328125,-13.97705078125,34.85107421875,22.27783203125,-7.033423900604247,81.9152603149414,139.67512512207028
-0.15185546875,0.977783203125,0.035400390625,11.71875,-4.45556640625,-10.1318359375,-7.407036304473878,83.59510803222656,141.7242889404297
-0.229248046875,1.038818359375,0.072998046875,5.9814453125,-20.1416015625,-23.8037109375,-5.774936199188232,84.0174331665039,140.80770874023438
-0.146728515625,1.03662109375,0.080078125,-2.5634765625,-41.748046875,-34.5458984375,-4.027513027191162,84.11692810058594,138.99559020996094
0.095703125,1.00439453125,0.068603515625,-3.2958984375,-41.748046875,-34.85107421875,-2.8645715713500977,84.15711212158203,137.18879699707028
0.26318359375,1.033203125,0.11669921875,-2.8076171875,-15.380859375,-27.4658203125,-2.2831060886383057,84.03923797607422,136.47052001953122
0.1923828125,1.048095703125,0.0771484375,-11.962890625,13.916015625,6.9580078125,-2.8209869861602783,83.58818817138672,137.05393981933594
0.18603515625,0.981201171875,0.012939453125,-14.6484375,21.484375,33.26416015625,-4.3554019927978525,83.14491271972656,138.05110168457028
0.201171875,0.979248046875,-0.013427734375,-9.58251953125,24.7802734375,47.119140625,-6.391601085662843,82.9301528930664,139.24261474609378
0.177734375,0.985107421875,-0.030029296875,-7.62939453125,26.30615234375,34.912109375,-7.800034046173097,82.80416870117188,140.4288330078125
-0.13623046875,0.950439453125,0.00927734375,-9.521484375,6.28662109375,-33.26416015625,-3.4524104595184326,82.45333862304688,142.2017822265625
-0.24072265625,0.943115234375,0.0556640625,-5.55419921875,-3.5400390625,-18.12744140625,-2.06140398979187,82.3887710571289,141.95632934570312
-0.143310546875,1.021728515625,0.077880859375,-5.18798828125,-18.00537109375,6.77490234375,-2.026318073272705,82.31880950927734,141.27127075195312
-0.084228515625,1.04931640625,0.11572265625,-10.498046875,-17.88330078125,16.11328125,-2.496727705001831,81.96361541748047,140.64472961425778
-0.00048828125,1.001220703125,0.1025390625,-15.13671875,-19.34814453125,17.7001953125,-3.2035131454467773,81.4634780883789,139.97348022460938
0.108642578125,0.996337890625,0.0625,-7.6904296875,-9.09423828125,13.671875,-3.91478443145752,81.35385131835938,139.68333435058594
0.0947265625,1.013916015625,0.003173828125,-9.82666015625,-4.7607421875,16.2353515625,-4.640362739562988,81.2877197265625,139.56886291503906
0.0615234375,0.908447265625,-0.071044921875,-11.5966796875,-8.544921875,18.1884765625,-5.380854606628418,81.35044860839844,139.29609680175778
0.09814453125,0.89208984375,-0.084716796875,-2.25830078125,-13.3056640625,7.6904296875,-5.799698829650879,81.84671783447266,138.76010131835938
0.138427734375,0.9248046875,-0.06591796875,-1.46484375,-16.17431640625,-2.3193359375,-5.905502796173097,82.3208999633789,138.05577087402344
0.230224609375,0.874755859375,-0.05859375,-0.9765625,-10.009765625,-11.04736328125,-5.870884418487549,82.75688934326172,137.55587768554688
0.180419921875,0.95947265625,-0.0166015625,4.82177734375,2.9296875,-8.30078125,-5.718887805938722,83.24921417236328,137.6015625
0.12646484375,0.985595703125,0.01611328125,2.62451171875,5.79833984375,-0.3662109375,-5.74186372756958,83.5459213256836,137.81011962890622
0.09228515625,0.998046875,0.039794921875,4.638671875,5.79833984375,4.94384765625,-5.8945250511169425,83.85614013671875,138.04795837402344
0.0791015625,1.15576171875,0.07275390625,2.25830078125,5.92041015625,0.244140625,-5.800513744354247,84.00818634033203,138.2767333984375
0.04833984375,1.136962890625,0.098388671875,-9.33837890625,12.26806640625,-11.1083984375,-5.174329280853272,83.61881256103516,138.71682739257812
-0.0517578125,1.049072265625,0.092041015625,-16.6015625,13.18359375,-15.9912109375,-4.1644954681396475,82.95767211914062,139.16317749023438
-0.148193359375,0.980224609375,0.080322265625,-10.25390625,4.7607421875,-11.962890625,-3.166845321655273,82.61739349365234,139.28511047363278
-0.0830078125,0.977294921875,0.070556640625,-6.103515625,-2.86865234375,-2.9296875,-2.74863600730896,82.49392700195312,139.14857482910156
-0.0185546875,1.0341796875,0.057861328125,-7.8125,-3.41796875,8.30078125,-2.9444675445556636,82.34225463867188,139.04737854003906
-0.01318359375,1.06298828125,0.036376953125,-16.66259765625,-0.06103515625,12.63427734375,-3.2990322113037114,81.8840560913086,139.10072326660156
0.125732421875,0.996337890625,0.0224609375,0.48828125,-5.55419921875,7.01904296875,-4.014488220214844,81.57836151123047,134.14900207519528
0.1064453125,1.063232421875,0.027587890625,-4.08935546875,-2.0751953125,11.5966796875,-4.551835060119629,81.6756591796875,134.11470031738278
0.055908203125,1.04345703125,0.01953125,-11.8408203125,2.01416015625,6.04248046875,-4.72047758102417,81.4662094116211,134.20736694335938
0.02001953125,1.004638671875,0.00341796875,-11.90185546875,-0.48828125,-2.13623046875,-4.49847412109375,81.30931091308594,134.14860534667972
0.074951171875,0.9970703125,-0.009765625,-8.48388671875,-0.54931640625,-6.28662109375,-4.247450828552246,81.32588195800781,134.0618896484375
0.05859375,1.022216796875,0.006591796875,-8.23974609375,5.615234375,0.54931640625,-4.19870662689209,81.29430389404297,134.26437377929688
-0.024169921875,0.934326171875,0.06298828125,-6.65283203125,4.8828125,11.23046875,-5.190603733062744,80.6727066040039,135.53851318359378
-0.05419921875,0.9541015625,0.03076171875,-6.28662109375,2.38037109375,1.03759765625,-4.883665084838867,80.69489288330078,135.61279296875
-0.08203125,0.961669921875,0.049560546875,-8.056640625,-2.9296875,-12.51220703125,-4.025452136993408,80.62516784667969,135.39515686035156
0.0771484375,1.03466796875,0.066650390625,-4.638671875,-6.16455078125,-15.19775390625,0.07266588509082794,81.1740493774414,134.58621215820312
0.08349609375,1.052490234375,0.03857421875,-8.30078125,-2.74658203125,-0.91552734375,-0.09042473137378693,81.09349822998047,134.47314453125
0.1005859375,1.0087890625,0.05078125,-11.77978515625,5.18798828125,15.0146484375,-0.8717239499092102,80.84297180175781,134.77137756347656
0.075927734375,0.93212890625,0.034912109375,-10.498046875,8.60595703125,18.49365234375,-1.6959753036499023,80.67546844482422,135.2244873046875
-0.100830078125,0.882568359375,0.045166015625,-4.82177734375,9.82666015625,14.95361328125,-1.8980228900909424,80.70500946044922,135.69955444335938
-0.3251953125,0.81396484375,0.041259765625,1.3427734375,-5.4931640625,9.8876953125,-1.4094769954681396,80.98509216308594,135.53585815429688
-0.181396484375,0.851806640625,-0.010009765625,11.5966796875,-27.03857421875,12.939453125,-1.5496231317520142,81.8350830078125,134.53446960449222
0.083740234375,1.016845703125,-0.024169921875,21.728515625,-33.5693359375,21.240234375,-2.6858391761779785,83.11028289794922,133.29969787597656
0.308349609375,1.268798828125,-0.003173828125,7.6904296875,-17.15087890625,27.28271484375,-4.275525093078613,83.7084732055664,132.72567749023438
0.2998046875,1.203369140625,0.007080078125,-14.0380859375,4.5166015625,19.775390625,-5.422994136810303,83.33930969238281,132.97918701171878
0.2001953125,1.0556640625,-0.00048828125,-23.62060546875,14.16015625,4.82177734375,-5.758027076721191,82.58435821533203,133.54600524902344
0.073486328125,0.964599609375,0.02001953125,-18.798828125,10.7421875,-12.5732421875,-5.150136470794678,82.03067016601562,133.88417053222656
-0.035400390625,0.964111328125,0.02197265625,-7.6904296875,7.2021484375,7.568359375,-1.4661365747451782,80.18623352050781,135.26113891601562
-0.095703125,0.935546875,0.0439453125,-7.8125,8.1787109375,6.89697265625,-1.3937292098999023,80.13117218017578,135.62205505371094
-0.1494140625,0.91845703125,0.060791015625,-4.57763671875,1.8310546875,1.52587890625,-1.0225275754928589,80.17017364501953,135.69779968261722
-0.11279296875,0.9599609375,0.041748046875,0.3662109375,-7.26318359375,-4.08935546875,-0.6046350002288818,80.46331024169922,135.37908935546878
-0.07080078125,1.01904296875,0.044189453125,1.5869140625,-12.939453125,-9.94873046875,-0.11413922160863875,80.79457092285156,134.80177307128906
-0.016357421875,1.076904296875,0.0126953125,-2.74658203125,-12.939453125,-15.56396484375,0.4580113589763642,81.00624084472656,134.19334411621094
0.010986328125,1.039306640625,-0.010986328125,-0.91552734375,-17.08984375,20.6298828125,-0.9306744337081908,81.63255310058594,132.45526123046878
0.0986328125,1.0546875,0.021484375,-7.14111328125,-16.2353515625,12.6953125,-1.698773980140686,81.62981414794922,131.8807373046875
0.149169921875,1.012451171875,0.02392578125,-7.568359375,-6.28662109375,3.0517578125,-2.1196033954620357,81.5955810546875,131.64231872558594
0.14697265625,1.04296875,0.0185546875,-5.615234375,-3.90625,3.11279296875,-2.498778343200684,81.65213012695312,131.49571228027344
0.13330078125,1.008544921875,0.018310546875,-8.30078125,-2.13623046875,5.31005859375,-2.9200713634490967,81.59547424316406,131.43014526367188
0.1611328125,0.98681640625,0.008544921875,-9.58251953125,1.8310546875,3.5400390625,-3.30120062828064,81.50201416015625,131.50906372070312
0.1318359375,0.974609375,0.017578125,-12.14599609375,6.591796875,3.5400390625,-3.577214479446411,81.2780990600586,131.77593994140622
0.094970703125,0.91845703125,0.0263671875,-12.26806640625,10.92529296875,6.16455078125,-3.847361087799072,81.02212524414062,132.22999572753906
-0.04736328125,0.8740234375,0.04638671875,-7.01904296875,16.9677734375,6.4697265625,-3.7235321998596187,80.91539764404297,132.92588806152344
-0.3310546875,0.81103515625,0.0244140625,-5.55419921875,10.7421875,12.3291015625,-3.149637460708618,80.92041015625,133.407470703125
-0.38671875,0.80224609375,-0.01025390625,3.173828125,-10.07080078125,24.10888671875,-3.062605381011963,81.39813995361328,133.13615417480472
-0.12744140625,1.013671875,-0.02197265625,20.263671875,-30.2734375,31.6162109375,-4.072198390960693,82.64462280273438,132.08888244628906
0.050537109375,1.131591796875,0.0029296875,15.44189453125,-29.23583984375,29.296875,-5.307867527008057,83.61764526367188,131.04121398925778
0.128662109375,1.126220703125,0.00390625,3.60107421875,-20.69091796875,23.98681640625,-6.3928489685058585,84.0657730102539,130.29258728027344
0.166259765625,1.091552734375,0.00830078125,-5.859375,-11.16943359375,11.23046875,-6.972908020019531,84.08057403564453,129.86784362792972
0.154052734375,1.066650390625,0.0078125,-10.6201171875,-8.11767578125,-1.5869140625,-6.992386817932129,83.89911651611328,129.51142883300778
0.146240234375,1.0185546875,0.01318359375,-13.427734375,-7.14111328125,-11.5966796875,-6.609591960906982,83.59918975830078,129.15226745605472
0.150390625,0.978515625,0.019287109375,-16.357421875,-0.79345703125,-13.916015625,-6.146294593811035,83.14871215820312,129.03611755371094
0.09521484375,0.9609375,0.007080078125,-17.76123046875,1.5869140625,-11.474609375,-5.665882587432861,82.67784881591797,129.01815795898438
0.066162109375,0.98046875,-0.004150390625,-16.7236328125,0.6103515625,-13.48876953125,-5.058982372283936,82.29889678955078,128.94467163085938
0.073486328125,1.0009765625,-0.00537109375,-17.333984375,-1.28173828125,-19.10400390625,-4.278212547302246,81.92108154296875,128.76400756835938
0.05029296875,0.929931640625,0.006591796875,-7.2021484375,-3.47900390625,-10.80322265625,-1.5128051042556765,80.7865219116211,128.21678161621094
0.056396484375,0.98193359375,-0.00244140625,0.6103515625,-2.197265625,-6.34765625,-1.347030520439148,81.16888427734375,128.08151245117188
0.116455078125,0.9921875,0.011962890625,-2.13623046875,0.9765625,3.0517578125,-1.6735154390335083,81.38739776611328,128.13136291503906
0.128173828125,1.044921875,-0.00390625,-5.859375,6.04248046875,8.48388671875,-2.1844136714935303,81.4759750366211,128.41087341308594
0.13720703125,1.04248046875,0.020751953125,-12.87841796875,11.65771484375,8.60595703125,-2.666324615478516,81.21513366699219,128.91384887695312
0.106201171875,0.972900390625,0.021240234375,-14.16015625,14.0380859375,6.9580078125,-2.996948719024658,80.90150451660156,129.49957275390622
0.102294921875,0.980224609375,0.035400390625,-9.82666015625,13.916015625,2.99072265625,-3.145615339279175,80.74061584472656,130.0556640625
0.092041015625,0.96533203125,0.040283203125,-9.8876953125,15.56396484375,-3.41796875,-3.0037717819213867,80.56991577148438,130.63571166992188
0.076416015625,0.9892578125,0.00537109375,-8.60595703125,17.2119140625,-6.89697265625,-2.6790661811828613,80.53963470458984,131.253662109375
-0.086669921875,0.971435546875,0.05126953125,-4.45556640625,3.47900390625,-26.06201171875,-1.1385318040847778,78.98068237304688,144.7266845703125
-0.067626953125,0.9521484375,0.059326171875,-4.0283203125,-1.15966796875,-17.63916015625,-0.2508549392223358,79.10176086425781,144.54322814941406
-0.007080078125,1.009765625,0.01416015625,-2.50244140625,-1.5869140625,-0.54931640625,-0.21515540778636927,79.38641357421875,144.47508239746094
0.10986328125,0.86181640625,0.164306640625,-9.09423828125,-46.44775390625,2.25830078125,-3.632970333099365,80.62686920166016,134.61126708984378
0.146484375,1.00439453125,0.114013671875,-7.9345703125,-18.06640625,2.13623046875,-4.0154008865356445,80.45558166503906,133.90483093261722
0.03076171875,0.98681640625,0.044189453125,-8.30078125,-4.39453125,2.197265625,-4.042435646057129,80.39722442626953,133.72654724121094
