-0.02978515625,0.983154296875,0.052001953125,-7.62939453125,-4.94384765625,2.01416015625,-1.3165686130523682,79.00131225585938,-50.70150756835938
-0.023193359375,0.9951171875,0.04052734375,-8.6669921875,-5.4931640625,2.38037109375,-1.3462047576904297,78.9876708984375,-50.90745162963867
-0.046142578125,0.9990234375,0.063232421875,-9.1552734375,-5.2490234375,1.77001953125,-1.297291278839111,78.90389251708984,-51.10755157470703
-0.24951171875,0.814453125,-0.026123046875,-10.80322265625,-6.2255859375,3.7841796875,-0.17224615812301636,79.0028305053711,-57.99215316772461
-0.3076171875,0.93359375,-0.04638671875,-3.96728515625,-103.69873046875,1.3427734375,-0.27088409662246704,79.36338806152344,-62.05901336669922
0.147216796875,0.953369140625,0.100830078125,-5.37109375,-158.75244140625,2.197265625,-1.834862470626831,79.42859649658203,-68.28285217285156
0.271240234375,0.978271484375,0.2177734375,-6.89697265625,-124.8779296875,2.44140625,-3.1810507774353027,79.26956939697266,-72.27851867675781
-0.08740234375,1.00439453125,-0.04443359375,-6.4697265625,-57.9833984375,-0.244140625,-3.2673947811126713,79.6468734741211,-74.59345245361328
-0.312255859375,0.99462890625,-0.021728515625,-9.521484375,-75.86669921875,4.150390625,-3.1567540168762207,79.8569564819336,-77.5820083618164
0.050537109375,1.154296875,-0.067626953125,29.4189453125,-104.55322265625,-71.35009765625,-1.7701412439346311,84.27738189697266,-98.6949462890625
-0.220458984375,1.378173828125,-0.3681640625,28.13720703125,-69.9462890625,-144.8974609375,4.170073986053467,86.11565399169922,-101.96354675292969
-0.005126953125,1.572265625,-0.324951171875,-34.912109375,-55.419921875,-174.74365234375,10.792473793029783,84.95829010009766,-104.66693878173828
-0.107177734375,1.51416015625,-0.243408203125,-110.4736328125,-29.9072265625,-136.3525390625,14.497537612915039,80.11446380615234,-106.00030517578124
-0.2119140625,1.490966796875,-0.1298828125,-136.90185546875,-2.99072265625,-64.63623046875,16.755487442016598,75.04571533203125,-106.53073120117188
-0.40185546875,1.421875,-0.137451171875,-112.97607421875,0.732421875,2.5634765625,16.668075561523438,71.33656311035156,-106.24299621582031
-0.572509765625,1.345458984375,-0.236083984375,-84.228515625,-2.0751953125,66.22314453125,13.627729415893555,69.77482604980469,-105.0392074584961
-0.36376953125,1.157470703125,-0.30224609375,-19.83642578125,-3.72314453125,126.52587890625,9.047592163085938,70.55534362792969,-103.1493911743164
-0.140380859375,1.08837890625,-0.32275390625,7.87353515625,14.6484375,151.85546875,3.471707582473755,72.46466064453125,-100.46536254882812
0.006103515625,1.02685546875,-0.350830078125,13.3056640625,36.56005859375,146.484375,-1.3939106464385986,74.26081848144531,-97.28338623046876
-0.16845703125,0.7900390625,-0.373779296875,2.86865234375,43.88427734375,106.01806640625,-4.558472633361816,75.690185546875,-94.53006744384766
-0.0703125,0.74560546875,-0.34521484375,9.09423828125,42.17529296875,79.04052734375,-6.900688648223878,77.24150085449219,-92.258544921875
-0.059814453125,0.6630859375,-0.299072265625,9.33837890625,55.60302734375,58.16650390625,-8.085386276245117,78.62960815429688,-89.70045471191406
0.02490234375,0.653076171875,-0.2587890625,12.87841796875,71.22802734375,30.3955078125,-8.566102981567383,79.94125366210938,-86.81954193115234
0.013427734375,0.58544921875,-0.204833984375,17.822265625,90.9423828125,25.87890625,-8.752513885498049,81.19486999511719,-83.18584442138672
-0.008056640625,0.53759765625,-0.157470703125,26.123046875,101.62353515625,24.23095703125,-8.561511039733888,82.69837951660156,-78.90679931640625
-0.1298828125,0.505615234375,-0.073486328125,50.4150390625,118.46923828125,16.7236328125,-7.8451056480407715,84.60602569580078,-74.15355682373047
-0.21240234375,0.5048828125,0.048095703125,81.72607421875,116.39404296875,12.0849609375,-6.85446310043335,87.24951171875,-69.41619873046875
-0.18017578125,0.682373046875,0.031494140625,101.07421875,91.4306640625,10.80322265625,-6.254673480987549,90.8929443359375,-65.96352386474611
-0.060791015625,0.85302734375,0.068603515625,85.9375,71.22802734375,-13.36669921875,-5.44244909286499,93.80016326904295,-63.04558181762695
-0.078369140625,0.97900390625,0.14111328125,62.98828125,70.068359375,-27.28271484375,-4.2083215713500985,95.58600616455078,-60.09964370727539
-0.114990234375,1.070556640625,0.15185546875,32.5927734375,56.21337890625,-28.86962890625,-2.9129407405853267,95.74691772460938,-57.91227722167969
0.046875,1.0322265625,0.116943359375,-15.0146484375,44.7998046875,-27.52685546875,-1.9759786128997805,94.56729125976562,-55.99877548217773
-0.05908203125,0.863525390625,0.20849609375,-24.71923828125,52.3681640625,-22.15576171875,-1.0101319551467896,92.79779815673828,-53.827980041503906
-0.2001953125,0.875244140625,0.2431640625,-0.1220703125,52.79541015625,-20.93505859375,0.34518805146217346,92.43391418457031,-51.78745651245117
-0.1611328125,1.13330078125,0.22705078125,20.751953125,42.48046875,-27.52685546875,1.6599228382110596,92.741943359375,-50.04034042358398
-0.115234375,1.237548828125,0.228271484375,5.126953125,45.34912109375,-26.67236328125,2.7765111923217773,92.48552703857422,-48.19145965576172
-0.140625,1.166259765625,0.31982421875,-6.89697265625,47.2412109375,-7.4462890625,3.198557615280152,91.58177947998048,-46.32688903808594
-0.226806640625,1.0615234375,0.385009765625,-7.01904296875,38.330078125,10.986328125,3.0580446720123287,90.54796600341795,-44.8525276184082
-0.13427734375,0.96484375,0.33203125,5.43212890625,28.38134765625,22.27783203125,2.3428633213043213,90.04650115966797,-43.766517639160156
-0.029296875,1.00927734375,0.24072265625,24.5361328125,29.541015625,34.11865234375,0.7476368546485901,90.775146484375,-42.50690460205078
-0.073974609375,1.091796875,0.150390625,26.30615234375,41.50390625,31.43310546875,-0.4200602173805237,91.47540283203124,-40.88068389892578
-0.20361328125,1.126953125,0.186767578125,11.53564453125,31.3720703125,6.77490234375,-0.3112139105796814,91.48953247070312,-39.63241958618164
-0.119140625,1.125244140625,0.185546875,-0.6103515625,13.24462890625,-2.5634765625,-0.03375844657421112,91.08836364746094,-39.09942626953125
-0.057373046875,1.09521484375,0.09326171875,-13.0615234375,5.18798828125,6.28662109375,-0.16757792234420776,90.31349182128906,-38.896934509277344
-0.028564453125,1.036865234375,0.03369140625,-22.705078125,7.6904296875,6.34765625,-0.3513340651988983,89.3019027709961,-38.58988571166992
-0.102294921875,0.908935546875,0.111572265625,-26.91650390625,13.73291015625,-0.48828125,-0.004088388290256262,88.09062957763672,-38.05887222290039
-0.084716796875,0.884765625,0.081787109375,-8.9111328125,6.4697265625,-0.18310546875,0.2281961143016815,87.58573913574219,-37.80216979980469
-0.052490234375,0.996337890625,0.030517578125,3.2958984375,1.5869140625,0.79345703125,0.3093782365322113,87.72868347167969,-37.73774719238281
-0.017578125,1.09619140625,-0.04052734375,-2.44140625,-0.91552734375,-2.44140625,0.3885756134986877,87.75829315185547,-37.77711486816406
-0.062255859375,1.038330078125,0.032958984375,-30.029296875,-2.9296875,-12.39013671875,0.997181475162506,86.55703735351562,-37.91874694824219
-0.072998046875,0.904541015625,0.060302734375,-33.63037109375,-12.6953125,-12.87841796875,1.6175080537796018,85.16958618164062,-38.463626861572266
-0.052978515625,0.875732421875,-0.016357421875,-17.7001953125,-16.66259765625,-7.99560546875,1.883951187133789,84.93367767333984,-39.138916015625
-0.048095703125,0.966796875,-0.095947265625,0.18310546875,-14.16015625,-8.30078125,2.2063589096069336,85.32884979248047,-39.71736526489258
-0.078857421875,1.058349609375,-0.097900390625,-1.3427734375,-11.962890625,-13.73291015625,2.7980663776397705,85.6311264038086,-40.22186279296875
-0.078857421875,1.07470703125,-0.039306640625,-8.9111328125,-16.41845703125,-12.26806640625,3.264549732208252,85.48416900634766,-40.90217590332031
-0.044189453125,0.9677734375,0.011474609375,-13.97705078125,-18.5546875,-0.48828125,3.19925856590271,85.02046966552734,-41.63671112060547
-0.033447265625,0.875732421875,0.00732421875,-3.662109375,-16.11328125,7.26318359375,2.8167710304260254,85.0052719116211,-42.246238708496094
0.062744140625,0.968017578125,-0.103271484375,-0.54931640625,-7.9345703125,7.080078125,-4.1994032859802255,86.10187530517578,-49.1522216796875
0.059326171875,1.092529296875,-0.12109375,-1.0986328125,-3.5400390625,-2.9296875,-4.049284934997559,86.45915222167969,-49.32985305786133
0.072021484375,1.14501953125,-0.112548828125,-13.427734375,-6.28662109375,-6.8359375,-3.775139570236206,86.2884750366211,-49.62260818481445
0.056640625,1.08251953125,-0.146240234375,-26.3671875,-5.67626953125,-5.37109375,-3.5468955039978027,85.76578521728516,-49.89817428588867
0.049560546875,0.947509765625,-0.201904296875,-11.962890625,5.9814453125,7.62939453125,-3.8142056465148926,85.89449310302734,-49.67658615112305
0.05126953125,0.9912109375,-0.21435546875,11.04736328125,21.6064453125,16.78466796875,-4.399407386779785,86.89746856689453,-48.81331253051758
-0.021484375,1.15576171875,-0.232666015625,22.94921875,30.21240234375,11.1083984375,-4.545257568359375,88.28995513916016,-47.62670135498047
-0.073486328125,1.326171875,-0.19970703125,-7.38525390625,26.18408203125,-12.87841796875,-3.702916622161865,88.31210327148438,-46.62272644042969
-0.1064453125,1.263671875,-0.150390625,-37.17041015625,16.78466796875,-25.87890625,-2.3136346340179443,87.11262512207031,-46.01420593261719
-0.071044921875,1.119384765625,-0.147216796875,-51.3916015625,9.21630859375,-27.099609375,-1.0033950805664062,85.45243072509766,-45.73291015625
-0.051025390625,0.99365234375,-0.125244140625,-31.55517578125,12.39013671875,-15.380859375,-0.1967557817697525,84.63384246826172,-45.29961395263672
-0.007568359375,1.083984375,-0.138671875,-6.4697265625,14.6484375,-5.43212890625,0.09388166666030884,84.8597412109375,-44.7368392944336
-0.035888671875,1.161865234375,-0.17236328125,-4.39453125,16.90673828125,-9.33837890625,0.5936351418495178,85.22744750976562,-44.093055725097656
-0.05419921875,1.168701171875,-0.142822265625,-20.6298828125,9.33837890625,-21.30126953125,1.5521985292434692,84.85668182373047,-43.78741455078125
-0.032470703125,1.130126953125,-0.15576171875,-27.34375,1.46484375,-16.357421875,2.211359024047852,84.26113891601562,-43.77540969848633
0.002685546875,1.086669921875,-0.212646484375,-28.25927734375,-0.42724609375,-14.404296875,2.662636995315552,83.7966079711914,-43.82369613647461
-0.033447265625,1.052001953125,-0.201416015625,-26.2451171875,9.70458984375,-28.01513671875,3.7842028141021733,83.41681671142578,-43.52766036987305
-0.079345703125,1.143310546875,-0.17236328125,-14.70947265625,11.77978515625,-25.81787109375,4.869329929351807,83.43700408935547,-43.13461685180664
-0.100830078125,1.192626953125,-0.182373046875,-9.6435546875,8.23974609375,-14.22119140625,5.445229530334473,83.66422271728516,-42.81766128540039
-0.0625,1.175537109375,-0.1767578125,-15.07568359375,1.89208984375,-2.38037109375,5.457328796386719,83.64037322998047,-42.69742965698242
-0.0673828125,1.094482421875,-0.187255859375,-21.3623046875,0.42724609375,-2.8076171875,5.4992218017578125,83.40521240234375,-42.63324737548828
-0.07861328125,1.02490234375,-0.137939453125,-15.68603515625,2.5634765625,-4.08935546875,5.6917643547058105,83.31401824951172,-42.49861145019531
-0.1025390625,1.03125,-0.103515625,-5.0048828125,1.220703125,-1.64794921875,5.764925956726074,83.59365844726562,-42.40979766845703
-0.122314453125,1.047119140625,-0.11962890625,-4.45556640625,-2.74658203125,-1.28173828125,5.842733860015869,83.89840698242188,-42.475196838378906
-0.092041015625,1.092041015625,-0.13134765625,-14.16015625,-5.92041015625,-5.0048828125,6.058461666107178,83.77897644042969,-42.68471145629883
-0.115966796875,1.001220703125,-0.083984375,-26.7333984375,-9.521484375,-10.19287109375,6.444581985473633,83.0835189819336,-43.06672286987305
-0.10009765625,0.9169921875,-0.040771484375,-26.3671875,-12.3291015625,-10.92529296875,6.809834957122803,82.32608795166016,-43.5731315612793
-0.133056640625,0.857421875,-0.07080078125,-15.80810546875,-13.427734375,-9.521484375,7.165943145751952,82.06737518310547,-44.107608795166016
-0.09130859375,0.93359375,-0.106689453125,-5.67626953125,-11.962890625,-5.126953125,7.2487406730651855,82.33295440673828,-44.5433464050293
-0.052978515625,0.928955078125,-0.0908203125,-9.8876953125,-4.0283203125,1.953125,6.998369216918945,82.43014526367188,-44.6290397644043
-0.0869140625,0.837646484375,-0.051025390625,-13.36669921875,2.8076171875,7.38525390625,6.726579666137695,82.29531860351562,-44.431678771972656
-0.10205078125,0.790771484375,-0.001708984375,-8.7890625,2.01416015625,5.43212890625,6.548618793487549,82.25121307373047,-44.288028717041016
-0.108642578125,0.78076171875,0.03662109375,-5.9814453125,-3.72314453125,-1.5869140625,6.645755290985107,82.17910766601562,-44.42409133911133
-0.1064453125,0.809814453125,0.0380859375,-4.150390625,-8.36181640625,-5.9814453125,6.820145130157472,82.18071746826172,-44.76536178588867
-0.0361328125,0.826416015625,-0.02294921875,-9.94873046875,-11.23046875,-6.16455078125,6.835374355316162,82.08517456054688,-45.20331954956055
-0.075439453125,0.796142578125,-0.032958984375,-14.7705078125,-8.544921875,-5.67626953125,6.959723949432372,81.84249114990234,-45.52836990356445
-0.092041015625,0.819580078125,-0.041015625,-15.93017578125,-7.4462890625,-8.36181640625,7.1480655670166025,81.50763702392578,-45.830604553222656
-0.08154296875,0.79833984375,0.02001953125,-19.775390625,-6.103515625,-4.39453125,7.233838081359862,80.94845581054688,-46.0667839050293
-0.106201171875,0.746826171875,0.04296875,-16.41845703125,-6.77490234375,2.99072265625,7.107314586639403,80.47366333007812,-46.29076385498047
-0.0576171875,0.837158203125,0.03369140625,-34.24072265625,7.6904296875,-6.34765625,6.338885307312013,78.46642303466797,-45.78300476074219
-0.084716796875,0.8486328125,0.05224609375,-24.47509765625,3.11279296875,-10.7421875,6.759123802185059,77.7949447631836,-45.71398544311523
-0.08984375,0.93505859375,0.034912109375,-21.1181640625,-1.28173828125,-14.95361328125,7.2832536697387695,77.31354522705078,-45.84652709960938
-0.085693359375,0.96484375,0.051025390625,-25.81787109375,-2.5634765625,-17.39501953125,7.8984718322753915,76.65132904052734,-46.05142593383789
-0.100341796875,0.95166015625,0.023193359375,-26.611328125,-2.74658203125,-12.87841796875,8.303176879882812,76.0142822265625,-46.21660232543945
-0.079833984375,0.9345703125,0.005859375,-22.52197265625,2.8076171875,-4.8828125,8.391257286071777,75.6494369506836,-46.07693481445313
-0.124267578125,0.901123046875,0.02392578125,-14.83154296875,8.85009765625,2.44140625,8.35179615020752,75.56475067138672,-45.63911437988281
-0.14453125,0.895751953125,0.06787109375,-0.79345703125,11.04736328125,11.41357421875,8.051719665527344,75.99526977539062,-45.03802108764648
-0.100830078125,0.904296875,0.06201171875,5.67626953125,8.7890625,17.76123046875,7.380267143249513,76.6767578125,-44.47187042236328
-0.105224609375,0.914306640625,0.012939453125,7.080078125,8.7890625,17.333984375,6.745910167694093,77.49111938476562,-43.91194534301758
-0.10302734375,0.94482421875,0.001708984375,1.64794921875,7.6904296875,5.06591796875,6.596196174621582,78.07252502441406,-43.51044464111328
-0.102783203125,0.97607421875,-0.0048828125,-5.615234375,3.7841796875,-5.31005859375,6.8152384757995605,78.32799530029297,-43.350196838378906
-0.102783203125,0.946044921875,0.0107421875,-11.53564453125,2.9296875,-12.02392578125,7.328488826751709,78.2634506225586,-43.284263610839844
-0.1357421875,0.947265625,0.039794921875,-5.859375,2.5634765625,-8.9111328125,7.7318525314331055,78.38682556152344,-43.20920944213867
-0.155029296875,0.988525390625,0.0234375,3.11279296875,3.23486328125,-0.6103515625,7.830563545227051,78.9172592163086,-43.03315353393555
-0.15673828125,1.019775390625,0.012451171875,7.8125,2.99072265625,6.28662109375,7.6135501861572275,79.6400375366211,-42.814937591552734
-0.148193359375,1.0625,0.00146484375,3.41796875,1.8310546875,9.8876953125,7.253954410552978,80.1867904663086,-42.62148666381836
-0.141357421875,1.056640625,0.007080078125,0.244140625,-0.30517578125,13.00048828125,6.757668972015381,80.56391143798828,-42.50233840942383
-0.1279296875,1.050537109375,-0.023681640625,-0.732421875,-1.953125,15.44189453125,6.121131420135497,80.9638671875,-42.43183517456055
-0.100341796875,1.03515625,-0.0361328125,-3.84521484375,-0.9765625,15.625,5.479486465454102,81.23778533935547,-42.33036804199219
-0.10791015625,1.002197265625,-0.00244140625,-3.60107421875,0.42724609375,14.95361328125,4.920395374298097,81.44049072265625,-42.19267272949219
-0.10791015625,0.995361328125,0.005615234375,-2.13623046875,-0.9765625,17.63916015625,4.237334251403809,81.7005844116211,-42.10074996948242
-0.08251953125,0.993896484375,-0.032958984375,-1.953125,-3.2958984375,19.83642578125,3.457902431488037,82.00910186767578,-42.09281921386719
-0.081298828125,0.98486328125,-0.036376953125,-3.84521484375,-4.8828125,17.578125,2.788764238357544,82.23399353027344,-42.16929626464844
-0.072509765625,0.978515625,-0.061279296875,-9.33837890625,-6.591796875,11.29150390625,2.382990598678589,82.30326080322266,-42.34977340698242
-0.07421875,0.967529296875,-0.05712890625,-13.48876953125,-7.62939453125,4.0283203125,2.264211416244507,82.17426300048828,-42.61404418945313
-0.0634765625,0.957763671875,-0.051025390625,-12.939453125,-6.89697265625,2.38037109375,2.1949684619903564,82.06107330322266,-42.858734130859375
-0.08740234375,0.948486328125,-0.035888671875,-8.60595703125,-6.8359375,2.74658203125,2.186043262481689,82.11724090576172,-43.0997428894043
-0.082275390625,0.992431640625,-0.0625,-5.7373046875,-6.53076171875,3.47900390625,2.1163103580474854,82.3162841796875,-43.32387924194336
-0.0576171875,1.019287109375,-0.06396484375,-5.43212890625,-6.40869140625,4.638671875,1.9454370737075808,82.52128601074219,-43.538490295410156
-0.063232421875,0.998779296875,-0.0654296875,-5.55419921875,-3.90625,7.32421875,1.7167497873306274,82.69603729248047,-43.643348693847656
-0.058837890625,0.989501953125,-0.0537109375,-3.35693359375,-2.0751953125,8.9111328125,1.4215304851531982,82.95687866210938,-43.67058563232422
-0.0771484375,1.0009765625,-0.04736328125,-2.62451171875,-2.38037109375,7.568359375,1.2294914722442627,83.22048950195312,-43.72065734863281
-0.0986328125,1.00927734375,-0.033203125,-3.5400390625,-5.7373046875,6.34765625,1.111333250999451,83.41885375976562,-43.912879943847656
-0.090087890625,1.020263671875,-0.03076171875,-8.36181640625,-9.33837890625,7.87353515625,0.9141133427619934,83.39173889160156,-44.24348831176758
-0.077392578125,1.002685546875,-0.037353515625,-12.39013671875,-10.25390625,7.32421875,0.716587245464325,83.22126007080078,-44.61325454711914
-0.101318359375,0.985595703125,-0.0478515625,-12.63427734375,-10.7421875,5.9814453125,0.5991804003715515,83.07279968261719,-45.00857162475586
-0.093017578125,0.97607421875,-0.037353515625,-11.71875,-12.87841796875,5.7373046875,0.5031828284263611,82.94398498535156,-45.49018478393555
-0.062744140625,0.95654296875,-0.014404296875,-9.58251953125,-13.36669921875,7.01904296875,0.2902371883392334,82.85562133789062,-45.98511123657226
-0.060302734375,0.96240234375,-0.02978515625,-6.53076171875,-12.75634765625,6.7138671875,0.09626857191324234,82.94745635986328,-46.457908630371094
-0.061767578125,0.9541015625,-0.0439453125,-3.90625,-11.41357421875,3.2958984375,0.05518677458167076,83.15851593017578,-46.89537048339844
-0.0576171875,0.990478515625,-0.038330078125,-5.06591796875,-12.5732421875,0.79345703125,0.09599488973617554,83.29829406738281,-47.39129638671875
-0.044189453125,0.95654296875,-0.04296875,-6.8359375,-12.3291015625,-0.79345703125,0.2136119157075882,83.29229736328125,-49.67674255371094
-0.050048828125,1.0087890625,-0.048583984375,-4.33349609375,-9.21630859375,1.03759765625,0.23551097512245175,83.4769058227539,-50.03727340698242
-0.04443359375,1.016845703125,-0.059326171875,-5.31005859375,-8.544921875,2.197265625,0.2011922597885132,83.63839721679688,-50.3661003112793
-0.068603515625,0.997314453125,-0.060546875,-6.89697265625,-8.60595703125,3.96728515625,0.15054625272750854,83.70616912841797,-50.690589904785156
-0.05908203125,0.995849609375,-0.045654296875,-7.38525390625,-5.859375,4.150390625,0.08976705372333528,83.74793243408203,-50.90555953979492
-0.059814453125,0.988037109375,-0.059326171875,-6.16455078125,-5.55419921875,5.7373046875,-0.027323517948389053,83.8689956665039,-51.10225296020508
-0.05322265625,0.987060546875,-0.052490234375,-5.2490234375,-3.2958984375,7.32421875,-0.1868616044521332,84.02613830566406,-51.20395278930664
-0.06005859375,0.97900390625,-0.057861328125,-4.150390625,-3.0517578125,8.1787109375,-0.3771612644195557,84.21526336669922,-51.2944221496582
-0.068603515625,0.978759765625,-0.0625,-5.37109375,-3.90625,6.28662109375,-0.4682900905609131,84.35914611816406,-51.42849349975586
-0.063232421875,0.980224609375,-0.05859375,-7.62939453125,-4.8828125,4.45556640625,-0.5071119666099548,84.37266540527344,-51.60914611816406
-0.072509765625,0.986572265625,-0.053955078125,-10.25390625,-7.38525390625,2.44140625,-0.44589921832084656,84.29592895507812,-51.89759826660156
-0.056884765625,0.970703125,-0.052734375,-11.29150390625,-7.26318359375,2.0751953125,-0.4061208665370941,84.17992401123047,-52.18197250366211
