0.00732421875,0.97314453125,-0.06396484375,-9.033203125,-4.45556640625,1.89208984375,-2.6986725330352783,85.18475341796875,95.09774780273438
0.0146484375,0.984130859375,-0.08203125,-8.7890625,-4.638671875,2.13623046875,-2.72360897064209,85.1883544921875,94.9028549194336
-0.0068359375,0.968994140625,-0.054443359375,-8.36181640625,-4.08935546875,1.89208984375,-2.6886377334594727,85.1647720336914,94.7308349609375
0.009765625,0.97705078125,-0.063720703125,-8.544921875,-4.638671875,1.89208984375,-2.695610523223877,85.15612030029297,94.5362548828125
0.01318359375,0.985595703125,-0.074462890625,-8.60595703125,-4.82177734375,2.0751953125,-2.6709718704223637,85.17620849609375,94.3333511352539
0.007080078125,0.981201171875,-0.06787109375,-8.97216796875,-5.126953125,1.953125,-2.676379680633545,85.15975952148438,94.11914825439452
0.01025390625,0.98095703125,-0.056884765625,-8.30078125,-4.82177734375,2.38037109375,-2.704797506332397,85.14505004882812,93.91968536376952
0.01953125,0.966796875,-0.067626953125,-8.97216796875,-4.57763671875,2.685546875,-2.734654664993286,85.14237976074219,93.72892761230469
0.006591796875,0.978759765625,-0.081787109375,-8.60595703125,-4.33349609375,1.40380859375,-2.7123453617095947,85.17292022705078,93.54267120361328
0.009765625,0.972412109375,-0.08203125,-8.4228515625,-5.0048828125,2.25830078125,-2.7343995571136475,85.21249389648438,93.3324737548828
-0.0029296875,0.967529296875,-0.076904296875,-8.85009765625,-5.43212890625,2.0751953125,-2.7429356575012207,85.18309020996094,93.10692596435548
0.009521484375,0.98388671875,-0.068359375,-8.11767578125,-4.8828125,2.01416015625,-2.75264310836792,85.20101928710938,92.90221405029295
-0.00048828125,0.987060546875,-0.075927734375,-8.23974609375,-4.94384765625,2.01416015625,-2.7391726970672607,85.2302017211914,92.69412231445312
0.009521484375,0.979248046875,-0.063232421875,-8.72802734375,-4.82177734375,2.3193359375,-2.755117416381836,85.22236633300781,92.49280548095705
0.010986328125,0.998046875,-0.060302734375,-8.97216796875,-5.31005859375,1.89208984375,-2.763707637786865,85.18508911132812,92.27157592773438
-0.00732421875,0.973876953125,-0.0947265625,-9.33837890625,-5.0048828125,2.197265625,-2.741835594177246,85.21651458740234,92.059326171875
0.0224609375,0.98583984375,-0.07666015625,-8.48388671875,-4.82177734375,2.0751953125,-2.743804693222046,85.25587463378906,91.85541534423828
0.002685546875,0.98388671875,-0.072265625,-8.4228515625,-5.126953125,1.89208984375,-2.7334794998168945,85.26811981201172,91.64009857177734
0.013427734375,0.980224609375,-0.06787109375,-8.544921875,-4.7607421875,2.0751953125,-2.7544362545013428,85.26481628417969,91.44058227539062
0.012451171875,0.98583984375,-0.097900390625,-8.97216796875,-4.7607421875,2.01416015625,-2.7603118419647217,85.23030090332031,91.24140167236328
0.007080078125,0.978271484375,-0.06396484375,-8.544921875,-4.7607421875,2.3193359375,-2.7753710746765137,85.21987915039062,91.0428695678711
0.0146484375,0.97900390625,-0.05908203125,-8.6669921875,-4.5166015625,2.13623046875,-2.79927396774292,85.19324493408203,90.85401916503906
0.02001953125,0.98486328125,-0.08154296875,-8.11767578125,-4.45556640625,2.0751953125,-2.8150327205657963,85.2215576171875,90.66567993164062
-0.000244140625,0.973388671875,-0.068115234375,-8.6669921875,-4.69970703125,1.8310546875,-2.7914822101593018,85.21701049804688,90.46712493896484
-0.00048828125,0.98388671875,-0.07470703125,-8.1787109375,-4.82177734375,2.01416015625,-2.776018619537353,85.24568176269531,90.26377868652344
0.007568359375,0.979248046875,-0.07177734375,-9.1552734375,-4.7607421875,1.708984375,-2.7487318515777592,85.219970703125,90.06266784667969
0.01220703125,0.98583984375,-0.07958984375,-8.36181640625,-4.33349609375,1.64794921875,-2.748053312301636,85.25092315673828,89.87749481201172
0.004638671875,0.998046875,-0.058837890625,-8.23974609375,-4.39453125,2.01416015625,-2.744284152984619,85.2366943359375,89.693359375
-0.001220703125,0.987060546875,-0.06201171875,-8.544921875,-5.126953125,2.13623046875,-2.7609095573425293,85.213623046875,89.4803695678711
0.0146484375,0.9794921875,-0.080322265625,-8.23974609375,-4.8828125,1.89208984375,-2.777043104171753,85.25362396240234,89.27383422851562
0.0126953125,0.978515625,-0.068603515625,-8.7890625,-4.8828125,2.5634765625,-2.8145129680633545,85.24341583251953,89.07064056396484
0.001708984375,0.9853515625,-0.06884765625,-9.09423828125,-5.18798828125,2.0751953125,-2.823610544204712,85.23473358154297,88.85282135009766
0.0166015625,0.982177734375,-0.06396484375,-8.30078125,-5.31005859375,2.197265625,-2.854928731918335,85.23462677001953,88.63169860839844
0.0107421875,0.984619140625,-0.069091796875,-8.85009765625,-5.06591796875,2.38037109375,-2.8780388832092285,85.22352600097656,88.42010498046875
0.00341796875,0.98095703125,-0.069091796875,-8.056640625,-4.82177734375,1.89208984375,-2.8834338188171387,85.28621673583984,88.21443939208984
0.009033203125,0.984619140625,-0.0693359375,-8.4228515625,-4.7607421875,2.38037109375,-2.900315999984741,85.29020690917969,88.01481628417969
0.012939453125,0.982666015625,-0.0634765625,-8.4228515625,-5.0048828125,2.5634765625,-2.93354868888855,85.28148651123047,87.80661010742188
0.006103515625,0.987060546875,-0.08154296875,-8.30078125,-4.7607421875,2.25830078125,-2.9559459686279297,85.27642059326172,87.60706329345703
-0.000732421875,0.9755859375,-0.063720703125,-8.85009765625,-5.31005859375,2.197265625,-2.9419677257537837,85.25361633300781,87.38500213623047
0.008544921875,0.974853515625,-0.066162109375,-9.46044921875,-5.615234375,2.13623046875,-2.948786735534668,85.21365356445312,87.1504135131836
-0.000244140625,0.984130859375,-0.08154296875,-8.6669921875,-5.0048828125,2.01416015625,-2.9514858722686768,85.22318267822266,86.93885803222656
0.000732421875,0.998779296875,-0.098388671875,-10.07080078125,-4.69970703125,2.3193359375,-2.944702625274658,85.22673797607422,86.73774719238281
0.0029296875,0.98095703125,-0.095703125,-9.3994140625,-5.126953125,1.8310546875,-2.9251668453216557,85.25574493408203,86.5181884765625
0.02392578125,0.98974609375,-0.069091796875,-7.62939453125,-4.33349609375,2.01416015625,-2.89016056060791,85.29345703125,86.33402252197266
0.049560546875,0.98486328125,-0.099853515625,-8.72802734375,-0.6103515625,1.40380859375,-2.9483230113983154,85.3454818725586,86.29380798339844
0.04833984375,1.01025390625,-0.0888671875,-9.21630859375,17.63916015625,-1.0986328125,-2.8422272205352783,85.30979919433594,86.97563171386719
0.08984375,0.740234375,-0.136474609375,-25.69580078125,-8.6669921875,-4.150390625,-2.907132387161255,84.62300872802734,86.60155487060547
-0.1669921875,0.978271484375,0.03955078125,-8.85009765625,-7.9345703125,0.48828125,-2.460412979125977,84.38906860351562,86.27894592285156
0.0634765625,1.055419921875,-0.1689453125,-5.615234375,-2.8076171875,0.54931640625,-2.5324044227600098,84.73339080810547,86.14471435546875
-0.05419921875,1.085205078125,-0.022705078125,-6.2255859375,5.859375,1.708984375,-2.0058660507202153,84.9020004272461,86.36429595947266
-0.181640625,1.139892578125,-0.233642578125,-25.08544921875,2.99072265625,4.2724609375,-1.738861918449402,84.52722930908203,86.47361755371094
-0.153076171875,1.12841796875,-0.0087890625,18.6767578125,-8.6669921875,9.70458984375,-1.9094088077545168,82.38655090332031,87.24317932128906
-0.24853515625,1.21630859375,-0.018310546875,32.53173828125,-8.30078125,-2.38037109375,-1.2697831392288208,84.01112365722656,86.89811706542969
-0.336669921875,1.16650390625,-0.03369140625,30.09033203125,1.03759765625,-12.6953125,-0.08413371443748474,85.49099731445312,86.8950424194336
-0.2724609375,1.1083984375,0.03466796875,22.52197265625,12.8173828125,-14.70947265625,1.080933690071106,86.48588562011719,87.37017059326172
-0.29296875,1.135986328125,0.1171875,6.4697265625,13.5498046875,-11.23046875,2.021432399749756,86.6287612915039,87.8825454711914
-0.161865234375,1.13232421875,0.07958984375,-20.751953125,15.44189453125,14.404296875,1.7282390594482422,85.77935028076172,88.53146362304688
-0.17919921875,0.953125,0.0517578125,-15.19775390625,25.146484375,20.1416015625,1.3541964292526243,85.2286148071289,89.59324645996094
-0.190673828125,0.893798828125,0.054931640625,4.08935546875,23.25439453125,8.72802734375,1.514618754386902,85.48539733886719,90.54912567138672
-0.1953125,0.930419921875,0.07666015625,17.15087890625,8.97216796875,-11.29150390625,2.394893884658813,86.15966033935547,90.8763656616211
-0.052734375,0.9677734375,0.1337890625,22.0947265625,16.2353515625,-9.3994140625,2.8335022926330566,86.89640808105469,91.49657440185548
-0.05908203125,0.951171875,0.097412109375,8.056640625,31.43310546875,0.79345703125,2.9064812660217285,87.15204620361328,92.74899291992188
-0.045654296875,0.778564453125,0.069091796875,-10.07080078125,22.0947265625,-8.544921875,3.3079750537872314,86.69252014160156,93.61031341552734
-0.01123046875,0.8564453125,0.06640625,-13.85498046875,14.70947265625,-9.033203125,3.60029935836792,86.1123275756836,94.17459869384766
-0.043701171875,0.921630859375,0.08251953125,-28.74755859375,2.5634765625,-1.03759765625,3.567894697189331,84.9162826538086,94.271728515625
-0.015380859375,1.022216796875,0.00439453125,-43.15185546875,-8.056640625,29.11376953125,2.2741730213165283,83.35783386230469,94.0787582397461
-0.009033203125,0.85693359375,-0.07568359375,-47.66845703125,-7.8125,29.47998046875,1.0047571659088137,81.89452362060547,93.93494415283205
0.01123046875,0.74951171875,-0.07080078125,-30.517578125,-0.732421875,4.57763671875,0.6073039174079895,81.20159149169922,93.94354248046876
0.091796875,0.82080078125,-0.061279296875,-52.8564453125,5.79833984375,-26.611328125,1.4165139198303225,79.5868148803711,94.0083465576172
0.07177734375,0.9501953125,-0.02880859375,-63.04931640625,0.67138671875,-47.36328125,3.0473062992095947,77.51709747314453,93.6810302734375
0.100830078125,1.104248046875,-0.06884765625,-67.3828125,-20.5078125,-52.18505859375,4.48471736907959,75.36090087890625,92.43978881835938
0.220947265625,0.873046875,-0.10546875,-78.7353515625,-22.705078125,-16.7236328125,4.17004919052124,72.93627166748047,91.46234893798828
0.139404296875,0.83447265625,-0.069580078125,-73.54736328125,-6.53076171875,10.19287109375,3.180615901947021,70.81395721435547,91.41082000732422
0.09521484375,0.86328125,-0.02734375,-65.00244140625,-6.53076171875,7.9345703125,2.438913345336914,69.02407836914061,91.3251724243164
0.09765625,0.96142578125,-0.019775390625,-46.5087890625,-23.92578125,-23.86474609375,2.6598732471466064,67.95184326171875,90.12532806396484
0.15576171875,0.99853515625,-0.068603515625,-43.15185546875,-28.076171875,-19.83642578125,2.5247328281402592,67.14067077636719,88.83402252197266
0.1708984375,0.904541015625,-0.08056640625,-37.90283203125,-17.7001953125,-0.6103515625,1.800599455833435,66.65280151367189,88.2220458984375
0.03955078125,0.914306640625,-0.025146484375,-10.7421875,-3.35693359375,7.6904296875,1.3027001619338991,67.17015838623047,88.247802734375
0.08642578125,0.918212890625,0.010986328125,-10.009765625,14.34326171875,-7.14111328125,3.9678766727447514,70.13858795166016,88.42435455322266
0.089111328125,0.9580078125,-0.00927734375,19.59228515625,22.88818359375,-4.7607421875,4.096180438995361,71.77792358398438,89.28290557861328
0.080078125,1.0302734375,-0.025390625,41.50390625,37.04833984375,-11.474609375,4.630403518676758,74.28535461425781,90.62037658691406
0.061767578125,1.0380859375,-0.029296875,37.90283203125,48.33984375,-13.3056640625,5.310660362243652,76.6170883178711,92.4163589477539
0.084228515625,1.02197265625,-0.017333984375,28.25927734375,53.77197265625,-28.80859375,6.497246265411378,78.54910278320312,94.33538818359376
0.05029296875,1.071533203125,-0.05224609375,17.76123046875,73.79150390625,-14.09912109375,7.226839542388916,80.14595794677734,97.21379852294922
-0.015380859375,1.066650390625,-0.050537109375,39.9169921875,4.8828125,27.587890625,1.1765090227127075,93.07875061035156,110.3501968383789
0.04150390625,1.026123046875,-0.077880859375,28.80859375,-18.61572265625,25.93994140625,-0.01440668199211359,94.32242584228516,109.53736114501952
0.1181640625,0.984130859375,-0.130615234375,11.16943359375,-64.208984375,18.9208984375,-0.8196970224380493,94.90111541748048,106.91463470458984
0.169921875,0.885498046875,-0.1240234375,-5.06591796875,-101.318359375,8.48388671875,-1.191831350326538,94.8751220703125,102.84878540039062
0.18017578125,0.8408203125,-0.1171875,-20.81298828125,-122.13134765625,10.986328125,-1.6478837728500366,94.32598114013672,97.94561004638672
0.08984375,0.79150390625,-0.181884765625,-40.83251953125,-121.826171875,26.67236328125,-2.55891752243042,93.19876861572266,93.00384521484376
-0.016357421875,0.79541015625,-0.21826171875,-51.69677734375,-121.337890625,25.93994140625,-3.2182459831237797,91.8439712524414,88.08087921142578
-0.017333984375,0.774658203125,-0.25732421875,-61.5234375,-121.4599609375,17.02880859375,-3.6133856773376474,90.35084533691406,83.16231536865234
0.008056640625,0.7451171875,-0.294677734375,-67.138671875,-108.09326171875,11.65771484375,-3.9860231876373287,88.76644897460938,78.78045654296875
0.06640625,0.69677734375,-0.291259765625,-63.29345703125,-79.28466796875,20.81298828125,-4.96522331237793,87.3916244506836,75.5645523071289
0.076416015625,0.743896484375,-0.303466796875,-49.31640625,-41.3818359375,31.43310546875,-6.278488159179688,86.5087661743164,73.88526153564453
0.068115234375,0.78466796875,-0.3017578125,-28.99169921875,-11.04736328125,26.06201171875,-7.297624111175537,86.33023071289062,73.40007019042969
0.041748046875,0.791259765625,-0.32177734375,-11.77978515625,-6.89697265625,7.87353515625,-7.474791049957275,86.87821960449219,73.01457214355469
-0.029541015625,0.84521484375,-0.343505859375,-3.7841796875,-21.05712890625,-13.36669921875,-6.621304035186768,87.7442855834961,72.02593231201172
0.034912109375,0.865234375,-0.2880859375,-12.26806640625,-31.92138671875,-9.27734375,-6.132026672363281,88.19412231445312,70.6378402709961
0.018798828125,0.8994140625,-0.296142578125,-9.82666015625,-21.728515625,1.220703125,-6.016691207885742,88.66514587402344,69.68265533447266
0.009765625,0.8955078125,-0.245361328125,2.86865234375,-19.1650390625,5.92041015625,-6.132864475250244,89.41899871826172,68.85671997070311
0.045654296875,0.927001953125,-0.182373046875,23.01025390625,-28.076171875,-2.197265625,-5.908143520355225,90.90817260742188,67.68110656738281
0.012939453125,0.959228515625,-0.16943359375,18.5546875,-38.14697265625,-21.1181640625,-4.818943977355957,92.13907623291016,66.14047241210939
0.03662109375,1.0029296875,-0.169677734375,4.21142578125,-27.28271484375,-15.5029296875,-3.995529174804688,92.69611358642578,65.04988861083984
0.031494140625,1.075927734375,-0.177001953125,2.01416015625,2.62451171875,7.6904296875,-4.2146878242492685,93.0198974609375,65.12107086181639
0.093994140625,0.97998046875,-0.140380859375,21.78955078125,15.380859375,-2.0751953125,-4.219851016998291,94.0341339111328,65.72791290283203
0.043212890625,0.950927734375,-0.10546875,48.76708984375,9.09423828125,-30.76171875,-2.9376130104064937,95.97737121582031,66.20219421386719
-0.059814453125,1.0732421875,-0.05712890625,50.72021484375,-17.08984375,-67.2607421875,0.04936954006552696,97.88359832763672,65.86756134033203
-0.012451171875,1.166259765625,-0.077392578125,26.611328125,-20.44677734375,-64.75830078125,2.74488377571106,98.7598876953125,65.44215393066406
0.017333984375,1.024658203125,-0.138671875,13.18359375,-10.25390625,-42.90771484375,4.351207733154297,99.30037689208984,65.31293487548828
0.00732421875,0.928466796875,-0.05810546875,21.484375,-10.43701171875,-28.1982421875,5.339515209197998,99.89730834960938,65.07364654541016
-0.158203125,0.955322265625,0.04052734375,42.724609375,-36.7431640625,-38.2080078125,7.271973609924316,100.9791259765625,63.85874938964844
-0.225341796875,1.103271484375,0.004150390625,41.32080078125,-75.86669921875,-40.8935546875,9.664963722229004,101.89897918701172,61.14616394042969
-0.209228515625,1.126220703125,-0.106689453125,26.30615234375,-80.01708984375,-2.3193359375,10.463509559631348,102.12422943115234,57.943443298339844
-0.167236328125,1.09326171875,-0.095703125,7.080078125,-52.24609375,10.498046875,10.421855926513672,101.71295166015624,55.721961975097656
-0.15283203125,0.96142578125,-0.067626953125,-2.38037109375,-28.9306640625,-2.3193359375,10.712366104125977,101.05677795410156,54.52408981323242
-0.19189453125,0.895751953125,-0.0126953125,4.33349609375,-37.29248046875,-16.29638671875,11.693585395812988,100.54230499267578,53.07914733886719
-0.156005859375,0.974853515625,-0.0029296875,8.48388671875,-57.0068359375,7.26318359375,11.72395133972168,99.97447204589844,50.64875411987305
-0.1494140625,1.05908203125,0.035888671875,9.1552734375,-53.7109375,46.38671875,10.29109001159668,99.40959930419922,48.07512283325195
-0.389892578125,1.070068359375,-0.02880859375,4.21142578125,-33.935546875,72.8759765625,8.03276538848877,98.97271728515624,46.17865753173828
-0.471923828125,1.083251953125,-0.125244140625,-4.33349609375,-32.89794921875,56.396484375,6.617645740509032,98.48450469970705,44.4964599609375
-0.324951171875,1.046142578125,-0.03515625,-15.68603515625,-31.005859375,23.8037109375,6.099080562591553,97.35832977294922,43.08263778686523
-0.083984375,1.018310546875,-0.00634765625,-36.2548828125,-35.2783203125,11.474609375,5.752179145812987,95.46210479736328,41.59021759033203
-0.114990234375,0.999267578125,-0.006591796875,-35.400390625,-41.44287109375,29.052734375,4.767343044281006,93.66740417480469,39.812313079833984
-0.12451171875,1.110107421875,-0.057373046875,-27.03857421875,-46.38671875,52.55126953125,2.8617234230041504,92.49871063232422,37.838478088378906
-0.190185546875,1.06787109375,-0.09228515625,-27.83203125,-29.96826171875,59.5703125,0.8189657926559448,91.4245376586914,36.55099868774414
-0.15283203125,1.002197265625,-0.077392578125,-33.02001953125,-19.775390625,54.13818359375,-1.0151493549346924,90.20762634277344,35.71921920776367
-0.132080078125,0.9755859375,-0.020263671875,-39.85595703125,-17.63916015625,49.1943359375,-2.625586748123169,88.64837646484375,35.02016067504883
-0.199462890625,0.97802734375,-0.005615234375,-43.51806640625,-17.08984375,21.30126953125,-2.942024707794189,86.99078369140625,34.353527069091804
-0.243896484375,0.9501953125,-0.0634765625,-31.31103515625,-19.59228515625,-12.02392578125,-1.8330825567245483,86.02101135253906,33.522003173828125
-0.1875,0.877197265625,-0.105224609375,-15.80810546875,-17.51708984375,-32.53173828125,-0.0765451118350029,85.80028533935547,32.719024658203125
-0.13037109375,0.875244140625,-0.081787109375,-0.732421875,-13.5498046875,-34.423828125,1.5930541753768919,86.1215591430664,32.085250854492195
-0.12109375,1.005615234375,-0.0458984375,0.79345703125,-14.0380859375,-22.5830078125,2.665598154067993,86.3711166381836,31.474796295166016
-0.6728515625,1.873779296875,-0.3466796875,-34.912109375,-9.21630859375,12.51220703125,2.5212202072143555,85.1526870727539,31.145713806152344
-0.171875,1.109619140625,-0.071533203125,-3.23486328125,-25.87890625,11.23046875,2.2415697574615483,85.30180358886719,30.16249847412109
0.03759765625,1.119384765625,-0.064697265625,-18.1884765625,-17.15087890625,36.7431640625,0.5610156059265137,84.86331176757812,29.612808227539066
-0.079833984375,0.942138671875,-0.049072265625,-25.2685546875,-3.35693359375,43.02978515625,-1.019337177276611,84.19549560546875,29.63949203491211
-0.010498046875,0.845703125,-0.0478515625,-22.705078125,-9.765625,31.8603515625,-2.254408597946167,83.63813018798828,29.374927520751953
-0.109375,1.06640625,-0.096923828125,3.47900390625,-2.197265625,22.88818359375,-5.383179187774658,82.1271743774414,28.69926452636719
-0.087158203125,1.0078125,-0.161865234375,-11.90185546875,-2.13623046875,34.1796875,-6.518119812011719,82.37116241455078,28.725811004638672
0.0029296875,0.991455078125,-0.093505859375,-40.95458984375,20.263671875,49.072265625,-8.096199035644531,81.09709167480469,29.75182342529297
0.01416015625,1.01025390625,-0.089111328125,-8.7890625,-4.57763671875,1.64794921875,-6.953753471374513,81.57950592041016,29.367511749267575
0.003662109375,1.04052734375,-0.0693359375,-6.28662109375,-4.638671875,2.86865234375,-6.830618381500244,81.83272552490234,29.13957214355469
-0.02001953125,1.02001953125,-0.064453125,-7.9345703125,-4.94384765625,2.197265625,-6.634337425231934,81.9909896850586,28.899673461914066
0.000244140625,1.010498046875,-0.06982421875,-8.23974609375,-4.82177734375,2.0751953125,-6.48463773727417,82.14282989501953,28.664592742919922
-0.00244140625,0.97412109375,-0.070068359375,-8.48388671875,-4.39453125,2.38037109375,-6.34660005569458,82.2757797241211,28.44986724853516
-0.00537109375,0.993408203125,-0.06396484375,-8.4228515625,-4.94384765625,2.13623046875,-6.1971845626831055,82.397705078125,28.21453857421875
0.0146484375,0.99755859375,-0.0869140625,-7.9345703125,-4.7607421875,2.01416015625,-6.093535423278809,82.58386993408203,27.982036590576172
-0.00732421875,0.958984375,-0.059814453125,-8.7890625,-4.57763671875,1.953125,-5.971092700958253,82.712158203125,27.759441375732425
-0.00732421875,0.974853515625,-0.052734375,-8.85009765625,-4.57763671875,2.13623046875,-5.82762622833252,82.77379608154297,27.54505920410156
0.0107421875,0.968994140625,-0.063720703125,-7.9345703125,-4.638671875,1.89208984375,-5.722486972808838,82.89566802978516,27.32574462890625
-0.0078125,0.966796875,-0.056640625,-8.7890625,-4.638671875,1.89208984375,-5.577250957489014,82.996337890625,27.105579376220703
0.006103515625,0.981201171875,-0.0703125,-9.09423828125,-4.638671875,1.89208984375,-5.47035026550293,83.07542419433594,26.88733673095703
0.013671875,0.998779296875,-0.052978515625,-8.85009765625,-4.82177734375,1.89208984375,-5.3844075202941895,83.11970520019531,26.666805267333984
-0.003173828125,0.994873046875,-0.055419921875,-7.99560546875,-4.69970703125,2.25830078125,-5.276117324829102,83.2258071899414,26.450641632080078
-0.0009765625,0.98388671875,-0.07177734375,-7.99560546875,-4.94384765625,1.953125,-5.16758394241333,83.34269714355469,26.223033905029297
-0.001220703125,0.981689453125,-0.065185546875,-8.056640625,-4.94384765625,2.197265625,-5.071724891662598,83.43740844726562,25.998889923095703
-0.010986328125,0.990478515625,-0.06396484375,-8.36181640625,-4.69970703125,2.01416015625,-4.984245777130127,83.5387191772461,25.782474517822266
-0.002197265625,0.983154296875,-0.06201171875,-8.85009765625,-4.45556640625,2.50244140625,-4.902501583099365,83.58406829833984,25.581409454345703
0.0048828125,0.982421875,-0.055908203125,-8.97216796875,-4.7607421875,2.3193359375,-4.833964347839356,83.60972595214844,25.369239807128906
0.003662109375,0.974609375,-0.0556640625,-8.9111328125,-4.82177734375,2.01416015625,-4.760781764984131,83.64274597167969,25.153339385986328
0.0009765625,0.991455078125,-0.065673828125,-8.544921875,-4.57763671875,1.8310546875,-4.668663024902344,83.70316314697266,24.94568252563477
0.0048828125,0.977783203125,-0.074951171875,-7.6904296875,-4.94384765625,1.953125,-4.59559440612793,83.81951904296875,24.72283935546875
0.00048828125,0.97509765625,-0.0673828125,-9.033203125,-4.69970703125,1.89208984375,-4.526069164276123,83.8517837524414,24.512165069580078
0.014892578125,0.98876953125,-0.06591796875,-8.544921875,-4.69970703125,2.3193359375,-4.494090557098389,83.90437316894531,24.303668975830078
0.003662109375,0.9755859375,-0.060546875,-7.9345703125,-4.82177734375,2.01416015625,-4.425848484039307,83.96930694580078,24.090076446533203
-0.0048828125,0.991455078125,-0.05126953125,-8.544921875,-4.57763671875,2.25830078125,-4.3889074325561515,83.99960327148438,23.888324737548828
0.002685546875,0.975830078125,-0.064453125,-8.97216796875,-5.0048828125,2.38037109375,-4.337608337402344,84.02836608886719,23.669029235839844
-0.00634765625,0.994384765625,-0.0537109375,-8.11767578125,-4.45556640625,1.8310546875,-4.24322509765625,84.06134796142578,23.47182846069336
-0.0048828125,0.97509765625,-0.07275390625,-8.30078125,-4.638671875,2.3193359375,-4.170629024505615,84.1255874633789,23.266977310180664
0.0146484375,0.9814453125,-0.06787109375,-8.48388671875,-4.57763671875,1.953125,-4.136343002319337,84.17393493652344,23.06424331665039
