0.021728515625,0.985595703125,0.02099609375,-9.27734375,-5.126953125,2.50244140625,-4.156343460083009,79.87493133544922,-82.2746810913086
-0.324951171875,0.962158203125,0.089599609375,-9.3994140625,-23.193359375,2.685546875,-3.5436716079711914,79.72692108154297,-83.18789672851562
-0.06982421875,1.03173828125,0.0673828125,-9.58251953125,-57.55615234375,3.11279296875,-3.774548768997192,79.73216247558594,-85.45327758789062
0.399169921875,0.97705078125,-0.003662109375,-10.6201171875,-67.87109375,2.38037109375,-5.0592041015625,79.88432312011719,-88.1407470703125
0.39990234375,0.97216796875,-0.009765625,-9.82666015625,-42.1142578125,2.01416015625,-6.104172706604004,80.03162384033203,-89.82659912109375
0.03271484375,0.983154296875,0.016357421875,-8.11767578125,-3.72314453125,1.46484375,-6.022504806518555,80.06536865234375,-90.00141906738281
0.052490234375,0.984130859375,-0.016845703125,-8.11767578125,1.5869140625,1.64794921875,-5.96211576461792,80.151123046875,-89.97169494628906
-0.202392578125,1.04248046875,-0.03759765625,-8.11767578125,8.97216796875,1.708984375,-5.310588836669922,80.24066925048828,-89.6532974243164
-0.07861328125,0.920166015625,0.0703125,-9.8876953125,-12.51220703125,2.44140625,-5.088102340698242,80.08834075927734,-90.15274810791016
0.25341796875,1.02197265625,0.160400390625,-9.3994140625,-28.38134765625,2.685546875,-5.729410171508789,79.84026336669922,-91.2580108642578
0.064453125,0.935791015625,0.04052734375,-8.30078125,-10.19287109375,1.89208984375,-5.803910732269287,79.83824157714844,-91.67782592773438
-0.031982421875,0.973388671875,-0.044189453125,-8.48388671875,-4.69970703125,2.9296875,-5.652005672454834,80.00617218017578,-91.89412689208984
0.08984375,1.396728515625,-0.078369140625,-11.5966796875,-42.05322265625,-16.357421875,-2.4096245765686035,81.81491088867188,-95.92414855957031
0.057373046875,1.459716796875,-0.0615234375,-14.892578125,-27.77099609375,-7.26318359375,-2.2731187343597408,81.67069244384766,-97.08277130126952
0.11083984375,1.41064453125,-0.05078125,-17.51708984375,-14.2822265625,2.99072265625,-2.562174797058105,81.3890609741211,-97.6466064453125
0.052734375,1.15087890625,-0.13330078125,29.11376953125,-14.70947265625,59.4482421875,-10.917455673217773,84.43009185791016,-96.98321533203124
0.132080078125,1.183349609375,-0.1435546875,29.9072265625,-21.240234375,36.62109375,-12.263067245483398,86.26010131835938,-97.82154846191406
0.1689453125,1.223388671875,-0.15380859375,17.822265625,-19.6533203125,30.8837890625,-13.360782623291016,87.55914306640625,-98.65155792236328
0.18798828125,1.13671875,-0.125732421875,-2.86865234375,-14.70947265625,28.62548828125,-14.366019248962402,87.91603088378906,-99.29305267333984
0.174072265625,0.965576171875,-0.068115234375,-18.12744140625,-8.4228515625,24.96337890625,-15.208406448364258,87.50140380859375,-99.66246795654295
0.116455078125,0.91943359375,-0.048828125,-14.404296875,-4.57763671875,15.56396484375,-15.519871711730955,87.17906951904297,-99.88200378417969
0.073486328125,0.89794921875,-0.02001953125,-6.28662109375,-5.4931640625,8.97216796875,-15.458415031433105,87.13685607910156,-100.13528442382812
0.05712890625,0.90625,-0.0556640625,5.126953125,-17.02880859375,8.23974609375,-15.347728729248047,87.77233123779297,-100.89226531982422
0.130126953125,0.927001953125,-0.083740234375,10.498046875,-22.705078125,12.5732421875,-15.582489013671875,88.72530364990234,-101.89469909667969
0.18701171875,0.9453125,-0.089599609375,11.29150390625,-20.751953125,19.4091796875,-16.18990707397461,89.66556549072266,-102.81719970703124
0.1875,0.9267578125,-0.071533203125,13.97705078125,-10.1318359375,12.02392578125,-16.47665786743164,90.5207290649414,-103.29084777832031
0.137939453125,0.940673828125,-0.0615234375,20.93505859375,-2.01416015625,4.2724609375,-16.321170806884766,91.49845123291016,-103.40983581542969
0.075927734375,1.0205078125,-0.09619140625,29.541015625,-1.89208984375,1.03759765625,-15.88195514678955,92.84586334228516,-103.5268325805664
0.121826171875,1.068603515625,-0.146728515625,26.91650390625,-8.30078125,-1.5869140625,-15.42365837097168,94.20223236083984,-103.91504669189452
0.151123046875,1.04296875,-0.142822265625,16.7236328125,-7.568359375,5.92041015625,-15.34471321105957,95.09070587158205,-104.2823257446289
0.173828125,1.02197265625,-0.14208984375,11.90185546875,-5.55419921875,13.24462890625,-15.617663383483887,95.74134063720705,-104.59133911132812
0.13330078125,0.96875,-0.09326171875,13.427734375,-1.64794921875,13.12255859375,-15.819421768188475,96.28654479980469,-104.71095275878906
0.08056640625,0.886474609375,-0.04833984375,17.88330078125,-2.44140625,12.87841796875,-15.896937370300293,96.89971160888672,-104.8341064453125
0.07666015625,0.846923828125,-0.04248046875,17.9443359375,-4.57763671875,10.3759765625,-15.860146522521973,97.50215911865234,-105.0276107788086
0.107666015625,0.899169921875,-0.080078125,7.26318359375,-2.74658203125,10.3759765625,-15.895323753356935,97.7243194580078,-105.16832733154295
0.114501953125,0.892822265625,-0.073486328125,-10.68115234375,-1.5869140625,12.451171875,-16.036746978759766,97.19398498535156,-105.2671127319336
0.10595703125,0.86181640625,-0.05029296875,-25.390625,-0.48828125,1.28173828125,-15.726959228515625,96.01207733154295,-105.25032043457031
0.072265625,0.788818359375,-0.018798828125,-29.84619140625,-4.57763671875,-22.3388671875,-14.409113883972168,94.63980102539062,-105.30034637451172
0.0478515625,0.83447265625,0.019775390625,-29.052734375,-5.7373046875,-37.59765625,-12.460368156433105,93.24860382080078,-105.36589813232422
0.00537109375,0.8505859375,0.040283203125,-87.46337890625,-6.7138671875,-66.650390625,-1.4812901020050049,82.91575622558594,-106.47354125976562
0.017333984375,0.7470703125,0.083984375,-73.2421875,-5.37109375,-47.8515625,0.3808154761791229,80.00437927246094,-106.96427154541016
0.019775390625,0.74169921875,0.103759765625,-47.79052734375,-1.220703125,-24.71923828125,1.2647159099578855,78.15645599365234,-107.19440460205078
0.0107421875,0.843994140625,0.095947265625,-29.23583984375,2.44140625,-9.521484375,1.5774321556091309,77.18602752685547,-107.17369842529295
-0.080810546875,0.9501953125,0.0908203125,-27.83203125,2.38037109375,-2.44140625,1.8232088088989256,76.3514633178711,-107.09669494628906
-0.068603515625,0.990234375,0.067138671875,-34.3017578125,-1.28173828125,0.18310546875,1.8890303373336792,75.34980010986328,-107.13388061523438
-0.023193359375,0.947998046875,0.053466796875,-41.68701171875,-3.72314453125,5.55419921875,1.61849045753479,74.11791229248047,-107.20518493652344
0.040283203125,0.83203125,0.03662109375,-39.61181640625,-3.84521484375,20.01953125,0.6372735500335693,73.04769897460938,-107.11233520507812
0.07080078125,0.799072265625,0.062255859375,-22.8271484375,-1.8310546875,27.7099609375,-0.6648609638214111,72.6115951538086,-106.8517074584961
-0.03076171875,0.891845703125,0.0595703125,-19.8974609375,-16.11328125,-17.51708984375,-1.0953453779220579,72.21707916259766,-106.54835510253906
0.04052734375,0.914306640625,0.091552734375,-5.37109375,-18.85986328125,4.8828125,-1.5641703605651855,72.4795150756836,-107.21832275390624
0.061279296875,0.981201171875,0.103759765625,4.33349609375,-14.70947265625,6.65283203125,-2.069105863571167,73.10607147216797,-107.7154541015625
0.03955078125,1.0556640625,0.062255859375,5.55419921875,-11.71875,4.21142578125,-2.3661937713623047,73.86209869384766,-108.13705444335938
0.011474609375,1.11572265625,0.0576171875,-11.23046875,-10.19287109375,8.1787109375,-2.7226219177246094,73.93255615234375,-108.46090698242188
-0.005859375,1.01513671875,0.097900390625,-22.94921875,-9.3994140625,11.962890625,-3.165269613265991,73.43050384521484,-108.7095947265625
-0.00732421875,0.935302734375,0.11474609375,-19.59228515625,-11.53564453125,10.19287109375,-3.5439972877502437,73.03176879882812,-109.0572509765625
-0.003173828125,0.95751953125,0.099853515625,-8.23974609375,-14.70947265625,0.91552734375,-3.601673126220703,73.15831756591797,-109.6377944946289
0.01318359375,1.016845703125,0.1005859375,-9.1552734375,-13.5498046875,-3.84521484375,-3.4976792335510254,73.25592803955078,-110.2295379638672
0.038818359375,0.9970703125,0.0751953125,-15.7470703125,-10.55908203125,-3.662109375,-3.430291175842285,73.12977600097656,-110.70638275146484
0.0263671875,0.928466796875,0.08251953125,-20.3857421875,-7.62939453125,0.244140625,-3.4582636356353764,72.78456115722656,-111.02376556396484
0.032958984375,0.9306640625,0.064697265625,-13.73291015625,-7.8125,-1.708984375,-3.4304184913635254,72.76322937011719,-111.37416076660156
0.041015625,0.966796875,0.062744140625,-9.21630859375,-7.9345703125,-4.638671875,-3.3090133666992188,72.93431091308594,-111.76373291015624
0.028564453125,0.983642578125,0.080810546875,-13.0615234375,-3.96728515625,-6.8359375,-3.031214952468872,72.89886474609375,-112.02311706542969
-0.00927734375,0.9677734375,0.091064453125,-18.06640625,-2.62451171875,-7.50732421875,-2.6360461711883545,72.63494110107422,-112.23638153076172
-0.021728515625,0.933837890625,0.105224609375,-16.845703125,-4.45556640625,-8.60595703125,-2.205721616744995,72.39154052734375,-112.52933502197266
-0.01416015625,0.9140625,0.0986328125,-9.521484375,-9.3994140625,-6.65283203125,-1.943381190299988,72.4653091430664,-112.98521423339844
-0.003173828125,0.943115234375,0.0830078125,-7.75146484375,-12.02392578125,-6.40869140625,-1.7583190202713013,72.6520767211914,-113.53731536865234
-0.017822265625,0.928466796875,0.07763671875,-10.1318359375,-12.26806640625,-8.11767578125,-1.4810639619827268,72.74492645263672,-114.11721801757812
-0.0400390625,0.916748046875,0.076416015625,-13.7939453125,-13.61083984375,-7.2021484375,-1.2097126245498655,72.68627166748047,-114.73546600341795
-0.033203125,0.88818359375,0.08984375,-13.85498046875,-14.0380859375,-4.39453125,-1.0759254693984983,72.58555603027344,-115.33387756347656
-0.04931640625,0.841796875,0.097412109375,-10.19287109375,-16.05224609375,-2.38037109375,-1.0007807016372678,72.60195922851562,-115.9837875366211
-0.05419921875,0.864501953125,0.100830078125,-3.173828125,-19.287109375,-8.7890625,-0.7111182212829591,72.89720916748047,-116.83185577392578
-0.034423828125,0.91943359375,0.115234375,-6.40869140625,-24.0478515625,-15.2587890625,-0.2945089042186737,73.03020477294922,-117.9343719482422
-0.0283203125,0.90087890625,0.1142578125,-15.625,-24.35302734375,-14.95361328125,0.07590121030807495,72.77890014648438,-119.04268646240234
-0.069580078125,0.90771484375,0.0947265625,-28.86962890625,-22.705078125,-8.7890625,0.30948111414909363,72.05154418945312,-120.0154800415039
-0.0849609375,0.879150390625,0.109375,-35.2783203125,-21.05712890625,-8.9111328125,0.5886492729187012,71.04759979248047,-120.92724609375
-0.127685546875,0.8671875,0.1298828125,-30.21240234375,-24.35302734375,-13.48876953125,1.0821690559387207,70.21846008300781,-122.02374267578124
-0.071044921875,0.866455078125,0.121826171875,-24.71923828125,-31.1279296875,-20.56884765625,1.5729826688766482,69.64636993408203,-123.4673843383789
-0.008544921875,0.8994140625,0.085693359375,-27.7099609375,-29.296875,-25.5126953125,2.0785071849823002,69.06534576416016,-124.90658569335938
0.005859375,0.92626953125,0.03759765625,-30.09033203125,-23.37646484375,-24.5361328125,2.5643928050994877,68.52742767333984,-126.10565185546876
-0.059326171875,0.984130859375,0.06591796875,-26.85546875,-19.71435546875,-17.51708984375,2.9649252891540527,68.08176422119139,-127.06727600097656
-0.08154296875,0.9599609375,0.09326171875,-22.3388671875,-21.05712890625,-17.822265625,3.389190673828125,67.75694274902344,-128.08416748046878
-0.0302734375,0.92919921875,0.08056640625,-18.6767578125,-21.66748046875,-17.2119140625,3.643964290618897,67.60955047607422,-129.10865783691406
-0.010498046875,0.9228515625,0.096435546875,-16.29638671875,-16.90673828125,-12.39013671875,3.7322957515716553,67.53771209716797,-129.88308715820312
-0.03466796875,0.93994140625,0.129150390625,-12.63427734375,-13.73291015625,-7.4462890625,3.738480567932129,67.55473327636719,-130.4686279296875
-0.046630859375,0.9482421875,0.134765625,-6.28662109375,-11.77978515625,-4.82177734375,3.705671787261963,67.8212890625,-130.94268798828122
-0.042236328125,0.9755859375,0.125,-11.474609375,-12.20703125,-2.62451171875,3.5754663944244385,67.90232849121094,-131.39859008789062
0.0078125,0.879150390625,0.150634765625,-22.52197265625,-12.0849609375,0.67138671875,3.2101638317108154,67.45166778564453,-131.80604553222656
0.00830078125,0.78076171875,0.180908203125,-24.4140625,-7.8125,-0.1220703125,2.9452078342437744,66.82276153564453,-132.07498168945312
0.049560546875,0.723876953125,0.1884765625,-8.85009765625,-1.8310546875,-2.5634765625,2.7450942993164062,66.78921508789061,-132.16488647460938
0.062744140625,0.68896484375,0.19482421875,6.8359375,6.2255859375,-3.2958984375,2.655982255935669,67.34996795654297,-131.97312927246094
0.0693359375,0.73291015625,0.15087890625,19.71435546875,14.892578125,2.197265625,2.482805728912353,68.58325958251953,-131.36981201171878
0.018798828125,0.80908203125,0.13916015625,25.45166015625,22.15576171875,11.8408203125,2.200779914855957,70.08662414550781,-130.35520935058594
-0.042724609375,0.936767578125,0.109375,25.45166015625,25.08544921875,11.77978515625,2.0985255241394043,71.65290069580078,-129.23272705078122
-0.08251953125,0.9892578125,0.113037109375,19.47021484375,24.47509765625,6.103515625,2.266047239303589,72.92022705078125,-128.20756530761722
-0.0576171875,1.07373046875,0.072265625,-1.64794921875,20.263671875,-1.708984375,2.596416473388672,73.39358520507812,-127.42977905273438
-0.095947265625,1.044677734375,0.094970703125,-16.29638671875,18.49365234375,1.0986328125,2.869828701019287,73.21197509765625,-126.68792724609376
-0.09619140625,0.979248046875,0.086181640625,-20.1416015625,16.17431640625,13.12255859375,2.664458036422729,72.89215850830078,-125.8943099975586
-0.08984375,1.060302734375,0.110107421875,-12.63427734375,10.92529296875,13.12255859375,2.377943515777588,72.83887481689453,-125.30310821533205
-0.091064453125,1.09716796875,0.11376953125,-11.65771484375,8.6669921875,2.25830078125,2.487032413482666,72.81703186035156,-124.9272689819336
