0.020751953125,0.975341796875,0.03662109375,-7.8125,-5.43212890625,1.46484375,-3.945683717727661,80.35159301757812,-39.8145751953125
0.083251953125,0.966552734375,0.0048828125,-8.6669921875,-5.7373046875,3.35693359375,-4.155329704284668,80.37447357177734,-40.04383850097656
0.081298828125,1.032470703125,0.032470703125,-8.23974609375,-7.75146484375,4.21142578125,-4.3861188888549805,80.36109924316406,-40.34428405761719
0.00244140625,0.994873046875,0.010009765625,-10.25390625,-5.31005859375,15.7470703125,-3.3652155399322514,79.93299865722656,-35.128616333007805
0.02978515625,0.979248046875,0.02685546875,-10.80322265625,-0.30517578125,22.03369140625,-4.169029712677002,79.8136978149414,-35.00754165649414
0.119384765625,0.9521484375,0.007080078125,-8.7890625,6.7138671875,3.0517578125,-4.3620357513427725,79.81031036376953,-34.74765014648437
0.04345703125,0.980712890625,0.044921875,-6.89697265625,-0.732421875,-8.30078125,-2.764224052429199,79.88401794433594,-34.07581329345703
-0.064453125,0.93310546875,0.04541015625,-9.33837890625,-7.62939453125,-9.033203125,-2.1968111991882324,79.80210876464844,-34.45368194580078
0.12060546875,0.976318359375,0.09814453125,-8.7890625,-2.25830078125,-1.5869140625,-2.340684413909912,79.61544799804688,-34.559066772460945
0.117919921875,0.9765625,0.040283203125,-6.28662109375,-2.86865234375,1.52587890625,-3.02944016456604,79.7835922241211,-34.27202606201172
0.17333984375,1.142578125,0.047607421875,-6.103515625,-1.64794921875,10.92529296875,-3.691797018051148,79.83148956298828,-34.275917053222656
0.24658203125,1.2197265625,0.090576171875,-17.2119140625,0.67138671875,10.1318359375,-4.3893375396728525,79.35222625732422,-34.18902587890625
0.226318359375,1.207763671875,0.083251953125,-24.7802734375,-2.74658203125,-2.44140625,-4.560145854949951,78.61865997314453,-34.33226776123047
0.265869140625,1.180908203125,0.099365234375,-21.66748046875,-6.04248046875,-21.484375,-4.0888028144836435,78.02375793457031,-34.75790023803711
0.250244140625,1.1708984375,0.119384765625,-15.380859375,-2.38037109375,-28.6865234375,-3.3029067516326904,77.65509796142578,-35.103759765625
0.2421875,1.151611328125,0.1240234375,-11.71875,1.15966796875,-24.658203125,-2.6689531803131104,77.4217300415039,-35.279598236083984
0.230224609375,1.149169921875,0.1474609375,-9.21630859375,7.080078125,-11.5966796875,-2.495230436325073,77.23593139648438,-35.11040496826172
0.204833984375,1.126953125,0.148681640625,-8.9111328125,11.474609375,-6.77490234375,-2.43678879737854,77.05352783203125,-34.728485107421875
0.1630859375,1.11572265625,0.142822265625,-9.33837890625,14.70947265625,-7.6904296875,-2.2378218173980717,76.86711120605469,-34.230567932128906
0.054931640625,1.0263671875,0.1396484375,-17.2119140625,14.22119140625,-7.568359375,-1.846340537071228,76.36067962646484,-33.75311279296875
0.022705078125,0.965087890625,0.117919921875,-21.42333984375,13.7939453125,-1.28173828125,-1.6459516286849976,75.73815155029297,-33.237422943115234
-0.024658203125,0.8779296875,0.122802734375,-22.0947265625,14.09912109375,8.056640625,-1.6888511180877686,75.07209014892578,-32.61872100830078
-0.057861328125,0.825439453125,0.141357421875,-12.8173828125,7.8125,19.1650390625,-2.1237459182739262,74.73475646972656,-32.126304626464844
-0.06884765625,0.8388671875,0.108154296875,-3.11279296875,1.28173828125,25.146484375,-2.811157464981079,74.8951644897461,-31.82781219482422
-0.09423828125,0.85400390625,0.091796875,2.62451171875,-4.33349609375,30.517578125,-3.674191951751709,75.33072662353516,-31.702022552490234
-0.091552734375,0.893310546875,0.04150390625,0.732421875,-8.97216796875,36.07177734375,-4.782182216644287,75.8177261352539,-31.72417449951172
-0.10791015625,0.91943359375,0.024169921875,-7.99560546875,-12.14599609375,33.69140625,-5.7534260749816895,75.9960708618164,-31.91394233703613
-0.108154296875,0.89697265625,0.02685546875,-11.41357421875,-9.21630859375,32.28759765625,-6.597992420196532,76.01512145996094,-32.01296615600586
-0.11083984375,0.887451171875,0.03466796875,-7.8125,-7.9345703125,22.8271484375,-7.02214241027832,76.16297149658203,-32.15831756591797
-0.06494140625,0.84326171875,0.071533203125,2.74658203125,-9.27734375,15.5029296875,-7.261588096618652,76.64247131347656,-32.418914794921875
0.094482421875,0.961181640625,-0.017822265625,-17.27294921875,-12.8173828125,3.662109375,-7.306063652038574,80.23633575439453,-36.862342834472656
0.038330078125,1.025390625,-0.0830078125,-24.169921875,-17.9443359375,-1.46484375,-7.172360420227051,79.91761016845703,-37.6577262878418
0.0009765625,0.822509765625,-0.079345703125,-17.578125,-24.84130859375,-6.8359375,-6.801929473876952,79.94322204589844,-38.76760864257813
-0.00146484375,0.931884765625,-0.093017578125,4.39453125,-31.982421875,-17.76123046875,-6.046876430511475,80.88312530517578,-40.225440979003906
0.06640625,0.8994140625,0.00390625,16.6015625,-40.83251953125,-17.333984375,-5.528220653533936,82.05879211425781,-41.98584747314453
0.1572265625,1.111572265625,0.0234375,16.54052734375,-26.4892578125,5.43212890625,-5.97651481628418,83.0744857788086,-43.03957748413086
-0.005615234375,1.14501953125,-0.121337890625,-12.8173828125,-32.04345703125,6.7138671875,-6.147873878479004,83.1942138671875,-44.341251373291016
-0.04736328125,0.94384765625,-0.10693359375,-28.3203125,-35.33935546875,-24.4140625,-4.999491214752197,82.7214584350586,-45.92578125
-0.12841796875,0.875732421875,-0.06396484375,-23.86474609375,-24.59716796875,-31.55517578125,-3.355735540390014,82.2857437133789,-47.10681915283203
-0.144287109375,0.855712890625,-0.060791015625,-18.73779296875,-18.73779296875,-24.658203125,-1.9756094217300413,82.02240753173828,-48.01089477539063
0.15185546875,1.021728515625,-0.147216796875,-17.76123046875,-21.42333984375,0.06103515625,-2.350168943405152,81.95903015136719,-48.88039779663086
0.1943359375,1.052734375,-0.141845703125,-23.681640625,-24.47509765625,22.8271484375,-3.707482099533081,81.65082550048828,-49.74637985229492
0.104736328125,0.908447265625,-0.09423828125,16.90673828125,-48.40087890625,4.82177734375,-6.074973583221436,84.26332092285156,-58.32774353027344
0.113037109375,0.9453125,-0.07763671875,26.611328125,-55.419921875,17.63916015625,-7.1105475425720215,86.03379821777344,-60.56808090209961
0.08837890625,0.94384765625,-0.047607421875,24.35302734375,-60.24169921875,23.8037109375,-8.113896369934082,87.58110809326172,-62.976539611816406
0.083984375,0.9814453125,-0.062255859375,14.16015625,-67.3828125,17.76123046875,-8.769966125488281,88.77153778076172,-65.71063232421875
0.06884765625,1.014892578125,-0.04833984375,3.35693359375,-75.74462890625,6.7138671875,-8.740154266357424,89.35256958007812,-68.91876220703125
0.011474609375,1.0048828125,-0.0224609375,-10.25390625,-85.0830078125,-4.82177734375,-8.249120712280272,89.51475524902344,-72.37030029296875
-0.05517578125,1.005859375,-0.015625,-13.427734375,-88.9892578125,-4.638671875,-7.632217407226562,89.51593780517578,-75.97146606445312
-0.111083984375,0.946044921875,0.02783203125,-10.92529296875,-90.4541015625,2.50244140625,-7.251184940338135,89.5447998046875,-79.60198974609375
-0.144775390625,0.968017578125,0.061767578125,-8.60595703125,-86.181640625,12.20703125,-7.137941837310791,89.49504852294922,-83.05763244628906
-0.1748046875,0.938720703125,0.078857421875,-11.23046875,-80.38330078125,21.3623046875,-7.323611259460449,89.26995849609375,-86.27232360839844
-0.148681640625,0.973876953125,0.08056640625,-10.7421875,-71.1669921875,27.77099609375,-7.860586166381836,89.00350952148438,-88.96138000488281
-0.110107421875,1.025390625,0.099609375,-13.0615234375,-53.8330078125,27.03857421875,-8.427007675170897,88.59020233154297,-91.0937271118164
-0.109375,0.981689453125,0.0888671875,-16.66259765625,-37.53662109375,21.728515625,-8.753177642822267,87.98235321044922,-92.5691146850586
-0.15087890625,0.96142578125,0.050048828125,-18.24951171875,-26.18408203125,18.49365234375,-8.828207969665527,87.34803009033203,-93.51962280273438
-0.153076171875,0.996337890625,0.03759765625,-14.0380859375,-19.53125,15.44189453125,-8.792649269104004,86.90821838378906,-94.28587341308594
-0.151611328125,1.00634765625,0.0107421875,-12.939453125,-15.44189453125,8.36181640625,-8.479186058044434,86.56597137451172,-94.90884399414062
-0.146728515625,1.02490234375,-0.02490234375,-9.82666015625,-10.19287109375,2.5634765625,-7.87097692489624,86.40787506103516,-95.25682067871094
-0.124267578125,1.0263671875,-0.017822265625,-5.2490234375,0.67138671875,-2.25830078125,-7.199338912963867,86.36293029785156,-95.26044464111328
-0.10693359375,1.026611328125,-0.025634765625,-1.5869140625,12.451171875,-5.0048828125,-6.453455448150635,86.42807006835938,-94.796630859375
-0.064697265625,1.061279296875,-0.074462890625,1.28173828125,24.0478515625,-8.4228515625,-5.611464023590088,86.68475341796875,-93.75123596191406
-0.00048828125,1.0537109375,-0.062255859375,3.2958984375,35.64453125,-15.625,-4.692328453063965,86.94285583496094,-92.37943267822266
0.026123046875,1.056396484375,-0.091064453125,3.90625,42.29736328125,-22.8271484375,-3.5749006271362305,87.2823715209961,-90.75308227539062
0.033447265625,1.051025390625,-0.0908203125,5.43212890625,48.03466796875,-29.4189453125,-2.1898555755615234,87.71170806884766,-88.80643463134766
0.0244140625,1.036865234375,-0.072998046875,8.7890625,55.96923828125,-34.912109375,-0.6943320035934448,88.24365234375,-86.62214660644531
0.056396484375,1.020263671875,-0.080810546875,10.68115234375,58.41064453125,-35.888671875,0.6883525848388672,88.90483856201172,-84.32071685791016
0.0869140625,1.0009765625,-0.085693359375,13.00048828125,58.41064453125,-36.19384765625,1.886319637298584,89.73021697998047,-82.01397705078125
0.100830078125,0.99658203125,-0.080810546875,14.0380859375,54.931640625,-33.203125,2.894438982009888,90.56280517578124,-79.80259704589844
0.123291015625,0.98046875,-0.08251953125,11.77978515625,49.62158203125,-29.47998046875,3.6343026161193848,91.3012924194336,-77.78541564941406
0.158935546875,0.9638671875,-0.094970703125,10.7421875,43.3349609375,-25.81787109375,4.074312210083009,91.993408203125,-76.1084976196289
0.172607421875,0.95751953125,-0.08837890625,7.99560546875,32.53173828125,-20.56884765625,4.2782182693481445,92.52456665039062,-74.7623062133789
0.185546875,0.9609375,-0.121826171875,5.615234375,23.3154296875,-14.16015625,4.201079845428467,92.9896011352539,-73.78689575195312
0.1669921875,0.9619140625,-0.14697265625,0.244140625,12.39013671875,-5.92041015625,3.7416989803314213,93.18765258789062,-73.43221282958984
0.15869140625,0.94580078125,-0.13427734375,-4.150390625,-4.57763671875,7.38525390625,2.9406228065490723,93.18717193603516,-73.6194076538086
0.132568359375,0.93701171875,-0.132568359375,-8.4228515625,-16.29638671875,15.625,1.9253751039505005,92.99781036376952,-74.29534149169922
0.115966796875,0.925537109375,-0.11181640625,-12.0849609375,-26.3671875,20.751953125,0.7531697154045105,92.61936950683594,-75.51467895507812
0.09619140625,0.940185546875,-0.099609375,-15.380859375,-36.43798828125,25.81787109375,-0.470055490732193,92.1208267211914,-77.01315307617188
0.06689453125,0.952392578125,-0.099365234375,-19.10400390625,-43.45703125,28.6865234375,-1.691692352294922,91.52702331542969,-78.79073333740234
0.022705078125,0.940185546875,-0.085693359375,-23.3154296875,-49.74365234375,31.31103515625,-2.9098470211029053,90.80950164794922,-80.88164520263672
0.0048828125,0.947021484375,-0.073974609375,-24.71923828125,-57.06787109375,33.75244140625,-4.1256513595581055,90.09263610839844,-83.19093322753906
-0.02197265625,0.9755859375,-0.06201171875,-25.2685546875,-60.60791015625,31.3720703125,-5.1639976501464835,89.40521240234375,-85.63262939453125
-0.07470703125,0.99365234375,-0.04931640625,-26.123046875,-60.4248046875,30.70068359375,-6.0269975662231445,88.73875427246094,-87.9981460571289
-0.121826171875,1.0185546875,-0.03857421875,-26.611328125,-52.42919921875,28.62548828125,-6.713682651519775,88.02729797363281,-90.09651184082031
-0.182373046875,1.01220703125,-0.023193359375,-28.86962890625,-45.22705078125,25.57373046875,-7.138711929321289,87.20323181152344,-91.8985595703125
-0.2099609375,0.998779296875,0.003173828125,-27.9541015625,-38.02490234375,20.20263671875,-7.182724475860597,86.36026763916016,-93.33175659179688
-0.232177734375,0.995849609375,0.01806640625,-21.17919921875,-28.74755859375,10.80322265625,-6.897803783416747,85.73928833007812,-94.47725677490234
-0.22119140625,1.003173828125,0.01953125,-15.625,-21.17919921875,2.8076171875,-6.319077491760254,85.32035827636719,-95.33767700195312
-0.193603515625,1.005615234375,-0.0009765625,-10.986328125,-10.498046875,-3.0517578125,-5.4501800537109375,85.08313751220703,-95.65931701660156
-0.142822265625,1.00390625,-0.0126953125,-7.32421875,6.2255859375,-8.544921875,-4.557847499847412,84.9789047241211,-95.46085357666016
-0.119384765625,1.001953125,-0.0341796875,-4.94384765625,18.37158203125,-12.39013671875,-3.5575134754180913,84.99275970458984,-94.79076385498048
-0.092529296875,0.974609375,-0.028564453125,-4.638671875,30.3955078125,-14.0380859375,-2.497105836868286,85.03453063964844,-93.5126953125
-0.075927734375,0.9921875,-0.021240234375,-3.5400390625,44.00634765625,-15.31982421875,-1.4713478088378906,85.06388092041016,-91.81940460205078
0.0400390625,0.970947265625,-0.037841796875,0.244140625,57.4951171875,-9.521484375,1.2695702314376829,85.9771957397461,-82.9405746459961
0.0986328125,0.983642578125,-0.04638671875,0.9765625,53.52783203125,-8.9111328125,1.4588323831558228,86.281494140625,-80.8801040649414
0.142333984375,0.9990234375,-0.0673828125,-1.52587890625,45.166015625,-7.62939453125,1.4920958280563354,86.5492935180664,-79.08660888671875
0.168701171875,0.990478515625,-0.078369140625,-3.84521484375,39.9169921875,-7.568359375,1.4428406953811646,86.7330093383789,-77.50012969970703
0.210205078125,0.99658203125,-0.111083984375,-6.77490234375,33.75244140625,-6.8359375,1.2465249300003052,86.80327606201172,-76.26223754882812
0.232666015625,0.99072265625,-0.097900390625,-9.765625,22.94921875,-5.79833984375,0.9604659080505372,86.75688934326172,-75.3483657836914
0.24169921875,0.992919921875,-0.0830078125,-12.451171875,13.73291015625,-3.72314453125,0.5658468008041382,86.56082153320312,-74.80013275146484
0.210205078125,0.981689453125,-0.085205078125,-14.404296875,5.0048828125,-2.5634765625,0.17835180461406708,86.30091094970703,-74.732177734375
0.18505859375,0.968994140625,-0.072998046875,-15.869140625,-7.2021484375,-0.54931640625,-0.2501502335071564,85.96338653564453,-75.01741027832031
0.17724609375,0.97705078125,-0.066162109375,-16.29638671875,-16.90673828125,3.0517578125,-0.8136864304542542,85.61150360107422,-75.68219757080078
0.1533203125,0.980224609375,-0.070556640625,-15.80810546875,-24.84130859375,9.765625,-1.6897842884063718,85.36925506591797,-76.73980712890625
0.135498046875,0.99072265625,-0.05908203125,-13.5498046875,-35.21728515625,17.76123046875,-2.747732400894165,85.18070983886719,-78.0965576171875
0.118896484375,0.998046875,-0.06298828125,-12.87841796875,-42.48046875,21.54541015625,-3.9023725986480713,85.07733154296875,-79.73696899414062
0.072265625,0.988037109375,-0.045166015625,-13.97705078125,-47.30224609375,23.8037109375,-5.044256210327148,84.93852233886719,-81.62657165527344
0.043212890625,1.001708984375,-0.042236328125,-15.44189453125,-52.67333984375,25.634765625,-6.141785621643066,84.80055236816406,-83.6722183227539
-0.06201171875,0.983154296875,-0.024169921875,-18.61572265625,-52.24609375,24.59716796875,-9.633288383483887,84.09001922607422,-92.01146697998048
-0.101318359375,1.00927734375,-0.002197265625,-19.34814453125,-49.49951171875,22.15576171875,-10.07598114013672,83.84150695800781,-93.9044952392578
-0.10498046875,0.994873046875,-0.013916015625,-19.59228515625,-43.02978515625,18.12744140625,-10.347506523132324,83.61737060546875,-95.61536407470705
-0.1298828125,0.989990234375,-0.003173828125,-19.04296875,-35.400390625,14.22119140625,-10.37220573425293,83.35032653808594,-97.03113555908205
-0.149658203125,0.998291015625,0.00341796875,-15.869140625,-27.2216796875,9.3994140625,-10.052172660827637,83.17462158203125,-98.04640197753906
-0.171142578125,0.9970703125,0.01806640625,-11.71875,-15.7470703125,1.46484375,-9.41448974609375,83.02792358398438,-98.7154769897461
-0.1689453125,1.000732421875,-0.00390625,-10.1318359375,-5.79833984375,-3.90625,-8.548954963684082,82.93293762207031,-99.0149154663086
-0.14306640625,0.99169921875,0.015380859375,-7.99560546875,3.72314453125,-8.97216796875,-7.4256038665771475,82.84071350097656,-98.81910705566406
-0.106201171875,0.99560546875,0.0322265625,-4.08935546875,15.93017578125,-15.2587890625,-6.214034557342528,82.80655670166016,-98.28421783447266
0.052490234375,1.00048828125,-0.0205078125,0.42724609375,43.9453125,-18.798828125,-1.6038953065872192,83.59963989257812,-92.9874038696289
0.097412109375,1.014892578125,-0.042236328125,0.9765625,44.677734375,-17.88330078125,-0.868723452091217,83.93395233154297,-91.31584930419922
0.122802734375,1.01708984375,-0.05615234375,-0.48828125,42.05322265625,-17.08984375,-0.2620314955711365,84.24656677246094,-89.71538543701172
0.15869140625,0.990234375,-0.052734375,-0.9765625,37.7197265625,-15.13671875,0.13176456093788147,84.5352554321289,-88.27178955078125
0.18017578125,0.998291015625,-0.05419921875,-1.52587890625,32.8369140625,-12.14599609375,0.2785216867923737,84.7982177734375,-87.03874206542969
0.1787109375,0.975830078125,-0.06005859375,-0.54931640625,25.93994140625,-6.8359375,0.21828027069568634,85.10572814941406,-86.02616119384766
0.193603515625,0.979736328125,-0.0703125,-0.30517578125,18.85986328125,-3.35693359375,-0.03660504519939423,85.42957305908203,-85.28324127197266
0.198974609375,0.958984375,-0.04736328125,-1.52587890625,10.6201171875,-0.18310546875,-0.51516193151474,85.63460540771484,-84.98013305664062
0.183837890625,0.94384765625,-0.041748046875,-3.0517578125,0.54931640625,3.662109375,-1.0732371807098389,85.76586151123047,-84.94908905029297
0.175048828125,0.948486328125,-0.051025390625,-2.8076171875,-9.21630859375,7.01904296875,-1.7477277517318726,85.93246459960938,-85.30195617675781
0.139892578125,0.96240234375,-0.068359375,-3.2958984375,-19.34814453125,11.23046875,-2.5680372714996342,86.08891296386719,-86.18651580810547
0.1318359375,0.97802734375,-0.051513671875,-5.7373046875,-30.70068359375,16.11328125,-3.489668130874634,86.17971801757812,-87.38339233398438
0.104248046875,0.9716796875,-0.051025390625,-9.1552734375,-39.0625,19.83642578125,-4.481905460357666,86.17354583740234,-88.91127014160156
0.06298828125,0.964111328125,-0.04052734375,-10.68115234375,-43.88427734375,22.0947265625,-5.500878810882568,86.1279296875,-90.6964111328125
0.020263671875,0.9609375,-0.03662109375,-13.00048828125,-49.9267578125,24.90234375,-6.450932025909424,86.0364990234375,-92.65741729736328
-0.10205078125,0.98193359375,-0.02978515625,-16.17431640625,-43.51806640625,17.4560546875,-8.785541534423826,85.59678649902344,-100.26770782470705
-0.123046875,0.99658203125,-0.0517578125,-17.27294921875,-38.75732421875,13.916015625,-8.788678169250487,85.39421844482422,-101.74271392822266
-0.11474609375,1.00390625,-0.053466796875,-17.39501953125,-29.6630859375,10.92529296875,-8.718121528625487,85.16635131835938,-102.95237731933594
-0.100830078125,1.014404296875,-0.04736328125,-16.357421875,-21.91162109375,7.568359375,-8.527917861938478,84.92627716064453,-103.85688018798828
-0.111328125,1.0078125,-0.027099609375,-14.22119140625,-11.962890625,3.7841796875,-8.059447288513184,84.66767120361328,-104.2509994506836
-0.102783203125,1.012939453125,-0.025390625,-10.92529296875,1.03759765625,-3.90625,-7.3573570251464835,84.48218536376953,-104.2622299194336
-0.104248046875,0.99267578125,-0.01708984375,-6.9580078125,11.23046875,-8.72802734375,-6.445234298706055,84.39742279052734,-103.8780517578125
-0.095458984375,0.990478515625,-0.0048828125,-4.8828125,18.310546875,-11.3525390625,-5.4764084815979,84.45340728759766,-103.11119079589844
-0.045654296875,0.986572265625,-0.027587890625,-0.18310546875,28.13720703125,-14.16015625,-4.491025924682617,84.62193298339844,-102.06484985351562
-0.0078125,0.995361328125,-0.04248046875,0.0,34.11865234375,-14.5263671875,-3.598973035812378,84.82498931884766,-100.77731323242188
0.037109375,0.99755859375,-0.05615234375,0.06103515625,39.24560546875,-15.2587890625,-2.773977518081665,84.98066711425781,-99.25596618652344
0.05078125,0.990478515625,-0.068359375,-1.708984375,42.3583984375,-15.869140625,-2.0113992691040044,85.18372344970703,-97.6348876953125
0.07275390625,0.99267578125,-0.062255859375,-2.50244140625,42.41943359375,-16.11328125,-1.323880672454834,85.35296630859375,-96.0048828125
0.08642578125,0.99560546875,-0.0654296875,-4.638671875,37.9638671875,-15.5029296875,-0.7693522572517395,85.4532699584961,-94.56873321533205
0.1396484375,0.99609375,-0.06396484375,-4.0283203125,32.1044921875,-14.2822265625,-0.3907665610313416,85.58740234375,-93.33435821533205
0.1552734375,0.974609375,-0.0556640625,-3.5400390625,24.47509765625,-12.75634765625,-0.15463250875473022,85.72715759277344,-92.39606475830078
0.186279296875,0.981201171875,-0.0751953125,-2.62451171875,16.11328125,-9.765625,-0.18164609372615811,85.98851776123047,-91.88164520263672
0.207763671875,0.970947265625,-0.07080078125,-1.953125,2.99072265625,-6.04248046875,-0.4007632732391357,86.21219635009766,-91.77818298339844
0.2001953125,0.964111328125,-0.072998046875,-1.28173828125,-7.38525390625,-1.52587890625,-0.8030511140823364,86.46431732177734,-92.07833099365234
0.194091796875,0.960693359375,-0.07470703125,-3.35693359375,-16.7236328125,4.45556640625,-1.4799083471298218,86.66112518310547,-92.8243408203125
0.18359375,0.96533203125,-0.08544921875,-5.615234375,-26.30615234375,10.80322265625,-2.331873893737793,86.78296661376953,-93.85956573486328
0.147705078125,0.957275390625,-0.07373046875,-9.1552734375,-32.71484375,16.357421875,-3.30628514289856,86.76345825195312,-95.14385223388672
0.107177734375,0.9677734375,-0.075439453125,-9.70458984375,-38.0859375,19.83642578125,-4.3153157234191895,86.70437622070312,-96.76736450195312
0.058837890625,0.97119140625,-0.067626953125,-13.00048828125,-46.32568359375,22.94921875,-5.296931743621826,86.60990905761719,-98.59416198730469
-0.072998046875,0.986572265625,-0.034912109375,-15.31982421875,-44.37255859375,20.8740234375,-8.131135940551758,86.03600311279297,-106.125
-0.109130859375,0.986572265625,-0.029296875,-16.9677734375,-41.748046875,19.4091796875,-8.371809005737305,85.83372497558594,-107.71077728271484
-0.119384765625,0.986328125,-0.00634765625,-17.4560546875,-34.48486328125,14.5263671875,-8.449942588806152,85.49934387207031,-109.0871810913086
-0.1650390625,0.979736328125,-0.02734375,-15.869140625,-26.06201171875,10.7421875,-8.255526542663574,85.23960876464844,-110.14151000976562
-0.134521484375,0.978759765625,-0.016845703125,-13.916015625,-18.98193359375,7.32421875,-7.914630889892577,85.03247833251953,-110.78949737548828
-0.132080078125,1.00048828125,-0.010986328125,-10.7421875,-7.568359375,3.41796875,-7.471445560455322,84.84982299804688,-111.11387634277344
-0.113037109375,1.0166015625,-0.03271484375,-8.6669921875,0.3662109375,0.3662109375,-6.94288969039917,84.7645492553711,-111.13446044921876
-0.09228515625,1.01318359375,-0.040283203125,-8.48388671875,6.8359375,-4.08935546875,-6.211482524871826,84.720703125,-110.82797241210938
-0.034423828125,1.007568359375,-0.037109375,-5.7373046875,13.671875,-10.009765625,-5.443911552429199,84.7186508178711,-110.34752655029295
-0.01220703125,1.0048828125,-0.037841796875,-4.45556640625,20.08056640625,-12.14599609375,-4.648795127868652,84.7545394897461,-109.61493682861328
0.01123046875,1.000244140625,-0.050537109375,-2.0751953125,25.57373046875,-13.916015625,-3.900126695632935,84.92671966552734,-108.61348724365234
0.059326171875,1.0009765625,-0.065185546875,-0.67138671875,29.296875,-15.44189453125,-3.1704306602478027,85.16433715820312,-107.51763916015624
0.078369140625,0.9970703125,-0.063720703125,-1.3427734375,30.517578125,-15.31982421875,-2.5183324813842773,85.37327575683594,-106.3655776977539
0.108154296875,0.98486328125,-0.075439453125,-2.685546875,29.541015625,-14.83154296875,-2.003570795059204,85.63665771484375,-105.26918029785156
0.12646484375,0.96484375,-0.077392578125,-1.953125,24.59716796875,-11.90185546875,-1.6769447326660156,85.86467742919922,-104.3324737548828
0.1494140625,0.95556640625,-0.06591796875,-2.3193359375,19.04296875,-8.48388671875,-1.5732476711273191,86.05257415771484,-103.6033172607422
0.166015625,0.95361328125,-0.064697265625,-3.90625,13.916015625,-5.18798828125,-1.696712851524353,86.19983673095703,-103.1341323852539
0.162841796875,0.952880859375,-0.063232421875,-5.2490234375,6.40869140625,-2.44140625,-1.8993723392486568,86.26409912109375,-102.89173889160156
0.15576171875,0.939453125,-0.052978515625,-6.77490234375,-1.0986328125,0.1220703125,-2.203987598419189,86.2525634765625,-102.94287109375
0.15869140625,0.935302734375,-0.05517578125,-7.568359375,-8.85009765625,2.50244140625,-2.6841721534729004,86.22313690185547,-103.42967987060548
0.147705078125,0.95654296875,-0.065185546875,-9.46044921875,-19.10400390625,8.7890625,-3.322715759277344,86.16974639892578,-104.1837158203125
0.129150390625,0.969482421875,-0.06005859375,-10.80322265625,-25.32958984375,13.85498046875,-4.1077356338500985,86.07647705078125,-105.1765365600586
0.103759765625,0.973388671875,-0.050048828125,-14.09912109375,-31.31103515625,17.4560546875,-4.930235862731934,85.8451919555664,-106.4542007446289
0.0537109375,0.964599609375,-0.033447265625,-15.19775390625,-38.14697265625,18.85986328125,-5.719576358795166,85.60356903076172,-107.94894409179688
-0.056884765625,1.0048828125,-0.030517578125,-14.95361328125,-35.888671875,21.8505859375,-8.26221752166748,84.76935577392578,-114.0000457763672
-0.072021484375,1.010009765625,-0.0400390625,-12.451171875,-31.55517578125,19.775390625,-8.634099960327147,84.74966430664062,-115.24188232421876
-0.0712890625,1.022216796875,-0.055419921875,-12.20703125,-24.5361328125,13.00048828125,-8.742212295532228,84.72350311279297,-116.23431396484376
-0.095703125,1.013916015625,-0.069091796875,-12.51220703125,-17.7001953125,7.2021484375,-8.539236068725586,84.67796325683594,-116.97738647460938
-0.090576171875,1.0234375,-0.088623046875,-11.53564453125,-9.765625,0.30517578125,-7.957532405853271,84.63777160644531,-117.33535766601562
-0.09521484375,1.014892578125,-0.082763671875,-10.55908203125,0.06103515625,-7.14111328125,-7.1542744636535645,84.60269165039062,-117.41419219970705
-0.0673828125,1.004638671875,-0.103515625,-9.94873046875,8.4228515625,-12.20703125,-6.210925579071045,84.60395812988281,-117.17652130126952
-0.053955078125,0.99365234375,-0.09130859375,-9.765625,13.916015625,-15.56396484375,-5.200071334838867,84.57369232177734,-116.66195678710938
-0.003662109375,0.990966796875,-0.09375,-8.6669921875,20.1416015625,-17.02880859375,-4.2394680976867685,84.5805892944336,-115.95764923095705
0.041748046875,0.982666015625,-0.08251953125,-7.568359375,25.45166015625,-15.93017578125,-3.4448239803314213,84.60343170166016,-115.02874755859376
0.077880859375,1.000732421875,-0.101806640625,-8.30078125,28.74755859375,-13.916015625,-2.9022705554962163,84.609375,-113.9213638305664
0.0810546875,0.98095703125,-0.07763671875,-10.31494140625,27.64892578125,-8.85009765625,-2.5231242179870605,84.52257537841797,-112.87003326416016
0.1142578125,0.98486328125,-0.052001953125,-8.1787109375,23.193359375,-4.8828125,-2.4063143730163574,84.4761962890625,-111.9770278930664
0.13671875,0.96337890625,-0.037841796875,-5.9814453125,18.06640625,-1.40380859375,-2.531473159790039,84.47496795654297,-111.37387084960938
0.160888671875,0.994384765625,-0.019287109375,-3.11279296875,7.6904296875,3.35693359375,-2.9002399444580083,84.58049011230469,-111.06507110595705
0.1591796875,0.97900390625,0.012451171875,-3.47900390625,-0.30517578125,4.57763671875,-3.333647966384888,84.61007690429688,-111.06838989257812
0.166015625,0.975830078125,0.01318359375,-3.7841796875,-7.568359375,6.04248046875,-3.853898048400879,84.66627502441406,-111.42781829833984
0.157470703125,0.960205078125,0.0244140625,-4.69970703125,-17.333984375,8.544921875,-4.470863342285156,84.66357421875,-112.0980224609375
0.13134765625,0.952392578125,0.0087890625,-6.40869140625,-24.10888671875,11.71875,-5.156251430511475,84.65929412841797,-113.03290557861328
0.094970703125,0.9453125,0.002197265625,-5.9814453125,-29.541015625,14.09912109375,-5.875617504119872,84.65653991699219,-114.25109100341795
0.05078125,0.96142578125,0.021240234375,-10.07080078125,-35.94970703125,17.76123046875,-6.597254276275635,84.55088806152344,-115.64247131347656
-0.04638671875,0.987060546875,-0.0390625,-15.9912109375,-38.2080078125,17.39501953125,-8.938319206237793,83.87637329101562,-121.79778289794922
-0.050048828125,1.019775390625,-0.050537109375,-16.4794921875,-34.60693359375,14.404296875,-9.119061470031738,83.73873138427734,-123.11502838134766
-0.052978515625,1.024169921875,-0.07275390625,-15.13671875,-26.67236328125,10.7421875,-9.186331748962402,83.6958999633789,-124.20864868164062
-0.066162109375,1.01123046875,-0.070068359375,-13.5498046875,-20.44677734375,8.11767578125,-9.090978622436523,83.67545318603516,-125.06253051757812
-0.096435546875,0.99658203125,-0.056396484375,-10.6201171875,-13.00048828125,4.0283203125,-8.686762809753418,83.74256134033203,-125.50656127929688
-0.08642578125,1.006103515625,-0.05908203125,-8.85009765625,0.06103515625,-2.3193359375,-8.063991546630861,83.75853729248047,-125.57160186767578
-0.060791015625,0.982421875,-0.05517578125,-5.37109375,10.92529296875,-6.103515625,-7.322691917419434,83.85047912597656,-125.2109146118164
-0.0478515625,0.986328125,-0.089111328125,-1.3427734375,18.1884765625,-8.72802734375,-6.5559449195861825,84.1557388305664,-124.51983642578124
0.01220703125,0.99560546875,-0.082763671875,-0.91552734375,22.15576171875,-9.6435546875,-5.859907627105713,84.43340301513672,-123.71654510498048
0.063720703125,1.003173828125,-0.09130859375,-3.2958984375,24.23095703125,-7.75146484375,-5.37752628326416,84.6212387084961,-122.81779479980469
0.105224609375,1.01416015625,-0.09814453125,-6.28662109375,25.81787109375,-6.34765625,-5.06649112701416,84.66073608398438,-121.82919311523438
0.1513671875,1.0029296875,-0.085205078125,-13.61083984375,27.64892578125,-6.34765625,-4.853831768035889,84.40821838378906,-120.78060150146484
0.173583984375,0.982666015625,-0.09765625,-15.07568359375,26.85546875,-7.50732421875,-4.658274173736572,84.1436538696289,-119.77165985107422
0.170166015625,0.9609375,-0.0693359375,-13.85498046875,22.5830078125,-8.9111328125,-4.433880805969238,83.84762573242188,-118.98629760742188
0.162841796875,0.9619140625,-0.03173828125,-13.18359375,13.85498046875,-7.99560546875,-4.26402759552002,83.58113861083984,-118.48978424072266
0.161865234375,0.96728515625,-0.016357421875,-12.451171875,6.40869140625,-6.04248046875,-4.204361915588379,83.3409652709961,-118.28046417236328
0.14990234375,0.959716796875,0.01025390625,-12.0849609375,-4.5166015625,-1.953125,-4.4472694396972665,83.11651611328125,-118.63436889648438
0.163330078125,0.96630859375,0.058837890625,-8.544921875,-15.7470703125,6.4697265625,-4.980161190032959,82.94232177734375,-119.2395477294922
0.1630859375,0.97021484375,0.03564453125,-6.53076171875,-22.64404296875,12.14599609375,-5.749112606048584,82.93982696533203,-120.09947967529295
0.13427734375,0.97265625,0.01171875,-4.69970703125,-27.28271484375,16.54052734375,-6.648984909057617,83.05939483642578,-121.16146850585938
0.083984375,0.97021484375,0.023193359375,-4.0283203125,-32.3486328125,17.51708984375,-7.424483299255371,83.25373077392578,-122.39884185791016
-0.108154296875,0.9853515625,-0.053955078125,-6.2255859375,-7.62939453125,3.2958984375,-8.363885879516603,84.4749984741211,-130.40548706054688
-0.11474609375,0.9970703125,-0.06103515625,-5.859375,0.67138671875,1.03759765625,-7.814998149871826,84.57133483886719,-130.42498779296878
-0.11474609375,0.990966796875,-0.06591796875,-3.23486328125,12.0849609375,-2.62451171875,-7.1050148010253915,84.73149871826172,-129.99800109863278
-0.086669921875,0.999755859375,-0.06640625,-3.84521484375,19.59228515625,-5.43212890625,-6.348896026611327,84.83314514160156,-129.27511596679688
-0.052490234375,0.97900390625,-0.068603515625,-2.44140625,27.34375,-7.38525390625,-5.610993385314941,84.98845672607422,-128.24594116210938
0.01220703125,0.984375,-0.074951171875,-1.0986328125,36.68212890625,-6.8359375,-5.0267109870910645,85.16741180419922,-126.83541870117188
0.04638671875,0.993408203125,-0.119873046875,0.3662109375,42.6025390625,-5.4931640625,-4.58493709564209,85.48902130126953,-125.18736267089844
0.04541015625,0.978515625,-0.12841796875,-1.953125,45.22705078125,-3.5400390625,-4.277731418609618,85.73887634277344,-123.4257583618164
0.082275390625,0.98486328125,-0.1142578125,-6.2255859375,44.7998046875,-0.91552734375,-4.135975360870361,85.7729263305664,-121.66709899902344
0.078369140625,0.983642578125,-0.090576171875,-6.53076171875,39.97802734375,-0.06103515625,-4.038679122924806,85.75773620605469,-120.09415435791016
0.104248046875,0.999755859375,-0.072998046875,-7.4462890625,34.7900390625,-1.46484375,-3.9328522682189937,85.6469497680664,-118.72684478759766
0.074951171875,1.014892578125,-0.074462890625,-10.8642578125,27.7099609375,-2.99072265625,-3.7442815303802486,85.46241760253906,-117.65013122558594
0.069580078125,1.010009765625,-0.054443359375,-13.24462890625,21.91162109375,-2.0751953125,-3.6017115116119385,85.16407775878906,-116.79986572265624
0.0625,0.99267578125,-0.029296875,-14.7705078125,15.93017578125,-0.91552734375,-3.529529571533203,84.79032897949219,-116.18283081054688
0.07421875,0.98388671875,-0.03955078125,-13.427734375,10.1318359375,0.06103515625,-3.5272836685180664,84.51078033447266,-115.79547119140624
0.076416015625,0.98681640625,-0.065185546875,-10.68115234375,9.46044921875,0.6103515625,-3.5529568195343018,84.4115982055664,-115.43724822998048
0.05419921875,0.97607421875,-0.0830078125,-9.33837890625,9.8876953125,-0.91552734375,-3.4626197814941406,84.404052734375,-115.07051849365234
0.02392578125,0.994140625,-0.107177734375,-11.1083984375,11.474609375,-6.28662109375,-3.0893359184265137,84.3846435546875,-114.66413879394531
0.022216796875,0.9990234375,-0.099853515625,-14.892578125,12.75634765625,-10.7421875,-2.543879985809326,84.19905090332031,-114.22075653076172
0.000732421875,0.986083984375,-0.072509765625,-15.869140625,16.2353515625,-15.19775390625,-1.7741435766220093,83.90528869628906,-113.65194702148438
-0.038818359375,0.9990234375,-0.057373046875,-14.16015625,23.49853515625,-5.4931640625,-1.3004997968673706,83.67078399658203,-112.7518539428711
-0.076171875,0.982421875,-0.062744140625,-8.4228515625,25.69580078125,1.52587890625,-1.025604486465454,83.69196319580078,-111.73255157470705
-0.079833984375,0.995849609375,-0.091796875,0.91552734375,20.01953125,1.28173828125,-0.7999752163887024,84.16246032714844,-110.93853759765624
-0.017578125,1.030517578125,-0.107177734375,15.13671875,7.6904296875,-3.41796875,-0.567058265209198,85.2146987915039,-110.65023803710938
0.012451171875,1.043212890625,-0.084228515625,20.751953125,8.4228515625,-0.06103515625,-0.5459343791007996,86.39886474609375,-110.31790924072266
0.026611328125,1.061279296875,-0.1103515625,22.15576171875,14.0380859375,2.62451171875,-0.6134013533592224,87.6517562866211,-109.75544738769531
-0.007080078125,1.05615234375,-0.112060546875,21.05712890625,22.705078125,-5.126953125,-0.3447748422622681,88.80481719970703,-108.85643768310548
-0.034912109375,1.0302734375,-0.105712890625,15.44189453125,28.74755859375,-11.474609375,0.21412916481494906,89.68597412109375,-107.71237182617188
-0.059326171875,0.9892578125,-0.102783203125,9.70458984375,35.09521484375,-15.380859375,0.9704818129539491,90.34765625,-106.3050308227539
-0.089111328125,0.9619140625,-0.13134765625,5.4931640625,40.0390625,-23.01025390625,2.034555673599243,90.88818359375,-104.6852569580078
-0.113525390625,0.953369140625,-0.1083984375,2.5634765625,40.22216796875,-28.13720703125,3.307023286819458,91.27286529541016,-103.04283905029295
-0.080322265625,0.931396484375,-0.091064453125,0.18310546875,42.3583984375,-26.67236328125,4.3740596771240225,91.54065704345705,-101.30734252929688
-0.07421875,0.888671875,-0.099853515625,1.40380859375,43.9453125,-26.18408203125,5.372943878173828,91.92835235595705,-99.49528503417969
-0.079833984375,0.8466796875,-0.12060546875,3.0517578125,42.48046875,-26.79443359375,6.368297100067139,92.46031951904295,-97.7221908569336
-0.098876953125,0.8125,-0.138427734375,4.150390625,38.9404296875,-25.93994140625,7.347781658172607,93.05206298828124,-96.0758819580078
-0.07177734375,0.84716796875,-0.1044921875,-0.244140625,29.9072265625,-19.53125,7.953137874603271,93.35294342041016,-94.80573272705078
-0.05224609375,0.888671875,-0.075927734375,-6.9580078125,29.541015625,-13.85498046875,8.248622894287111,93.29369354248048,-93.57295989990234
-0.02294921875,0.8994140625,-0.05712890625,-12.63427734375,30.517578125,-18.12744140625,8.591415405273438,92.9678955078125,-92.29763793945312
-0.028076171875,0.872314453125,-0.02294921875,-16.66259765625,33.447265625,-29.47998046875,9.429105758666992,92.4486083984375,-90.89331817626952
0.093994140625,1.106689453125,0.015625,-15.5029296875,-9.58251953125,9.58251953125,-4.630732536315918,77.73851013183594,-77.30036926269531
0.12646484375,1.14306640625,0.01806640625,-24.23095703125,-4.0283203125,3.96728515625,-4.895536422729492,77.19307708740234,-77.4571533203125
0.10693359375,1.107177734375,0.03076171875,-28.076171875,-2.13623046875,-3.47900390625,-4.807042598724365,76.50890350341797,-77.60851287841797
0.076171875,1.01611328125,0.0791015625,-15.625,-30.2734375,5.43212890625,-4.63303279876709,74.95946502685547,-82.38446044921875
0.09130859375,1.08251953125,0.09033203125,-15.0146484375,-25.390625,0.54931640625,-4.925975322723389,74.82848358154297,-83.3949966430664
0.061279296875,1.0810546875,0.087158203125,-17.4560546875,-20.08056640625,-2.685546875,-4.966363906860352,74.60469818115234,-84.23670196533203
0.013671875,1.038330078125,0.082275390625,-14.16015625,-20.263671875,-7.62939453125,-4.720876693725586,74.52855682373047,-85.13895416259766
-0.030029296875,1.0185546875,0.072998046875,2.197265625,-22.4609375,-20.20263671875,-3.886021137237549,75.15316009521484,-86.25568389892578
-0.05322265625,0.860595703125,0.059814453125,11.16943359375,-23.681640625,-13.3056640625,-3.31180191040039,76.08070373535156,-87.33340454101562
-0.07763671875,0.86279296875,0.051513671875,23.8037109375,-20.8740234375,-6.53076171875,-2.913380622863769,77.47908020019531,-88.2271957397461
-1.15625,2.34814453125,1.1630859375,45.654296875,-20.44677734375,-1.64794921875,-3.90265703201294,77.49681854248047,-88.94416046142578
0.04443359375,0.976806640625,0.018798828125,-1.15966796875,11.41357421875,13.427734375,-4.281062602996826,77.84619903564453,-88.41328430175781
