0.112060546875,1.019775390625,-0.040283203125,3.60107421875,-18.12744140625,11.71875,-5.2419915199279785,83.1994857788086,110.6875228881836
0.24365234375,0.9619140625,-0.0185546875,9.27734375,11.962890625,0.48828125,-5.564087390899658,83.81539916992188,111.14008331298828
0.072265625,1.004638671875,-0.175537109375,10.80322265625,60.97412109375,-5.126953125,-5.0716705322265625,84.64122009277344,113.49757385253906
-0.14111328125,0.98291015625,-0.1220703125,19.8974609375,63.90380859375,20.6298828125,-5.170344352722168,85.67442321777344,116.08308410644531
0.076171875,0.951416015625,-0.047119140625,52.734375,48.52294921875,78.43017578125,-8.164134979248049,87.80461120605469,118.177978515625
0.088134765625,0.970458984375,-0.132080078125,88.43994140625,67.68798828125,126.220703125,-13.057657241821287,91.2064208984375,120.90341186523438
0.302490234375,1.130126953125,-0.220703125,119.9951171875,77.2705078125,176.94091796875,-20.34237098693848,95.5882339477539,123.56459045410156
0.37890625,1.175537109375,-0.2919921875,132.01904296875,102.47802734375,221.5576171875,-29.50625419616699,99.86769104003906,126.57022094726562
0.529541015625,1.11669921875,-0.32080078125,130.126953125,106.8115234375,236.4501953125,-39.36806106567383,103.7783432006836,129.119384765625
0.63916015625,1.05126953125,-0.3271484375,128.0517578125,108.94775390625,238.28125,-49.26087188720703,107.43640899658205,131.25762939453122
0.7041015625,0.939697265625,-0.263916015625,118.46923828125,98.08349609375,226.01318359375,-58.44040298461914,111.0289077758789,132.52555847167972
0.778076171875,0.8046875,-0.239990234375,106.8115234375,83.1298828125,202.392578125,-66.42281341552734,115.1773681640625,132.46075439453122
0.771240234375,0.638427734375,-0.1591796875,97.16796875,66.34521484375,173.27880859375,-72.93321990966797,120.59584045410156,130.54273986816406
0.805419921875,0.543212890625,-0.16845703125,99.06005859375,42.90771484375,131.40869140625,-77.2768325805664,129.520263671875,125.17721557617188
0.789794921875,0.5361328125,-0.2109375,106.75048828125,37.17041015625,109.55810546875,-80.24266815185547,142.88856506347656,115.7835464477539
0.65478515625,0.603515625,-0.26708984375,108.82568359375,41.748046875,106.3232421875,-82.25883483886719,163.67236328125,99.37482452392578
0.62060546875,0.639404296875,-0.332275390625,95.8251953125,53.22265625,131.9580078125,-83.11202239990234,-149.87205505371094,58.05470275878906
0.5732421875,0.5595703125,-0.303955078125,83.740234375,63.96484375,153.99169921875,-81.08821868896484,-106.011474609375,17.478504180908207
0.474609375,0.489990234375,-0.294189453125,81.97021484375,67.93212890625,175.9033203125,-76.52593231201172,-88.53766632080078,2.357891082763672
0.607177734375,0.400634765625,-0.266845703125,85.51025390625,59.99755859375,195.49560546875,-70.4356460571289,-81.48306274414062,-1.9087581634521484
0.6572265625,0.338134765625,-0.24560546875,89.17236328125,54.5654296875,187.31689453125,-64.49217224121094,-77.35205841064453,-2.8742084503173833
0.679443359375,0.328125,-0.2421875,88.43994140625,47.79052734375,164.24560546875,-59.54610061645508,-74.26456451416016,-2.6834349632263184
0.78759765625,0.3359375,-0.28564453125,73.3642578125,29.23583984375,120.66650390625,-56.5027961730957,-72.57572937011719,-1.5430245399475098
0.79638671875,0.345703125,-0.31591796875,53.3447265625,18.85986328125,93.44482421875,-54.68482208251953,-71.90836334228516,-0.1238851547241211
0.84326171875,0.298828125,-0.3505859375,29.296875,14.16015625,72.93701171875,-53.65026473999024,-72.215087890625,1.2747344970703125
0.789794921875,0.20263671875,-0.31982421875,10.31494140625,14.34326171875,60.60791015625,-52.98614120483398,-73.10853576660156,2.425357818603516
0.82421875,0.123779296875,-0.29052734375,8.9111328125,12.63427734375,60.60791015625,-52.21113586425781,-74.05488586425781,3.581202507019043
0.8447265625,0.09375,-0.289794921875,12.51220703125,16.90673828125,67.07763671875,-51.09838485717773,-74.68306732177734,4.506223678588867
0.839111328125,0.046142578125,-0.259521484375,18.24951171875,24.10888671875,81.4208984375,-49.30278778076172,-74.82007598876953,5.113940238952637
0.812744140625,0.030517578125,-0.240966796875,19.04296875,24.5361328125,90.02685546875,-47.19026947021485,-74.94632720947266,5.759379386901856
0.86279296875,-0.03369140625,-0.226806640625,14.16015625,19.34814453125,86.97509765625,-45.18083953857422,-75.36490631103516,6.561923027038574
0.7705078125,-0.048095703125,-0.2236328125,4.08935546875,3.2958984375,61.1572265625,-44.32585906982422,-76.58184814453125,7.868227005004883
0.818359375,-0.056884765625,-0.224609375,-3.173828125,-16.41845703125,32.53173828125,-44.73788070678711,-78.50547790527344,9.798017501831056
0.8427734375,-0.053466796875,-0.25244140625,-11.53564453125,-29.35791015625,9.21630859375,-46.09344482421875,-81.18869018554688,12.25784683227539
0.97314453125,-0.13232421875,-0.29443359375,-18.61572265625,-32.1044921875,10.7421875,-47.15544891357422,-84.38259887695312,14.97209930419922
1.030029296875,-0.162841796875,-0.298095703125,-14.6484375,-17.9443359375,25.634765625,-47.43204116821289,-86.82023620605469,16.88478660583496
1.0419921875,-0.201171875,-0.31591796875,-7.6904296875,-4.21142578125,38.57421875,-47.05813980102539,-88.37638092041016,17.96465301513672
1.02099609375,-0.191162109375,-0.3134765625,0.18310546875,-2.197265625,40.283203125,-46.620826721191406,-89.47439575195312,18.85328483581543
1.046630859375,-0.158935546875,-0.349609375,3.90625,-2.13623046875,36.2548828125,-46.399131774902344,-90.45230102539062,19.736743927001953
1.063720703125,-0.147705078125,-0.373046875,3.60107421875,1.52587890625,35.0341796875,-46.2418098449707,-91.29928588867188,20.396881103515625
1.063720703125,-0.13427734375,-0.345947265625,-0.3662109375,8.6669921875,34.11865234375,-46.16181182861328,-91.90753173828124,20.557321548461914
1.020751953125,-0.12255859375,-0.324951171875,-4.8828125,13.24462890625,32.470703125,-46.17023468017578,-92.46955871582031,20.41877555847168
0.947998046875,-0.145751953125,-0.292724609375,-9.521484375,11.04736328125,24.96337890625,-46.41753005981445,-93.26961517333984,20.382383346557614
0.914794921875,-0.145263671875,-0.2734375,-12.39013671875,1.8310546875,10.7421875,-47.18949508666992,-94.56877899169922,20.90257835388184
0.963134765625,-0.1298828125,-0.302978515625,-13.97705078125,-1.40380859375,2.685546875,-48.26830673217773,-96.15554809570312,21.700740814208984
0.947509765625,-0.1484375,-0.2939453125,-16.17431640625,-0.48828125,0.91552734375,-49.33572769165039,-97.77779388427734,22.45136070251465
0.91015625,-0.184326171875,-0.23974609375,-18.49365234375,-3.84521484375,3.11279296875,-50.19010543823242,-99.46155548095705,23.26503753662109
0.97314453125,-0.165771484375,-0.2431640625,-16.78466796875,-4.69970703125,8.6669921875,-50.84313201904297,-101.03636932373048,24.046199798583984
0.979736328125,-0.1806640625,-0.2353515625,-10.8642578125,1.15966796875,12.5732421875,-51.33940124511719,-101.97962188720705,24.352184295654297
0.91162109375,-0.173583984375,-0.2314453125,-5.2490234375,5.06591796875,14.16015625,-51.76904296875,-102.5044174194336,24.40062713623047
0.913818359375,-0.179931640625,-0.214599609375,-5.126953125,1.40380859375,11.77978515625,-52.24151992797852,-103.1545181274414,24.65375518798828
0.918212890625,-0.177734375,-0.22802734375,-8.60595703125,-2.0751953125,8.544921875,-52.7833023071289,-104.19969177246094,25.212329864501953
0.918212890625,-0.2177734375,-0.205810546875,-10.6201171875,-2.0751953125,3.96728515625,-53.41028213500977,-105.24462127685548,25.735382080078125
0.879638671875,-0.22412109375,-0.20556640625,-8.11767578125,-3.47900390625,0.91552734375,-54.07237243652344,-106.30982208251952,26.40934753417969
0.931884765625,-0.201416015625,-0.212158203125,-5.31005859375,-7.32421875,-1.89208984375,-54.83627700805664,-107.53462982177734,27.41349029541016
0.904541015625,-0.18115234375,-0.237548828125,-1.77001953125,-7.50732421875,-1.46484375,-55.5454216003418,-108.76384735107422,28.542072296142575
0.96484375,-0.16162109375,-0.2431640625,-1.89208984375,-7.080078125,0.42724609375,-56.21710968017578,-109.94503784179688,29.60778045654297
0.95849609375,-0.16796875,-0.2744140625,-3.7841796875,-1.8310546875,1.03759765625,-56.86213302612305,-110.99500274658205,30.39071273803711
0.90869140625,-0.19580078125,-0.241943359375,-3.90625,-1.8310546875,0.42724609375,-57.44326400756836,-111.92093658447266,31.073955535888672
0.885009765625,-0.186767578125,-0.242431640625,-3.23486328125,-5.55419921875,0.0,-57.956321716308594,-113.08064270019531,32.05729293823242
0.8916015625,-0.18798828125,-0.238037109375,-4.21142578125,-9.09423828125,1.77001953125,-58.32437133789063,-114.40740966796876,33.20339584350586
0.98388671875,-0.174560546875,-0.236572265625,-5.79833984375,-2.685546875,5.18798828125,-58.73606872558594,-115.25714874267578,33.73726272583008
0.89306640625,-0.176025390625,-0.239990234375,-4.33349609375,1.77001953125,6.34765625,-59.10345077514648,-115.7928695678711,33.95944595336914
0.89501953125,-0.197021484375,-0.20654296875,-2.86865234375,-1.89208984375,7.26318359375,-59.35454940795898,-116.2663345336914,34.237388610839844
0.916259765625,-0.172607421875,-0.227783203125,-0.18310546875,-6.8359375,6.8359375,-59.55883407592773,-117.0699462890625,34.98473358154297
0.94921875,-0.144287109375,-0.233642578125,1.15966796875,-9.765625,4.0283203125,-59.85861587524414,-118.1405792236328,36.08668899536133
0.974609375,-0.117919921875,-0.268798828125,-0.8544921875,-8.11767578125,0.244140625,-60.32000350952149,-119.48414611816406,37.36315536499024
0.929443359375,-0.126708984375,-0.250244140625,-9.70458984375,-4.08935546875,0.8544921875,-60.79046630859375,-120.8380126953125,38.267051696777344
0.93310546875,-0.15185546875,-0.231201171875,-13.00048828125,-6.34765625,2.685546875,-61.10448455810547,-122.23053741455078,39.10765075683594
0.934814453125,-0.1689453125,-0.237060546875,-11.41357421875,-7.568359375,1.46484375,-61.37456893920898,-123.6290054321289,40.03962707519531
0.96923828125,-0.15625,-0.24609375,-6.34765625,-4.45556640625,-2.9296875,-61.86856460571289,-124.84076690673828,40.985538482666016
0.94970703125,-0.1416015625,-0.239990234375,-8.056640625,-0.42724609375,-1.8310546875,-62.41324996948242,-125.8371810913086,41.610538482666016
0.928955078125,-0.155029296875,-0.23193359375,-12.451171875,1.28173828125,1.28173828125,-62.8492546081543,-126.68214416503906,41.88751602172852
0.884033203125,-0.225341796875,-0.195068359375,-12.20703125,-0.9765625,5.31005859375,-62.98336791992188,-127.07486724853516,41.757720947265625
0.891845703125,-0.212646484375,-0.17724609375,-8.9111328125,-4.82177734375,3.41796875,-63.13225936889648,-127.62339782714844,41.95950698852539
0.898681640625,-0.205810546875,-0.180419921875,-5.06591796875,-8.4228515625,-0.6103515625,-63.32284164428711,-128.46821594238278,42.65754318237305
0.907470703125,-0.17626953125,-0.214599609375,-6.53076171875,-10.31494140625,-1.0986328125,-63.47577667236328,-129.7421875,43.71580123901367
0.959716796875,-0.1806640625,-0.220458984375,-9.521484375,-9.94873046875,2.685546875,-63.527809143066406,-130.86737060546878,44.482234954833984
0.93212890625,-0.19873046875,-0.243896484375,-9.94873046875,-7.6904296875,4.638671875,-63.49342346191406,-131.75706481933594,44.96638870239258
0.932861328125,-0.163330078125,-0.269775390625,-7.26318359375,-9.8876953125,3.2958984375,-63.45497131347656,-132.93621826171878,45.84729385375977
0.956298828125,-0.153564453125,-0.2841796875,-7.568359375,-10.31494140625,-0.48828125,-63.51459121704102,-134.39776611328122,47.01852035522461
0.96240234375,-0.16748046875,-0.27685546875,-9.58251953125,-9.765625,-3.7841796875,-63.6605339050293,-135.97145080566406,48.25003433227539
0.947265625,-0.125732421875,-0.274169921875,-10.986328125,-7.9345703125,-9.033203125,-64.03063201904297,-137.9364013671875,49.82720565795898
0.93798828125,-0.124267578125,-0.286376953125,-14.0380859375,-8.056640625,-9.46044921875,-64.34606170654297,-140.08206176757812,51.46369934082031
0.930908203125,-0.1533203125,-0.275146484375,-17.822265625,-8.72802734375,-8.23974609375,-64.54998016357422,-142.13104248046875,52.86661148071289
0.951171875,-0.171875,-0.263427734375,-15.68603515625,-7.080078125,-6.2255859375,-64.74362182617189,-143.68923950195312,53.85980987548828
0.927490234375,-0.155517578125,-0.244384765625,-12.51220703125,-5.06591796875,-3.0517578125,-64.94995880126953,-144.7622833251953,54.46662521362305
0.928466796875,-0.155029296875,-0.24267578125,-11.1083984375,-5.2490234375,-1.8310546875,-65.11534118652344,-145.66627502441406,54.95560073852539
0.922607421875,-0.1669921875,-0.240966796875,-11.474609375,-5.859375,-0.244140625,-65.20162200927734,-146.40823364257812,55.2668571472168
0.919189453125,-0.182373046875,-0.236083984375,-10.07080078125,-6.40869140625,2.0751953125,-65.20364379882811,-146.8319549560547,55.31242370605469
0.914794921875,-0.194091796875,-0.22705078125,-6.16455078125,-8.1787109375,2.86865234375,-65.12985992431639,-147.02239990234375,55.29275131225586
0.93896484375,-0.173828125,-0.279052734375,-0.48828125,-7.6904296875,4.638671875,-64.98454284667969,-147.08143615722656,55.33079528808594
0.94970703125,-0.167724609375,-0.272216796875,-2.0751953125,-7.14111328125,5.126953125,-64.87964630126953,-147.14688110351562,55.30532455444336
0.913330078125,-0.1669921875,-0.261474609375,-2.99072265625,-7.50732421875,2.3193359375,-64.81982421875,-147.4415740966797,55.49646759033203
0.855712890625,-0.146484375,-0.256591796875,-4.69970703125,-13.24462890625,-6.77490234375,-64.7462158203125,-148.81675720214844,56.779014587402344
0.82421875,-0.128662109375,-0.29443359375,-5.126953125,-21.66748046875,-15.93017578125,-64.46490478515625,-151.4003448486328,59.33262634277344
0.8310546875,-0.138427734375,-0.293212890625,-7.32421875,-26.85546875,-23.4375,-64.09326934814453,-154.6179962158203,62.519752502441406
0.76123046875,-0.14599609375,-0.295166015625,-7.38525390625,-30.8837890625,-30.21240234375,-63.54039764404297,-158.21173095703125,66.16011810302734
0.723388671875,-0.107421875,-0.320556640625,-7.99560546875,-43.64013671875,-39.0625,-62.47499084472656,-162.78221130371094,70.84661865234375
0.70068359375,-0.015869140625,-0.3212890625,-12.51220703125,-63.1103515625,-56.09130859375,-60.712158203125,-169.07334899902344,77.22798919677734
0.740966796875,0.076904296875,-0.3681640625,-37.41455078125,-100.2197265625,-93.26171875,-57.29664611816406,-178.42214965820312,86.04756927490234
0.888427734375,0.095703125,-0.371337890625,-60.48583984375,-119.68994140625,-127.5634765625,-52.63997268676758,171.6762237548828,94.9096450805664
0.89794921875,0.09912109375,-0.370361328125,-72.93701171875,-117.61474609375,-151.85546875,-47.30733871459961,162.64073181152344,102.72708892822266
0.7314453125,0.157470703125,-0.43310546875,-71.35009765625,-113.76953125,-148.25439453125,-41.40727233886719,155.78187561035156,108.34068298339844
0.68896484375,0.212890625,-0.466552734375,-69.9462890625,-122.13134765625,-130.18798828125,-35.22090148925781,150.9736328125,111.53768157958984
0.81005859375,0.249267578125,-0.5498046875,-73.974609375,-129.39453125,-117.98095703125,-29.10739707946777,147.2303466796875,113.15499877929688
1.032470703125,0.26025390625,-0.57080078125,-77.880859375,-104.18701171875,-116.51611328125,-24.19502258300781,143.52879333496094,114.7644500732422
0.973876953125,0.3388671875,-0.586669921875,-73.79150390625,-72.6318359375,-106.75048828125,-20.47299194335937,140.06098937988278,116.4396514892578
0.751953125,0.37109375,-0.574951171875,-72.1435546875,-49.49951171875,-86.24267578125,-17.769392013549805,136.90744018554688,117.75895690917969
0.7373046875,0.350830078125,-0.548095703125,-76.0498046875,-58.837890625,-67.68798828125,-15.382217407226562,134.04393005371094,118.00862884521484
0.879150390625,0.35693359375,-0.5400390625,-72.75390625,-65.0634765625,-76.904296875,-12.793951034545898,131.36973571777344,118.15797424316406
0.818603515625,0.460205078125,-0.5625,-61.4013671875,-55.48095703125,-91.49169921875,-9.916536331176758,129.01112365722656,118.82634735107422
0.739501953125,0.559326171875,-0.593505859375,-62.80517578125,-48.828125,-90.75927734375,-7.088848114013673,126.60717010498048,119.51846313476562
0.724853515625,0.569580078125,-0.58837890625,-76.7822265625,-46.20361328125,-82.275390625,-4.641286849975586,123.75679779052734,119.91905212402344
0.731689453125,0.52734375,-0.5673828125,-85.38818359375,-44.37255859375,-78.125,-2.4950764179229736,120.69851684570312,120.10658264160156
0.670166015625,0.541015625,-0.548828125,-82.82470703125,-40.8935546875,-84.228515625,-0.19156020879745486,117.80355072021484,120.35812377929688
0.578857421875,0.618408203125,-0.5517578125,-81.9091796875,-41.259765625,-88.31787109375,2.394481420516968,114.9662628173828,120.4959716796875
0.5244140625,0.62548828125,-0.5751953125,-86.24267578125,-43.64013671875,-82.51953125,4.834397792816162,112.07620239257812,120.2841796875
0.541015625,0.62109375,-0.580810546875,-88.43994140625,-42.6025390625,-68.7255859375,6.630833625793457,109.15972137451172,119.76153564453124
0.5361328125,0.65087890625,-0.565185546875,-80.50537109375,-36.31591796875,-61.03515625,7.992523670196532,106.57575988769531,119.25127410888672
0.45751953125,0.71630859375,-0.56591796875,-71.83837890625,-33.50830078125,-54.19921875,9.161499977111816,104.34969329833984,118.67178344726562
0.456298828125,0.76318359375,-0.561279296875,-73.8525390625,-32.53173828125,-46.9970703125,10.006891250610352,102.02680206298828,117.98255157470705
0.4345703125,0.757568359375,-0.505859375,-78.857421875,-31.005859375,-43.76220703125,10.660088539123537,99.47649383544922,117.24925994873048
0.448486328125,0.733154296875,-0.502197265625,-79.1015625,-29.9072265625,-40.95458984375,11.10487174987793,96.99754333496094,116.4832000732422
0.380126953125,0.75390625,-0.48095703125,-71.22802734375,-23.681640625,-39.85595703125,11.551118850708008,94.9079132080078,115.90000915527344
0.341552734375,0.814697265625,-0.469970703125,-64.208984375,-27.099609375,-41.32080078125,12.126172065734865,93.05620574951172,115.12525939941406
0.34765625,0.88525390625,-0.473388671875,-68.4814453125,-32.28759765625,-45.0439453125,12.834151268005373,90.97399139404295,114.09461212158205
0.391357421875,0.853271484375,-0.442626953125,-89.66064453125,-36.80419921875,-47.36328125,13.46206760406494,88.00251007080078,112.82292938232422
0.400390625,0.772705078125,-0.36083984375,-104.248046875,-32.470703125,-51.33056640625,14.061189651489258,84.44925689697266,111.62830352783205
0.35546875,0.69287109375,-0.316650390625,-109.68017578125,-31.005859375,-57.92236328125,14.838174819946287,80.74132537841797,110.36643981933594
0.421142578125,0.73583984375,-0.267578125,-106.3232421875,-33.8134765625,-69.76318359375,15.83020305633545,77.00045013427734,108.7554931640625
0.383544921875,0.803955078125,-0.2783203125,-103.6376953125,-30.8837890625,-74.76806640625,17.032777786254886,73.435302734375,107.08610534667969
0.328369140625,0.845703125,-0.2822265625,-107.11669921875,-29.35791015625,-71.96044921875,18.138383865356445,69.80390930175781,105.39539337158205
0.448486328125,0.75732421875,-0.231689453125,-111.6943359375,-13.97705078125,-59.38720703125,18.58292961120605,66.14688873291016,104.36774444580078
0.2822265625,0.723388671875,-0.186767578125,-99.853515625,4.45556640625,-47.4853515625,19.0888729095459,63.33393478393555,104.16908264160156
0.198974609375,0.780029296875,-0.113525390625,-77.880859375,7.8125,-38.818359375,19.494136810302734,61.40357971191406,104.16461181640624
0.17529296875,0.889892578125,-0.13671875,-50.78125,3.41796875,-35.46142578125,19.795928955078125,60.60508728027344,104.05604553222656
0.18017578125,0.9716796875,-0.17041015625,-46.875,3.41796875,-37.04833984375,20.17820167541504,60.01066207885742,103.92474365234376
0.191650390625,0.904052734375,-0.1474609375,-54.8095703125,7.99560546875,-33.935546875,20.475919723510746,59.16719055175781,104.0202407836914
0.1376953125,0.884033203125,-0.1015625,-47.119140625,13.916015625,-29.9072265625,20.83160972595215,58.68477249145508,104.39173889160156
0.08984375,0.87060546875,-0.08056640625,-35.46142578125,8.97216796875,-28.62548828125,21.126684188842773,58.59378051757813,104.60246276855469
0.112060546875,0.90087890625,-0.07421875,-27.099609375,4.39453125,-26.06201171875,21.18368911743164,58.777732849121094,104.70100402832031
0.1328125,0.8310546875,-0.065673828125,-13.7939453125,7.4462890625,-15.7470703125,20.876998901367188,59.594200134277344,105.1343002319336
0.09619140625,0.79443359375,-0.07470703125,0.9765625,15.5029296875,-5.126953125,20.442922592163086,61.19392395019531,106.094970703125
0.04736328125,0.817138671875,-0.0673828125,14.95361328125,15.31982421875,-1.3427734375,19.978567123413086,63.301353454589844,107.09972381591795
-0.16162109375,1.981201171875,-0.35888671875,37.65869140625,5.79833984375,-94.29931640625,23.011157989501953,65.69662475585939,106.08265686035156
0.200439453125,0.626220703125,0.0498046875,-73.6083984375,-6.2255859375,-33.0810546875,22.668514251708984,63.219200134277344,105.56925964355469
0.0546875,0.96484375,-0.010498046875,-36.7431640625,3.11279296875,-39.24560546875,23.223175048828125,62.62089538574219,105.36139678955078
0.07861328125,0.96484375,-0.07958984375,-38.57421875,5.55419921875,-40.71044921875,23.837831497192386,62.1413688659668,105.28141784667969
0.083984375,1.001953125,-0.065673828125,-41.748046875,4.94384765625,-42.1142578125,24.458221435546875,61.48884582519531,105.1392822265625
0.046630859375,1.06884765625,-0.08349609375,-44.0673828125,6.53076171875,-42.41943359375,25.18537330627441,60.81216430664063,105.06682586669922
-0.07275390625,1.08935546875,-0.025146484375,-56.0302734375,9.033203125,-32.8369140625,25.805723190307614,59.68335342407226,105.24857330322266
-0.167236328125,0.837158203125,0.154052734375,-40.22216796875,12.39013671875,-5.55419921875,25.72468185424805,59.0606918334961,105.96649932861328
-0.2412109375,0.866943359375,0.14501953125,-15.5029296875,4.33349609375,6.40869140625,25.24195671081543,59.45096969604492,106.65876770019531
-0.202880859375,1.00390625,0.040283203125,1.64794921875,-12.5732421875,19.83642578125,23.8674259185791,60.644813537597656,107.10084533691406
0.1533203125,1.075927734375,-0.103515625,-0.6103515625,-4.2724609375,22.39990234375,21.95162773132324,62.12171173095703,107.95441436767578
