-0.2275390625,1.42724609375,-0.0126953125,-15.68603515625,50.1708984375,-39.306640625,-0.572747528553009,84.98324584960938,-78.8255844116211
0.023681640625,1.22119140625,-0.1220703125,-15.0146484375,62.3779296875,4.21142578125,-0.5476864576339722,84.76737213134766,-76.3294906616211
0.012451171875,1.20751953125,-0.059326171875,-23.5595703125,74.462890625,8.056640625,-0.5912750363349915,84.09923553466797,-73.33735656738281
0.041259765625,1.191162109375,-0.1240234375,-38.75732421875,84.04541015625,-3.35693359375,-0.14777228236198425,82.98069763183594,-70.01530456542969
-0.053466796875,1.179443359375,-0.115966796875,-58.89892578125,92.28515625,-32.40966796875,1.7355896234512331,81.15741729736328,-66.53708648681639
-0.24755859375,0.992919921875,-0.09130859375,-63.04931640625,92.28515625,-38.39111328125,4.337507247924806,79.34132385253906,-63.14287567138672
-0.30419921875,0.865234375,-0.026123046875,-52.734375,74.0966796875,-51.08642578125,7.499441623687744,77.94245910644531,-60.59407806396485
-0.270263671875,0.824951171875,-0.009521484375,-30.57861328125,43.3349609375,-46.7529296875,10.10966682434082,77.3886489868164,-59.21977615356445
-0.129150390625,0.9296875,0.032470703125,-20.3857421875,31.3720703125,-28.80859375,11.419374465942385,77.16718292236328,-58.15484619140625
-0.21142578125,0.928466796875,0.027587890625,-14.95361328125,28.1982421875,-20.99609375,12.543481826782227,77.18732452392578,-57.13328170776367
-0.13427734375,0.9755859375,0.054443359375,-8.7890625,20.32470703125,-19.04296875,13.277894973754885,77.35125732421875,-56.40723419189453
-0.214599609375,0.982666015625,0.066650390625,-12.6953125,22.705078125,-25.69580078125,14.4375581741333,77.34149169921875,-55.64489364624024
-0.321044921875,0.926513671875,0.079833984375,-10.1318359375,15.19775390625,-25.57373046875,15.748209953308105,77.32086181640625,-55.18818664550781
-0.556884765625,1.102783203125,0.029296875,0.67138671875,8.1787109375,-10.43701171875,16.665557861328125,77.80979919433594,-54.839073181152344
-0.3623046875,1.162109375,0.171142578125,-10.80322265625,0.8544921875,37.53662109375,15.227387428283693,77.61399841308594,-54.43836975097656
-0.336669921875,1.035400390625,-0.08837890625,-38.87939453125,18.798828125,65.00244140625,12.991585731506348,77.03762817382812,-52.93191146850586
-0.185302734375,0.962158203125,0.047607421875,-57.92236328125,30.517578125,90.8203125,9.6810884475708,75.52022552490234,-50.76740646362305
-0.292236328125,0.7529296875,0.1181640625,-50.59814453125,13.97705078125,91.61376953125,6.746493339538574,73.90861511230469,-49.23350524902344
-0.10107421875,0.82080078125,0.12646484375,-12.5732421875,-13.427734375,-1.03759765625,-4.2098164558410645,72.10957336425781,-51.60541534423828
0.130615234375,0.778564453125,0.124755859375,9.8876953125,-19.71435546875,-8.85009765625,-4.313370704650879,72.89828491210938,-52.49104690551758
0.12255859375,1.02392578125,0.01953125,18.61572265625,-8.11767578125,-30.21240234375,-3.3520584106445312,74.2970962524414,-53.1888542175293
-0.017333984375,1.06494140625,-0.02099609375,-37.841796875,16.17431640625,-38.02490234375,6.482453346252441,77.30941009521484,-52.60591506958008
0.32470703125,1.348388671875,-0.006103515625,-46.32568359375,46.38671875,-59.9365234375,8.455765724182129,76.11080932617188,-51.265602111816406
0.035888671875,0.93017578125,0.03271484375,-66.40625,82.58056640625,-53.3447265625,10.926712036132812,74.37284088134766,-48.49229431152344
-0.184326171875,0.832275390625,0.030517578125,-47.66845703125,83.43505859375,-33.38623046875,13.185266494750975,73.59284973144531,-45.48461532592773
-0.10009765625,0.822021484375,0.0009765625,-15.7470703125,70.98388671875,7.14111328125,13.455947875976562,74.26861572265625,-42.45208358764648
0.13134765625,0.880126953125,0.02197265625,2.44140625,70.86181640625,20.263671875,12.563055038452148,75.60462188720703,-39.30418395996094
-0.557373046875,0.93115234375,-0.03857421875,-18.9208984375,145.8740234375,-5.92041015625,18.008745193481445,82.31239318847656,-16.716201782226562
-0.63037109375,0.854736328125,0.024658203125,-47.79052734375,132.6904296875,16.41845703125,18.763694763183594,82.3735122680664,-11.026494026184082
-0.18310546875,1.069091796875,-0.0126953125,-54.6875,106.50634765625,9.6435546875,18.593318939208984,81.96430969238281,-6.4079933166503915
-0.346923828125,0.909423828125,0.136474609375,-45.71533203125,94.78759765625,24.0478515625,18.25714874267578,81.40131378173828,-2.321080684661865
-0.30712890625,1.126708984375,-0.0478515625,-40.22216796875,45.166015625,17.9443359375,17.71209716796875,80.83797454833984,-0.19391536712646484
-0.3046875,1.023193359375,-0.005126953125,-53.955078125,23.86474609375,23.193359375,16.923454284667972,79.38567352294922,1.0661754608154297
-0.24267578125,0.9853515625,0.054443359375,-55.0537109375,11.41357421875,34.5458984375,15.54279899597168,77.67990112304688,1.8988800048828125
-0.0234375,0.882568359375,0.111328125,-41.015625,11.90185546875,26.42822265625,14.069450378417967,76.42374420166016,2.6812448501586914
-0.0087890625,0.899169921875,0.115234375,-21.30126953125,43.15185546875,11.29150390625,13.501852035522461,76.2531509399414,4.579615592956543
-0.10888671875,1.0517578125,0.06982421875,-30.3955078125,43.9453125,15.56396484375,13.020356178283693,75.86477661132812,6.578849792480469
0.411865234375,0.888916015625,0.107666015625,-45.34912109375,38.818359375,19.71435546875,11.261768341064453,74.67679595947266,8.395153045654299
0.052734375,0.790771484375,0.173828125,-32.40966796875,52.490234375,-2.197265625,11.317974090576172,73.8858413696289,10.460351943969727
0.03515625,0.817626953125,0.153564453125,-14.6484375,56.884765625,-13.7939453125,11.928836822509766,73.92678833007812,12.582473754882812
-0.022705078125,0.944580078125,0.214599609375,1.8310546875,66.46728515625,-17.578125,12.894481658935547,74.6402359008789,15.035890579223633
-0.18115234375,0.97509765625,0.20947265625,-6.89697265625,67.32177734375,-13.73291015625,14.011014938354492,75.06832122802734,17.590879440307614
-0.019775390625,0.98046875,0.139892578125,-17.7001953125,50.1708984375,-13.7939453125,14.54697322845459,75.08329010009766,19.514720916748047
-0.084716796875,0.844482421875,0.209716796875,-6.40869140625,51.08642578125,2.197265625,14.617342948913574,75.3726806640625,21.587669372558594
0.0205078125,0.86474609375,0.215576171875,2.99072265625,47.79052734375,3.72314453125,14.311685562133787,75.990966796875,23.54119110107422
-0.20166015625,0.967529296875,0.107666015625,5.37109375,47.42431640625,16.78466796875,13.994110107421875,77.00265502929688,25.676311492919922
-0.1904296875,1.044677734375,0.14208984375,-7.4462890625,23.49853515625,65.185546875,11.516108512878418,77.24008178710938,27.250965118408203
-0.16845703125,1.084228515625,0.114501953125,-17.578125,18.1884765625,55.84716796875,9.39641571044922,77.01432800292969,28.522663116455078
-0.3173828125,0.739501953125,0.28466796875,-32.958984375,13.18359375,30.1513671875,8.841548919677734,75.50933074951172,29.268123626708984
-0.4130859375,0.633056640625,0.307373046875,-8.056640625,49.86572265625,42.96875,8.519662857055664,75.142333984375,31.58818817138672
0.11376953125,1.060546875,0.19921875,16.17431640625,57.80029296875,74.03564453125,5.646711349487305,76.3114013671875,34.591381072998054
0.024169921875,1.2607421875,-0.072998046875,-15.0146484375,75.5615234375,41.56494140625,4.470440864562988,76.6604995727539,37.992286682128906
0.05126953125,1.03076171875,0.186767578125,-76.72119140625,59.5703125,-2.9296875,4.891339302062988,73.88957977294922,40.2923698425293
-0.146240234375,0.940673828125,0.234375,-86.85302734375,54.99267578125,-14.58740234375,6.250905513763428,70.6758041381836,42.22345352172852
-0.223876953125,0.72900390625,0.283203125,-80.26123046875,30.6396484375,-5.615234375,7.2740302085876465,67.50772857666016,43.27574920654297
-0.0400390625,0.74267578125,0.310791015625,-48.40087890625,7.50732421875,12.8173828125,6.746380805969237,65.61110687255861,43.758243560791016
-0.122314453125,0.732177734375,0.40576171875,-32.2265625,4.8828125,18.49365234375,6.2213335037231445,64.18380737304689,44.226112365722656
-0.001953125,0.80859375,0.353759765625,-5.31005859375,-6.40869140625,28.1982421875,4.855471611022949,64.07054901123047,44.4943962097168
-0.0009765625,0.8828125,0.347900390625,13.97705078125,-5.4931640625,12.63427734375,4.116164684295653,64.79241943359375,44.52584838867188
-0.04638671875,0.9404296875,0.362548828125,26.3671875,-10.19287109375,0.42724609375,3.873359203338623,65.96999359130861,44.17126846313477
-0.01220703125,0.891357421875,0.3232421875,31.79931640625,-11.16943359375,-2.8076171875,3.676415920257568,67.35895538330078,43.72434616088867
-0.012451171875,0.9609375,0.217041015625,40.58837890625,-12.0849609375,-6.103515625,3.6105706691741934,69.32400512695311,43.206878662109375
-0.063232421875,0.99560546875,0.201416015625,40.71044921875,-13.36669921875,-12.75634765625,3.9105334281921382,71.2572021484375,42.55328750610352
-0.0556640625,1.072509765625,0.146484375,35.58349609375,-17.02880859375,-16.9677734375,4.3121962547302255,73.036865234375,41.72450256347656
-0.053466796875,1.0888671875,0.121337890625,22.88818359375,-19.59228515625,-18.4326171875,4.742146015167236,74.28105163574219,40.79391479492188
0.118896484375,1.073486328125,0.074951171875,16.78466796875,-18.1884765625,-18.9208984375,4.849764347076416,75.32356262207031,39.92671585083008
-0.0869140625,0.960205078125,0.20361328125,16.4794921875,-11.41357421875,-17.39501953125,5.418688774108887,76.01927185058594,39.31944274902344
0.056884765625,1.043212890625,0.1357421875,20.93505859375,-7.080078125,-23.37646484375,5.9243903160095215,77.05345916748047,38.84817123413086
0.0126953125,1.045654296875,0.114990234375,7.87353515625,4.638671875,-23.4375,6.614962100982666,77.61686706542969,38.852352142333984
-0.028076171875,1.05224609375,0.095458984375,9.521484375,10.92529296875,-22.0947265625,7.365177631378174,78.30001068115234,39.131431579589844
-0.004638671875,1.10107421875,0.097412109375,13.916015625,18.98193359375,-13.427734375,7.7539801597595215,79.19231414794922,39.81024169921875
0.053955078125,1.095703125,0.098388671875,13.7939453125,21.6064453125,-3.90625,7.642458438873291,80.0671615600586,40.667724609375
-0.161376953125,1.0556640625,0.208984375,15.869140625,19.83642578125,2.5634765625,7.704928874969482,80.74401092529297,41.465858459472656
-0.14111328125,1.193115234375,0.193115234375,19.6533203125,17.15087890625,13.671875,7.226006507873535,81.61689758300781,42.23074340820313
-0.01318359375,1.21875,0.113525390625,15.5029296875,20.5078125,13.427734375,6.543894767761231,82.45117950439453,43.13507843017578
0.03076171875,1.181396484375,-0.023193359375,6.16455078125,28.1982421875,9.58251953125,5.985674381256104,83.15666198730469,44.3452377319336
-0.047607421875,1.207275390625,-0.10546875,-15.31982421875,35.82763671875,4.2724609375,5.837913990020753,83.14864349365234,45.844276428222656
-0.031005859375,1.25634765625,-0.118896484375,-35.58349609375,29.6630859375,1.953125,5.735374450683594,82.31777954101562,47.087364196777344
-0.0625,1.107666015625,0.0009765625,-61.82861328125,22.8271484375,1.46484375,5.7147979736328125,80.22676086425781,48.03456115722656
-0.080322265625,0.966796875,0.12060546875,-71.77734375,16.11328125,17.51708984375,5.111027717590332,77.52172088623047,48.81366729736328
-0.0205078125,0.895263671875,0.07275390625,-60.4248046875,9.58251953125,22.88818359375,4.1620259284973145,75.4515380859375,49.42922592163086
-0.005859375,0.889892578125,-0.047119140625,5.126953125,14.95361328125,22.64404296875,-0.3848259150981903,75.71328735351562,51.72636032104492
-0.008544921875,0.92529296875,-0.087158203125,11.16943359375,13.97705078125,14.70947265625,-0.7894753217697144,76.90599822998047,52.40251541137695
0.01416015625,0.9091796875,-0.05078125,11.41357421875,13.3056640625,13.5498046875,-1.2085041999816897,77.97634887695312,53.02986145019531
0.036376953125,0.95703125,-0.038330078125,-5.37109375,-38.0859375,14.2822265625,-9.243454933166504,86.48018646240234,47.88524627685547
0.052734375,0.980712890625,-0.018798828125,-14.34326171875,-43.8232421875,7.6904296875,-9.408317565917967,86.36195373535156,46.10181045532226
0.07470703125,0.99755859375,-0.04345703125,-24.10888671875,-46.69189453125,0.42724609375,-9.341597557067873,85.93705749511719,44.174564361572266
0.0751953125,0.95849609375,-0.009521484375,-30.57861328125,-49.49951171875,-5.859375,-9.061833381652832,85.20864868164062,42.12718963623047
0.086669921875,0.92138671875,0.020751953125,-41.32080078125,-54.99267578125,1.03759765625,-9.154117584228516,84.03324127197266,39.89079284667969
0.10107421875,0.97216796875,0.029541015625,-44.49462890625,-59.4482421875,-1.5869140625,-9.227216720581056,82.792724609375,37.46375274658203
0.087646484375,0.907958984375,0.067138671875,-45.2880859375,-62.68310546875,-12.39013671875,-8.922162055969238,81.49518585205078,34.861949920654304
0.13623046875,0.852783203125,0.0458984375,-44.98291015625,-68.115234375,-14.34326171875,-8.783017158508299,80.33129119873047,32.01742172241211
0.154052734375,0.80126953125,0.04150390625,-37.29248046875,-66.5283203125,-9.21630859375,-8.960147857666016,79.50965118408203,29.26313781738281
0.146240234375,0.84912109375,0.00634765625,-25.08544921875,-65.61279296875,-7.080078125,-9.190585136413574,79.31072235107422,26.53791809082031
0.0966796875,0.85595703125,-0.02685546875,-17.9443359375,-65.73486328125,-11.962890625,-9.092203140258787,79.50564575195312,23.7539176940918
0.07080078125,0.8720703125,-0.0244140625,-20.20263671875,-68.2373046875,-16.54052734375,-8.757172584533691,79.60674285888672,20.841724395751953
0.067138671875,0.85302734375,-0.00048828125,-23.62060546875,-72.509765625,-17.63916015625,-8.414895057678223,79.51448822021484,17.766878128051758
0.083740234375,0.7705078125,0.03564453125,-19.1650390625,-75.439453125,-13.85498046875,-8.322931289672853,79.49790954589844,14.6224365234375
0.08984375,0.75390625,0.034423828125,-8.056640625,-76.0498046875,-12.3291015625,-8.311093330383299,79.92610168457031,11.465503692626953
0.016845703125,0.771484375,0.0361328125,20.56884765625,-96.435546875,12.63427734375,-8.82866382598877,84.68783569335938,-13.802484512329102
-0.009033203125,0.9921875,-0.131103515625,40.46630859375,-82.45849609375,6.7138671875,-8.950281143188477,87.31548309326172,-17.183734893798828
-0.061279296875,1.11376953125,-0.0986328125,22.0947265625,-78.06396484375,7.8125,-8.87613296508789,88.98345947265625,-20.37405776977539
-0.0810546875,1.03564453125,-0.057861328125,11.29150390625,-73.8525390625,16.17431640625,-9.009840965270996,90.05409240722656,-23.381383895874023
-0.11376953125,1.0078125,-0.00341796875,22.39990234375,-72.265625,26.06201171875,-9.394978523254396,91.41155242919922,-26.31919288635254
-0.04052734375,0.901123046875,0.014892578125,32.470703125,-69.580078125,38.87939453125,-10.35209846496582,93.09512329101562,-29.18497657775879
0.049560546875,0.882568359375,-0.02880859375,53.955078125,-60.36376953125,66.2841796875,-12.508219718933105,95.71674346923828,-31.839038848876953
0.17041015625,1.0048828125,-0.111328125,70.1904296875,-43.0908203125,65.00244140625,-14.730952262878418,99.02975463867188,-33.947479248046875
0.194091796875,1.114013671875,-0.1943359375,58.837890625,-33.26416015625,54.0771484375,-16.403755187988278,101.8784637451172,-35.720176696777344
0.25244140625,1.20263671875,-0.31689453125,37.841796875,-28.13720703125,26.91650390625,-16.997735977172848,103.8971176147461,-37.14520263671875
0.17626953125,1.111328125,-0.320068359375,3.11279296875,-14.83154296875,-12.02392578125,-16.056520462036133,104.23194885253906,-37.64308166503906
0.085693359375,1.064208984375,-0.214599609375,2.99072265625,-4.21142578125,-30.33447265625,-14.3873291015625,104.18292999267578,-37.46440124511719
-0.014892578125,1.119873046875,-0.156982421875,11.65771484375,1.3427734375,-35.64453125,-12.43228244781494,104.28416442871094,-36.98008728027344
0.090576171875,0.420654296875,-0.05859375,38.0859375,15.19775390625,-44.0673828125,-10.87926959991455,105.32586669921876,-35.85699462890625
-0.254150390625,1.46630859375,-0.26513671875,95.0927734375,12.39013671875,-61.34033203125,-7.895047187805176,108.71398162841795,-34.58010482788086
-0.201416015625,1.254638671875,-0.18017578125,65.85693359375,8.4228515625,-6.4697265625,-7.111132621765138,110.8656234741211,-34.10204315185547
-0.0478515625,1.149658203125,-0.262451171875,57.92236328125,-6.2255859375,4.0283203125,-6.796592712402344,112.88517761230469,-34.348541259765625
0.035400390625,1.180908203125,-0.34228515625,49.25537109375,-1.8310546875,3.35693359375,-6.6870484352111825,114.5884017944336,-34.43477249145508
0.025146484375,1.16162109375,-0.368408203125,41.44287109375,4.33349609375,3.5400390625,-6.672272205352782,115.9425277709961,-34.302215576171875
-0.00634765625,1.1533203125,-0.33984375,34.3017578125,5.615234375,-2.3193359375,-6.416975498199463,116.89363098144531,-34.01088714599609
-0.075439453125,1.1591796875,-0.33642578125,13.916015625,-0.67138671875,-9.6435546875,-5.671643733978272,116.99484252929688,-33.80971527099609
-0.109375,1.237060546875,-0.23046875,-12.451171875,-14.95361328125,-5.67626953125,-4.790507316589356,115.87567901611328,-34.18455123901367
-0.03173828125,1.03271484375,-0.157958984375,-37.353515625,-32.2265625,4.5166015625,-4.15883207321167,113.7865219116211,-35.380287170410156
0.02880859375,0.965576171875,-0.260009765625,-44.98291015625,-33.38623046875,-2.99072265625,-3.4323515892028813,111.70314025878906,-36.54191207885742
-0.009765625,0.903564453125,-0.24609375,-41.07666015625,-32.40966796875,-22.52197265625,-1.9724897146224976,109.8283233642578,-37.418128967285156
-0.020263671875,1.216552734375,-0.35546875,-49.1943359375,-35.400390625,-26.3671875,-0.4054974615573883,107.72390747070312,-38.41168594360352
0.02783203125,1.1708984375,-0.342529296875,-78.61328125,-41.50390625,-24.2919921875,0.9519775509834291,104.4996109008789,-39.73015975952149
0.02880859375,1.001220703125,-0.140380859375,-91.36962890625,-42.236328125,-25.87890625,2.2253425121307373,100.5298309326172,-41.150821685791016
-0.005859375,0.84912109375,-0.002685546875,-50.23193359375,-34.72900390625,-4.82177734375,2.5710537433624268,98.03812408447266,-42.504844665527344
-0.075927734375,0.846923828125,-0.03662109375,-10.498046875,-32.3486328125,15.2587890625,2.246407985687256,97.3246078491211,-43.882904052734375
-0.08056640625,0.898681640625,-0.09228515625,10.80322265625,-31.92138671875,21.05712890625,1.6973927021026611,97.6359634399414,-45.26446914672852
-0.167724609375,1.04443359375,-0.249755859375,9.765625,-47.7294921875,20.01953125,1.4602038860321045,98.18511199951172,-47.26123428344727
-0.040771484375,1.03955078125,-0.260498046875,-11.23046875,-58.65478515625,11.29150390625,1.3782087564468384,97.8953094482422,-49.64288330078125
0.055908203125,1.02490234375,-0.216552734375,-26.611328125,-57.92236328125,7.9345703125,1.1941417455673218,96.92314910888672,-51.97600936889648
0.09619140625,0.895263671875,-0.0888671875,-28.62548828125,-52.30712890625,17.15087890625,0.4613991677761078,95.6815414428711,-54.12951278686523
0.05126953125,0.809326171875,-0.012451171875,-23.0712890625,-44.98291015625,13.3056640625,-0.06282033026218414,94.54623413085938,-55.9695930480957
-0.09521484375,0.953125,-0.0546875,-24.4140625,-44.677734375,3.41796875,0.1604391634464264,93.50257110595705,-57.76447677612305
-0.08447265625,1.00927734375,-0.175048828125,-37.59765625,-59.6923828125,-0.18310546875,0.4752093851566314,92.2210464477539,-60.14990615844727
0.01025390625,0.95703125,-0.17822265625,-43.3349609375,-60.4248046875,-6.28662109375,0.7542312145233154,90.77670288085938,-62.55470657348633
-0.10302734375,1.0322265625,-0.036865234375,1.64794921875,-42.236328125,-22.4609375,2.394944190979004,88.90585327148438,-69.632080078125
-0.14453125,1.088134765625,0.018310546875,-10.31494140625,-53.22265625,-31.43310546875,3.80911922454834,88.36556243896484,-71.79106140136719
-0.12255859375,2.049072265625,0.329345703125,-60.4248046875,-56.7626953125,27.34375,2.5909132957458496,85.51254272460938,-74.02687072753906
0.0263671875,1.018310546875,0.10693359375,-7.8125,-47.42431640625,30.33447265625,1.0750304460525513,85.06736755371094,-75.82525634765625
-0.021240234375,1.01708984375,-0.099365234375,3.173828125,-44.189453125,30.45654296875,-0.26788330078125,85.58344268798828,-77.4844741821289
0.051513671875,1.0888671875,-0.160400390625,-6.2255859375,-45.59326171875,25.69580078125,-1.5151710510253906,85.85174560546875,-79.23245239257812
0.0947265625,1.009765625,-0.15966796875,-27.587890625,-44.12841796875,3.11279296875,-1.9199068546295168,85.30257415771484,-80.99628448486328
0.105224609375,1.108642578125,-0.06396484375,-88.92822265625,-49.9267578125,-47.05810546875,-0.4063910245895386,82.09300994873047,-83.18718719482422
-0.03369140625,0.066162109375,0.03173828125,2.74658203125,-16.4794921875,4.08935546875,0.3027952313423157,81.5601806640625,-83.82039642333984
-0.0224609375,0.998291015625,-0.10888671875,-8.1787109375,-21.240234375,3.84521484375,0.07040730118751526,81.79243469238281,-84.63676452636719
-0.12890625,1.090576171875,0.034423828125,-6.40869140625,-21.484375,3.96728515625,0.05839472264051436,81.77277374267578,-85.46619415283203
-0.314697265625,1.518310546875,-0.113037109375,-4.08935546875,-50.96435546875,5.859375,0.005950580816715957,82.07584381103516,-87.45298767089844
-0.154541015625,0.082763671875,0.420654296875,-5.67626953125,-83.6181640625,9.82666015625,-0.12326891720294952,79.81877136230469,-90.71379089355469
-0.0166015625,0.723876953125,-0.04736328125,-6.65283203125,-75.5615234375,9.1552734375,-0.9409918785095216,80.11380004882812,-93.62976837158205
0.03466796875,1.103271484375,0.135986328125,-5.7373046875,-15.44189453125,3.23486328125,-1.20584237575531,79.99413299560547,-94.21817016601562
0.012939453125,1.23681640625,-0.01708984375,-6.9580078125,2.74658203125,1.708984375,-1.2310218811035156,80.12532806396484,-94.10704803466795
0.083740234375,0.942626953125,0.24609375,-6.8359375,9.6435546875,0.42724609375,-1.3273439407348633,79.64012145996094,-93.7185516357422
0.008056640625,1.15966796875,-0.552001953125,-6.28662109375,17.7001953125,-0.3662109375,-1.1658021211624146,80.69441986083984,-93.05342864990234
-0.020263671875,0.61279296875,-0.0302734375,-7.9345703125,24.0478515625,-1.40380859375,-0.8393875360488892,80.82454681396484,-92.1219482421875
-0.109130859375,0.952392578125,-0.30419921875,-8.97216796875,24.35302734375,-1.15966796875,-0.3712114989757538,81.46661376953125,-91.18016815185548
-0.12548828125,0.9541015625,-0.091796875,-8.60595703125,10.55908203125,0.732421875,-0.030654042959213257,81.65391540527344,-90.76197052001952
-0.05859375,1.01318359375,-0.074462890625,-7.75146484375,-4.08935546875,2.3193359375,-0.022563552483916283,82.08171081542969,-91.38692474365234
-0.056884765625,1.01416015625,-0.058349609375,-6.89697265625,-4.21142578125,2.25830078125,-0.0061706467531621465,82.23356628417969,-91.54228973388672
-0.057861328125,1.00048828125,-0.05859375,-7.26318359375,-4.33349609375,1.953125,0.025254150852561,82.36680603027344,-91.70426940917969
-0.05126953125,0.975341796875,-0.046142578125,-7.01904296875,-4.0283203125,1.953125,0.04551680013537407,82.47947692871094,-91.85413360595705
-0.055908203125,0.999755859375,-0.070556640625,-6.103515625,-3.60107421875,1.708984375,0.08463084697723389,82.67613220214844,-91.98828125
-0.033203125,0.956787109375,-0.0556640625,-6.8359375,-4.150390625,1.52587890625,0.07928578555583954,82.80868530273438,-92.14509582519531
-0.049072265625,0.96533203125,-0.0537109375,-8.11767578125,-4.33349609375,2.3193359375,0.07860308885574341,82.87864685058594,-92.30567169189452
-0.057861328125,0.958740234375,-0.046142578125,-7.2021484375,-4.69970703125,2.50244140625,0.09074753522872923,82.9655532836914,-92.48013305664062
-0.048583984375,0.998291015625,-0.0517578125,-7.26318359375,-4.0283203125,2.25830078125,0.08907248079776764,83.05513000488281,-92.62911224365234
-0.07177734375,1.035400390625,-0.069580078125,-7.080078125,-4.21142578125,1.8310546875,0.15049080550670624,83.1827392578125,-92.78759765625
-0.034912109375,1.013427734375,-0.0625,-7.568359375,-4.39453125,1.953125,0.12528403103351593,83.27387237548828,-92.9524154663086
-0.03271484375,0.972412109375,-0.04052734375,-7.50732421875,-4.7607421875,2.01416015625,0.09537921845912932,83.31886291503906,-93.1319351196289
-0.067138671875,0.9873046875,-0.04736328125,-7.8125,-4.94384765625,2.0751953125,0.14119181036949158,83.3633804321289,-93.31893157958984
-0.0517578125,1.0068359375,-0.046142578125,-7.4462890625,-3.662109375,1.5869140625,0.17301222681999207,83.4164810180664,-93.45686340332031
-0.03271484375,1.0068359375,-0.06884765625,-7.26318359375,-3.84521484375,1.77001953125,0.15282216668128967,83.52557373046875,-93.60086822509766
-0.0546875,0.976318359375,-0.05078125,-6.7138671875,-4.08935546875,1.64794921875,0.19068492949008944,83.61515045166016,-93.7556610107422
-0.046630859375,0.986083984375,-0.049072265625,-7.50732421875,-4.21142578125,1.89208984375,0.19734306633472445,83.66453552246094,-93.91413879394531
-0.064453125,0.97900390625,-0.05517578125,-6.4697265625,-3.90625,1.64794921875,0.2567669749259949,83.767822265625,-94.06160736083984
-0.0595703125,0.9921875,-0.071044921875,-7.01904296875,-4.08935546875,1.8310546875,0.2929324209690094,83.8791275024414,-94.21519470214844
-0.046875,0.984130859375,-0.050537109375,-6.77490234375,-3.90625,1.46484375,0.3152912557125092,83.95074462890625,-94.36310577392578
-0.04931640625,0.9951171875,-0.052734375,-6.8359375,-3.96728515625,1.64794921875,0.3337954580783844,84.02068328857422,-94.5126724243164
-0.053466796875,0.992431640625,-0.05224609375,-6.8359375,-4.0283203125,2.25830078125,0.3370582163333893,84.08698272705078,-94.6622543334961
-0.052490234375,0.9853515625,-0.046875,-7.2021484375,-4.5166015625,2.13623046875,0.34188926219940186,84.1245346069336,-94.83193969726562
-0.058837890625,0.990234375,-0.06494140625,-7.62939453125,-4.08935546875,2.25830078125,0.3572984933853149,84.18385314941406,-94.98397827148438
-0.052490234375,0.979736328125,-0.064453125,-7.99560546875,-4.638671875,2.5634765625,0.3448082208633423,84.22664642333984,-95.15668487548828
-0.037353515625,0.980712890625,-0.059326171875,-7.01904296875,-4.08935546875,1.953125,0.3243211507797241,84.29537963867188,-95.31002044677734
-0.05908203125,0.978271484375,-0.04541015625,-7.568359375,-4.33349609375,2.3193359375,0.3397650718688965,84.30744171142578,-95.47227478027344
-0.0693359375,0.974365234375,-0.04833984375,-6.53076171875,-3.35693359375,1.3427734375,0.4214343726634979,84.3675537109375,-95.59933471679688
-0.06005859375,0.982177734375,-0.046875,-7.8125,-4.0283203125,2.25830078125,0.4385204017162323,84.36974334716797,-95.749267578125
-0.044677734375,0.984375,-0.060546875,-7.568359375,-4.21142578125,2.44140625,0.4113677144050598,84.41278839111328,-95.90534210205078
-0.0517578125,1.003173828125,-0.0791015625,-6.53076171875,-3.72314453125,1.89208984375,0.4230881035327912,84.53458404541016,-96.0440673828125
-0.0546875,0.98974609375,-0.06396484375,-7.080078125,-3.96728515625,2.01416015625,0.43714889883995056,84.5975341796875,-96.19247436523438
-0.058837890625,0.990234375,-0.05712890625,-6.7138671875,-3.90625,1.708984375,0.4725891649723053,84.656982421875,-96.33972930908205
-0.04833984375,0.988525390625,-0.048583984375,-7.38525390625,-4.33349609375,2.5634765625,0.44754210114479065,84.6681137084961,-96.50093841552734
-0.046630859375,0.98388671875,-0.055419921875,-6.8359375,-3.5400390625,1.953125,0.447187602519989,84.71719360351562,-96.63274383544922
-0.06201171875,0.991455078125,-0.071044921875,-7.568359375,-3.96728515625,2.197265625,0.4698920547962189,84.76897430419922,-96.7806396484375
-0.052978515625,0.978271484375,-0.0498046875,-7.6904296875,-4.2724609375,1.89208984375,0.4839924871921539,84.7673110961914,-96.94205474853516
-0.057861328125,0.972412109375,-0.0498046875,-7.32421875,-3.96728515625,2.44140625,0.4888854622840881,84.78105163574219,-97.08934020996094
-0.052001953125,0.985107421875,-0.05126953125,-6.89697265625,-3.90625,2.3193359375,0.4835347533226013,84.8133316040039,-97.23456573486328
