0.064208984375,0.97802734375,0.055908203125,-8.72802734375,-4.638671875,2.50244140625,-6.618558883666992,77.89375305175781,157.0537109375
0.059326171875,0.99560546875,0.05712890625,-8.6669921875,-4.94384765625,2.13623046875,-6.6171326637268075,77.9037094116211,156.83737182617188
0.052490234375,0.998291015625,0.066162109375,-8.1787109375,-4.638671875,1.953125,-6.589850902557372,77.91162109375,156.63380432128906
0.066162109375,0.9873046875,0.05859375,-9.033203125,-5.31005859375,1.77001953125,-6.594890594482423,77.90355682373047,156.40077209472656
0.06396484375,0.980224609375,0.069580078125,-8.056640625,-5.06591796875,1.5869140625,-6.58608865737915,77.90771484375,156.17881774902344
0.0703125,0.99560546875,0.048828125,-8.544921875,-4.638671875,2.25830078125,-6.613382339477539,77.93895721435547,155.97366333007812
0.057373046875,0.9814453125,0.085205078125,-8.4228515625,-4.82177734375,2.25830078125,-6.635955810546875,77.96129608154297,155.7627410888672
0.062255859375,0.98876953125,0.062255859375,-8.30078125,-4.57763671875,2.50244140625,-6.652235984802246,77.96863555908203,155.5653839111328
0.0537109375,0.98291015625,0.063720703125,-8.85009765625,-4.39453125,1.708984375,-6.616602420806885,77.94960021972656,155.3690185546875
0.060546875,0.986572265625,0.05126953125,-8.11767578125,-4.82177734375,1.8310546875,-6.60635232925415,77.99121856689453,155.15370178222656
0.05078125,0.99462890625,0.06982421875,-8.72802734375,-4.5166015625,1.708984375,-6.565128803253174,77.96448516845703,154.9542236328125
0.064697265625,0.992431640625,0.0595703125,-8.9111328125,-5.18798828125,2.44140625,-6.591984748840332,77.95647430419922,154.7320098876953
0.064697265625,0.994873046875,0.05029296875,-8.7890625,-4.57763671875,2.0751953125,-6.5985755920410165,77.97268676757812,154.52816772460938
0.070556640625,0.985595703125,0.052978515625,-8.23974609375,-4.7607421875,2.25830078125,-6.6280927658081055,78.0035629272461,154.31951904296875
0.06396484375,0.99072265625,0.056396484375,-8.544921875,-4.82177734375,2.50244140625,-6.650413513183594,78.01417541503906,154.11111450195312
0.078125,0.973876953125,0.060302734375,-8.36181640625,-4.94384765625,2.01416015625,-6.660842418670653,78.04100036621094,153.892822265625
0.0673828125,0.986572265625,0.060302734375,-8.23974609375,-4.45556640625,1.89208984375,-6.663168907165527,78.0517807006836,153.6948699951172
0.066650390625,0.97705078125,0.058837890625,-8.544921875,-5.37109375,2.0751953125,-6.6798095703125,78.0560302734375,153.46209716796875
0.05419921875,0.98095703125,0.059326171875,-8.4228515625,-4.82177734375,1.708984375,-6.64778470993042,78.0625,153.24781799316406
0.063232421875,0.9873046875,0.072509765625,-7.9345703125,-4.5166015625,1.5869140625,-6.629011154174805,78.05741882324219,153.04827880859375
0.07666015625,0.99560546875,0.062255859375,-8.056640625,-4.638671875,2.25830078125,-6.6678314208984375,78.07191467285156,152.84678649902344
0.062255859375,0.98046875,0.068603515625,-8.056640625,-4.57763671875,1.953125,-6.661938667297362,78.06945037841797,152.64683532714844
0.064208984375,0.9853515625,0.068359375,-7.8125,-4.2724609375,1.89208984375,-6.655195713043213,78.0767822265625,152.45831298828125
0.06591796875,0.982177734375,0.06298828125,-8.97216796875,-4.69970703125,2.3193359375,-6.67352819442749,78.05084228515625,152.255126953125
0.05859375,0.9931640625,0.064208984375,-7.99560546875,-5.126953125,2.0751953125,-6.678079128265381,78.07384490966797,152.03213500976562
0.05419921875,0.982666015625,0.060546875,-8.6669921875,-4.5166015625,2.0751953125,-6.657633304595947,78.06555938720703,151.833251953125
0.056640625,0.9736328125,0.065673828125,-9.3994140625,-4.94384765625,2.50244140625,-6.66478157043457,78.01657104492188,151.62269592285156
0.069580078125,0.9873046875,0.0625,-8.11767578125,-4.82177734375,2.3193359375,-6.691483020782472,78.02954864501953,151.414306640625
0.081298828125,0.992431640625,0.048583984375,-8.4228515625,-4.69970703125,1.77001953125,-6.721096992492676,78.06193542480469,151.20242309570312
0.059326171875,1.001220703125,0.07177734375,-8.544921875,-4.94384765625,2.44140625,-6.72554349899292,78.03803253173828,150.99209594726562
0.062744140625,0.997314453125,0.06396484375,-8.544921875,-3.96728515625,2.01416015625,-6.713875770568848,78.02789306640625,150.8147430419922
0.05908203125,0.985595703125,0.06298828125,-8.056640625,-4.7607421875,2.13623046875,-6.707203388214111,78.04174041748047,150.6070556640625
0.064453125,0.98779296875,0.06787109375,-8.36181640625,-4.82177734375,2.0751953125,-6.710634708404541,78.03223419189453,150.39785766601562
0.055908203125,0.984619140625,0.06103515625,-8.48388671875,-4.8828125,1.953125,-6.682553768157959,78.01004028320312,150.1861114501953
0.060302734375,0.9931640625,0.0625,-8.30078125,-4.82177734375,1.40380859375,-6.650893688201903,78.01785278320312,149.9698944091797
0.05810546875,0.986083984375,0.0673828125,-8.48388671875,-4.638671875,1.89208984375,-6.6337623596191415,78.0044937133789,149.7665252685547
0.06396484375,0.986328125,0.07568359375,-8.544921875,-4.45556640625,2.3193359375,-6.645541191101074,77.96887969970703,149.57620239257812
0.062744140625,0.980712890625,0.064208984375,-8.7890625,-4.82177734375,2.01416015625,-6.646580219268799,77.95232391357422,149.36581420898438
0.05859375,0.9873046875,0.06884765625,-8.6669921875,-4.82177734375,2.685546875,-6.663207054138184,77.93115234375,149.16200256347656
0.06494140625,0.989013671875,0.07080078125,-8.23974609375,-4.82177734375,1.953125,-6.664801597595215,77.92432403564453,148.95254516601562
0.064208984375,0.987548828125,0.05810546875,-8.60595703125,-4.8828125,2.13623046875,-6.6731204986572275,77.93203735351562,148.7388153076172
0.064453125,0.99169921875,0.055908203125,-8.36181640625,-4.94384765625,2.13623046875,-6.681613445281982,77.9550552368164,148.52195739746094
0.064697265625,0.983154296875,0.06787109375,-8.48388671875,-5.0048828125,2.25830078125,-6.696249961853027,77.94393157958984,148.3070831298828
0.0615234375,0.98876953125,0.06005859375,-8.72802734375,-4.5166015625,2.3193359375,-6.701028823852539,77.94000244140625,148.109619140625
0.053466796875,0.98388671875,0.0703125,-9.46044921875,-4.57763671875,2.38037109375,-6.690351486206055,77.88311767578125,147.9129638671875
0.0634765625,0.99267578125,0.06494140625,-8.4228515625,-4.7607421875,1.77001953125,-6.6798095703125,77.8847885131836,147.7024688720703
0.06005859375,0.983154296875,0.0546875,-8.72802734375,-4.94384765625,2.5634765625,-6.6961350440979,77.89644622802734,147.48878479003906
0.059814453125,0.97900390625,0.080810546875,-8.544921875,-5.92041015625,1.89208984375,-6.692506790161133,77.85938262939453,147.2380828857422
0.013671875,0.9892578125,0.155517578125,-7.568359375,-21.240234375,0.732421875,-6.662497043609619,77.76681518554688,146.39324951171875
0.067138671875,1.00390625,0.031494140625,-9.82666015625,-46.44775390625,0.91552734375,-6.971516132354736,77.990478515625,144.52349853515625
0.14013671875,0.986572265625,-0.026611328125,-11.65771484375,-39.00146484375,2.01416015625,-7.415475845336914,78.2334213256836,142.93710327148438
0.15771484375,0.99169921875,0.0068359375,-10.19287109375,-17.578125,2.50244140625,-7.6726460456848145,78.29977416992188,142.2124786376953
0.260498046875,0.956787109375,0.07666015625,-8.36181640625,14.404296875,4.5166015625,-8.03150749206543,78.14234161376953,142.7854461669922
0.11669921875,0.963134765625,0.0908203125,-4.69970703125,44.00634765625,3.47900390625,-7.7646708488464355,77.9529800415039,144.5196533203125
-0.00390625,1.0068359375,0.0400390625,-4.21142578125,49.072265625,3.23486328125,-7.1755900382995605,77.9036865234375,146.43165588378906
0.169921875,0.989990234375,0.0537109375,-5.7373046875,42.1142578125,3.96728515625,-7.08575439453125,77.80216217041016,148.0835723876953
0.2060546875,0.977783203125,0.06884765625,-4.8828125,42.236328125,3.90625,-7.0773539543151855,77.70132446289062,149.74441528320312
0.06005859375,0.98876953125,0.117919921875,-3.84521484375,43.88427734375,4.150390625,-6.726199626922607,77.53949737548828,151.48202514648438
-0.0244140625,0.998779296875,0.057373046875,-5.79833984375,37.65869140625,2.62451171875,-6.1900291442871085,77.48863220214844,152.94326782226562
-0.04296875,1.014892578125,0.021728515625,-5.18798828125,34.72900390625,3.173828125,-5.6824283599853525,77.57013702392578,154.28729248046875
-0.0322265625,0.991455078125,0.14111328125,-6.28662109375,25.5126953125,2.62451171875,-5.186759948730469,77.29914093017578,155.30133056640625
-0.08984375,0.999267578125,0.0751953125,-8.85009765625,-11.16943359375,1.89208984375,-4.951585292816162,77.3005599975586,154.8496856689453
-0.085205078125,0.989013671875,-0.015869140625,-10.55908203125,-35.21728515625,1.03759765625,-4.908492565155028,77.51822662353516,153.4319610595703
0.09375,0.981689453125,0.051513671875,-11.53564453125,-38.39111328125,0.9765625,-5.295026779174805,77.5504379272461,151.90298461914062
0.092529296875,1.0029296875,0.07373046875,-7.9345703125,-30.029296875,1.3427734375,-5.600120544433594,77.65615844726562,150.70614624023438
0.059326171875,0.98828125,0.05126953125,-4.39453125,-24.71923828125,1.0986328125,-5.763972282409668,77.93310546875,149.7083740234375
0.058837890625,1.004638671875,0.06103515625,-8.4228515625,-20.99609375,1.46484375,-5.898495674133301,78.0057373046875,148.8610076904297
-0.05322265625,0.997314453125,0.082763671875,-10.25390625,-23.62060546875,1.220703125,-5.786877155303955,77.96330261230469,147.91189575195312
-0.083740234375,0.962158203125,0.16455078125,-5.126953125,-33.203125,-3.47900390625,-5.500792980194092,77.96781921386719,146.56776428222656
0.021484375,1.211181640625,0.150390625,0.48828125,-47.4853515625,-19.10400390625,-5.060344696044922,78.57430267333984,144.50709533691406
0.009765625,1.199951171875,0.052490234375,-47.7294921875,-26.30615234375,-62.92724609375,-2.6442492008209233,77.11096954345703,142.91989135742188
-0.156005859375,1.139892578125,0.0673828125,-53.52783203125,-35.21728515625,-84.1064453125,0.6942554712295532,75.36688995361328,140.73793029785156
-0.3017578125,1.24365234375,0.038330078125,-48.9501953125,-55.419921875,-66.10107421875,3.1646981239318848,73.7931900024414,137.90130615234378
-0.133544921875,1.168701171875,0.02880859375,-91.49169921875,-73.1201171875,-24.23095703125,3.3382391929626465,70.5268783569336,134.8441162109375
0.059326171875,0.8505859375,0.232666015625,-94.78759765625,-69.3359375,1.77001953125,1.9908910989761357,66.77362060546875,132.30160522460938
0.233154296875,0.58203125,0.317138671875,-47.8515625,-43.51806640625,25.81787109375,-0.4846526086330414,64.63363647460939,131.14593505859378
0.048095703125,0.67333984375,0.26123046875,6.591796875,-18.798828125,55.2978515625,-2.9306600093841557,65.04019927978516,131.39743041992188
-0.123046875,0.80029296875,0.097900390625,9.033203125,-29.72412109375,27.2216796875,-3.954662084579468,66.12115478515625,130.72709655761722
0.20068359375,1.0888671875,0.073974609375,1.8310546875,-31.005859375,30.21240234375,-5.580371856689453,66.99171447753906,130.01115417480472
-0.116455078125,1.23681640625,0.14111328125,-8.48388671875,-25.2685546875,20.56884765625,-6.302481174468994,67.34980010986328,129.3299560546875
-0.044921875,1.147216796875,0.2353515625,-5.4931640625,-34.72900390625,32.470703125,-7.69304084777832,67.65256500244139,128.48503112792972
-0.000732421875,1.192138671875,0.26220703125,22.15576171875,-39.1845703125,35.94970703125,-9.295133590698242,69.05886840820311,127.49348449707031
-0.02392578125,1.626220703125,0.146484375,22.8271484375,-33.75244140625,19.8974609375,-10.110044479370117,70.75452423095703,126.38551330566406
-0.09375,1.538330078125,0.165771484375,-3.7841796875,-22.5830078125,31.6162109375,-11.068486213684082,71.19532012939453,125.84165954589844
-0.007080078125,1.318603515625,0.250244140625,-8.97216796875,-18.37158203125,48.583984375,-12.691822052001953,71.16301727294922,125.70291137695312
-0.05908203125,1.283447265625,0.23388671875,3.23486328125,-15.44189453125,47.91259765625,-14.102392196655273,71.61701965332031,125.65042114257812
-0.111572265625,1.245849609375,0.255615234375,1.15966796875,-18.00537109375,39.36767578125,-15.074151992797852,71.97570037841797,125.38162231445312
-0.097412109375,1.17724609375,0.21142578125,-2.44140625,-22.3388671875,41.80908203125,-16.33897590637207,72.22473907470703,124.95936584472656
-0.03369140625,1.1005859375,0.1806640625,-12.939453125,-26.79443359375,27.52685546875,-17.005996704101562,72.2485580444336,124.14280700683594
-0.102783203125,1.008544921875,0.26318359375,-1.03759765625,-20.8740234375,23.25439453125,-17.262657165527347,72.480712890625,123.56622314453124
-0.06103515625,1.069091796875,0.24462890625,9.3994140625,-19.59228515625,38.4521484375,-18.16097068786621,73.12751007080078,123.2006378173828
0.02294921875,0.929931640625,0.21728515625,2.5634765625,-23.5595703125,29.23583984375,-18.886537551879886,73.56085968017578,122.55328369140624
-0.109619140625,0.85791015625,0.23583984375,5.2490234375,-26.4892578125,23.193359375,-19.06966209411621,74.06136322021484,121.73796081542969
-0.174560546875,0.794677734375,0.133056640625,8.85009765625,-36.80419921875,28.01513671875,-19.35418701171875,75.0538330078125,120.47053527832031
0.054443359375,0.7392578125,0.243408203125,7.32421875,-41.1376953125,37.59765625,-20.61152458190918,75.63375091552734,119.22675323486328
0.157470703125,0.641845703125,0.253662109375,18.5546875,-38.14697265625,31.55517578125,-21.8903923034668,76.51889038085938,118.07001495361328
0.0791015625,0.7705078125,0.19140625,31.25,-35.15625,16.17431640625,-22.135520935058594,78.4897689819336,116.66184997558594
0.1103515625,0.81787109375,0.15234375,16.11328125,-45.5322265625,5.06591796875,-22.09294891357422,79.86981201171875,114.76541900634766
0.16748046875,0.826416015625,0.168212890625,8.36181640625,-48.2177734375,0.732421875,-22.004785537719727,80.89926147460938,112.7476577758789
0.132080078125,0.74365234375,0.2119140625,4.82177734375,-52.3681640625,-15.380859375,-21.227245330810547,81.64881896972656,110.53612518310548
0.225341796875,0.822998046875,0.16552734375,10.1318359375,-64.27001953125,-23.5595703125,-20.383909225463867,82.93184661865234,107.7303695678711
0.186767578125,0.83837890625,0.126953125,14.34326171875,-66.58935546875,-18.37158203125,-19.6215877532959,84.42042541503906,104.85933685302734
0.246337890625,0.921630859375,0.090576171875,5.43212890625,-62.6220703125,-8.23974609375,-19.31431579589844,85.5147933959961,102.18915557861328
0.39306640625,0.8984375,0.0986328125,-10.1318359375,-60.546875,-25.20751953125,-18.648231506347656,85.88462829589844,99.5859146118164
0.4013671875,0.861328125,0.143798828125,-16.29638671875,-49.6826171875,-28.6865234375,-17.88535499572754,85.69721221923828,97.48511505126952
0.370849609375,0.972900390625,0.255126953125,-13.24462890625,-30.33447265625,-35.46142578125,-16.49992561340332,85.36062622070312,96.17420196533205
0.106689453125,1.01416015625,0.326904296875,-23.193359375,-18.49365234375,-30.70068359375,-14.934358596801758,84.11894989013672,95.44853973388672
0.102783203125,1.19189453125,0.08935546875,-32.2265625,-23.92578125,-12.51220703125,-14.143816947937012,83.14287567138672,94.39227294921876
0.185302734375,1.333251953125,-0.181640625,-62.3779296875,-28.99169921875,-1.89208984375,-13.987053871154785,81.51368713378906,93.0521240234375
0.295166015625,1.024169921875,0.096435546875,-80.6884765625,-27.2216796875,2.99072265625,-14.366853713989258,78.66162109375,91.94253540039062
0.376953125,0.89501953125,0.12548828125,-65.12451171875,-16.17431640625,11.1083984375,-15.262374877929688,76.31108856201172,91.36685943603516
0.42919921875,0.901611328125,0.141357421875,-43.27392578125,-2.74658203125,13.671875,-16.208467483520508,74.73477172851562,91.36006927490234
0.380859375,1.051513671875,0.021240234375,-33.02001953125,11.77978515625,6.89697265625,-16.510068893432614,73.7889404296875,91.763671875
0.405517578125,1.085205078125,0.0107421875,-44.73876953125,19.71435546875,11.53564453125,-16.902559280395508,72.31919860839844,92.52660369873048
0.449951171875,0.971435546875,0.068115234375,-55.35888671875,28.13720703125,16.357421875,-17.174236297607422,70.03691864013672,93.76715850830078
0.419189453125,0.90087890625,0.184814453125,-48.095703125,32.77587890625,-4.94384765625,-16.821216583251953,68.06101226806639,94.89293670654295
0.325439453125,0.859619140625,0.133544921875,-34.423828125,32.65380859375,-24.5361328125,-15.58264446258545,66.93296813964844,95.62291717529295
0.308837890625,0.95703125,0.082275390625,-25.57373046875,29.78515625,-22.76611328125,-14.396799087524414,66.39921569824219,96.20233917236328
0.2451171875,1.022705078125,0.02880859375,-11.90185546875,33.99658203125,-24.169921875,-12.975363731384276,66.55366516113281,96.8831558227539
0.2490234375,0.946533203125,0.0087890625,-20.8740234375,32.958984375,-19.59228515625,-11.84391975402832,66.38576507568361,97.61000061035156
0.2373046875,0.641845703125,0.083251953125,-36.07177734375,27.40478515625,-36.43798828125,-10.417059898376463,65.45916748046875,97.91072082519531
0.211669921875,0.773681640625,0.133056640625,-40.10009765625,34.0576171875,-26.7333984375,-9.075037956237793,64.2777099609375,98.6079330444336
0.24951171875,0.728271484375,0.19775390625,-38.6962890625,30.57861328125,-16.78466796875,-8.304819107055664,62.99490356445313,99.36263275146484
0.230224609375,0.69384765625,0.197509765625,-29.96826171875,28.1982421875,-10.7421875,-7.86763334274292,62.12359619140625,100.11737823486328
0.29345703125,0.6953125,0.13818359375,-11.5966796875,29.052734375,-1.0986328125,-7.87351655960083,62.115440368652344,101.05530548095705
0.22509765625,0.729736328125,0.12939453125,-0.54931640625,32.53173828125,-1.0986328125,-7.604464530944824,62.59877395629883,102.10865783691406
0.15673828125,0.76953125,0.133544921875,14.6484375,29.47998046875,5.92041015625,-7.4470157623291025,63.69552993774414,103.18905639648438
0.138671875,0.88623046875,0.094482421875,29.11376953125,21.17919921875,19.47021484375,-7.859199047088622,65.48185729980469,104.19562530517578
0.2685546875,0.84423828125,0.0615234375,24.658203125,16.54052734375,29.11376953125,-9.059324264526367,67.05729675292969,105.17157745361328
0.39208984375,0.744873046875,0.09326171875,23.86474609375,21.3623046875,23.92578125,-10.352496147155762,68.35832977294922,106.2476806640625
0.31689453125,0.845947265625,0.13671875,33.99658203125,39.73388671875,14.83154296875,-10.743725776672363,69.85579681396484,107.88683319091795
0.189453125,0.970703125,0.12841796875,33.203125,39.4287109375,14.7705078125,-10.797314643859863,71.34321594238281,109.51014709472656
0.1337890625,1.0439453125,0.115234375,18.85986328125,29.35791015625,18.798828125,-11.00493621826172,72.30624389648438,110.79631805419922
0.21435546875,0.9970703125,0.105224609375,1.28173828125,20.69091796875,20.69091796875,-11.594527244567873,72.5942153930664,111.7684555053711
0.24365234375,0.955810546875,0.088623046875,-2.38037109375,23.01025390625,15.625,-12.031549453735352,72.73392486572266,112.76303100585938
0.212646484375,0.976806640625,0.112060546875,-1.3427734375,27.89306640625,13.24462890625,-12.223161697387695,72.82550048828125,113.92742156982422
0.072509765625,1.052001953125,0.134765625,0.30517578125,23.5595703125,11.71875,-12.073060989379885,72.99771881103516,114.906982421875
0.09765625,1.046630859375,0.15087890625,-6.53076171875,16.9677734375,17.7001953125,-12.2862548828125,72.89190673828125,115.70906829833984
0.165283203125,1.01513671875,0.16064453125,-11.3525390625,12.939453125,20.56884765625,-12.796249389648438,72.58415222167969,116.39634704589844
0.20751953125,1.015869140625,0.1845703125,-16.54052734375,13.18359375,15.93017578125,-13.188605308532715,72.03148651123047,117.04888916015624
0.158203125,1.02392578125,0.2255859375,-16.90673828125,12.02392578125,7.14111328125,-13.127991676330565,71.43681335449219,117.5601577758789
0.061279296875,1.109619140625,0.21484375,-14.58740234375,2.50244140625,2.9296875,-12.775778770446776,71.17970275878906,117.6121063232422
0.075439453125,1.1533203125,0.17919921875,-21.54541015625,-14.09912109375,11.53564453125,-13.039230346679688,70.79698944091797,117.12815856933594
0.203125,1.035400390625,0.19189453125,-20.8740234375,-20.5078125,10.07080078125,-13.606287956237793,70.4482421875,116.39185333251952
0.267578125,1.029296875,0.20947265625,-12.20703125,-22.15576171875,-4.2724609375,-13.767759323120115,70.4818344116211,115.40109252929688
0.0537109375,1.076416015625,0.15673828125,-15.625,-25.20751953125,-29.60205078125,-12.561464309692385,70.61380767822266,113.91592407226562
-0.117919921875,1.125,0.085693359375,-21.30126953125,-35.58349609375,-35.46142578125,-10.983296394348145,70.72779846191406,111.93762969970705
-0.09521484375,1.09375,0.036865234375,-23.13232421875,-42.66357421875,-22.27783203125,-10.090721130371094,70.8333740234375,109.87056732177734
0.05810546875,0.984375,0.05517578125,-12.8173828125,-36.376953125,2.25830078125,-10.390689849853516,71.18548583984375,108.3910675048828
0.06298828125,0.982177734375,0.05859375,-5.67626953125,-28.62548828125,8.23974609375,-10.807733535766602,71.74178314208984,107.28266143798828
0.036865234375,1.03857421875,0.05615234375,-5.79833984375,-28.01513671875,9.27734375,-11.16000747680664,72.24169921875,106.2088623046875
0.066162109375,1.025146484375,0.060302734375,-24.59716796875,-34.0576171875,0.54931640625,-11.308640480041506,72.07752990722656,104.78143310546876
0.079833984375,1.008056640625,0.070068359375,-30.82275390625,-35.09521484375,-6.103515625,-11.25061321258545,71.6714859008789,103.23391723632812
0.06103515625,0.97802734375,0.078857421875,-27.77099609375,-30.029296875,-4.150390625,-11.176453590393066,71.33364868164062,101.9113998413086
0.037109375,0.95703125,0.115966796875,-20.69091796875,-25.0244140625,3.60107421875,-11.283397674560547,71.14446258544922,100.8998031616211
0.0224609375,0.9208984375,0.13427734375,-18.00537109375,-25.2685546875,6.53076171875,-11.467909812927244,71.01239013671875,99.92630004882812
0.011474609375,0.926025390625,0.138427734375,-16.66259765625,-28.74755859375,5.55419921875,-11.627907752990724,70.96339416503906,98.80525970458984
0.045654296875,0.94970703125,0.103271484375,-16.9677734375,-33.3251953125,2.50244140625,-11.808565139770508,71.04216003417969,97.4469757080078
0.08740234375,0.942138671875,0.08203125,-19.775390625,-30.33447265625,-1.46484375,-11.8953275680542,71.04302215576172,96.14069366455078
0.040283203125,0.951171875,0.086181640625,-20.1416015625,-23.681640625,-3.662109375,-11.620792388916016,70.89105224609375,95.08010864257812
-0.041259765625,0.9794921875,0.1396484375,-24.84130859375,-23.62060546875,1.40380859375,-11.438924789428713,70.5058364868164,94.09734344482422
0.004150390625,0.916259765625,0.160888671875,-25.390625,-26.42822265625,8.056640625,-11.657238006591795,70.04423522949219,93.11328887939452
0.047607421875,0.882080078125,0.171630859375,-21.78955078125,-25.69580078125,9.58251953125,-12.028247833251953,69.69606018066406,92.18697357177734
0.08984375,0.900634765625,0.17138671875,-19.10400390625,-19.59228515625,4.150390625,-12.203267097473145,69.44805145263672,91.4148178100586
0.052734375,0.920166015625,0.1708984375,-15.869140625,-16.41845703125,2.5634765625,-12.177669525146484,69.33041381835939,90.73713684082031
0.00439453125,0.968994140625,0.170654296875,-9.033203125,-15.625,5.31005859375,-12.130043983459473,69.49674224853516,90.12434387207031
0.041259765625,1.033935546875,0.16162109375,-12.3291015625,-17.39501953125,7.4462890625,-12.266311645507812,69.57763671875,89.46510314941406
0.08642578125,0.996826171875,0.169677734375,-19.53125,-15.7470703125,0.0,-12.19903564453125,69.34463500976561,88.76974487304688
0.077392578125,0.98095703125,0.17333984375,-20.751953125,-9.765625,-7.32421875,-11.735949516296387,69.03038024902344,88.20038604736328
0.099853515625,0.928466796875,0.198974609375,-13.00048828125,0.1220703125,-8.97216796875,-11.176409721374512,68.87822723388672,88.0036849975586
0.027587890625,0.96826171875,0.259521484375,1.953125,3.23486328125,-6.53076171875,-10.5089693069458,69.18321990966797,87.98704528808594
-0.0078125,1.03662109375,0.201416015625,17.76123046875,-3.23486328125,-3.0517578125,-10.011197090148926,70.30248260498047,87.7540512084961
-0.02294921875,1.151611328125,0.099853515625,16.90673828125,-20.32470703125,-7.01904296875,-9.578060150146484,71.699951171875,86.78486633300781
-0.033203125,1.09521484375,0.013916015625,5.7373046875,-31.25,-11.53564453125,-9.08369255065918,72.8309097290039,85.32476043701172
-0.017578125,1.047119140625,-0.008544921875,-2.5634765625,-33.8134765625,-9.09423828125,-8.738613128662111,73.6329574584961,83.80034637451172
0.05224609375,0.8935546875,0.071044921875,-13.24462890625,-32.71484375,-0.42724609375,-8.875714302062988,73.75660705566406,82.45308685302734
0.09619140625,0.8271484375,0.1298828125,-7.62939453125,-33.5693359375,-4.8828125,-8.965691566467285,73.94005584716797,81.04878997802734
