0.07373046875,0.93896484375,0.07568359375,-11.1083984375,-4.33349609375,9.521484375,-4.972010135650635,80.04263305664062,-115.8223876953125
0.199951171875,0.96142578125,0.091064453125,-7.38525390625,-5.92041015625,3.96728515625,-5.433896541595459,79.92857360839844,-116.04251098632812
0.1552734375,1.015869140625,0.021240234375,-4.7607421875,-4.5166015625,-4.82177734375,-5.4057393074035645,80.092529296875,-116.28585815429688
-0.012451171875,0.970947265625,0.038818359375,-6.28662109375,-4.7607421875,5.92041015625,-4.6803855895996085,80.22212219238281,-117.14810180664062
0.071044921875,1.01318359375,-0.049560546875,-6.9580078125,-4.08935546875,9.09423828125,-5.0415921211242685,80.43451690673828,-117.28943634033205
0.125,1.017822265625,-0.03076171875,-10.80322265625,-4.7607421875,8.11767578125,-5.4723310470581055,80.44513702392578,-117.46276092529295
0.163330078125,0.952880859375,0.0859375,-12.20703125,-5.2490234375,3.90625,-5.827220916748048,80.1329574584961,-117.65899658203124
0.07275390625,0.9951171875,0.082763671875,-5.67626953125,-5.55419921875,-2.01416015625,-5.719449520111084,80.11790466308594,-117.91217041015624
0.000244140625,0.9736328125,-0.00146484375,-4.69970703125,-5.2490234375,-2.197265625,-5.44447660446167,80.33290100097656,-118.17337799072266
0.161865234375,0.972412109375,0.114501953125,-10.25390625,-3.7841796875,6.28662109375,-5.866753578186035,79.90007019042969,-118.86493682861328
0.168701171875,0.9755859375,0.034912109375,-4.7607421875,-5.37109375,-1.0986328125,-6.0173683166503915,80.0335922241211,-119.11588287353516
0.037841796875,1.0234375,-0.021728515625,-6.40869140625,-5.79833984375,-5.0048828125,-5.708271503448486,80.23360443115234,-119.42498016357422
0.052001953125,1.02978515625,0.000244140625,-7.14111328125,-4.5166015625,8.11767578125,-5.4812726974487305,80.29464721679688,-120.24385833740234
0.150146484375,0.989013671875,-0.0068359375,-8.60595703125,-4.82177734375,5.37109375,-5.851315021514893,80.34781646728516,-120.43572235107422
0.13818359375,0.972900390625,0.05224609375,-8.6669921875,-4.69970703125,-0.1220703125,-5.965991973876952,80.26519775390625,-120.64762878417969
0.015380859375,1.01708984375,-0.04296875,-9.521484375,-4.39453125,5.4931640625,-5.4946608543396,80.57341766357422,-121.58746337890624
0.054931640625,0.963623046875,0.044677734375,-12.939453125,-4.39453125,7.9345703125,-5.747283935546875,80.32232666015625,-121.7348175048828
0.154052734375,0.928466796875,0.132080078125,-10.1318359375,-4.33349609375,4.7607421875,-6.104540824890138,79.97877502441406,-121.87835693359376
0.14453125,0.978759765625,0.067138671875,-5.55419921875,-4.82177734375,-0.1220703125,-6.223029613494872,80.00296020507812,-122.09416961669922
0.033203125,1.017333984375,-0.037841796875,-5.9814453125,-5.43212890625,-3.35693359375,-5.959190845489503,80.25557708740234,-122.3832550048828
-0.015869140625,1.028076171875,-0.0224609375,-7.99560546875,-5.2490234375,-1.3427734375,-5.673217296600343,80.38015747070312,-122.64494323730469
-0.0234375,1.005615234375,0.021728515625,-11.5966796875,-5.2490234375,2.38037109375,-5.5255770683288565,80.25397491455078,-122.87010955810548
0.0146484375,1.00341796875,0.069091796875,-8.60595703125,-4.21142578125,6.4697265625,-5.622308254241943,80.1383285522461,-123.01531982421876
0.121826171875,0.9755859375,0.059326171875,-7.38525390625,-5.31005859375,6.591796875,-5.976143836975098,80.09712982177734,-123.2042999267578
0.153076171875,0.979248046875,0.020263671875,-5.859375,-5.126953125,1.953125,-6.203957557678223,80.21100616455078,-123.42848205566406
0.075927734375,0.994140625,-0.018798828125,-8.30078125,-5.615234375,-2.86865234375,-6.05871057510376,80.32093048095703,-123.7156982421875
0.0009765625,0.98046875,0.03125,-9.27734375,-5.126953125,-2.8076171875,-5.745847225189209,80.27080535888672,-123.9701690673828
0.09814453125,1.012939453125,0.00341796875,-12.451171875,-4.94384765625,7.6904296875,-6.1074275970458975,80.43182373046875,-124.77652740478516
0.141845703125,0.9482421875,0.134765625,-9.58251953125,-4.5166015625,1.77001953125,-6.297767639160156,80.11004638671875,-124.94800567626952
0.07763671875,0.973876953125,0.069091796875,-5.43212890625,-5.2490234375,-1.89208984375,-6.1894288063049325,80.1338882446289,-125.1931381225586
0.060791015625,0.986083984375,0.0908203125,-10.31494140625,-4.638671875,7.080078125,-5.972690105438232,80.04148864746094,-126.00870513916016
0.1640625,0.984619140625,0.0693359375,-5.37109375,-4.5166015625,2.3193359375,-6.2317962646484375,80.06244659423828,-126.19435119628906
0.1083984375,1.019775390625,-0.005859375,-5.859375,-4.82177734375,-2.197265625,-6.1739182472229,80.241943359375,-126.44313049316406
-0.039306640625,0.978515625,0.015380859375,-7.32421875,-4.638671875,6.04248046875,-5.448193073272705,80.27163696289062,-127.38832092285156
-0.2119140625,1.26171875,-0.50341796875,-17.08984375,-2.86865234375,26.30615234375,-5.969313144683838,80.75172424316406,-127.4423599243164
-0.1455078125,1.075439453125,-0.216796875,-37.841796875,-17.02880859375,31.1279296875,-6.786704063415527,80.07975769042969,-128.00126647949222
0.0478515625,0.98681640625,-0.125732421875,-42.54150390625,-64.39208984375,13.97705078125,-7.636448383331299,79.35089874267578,-130.53823852539062
-0.165771484375,0.790283203125,0.368896484375,-41.015625,-140.68603515625,-9.3994140625,-7.646763801574707,77.88939666748047,-136.11154174804688
0.265380859375,0.765625,0.21533203125,-16.6015625,-126.3427734375,4.39453125,-9.28693962097168,77.80571746826172,-141.0479278564453
0.136962890625,0.7216796875,0.459716796875,10.55908203125,-122.9248046875,2.0751953125,-10.382364273071287,78.25411224365234,-145.78285217285156
-0.47802734375,1.17578125,0.0517578125,34.72900390625,-181.884765625,-8.23974609375,-10.105667114257812,81.27752685546875,-153.14266967773438
0.03271484375,1.340576171875,0.05419921875,26.123046875,-224.853515625,13.427734375,-11.392560958862305,84.25550079345703,-162.17845153808594
0.2216796875,1.37353515625,0.345703125,51.08642578125,-170.7763671875,25.93994140625,-12.801697731018065,87.3886947631836,-168.99429321289062
0.299560546875,1.469482421875,0.1240234375,72.021484375,-180.419921875,32.2265625,-14.05394172668457,91.89265441894531,-176.37432861328125
0.375,1.48974609375,-0.01318359375,53.77197265625,-162.90283203125,28.4423828125,-14.735742568969727,95.66447448730469,-183.14279174804688
0.225830078125,1.578369140625,-0.235595703125,22.8271484375,-124.45068359375,30.517578125,-15.067938804626465,98.03483581542969,-188.4282989501953
0.1015625,1.46044921875,-0.32177734375,-21.97265625,-130.37109375,28.6865234375,-14.980428695678713,98.7554168701172,166.0165252685547
0.442626953125,1.292724609375,0.01171875,-41.259765625,-135.31494140625,26.85546875,-15.384411811828613,98.229248046875,160.40672302246094
0.29150390625,1.227783203125,0.05810546875,-33.26416015625,-107.0556640625,22.27783203125,-15.5866060256958,97.659423828125,155.99819946289062
0.128173828125,1.074951171875,-0.23876953125,-43.02978515625,-95.88623046875,24.23095703125,-15.68179702758789,97.22610473632812,151.8656768798828
0.083740234375,0.968994140625,-0.158935546875,-61.8896484375,-85.9375,37.78076171875,-16.34745979309082,95.85556030273438,148.10479736328125
0.136962890625,0.94970703125,-0.104736328125,-77.0263671875,-63.41552734375,57.43408203125,-18.08373260498047,93.62367248535156,145.24453735351562
0.254150390625,0.917724609375,0.027587890625,-90.75927734375,-41.56494140625,77.33154296875,-20.99207305908203,90.39167785644531,143.4252166748047
0.397216796875,0.998046875,0.126220703125,-88.2568359375,-30.21240234375,74.27978515625,-23.994462966918945,87.01610565185547,142.294921875
0.484130859375,0.962890625,0.148193359375,-78.30810546875,-16.357421875,57.0068359375,-26.401710510253906,83.86272430419922,141.86764526367188
0.494384765625,0.792724609375,0.04150390625,-71.83837890625,1.220703125,7.26318359375,-26.898630142211914,81.04670715332031,141.92446899414062
0.3544921875,0.701904296875,0.049560546875,-65.12451171875,9.58251953125,-37.7197265625,-25.347082138061523,78.56694793701172,141.97300720214844
0.143798828125,0.63720703125,0.167236328125,-57.43408203125,19.22607421875,-61.82861328125,-22.262155532836914,76.03030395507812,142.2616729736328
-0.07080078125,0.74267578125,0.067138671875,-31.6162109375,37.04833984375,-57.12890625,-18.644332885742188,74.80597686767578,143.03732299804688
-0.126708984375,0.71728515625,0.044921875,-21.6064453125,24.23095703125,-42.96875,-15.661675453186035,74.25599670410156,143.3858642578125
-0.14501953125,0.6240234375,0.164794921875,-12.20703125,4.69970703125,-28.80859375,-13.426383972167967,73.82910919189453,143.2352294921875
-0.2392578125,0.64013671875,0.16259765625,13.7939453125,-5.859375,-6.89697265625,-11.97361660003662,74.50741577148438,142.9171600341797
-0.207275390625,0.7060546875,0.042724609375,29.72412109375,-5.79833984375,13.0615234375,-11.46473503112793,76.16348266601562,142.73936462402344
-0.1435546875,0.787109375,-0.132080078125,32.16552734375,-14.46533203125,27.28271484375,-11.844121932983398,78.40697479248047,142.23924255371094
0.04296875,0.826171875,-0.0537109375,29.9072265625,-24.169921875,31.92138671875,-12.931543350219727,80.35888671875,141.38330078125
0.125,0.87255859375,-0.093017578125,31.3720703125,-23.74267578125,26.06201171875,-13.920289039611815,82.41387176513672,140.43893432617188
0.183837890625,0.880126953125,-0.144287109375,29.6630859375,-22.5830078125,12.02392578125,-14.42379379272461,84.46784210205078,139.41078186035156
0.095947265625,0.87353515625,-0.16259765625,20.69091796875,-22.39990234375,-2.13623046875,-14.099197387695312,86.1568374633789,138.32749938964844
0.033203125,0.87451171875,-0.085693359375,13.916015625,-19.95849609375,1.0986328125,-13.71975326538086,87.27967834472656,137.42131042480472
0.041259765625,0.86083984375,-0.077880859375,12.3291015625,-11.962890625,9.6435546875,-13.6901216506958,88.19180297851562,136.87249755859378
0.06005859375,0.913330078125,-0.16064453125,6.34765625,-8.1787109375,16.11328125,-13.952896118164062,88.98583221435547,136.44097900390622
0.088623046875,0.897216796875,-0.05224609375,-1.15966796875,-9.8876953125,16.41845703125,-14.282214164733887,89.19841003417969,136.00187683105472
0.1416015625,0.89599609375,0.03564453125,-0.54931640625,-3.72314453125,18.37158203125,-14.80373477935791,89.13651275634766,135.87437438964844
0.21533203125,0.928466796875,-0.03515625,2.197265625,3.47900390625,17.578125,-15.431806564331055,89.28987121582031,135.99874877929688
0.234375,0.925048828125,-0.07080078125,-2.197265625,6.591796875,13.0615234375,-15.900304794311525,89.31375885009766,136.22708129882812
0.2275390625,0.970947265625,-0.07080078125,-8.11767578125,7.8125,8.36181640625,-16.121368408203125,89.07743835449219,136.50595092773438
0.272705078125,0.9755859375,-0.025146484375,-15.2587890625,6.7138671875,4.150390625,-16.260074615478516,88.46760559082031,136.76632690429688
0.308349609375,0.970947265625,-0.03076171875,-16.29638671875,13.427734375,0.18310546875,-16.304088592529293,87.7745590209961,137.2938232421875
0.32080078125,0.974365234375,-0.0791015625,-20.3857421875,24.23095703125,-5.615234375,-16.115564346313473,86.93373107910156,138.22178649902344
0.419921875,1.0185546875,-0.0712890625,-28.4423828125,52.734375,-16.845703125,-15.563579559326172,85.46326446533203,140.29965209960938
0.380126953125,1.033447265625,-0.193115234375,-41.44287109375,80.6884765625,-28.1982421875,-14.33825969696045,83.53770446777344,143.36985778808594
0.2236328125,1.028076171875,-0.30078125,-63.65966796875,85.63232421875,-42.1142578125,-12.174044609069824,81.1175765991211,146.41415405273438
0.081787109375,0.92626953125,-0.04443359375,-86.48681640625,81.298828125,-47.42431640625,-9.456275939941406,77.56874084472656,149.2120819091797
0.025390625,0.8642578125,0.0986328125,-84.65576171875,81.4208984375,-42.236328125,-6.732034206390381,74.01878356933594,151.9409942626953
-0.060546875,0.8486328125,0.14208984375,-75.74462890625,77.5146484375,-33.38623046875,-4.120656967163087,70.99317932128906,154.472412109375
-0.13134765625,0.83740234375,0.204833984375,-63.41552734375,60.1806640625,-17.02880859375,-2.1586568355560303,68.54182434082031,156.47601318359375
-0.16162109375,0.85595703125,0.23046875,-52.3681640625,42.8466796875,-4.82177734375,-0.8434840440750122,66.64601135253906,157.9710693359375
-0.1025390625,0.862548828125,0.229248046875,-41.50390625,26.4892578125,5.18798828125,-0.31330543756484985,65.2969970703125,159.014892578125
-0.023681640625,0.878173828125,0.197998046875,-30.21240234375,10.1318359375,11.41357421875,-0.4839527904987335,64.54585266113281,159.57150268554688
0.005615234375,0.853271484375,0.238037109375,-23.98681640625,6.53076171875,12.39013671875,-0.8125212788581848,63.95907974243164,160.0178680419922
0.049560546875,0.84326171875,0.193115234375,-17.578125,9.82666015625,9.58251953125,-1.0828145742416382,63.75142288208008,160.53245544433594
0.023193359375,0.89697265625,0.0166015625,-20.263671875,13.24462890625,5.55419921875,-1.0699077844619749,63.88762283325195,161.08795166015625
0.021728515625,0.879150390625,-0.0185546875,-31.73828125,12.02392578125,2.0751953125,-0.9518754482269288,63.64389419555664,161.53724670410156
0.022216796875,0.8095703125,0.038330078125,-40.46630859375,11.29150390625,-0.1220703125,-0.7738916277885437,62.92050170898438,161.92437744140625
0.002685546875,0.7265625,0.163330078125,-34.0576171875,23.13232421875,-2.685546875,-0.2339940667152405,62.10631561279297,162.68946838378906
-0.00927734375,0.69287109375,0.1494140625,-20.1416015625,33.447265625,-5.92041015625,0.6357409954071045,61.90937423706055,163.75946044921875
-0.104736328125,0.6640625,0.10009765625,-5.92041015625,32.958984375,-10.986328125,1.9597153663635252,62.43310546875,164.73211669921875
-0.181396484375,0.719482421875,0.060546875,5.9814453125,8.11767578125,-11.77978515625,3.0075278282165527,63.51718521118164,164.84115600585938
-0.19873046875,0.772705078125,0.155029296875,8.11767578125,-16.357421875,-2.9296875,3.2696895599365234,64.36989593505861,164.23211669921875
-0.099853515625,0.75634765625,0.291748046875,18.06640625,-22.52197265625,15.2587890625,2.486926317214966,65.22846221923828,163.68345642089844
-0.0625,0.81884765625,0.202392578125,34.912109375,-15.68603515625,36.376953125,0.9783058166503906,67.03825378417969,163.71250915527344
0.07275390625,0.97802734375,0.071533203125,39.85595703125,-27.34375,38.02490234375,-1.0368952751159668,69.34698486328125,163.2653045654297
0.2548828125,1.103271484375,0.0693359375,31.6162109375,-56.7626953125,22.88818359375,-3.123201608657837,71.31475830078125,161.41151428222656
0.320556640625,1.058837890625,0.36865234375,23.62060546875,-83.67919921875,-9.94873046875,-4.2773685455322275,72.4391860961914,158.0972137451172
0.34619140625,1.0888671875,0.591796875,33.63037109375,-75.13427734375,-26.42822265625,-4.582945346832275,73.5982894897461,154.93519592285156
0.26123046875,1.128662109375,0.550048828125,49.13330078125,-47.66845703125,-30.6396484375,-4.193536281585693,75.34217834472656,152.79379272460938
0.01953125,1.18310546875,0.068359375,49.86572265625,-44.73876953125,-32.28759765625,-3.2204949855804443,77.90172576904297,150.72372436523438
-0.0693359375,1.21875,0.03076171875,30.6396484375,-60.1806640625,-28.99169921875,-2.290291309356689,79.6571273803711,148.11703491210938
0.14697265625,1.15087890625,0.328369140625,30.33447265625,-58.16650390625,-17.39501953125,-2.180713891983032,80.72904968261719,145.7137451171875
0.198974609375,1.09765625,0.42724609375,56.33544921875,-37.53662109375,-9.27734375,-2.3219685554504395,82.559814453125,144.18856811523438
0.062744140625,1.109619140625,0.153564453125,67.93212890625,-28.13720703125,-6.8359375,-2.2006659507751465,85.28827667236328,143.04104614257812
0.01513671875,1.15869140625,-0.114990234375,60.36376953125,-34.72900390625,-1.28173828125,-2.167114734649658,88.15100860595703,141.63658142089844
0.071533203125,1.183349609375,-0.213134765625,25.45166015625,-41.07666015625,10.1318359375,-2.646510362625122,89.6989974975586,139.98075866699222
0.16015625,1.151611328125,-0.107421875,1.15966796875,-24.84130859375,19.34814453125,-3.6246960163116455,90.00672149658203,138.97560119628906
0.19775390625,1.119140625,-0.060546875,-18.49365234375,-8.544921875,21.3623046875,-4.729511737823486,89.39775085449219,138.62992858886722
0.150390625,1.04736328125,-0.013671875,-39.73388671875,8.544921875,12.3291015625,-5.349729537963867,87.81511688232422,138.98251342773438
0.157470703125,0.97900390625,0.0927734375,-47.91259765625,8.85009765625,2.74658203125,-5.588212966918945,85.72161102294922,139.36001586914062
0.09716796875,0.955810546875,0.19873046875,-46.08154296875,8.36181640625,-4.150390625,-5.397782325744629,83.53714752197266,139.71009826660156
0.085205078125,0.963134765625,0.12744140625,-28.50341796875,4.33349609375,-11.53564453125,-4.904489517211914,82.32902526855469,139.83270263671878
0.062255859375,0.939453125,0.13720703125,-19.47021484375,-6.77490234375,-12.939453125,-4.384058475494385,81.53764343261719,139.49526977539062
0.0322265625,0.933349609375,0.125732421875,-7.568359375,-12.939453125,-11.29150390625,-3.917172908782959,81.29344940185547,138.91401672363278
-0.01220703125,0.917236328125,0.10400390625,2.74658203125,-21.91162109375,-4.45556640625,-3.683007478713989,81.53675079345703,138.01365661621094
0.000244140625,0.910888671875,0.1015625,7.6904296875,-29.23583984375,2.0751953125,-3.7819838523864746,81.98768615722656,136.86062622070312
0.03173828125,0.901611328125,0.138916015625,13.12255859375,-31.06689453125,7.568359375,-4.1719651222228995,82.55021667480469,135.66867065429688
1.394775390625,6.53076171875,1.488037109375,53.52783203125,-22.5830078125,25.146484375,-5.5670318603515625,84.53233337402344,134.89006042480472
-1.3837890625,0.17333984375,-0.16650390625,54.5654296875,71.83837890625,-41.56494140625,-1.4555809497833252,86.83793640136719,137.64813232421878
-0.7373046875,1.07080078125,-0.925537109375,20.08056640625,-35.82763671875,-11.29150390625,0.034542806446552284,89.0533676147461,136.18331909179688
0.088623046875,1.241455078125,0.13037109375,11.474609375,-14.0380859375,-14.34326171875,0.4378090500831604,89.29458618164062,135.61558532714844
-0.178466796875,1.908203125,0.09912109375,-0.244140625,-30.1513671875,1.40380859375,0.5638732314109802,89.16898345947266,134.40847778320312
0.087646484375,1.263427734375,-0.176513671875,-12.39013671875,-26.3671875,9.6435546875,-0.01166683994233608,89.00051879882812,133.36289978027344
0.2041015625,0.53515625,0.108154296875,-23.01025390625,-26.123046875,16.845703125,-1.5053329467773438,87.69257354736328,132.34748840332028
0.114013671875,1.025634765625,0.090087890625,-13.85498046875,-9.09423828125,18.49365234375,-2.4480981826782227,87.02708435058594,132.02043151855472
0.1689453125,1.217529296875,-0.080322265625,-10.68115234375,-6.9580078125,17.2119140625,-3.3627829551696777,86.86260223388672,131.76683044433594
-0.04443359375,1.4755859375,0.20751953125,-9.82666015625,-2.5634765625,23.49853515625,-4.102835178375243,86.26350402832031,131.72810363769528
0.655517578125,1.03076171875,0.1611328125,-6.16455078125,-15.56396484375,21.97265625,-6.085386276245117,85.87918090820312,131.18263244628906
0.49853515625,1.13037109375,-0.03662109375,3.47900390625,-7.38525390625,0.06103515625,-6.798219203948975,86.2558364868164,130.86445617675778
0.09814453125,1.014892578125,-0.154052734375,-9.82666015625,-4.94384765625,-18.98193359375,-6.006935119628906,86.36526489257812,130.56272888183594
0.013916015625,1.084228515625,0.01220703125,-13.85498046875,-3.84521484375,-13.671875,-5.263192653656006,85.934326171875,130.36100769042972
-0.043212890625,0.9853515625,0.1484375,-7.4462890625,-3.2958984375,-7.75146484375,-4.658061981201172,85.45549774169922,130.22230529785156
-0.107421875,1.099365234375,-0.020263671875,-0.30517578125,-3.7841796875,-0.9765625,-4.394355773925781,85.74349975585938,130.01657104492188
-0.07421875,0.908447265625,-0.16943359375,-3.90625,-4.57763671875,7.32421875,-4.347331523895264,86.16864776611328,129.80943298339844
-0.04296875,0.92578125,-0.16943359375,-15.9912109375,-4.33349609375,11.90185546875,-4.560718059539795,86.08634948730469,129.62388610839844
-0.050537109375,1.005615234375,0.072021484375,-20.99609375,-5.4931640625,18.61572265625,-5.022107124328613,85.23799133300781,129.45658874511722
0.245361328125,0.96337890625,0.350830078125,-14.5263671875,-9.765625,20.08056640625,-6.193724155426025,84.08638000488281,129.19548034667972
0.381103515625,0.921630859375,0.2021484375,-1.5869140625,-21.42333984375,4.2724609375,-7.069466590881348,83.86590576171875,128.38551330566406
0.206787109375,1.111083984375,-0.211669921875,3.96728515625,-8.9111328125,-11.53564453125,-6.7076945304870605,84.59728240966797,127.93977355957031
-0.012451171875,1.11767578125,-0.11962890625,-6.65283203125,-7.9345703125,-16.66259765625,-5.787582874298097,84.81575012207031,127.50979614257812
-0.049072265625,1.0673828125,0.052490234375,-11.474609375,-7.080078125,-11.41357421875,-5.026139259338379,84.46719360351562,127.17503356933594
-0.05126953125,1.003662109375,0.145263671875,-7.080078125,-6.28662109375,-4.94384765625,-4.540389060974121,84.0838394165039,126.9134521484375
-0.0244140625,1.038330078125,0.029541015625,0.732421875,-5.859375,0.3662109375,-4.3442721366882315,84.28685760498047,126.6681671142578
0.013916015625,1.076171875,-0.1171875,-2.13623046875,-5.18798828125,5.0048828125,-4.421784400939941,84.67385864257812,126.44476318359376
0.002197265625,1.046630859375,-0.15234375,-12.6953125,-4.39453125,6.103515625,-4.543342113494873,84.70992279052734,126.24034118652344
-0.028564453125,0.9853515625,0.02978515625,-17.27294921875,-4.7607421875,10.3759765625,-4.727148056030273,84.15804290771484,126.0770263671875
-0.037841796875,0.881103515625,0.1650390625,-15.19775390625,-2.74658203125,15.07568359375,-5.053259372711182,83.3488540649414,126.04522705078124
0.147705078125,1.013671875,0.065673828125,-6.28662109375,-4.2724609375,22.76611328125,-6.101458549499513,83.20475769042969,125.9703369140625
0.44873046875,0.9638671875,-0.00830078125,-6.65283203125,-5.2490234375,10.55908203125,-7.279977798461914,83.20710754394531,125.78498840332031
0.336669921875,0.999755859375,-0.04296875,-8.056640625,-3.662109375,-8.7890625,-7.397364616394043,83.244873046875,125.5562744140625
-0.07421875,1.072265625,0.061767578125,-9.033203125,-5.126953125,-17.578125,-6.3540873527526855,82.97229766845703,125.23936462402344
-0.10205078125,0.994140625,0.121826171875,-6.7138671875,-3.90625,-8.36181640625,-5.562094211578369,82.71112823486328,125.04142761230469
-0.098388671875,0.984619140625,0.017333984375,-1.953125,-4.45556640625,-0.54931640625,-5.118570804595947,82.8839111328125,124.83747863769531
-0.02880859375,1.052001953125,-0.10595703125,-3.5400390625,-5.2490234375,6.04248046875,-5.159582138061523,83.15290832519531,124.6463623046875
-0.018798828125,1.0009765625,-0.084716796875,-13.12255859375,-3.7841796875,11.23046875,-5.378525733947754,83.08560180664062,124.50645446777344
0.0185546875,0.96435546875,0.010986328125,-17.9443359375,-4.2724609375,15.9912109375,-5.863022804260254,82.61150360107422,124.39051818847656
0.31689453125,0.944091796875,0.206298828125,-13.36669921875,-5.55419921875,11.8408203125,-6.824397087097168,81.99684143066406,124.25358581542969
0.271728515625,0.97412109375,0.079345703125,0.3662109375,-6.28662109375,-3.47900390625,-7.064304828643799,82.15827941894531,123.97073364257812
-0.0537109375,1.01953125,-0.1044921875,-12.20703125,-4.82177734375,14.34326171875,-5.3557329177856445,82.84999084472656,122.27992248535156
0.19189453125,1.0263671875,0.076904296875,-17.51708984375,-3.35693359375,18.00537109375,-6.358731746673584,82.25702667236328,122.19430541992188
0.360595703125,0.950439453125,0.227294921875,-10.986328125,-6.65283203125,7.4462890625,-7.235403060913086,81.61469268798828,122.00030517578124
0.28125,0.969970703125,0.0869140625,-1.46484375,-7.568359375,-8.11767578125,-7.307651042938232,81.7110824584961,121.63870239257812
-0.03271484375,0.92431640625,-0.0888671875,-0.244140625,-4.21142578125,-12.6953125,-6.493065357208253,82.11084747314453,121.25404357910156
-0.057861328125,0.957763671875,-0.0625,-9.765625,-4.33349609375,-7.26318359375,-5.8409199714660645,82.18937683105469,120.99063110351562
-0.070068359375,1.0107421875,0.029052734375,-10.986328125,-3.11279296875,-1.77001953125,-5.401050090789795,81.9936294555664,120.83160400390624
-0.04736328125,1.0048828125,0.09326171875,-9.8876953125,-4.0283203125,3.35693359375,-5.306532382965088,81.76605224609375,120.64485168457031
-0.033935546875,1.037353515625,0.0146484375,-5.859375,-4.45556640625,10.43701171875,-5.459893226623535,81.82363891601562,120.4991455078125
0.02880859375,1.094482421875,-0.068603515625,-7.568359375,-4.2724609375,15.07568359375,-5.925164222717285,81.98178100585938,120.36883544921876
0.250244140625,0.92919921875,0.06201171875,-12.63427734375,-4.94384765625,14.892578125,-6.7112789154052725,81.54435729980469,120.275634765625
0.238525390625,0.938720703125,0.1669921875,-10.19287109375,-4.45556640625,-0.9765625,-6.988022327423097,81.08003997802734,120.10365295410156
0.29052734375,0.9365234375,0.117431640625,-8.9111328125,-5.55419921875,12.14599609375,-6.907924175262451,80.62174224853516,118.55804443359376
0.275634765625,0.962158203125,-0.02001953125,-3.90625,-4.69970703125,-0.67138671875,-7.117750644683838,80.82411193847656,118.270263671875
0.032958984375,1.00927734375,-0.038818359375,-7.75146484375,-5.31005859375,-10.3759765625,-6.538198471069336,80.98483276367188,117.93936920166016
