0.01806640625,1.00146484375,-0.088134765625,-7.75146484375,-4.69970703125,2.01416015625,-2.0888476371765137,86.0071792602539,-126.2791519165039
-0.00244140625,0.986328125,-0.076416015625,-7.26318359375,-5.126953125,1.5869140625,-2.077586889266968,86.0428695678711,-126.49166870117188
-0.008544921875,0.975341796875,-0.06689453125,-7.14111328125,-4.5166015625,1.953125,-2.065307140350342,86.06110382080078,-126.67809295654295
-0.000244140625,0.974365234375,-0.060546875,-7.14111328125,-4.5166015625,2.25830078125,-2.0848188400268555,86.06405639648438,-126.8630828857422
-0.01171875,0.989501953125,-0.068603515625,-8.30078125,-5.2490234375,2.50244140625,-2.089048147201538,86.03779602050781,-127.07745361328124
-0.005615234375,0.978515625,-0.072509765625,-7.14111328125,-4.8828125,2.01416015625,-2.0866069793701167,86.0692138671875,-127.27884674072266
-0.013427734375,0.980712890625,-0.07080078125,-7.50732421875,-4.5166015625,1.89208984375,-2.0603501796722408,86.07986450195312,-127.4658203125
0.009521484375,0.984619140625,-0.068115234375,-7.62939453125,-4.69970703125,1.52587890625,-2.073893547058105,86.0787124633789,-127.66049194335938
-0.010986328125,0.983154296875,-0.064453125,-7.568359375,-4.2724609375,2.0751953125,-2.0604002475738525,86.07123565673828,-127.83661651611328
-0.016845703125,0.978759765625,-0.062744140625,-7.62939453125,-4.82177734375,2.44140625,-2.0497815608978267,86.05902099609375,-128.0335693359375
-0.00244140625,0.97998046875,-0.067626953125,-6.53076171875,-4.638671875,1.28173828125,-2.026315212249756,86.10210418701172,-128.22645568847656
-0.017333984375,0.97607421875,-0.045166015625,-7.32421875,-4.69970703125,1.40380859375,-1.9739437103271484,86.06035614013672,-128.41964721679688
-0.004150390625,0.994873046875,-0.06884765625,-7.62939453125,-4.33349609375,1.708984375,-1.9659299850463867,86.0591812133789,-128.59886169433594
-0.000244140625,0.98828125,-0.067626953125,-6.77490234375,-4.57763671875,1.8310546875,-1.9725573062896729,86.09082794189453,-128.787353515625
-0.008544921875,0.99267578125,-0.0791015625,-7.8125,-4.638671875,1.5869140625,-1.9504915475845337,86.10509490966797,-128.97991943359378
-0.0224609375,0.971435546875,-0.068359375,-7.38525390625,-4.5166015625,2.0751953125,-1.9154119491577148,86.11457061767578,-129.16558837890622
-0.01123046875,0.982421875,-0.06103515625,-6.89697265625,-4.2724609375,1.5869140625,-1.8879865407943728,86.12433624267578,-129.34188842773438
-0.0048828125,0.985595703125,-0.065185546875,-6.8359375,-4.33349609375,1.8310546875,-1.8861801624298096,86.14521789550781,-129.52008056640622
-0.01611328125,0.976806640625,-0.070556640625,-7.9345703125,-4.57763671875,2.13623046875,-1.87112557888031,86.1352767944336,-129.70779418945312
-0.0126953125,0.989013671875,-0.06982421875,-7.75146484375,-5.0048828125,2.62451171875,-1.8854718208312988,86.12991333007812,-129.91110229492188
-0.00732421875,0.989013671875,-0.07080078125,-7.8125,-4.82177734375,2.3193359375,-1.89896821975708,86.12439727783203,-130.10797119140622
-0.00390625,0.980712890625,-0.068603515625,-7.50732421875,-5.06591796875,1.77001953125,-1.8984416723251345,86.1280288696289,-130.31591796875
0.00048828125,0.98046875,-0.075439453125,-8.30078125,-4.33349609375,2.0751953125,-1.9184361696243288,86.11451721191406,-130.49432373046878
-0.021240234375,0.980224609375,-0.071533203125,-6.9580078125,-4.82177734375,1.8310546875,-1.8789396286010744,86.14691162109375,-130.69282531738278
0.001708984375,0.976806640625,-0.07373046875,-7.568359375,-4.45556640625,1.46484375,-1.878456711769104,86.1587905883789,-130.87744140625
-0.004638671875,0.993896484375,-0.06689453125,-7.50732421875,-4.69970703125,2.13623046875,-1.8906909227371216,86.15453338623047,-131.06953430175778
-0.004638671875,0.984375,-0.078369140625,-7.8125,-4.94384765625,1.953125,-1.8957995176315308,86.1662826538086,-131.2728271484375
-0.007080078125,0.98046875,-0.06396484375,-6.7138671875,-4.8828125,1.5869140625,-1.8800766468048096,86.18910217285156,-131.47360229492188
-0.009765625,0.97705078125,-0.066162109375,-7.568359375,-4.8828125,2.13623046875,-1.8805468082427976,86.1823501586914,-131.673095703125
0.005615234375,0.9892578125,-0.078125,-6.65283203125,-5.06591796875,2.38037109375,-1.9266881942749023,86.23809814453125,-131.88003540039062
-0.0078125,0.990966796875,-0.053955078125,-7.75146484375,-4.69970703125,1.708984375,-1.9124072790145876,86.19210052490234,-132.072509765625
-0.009765625,0.984619140625,-0.05615234375,-7.62939453125,-5.126953125,2.5634765625,-1.9293098449707031,86.15912628173828,-132.28005981445312
-0.012451171875,0.982421875,-0.064697265625,-6.7138671875,-3.90625,1.64794921875,-1.8999123573303225,86.18238830566406,-132.44192504882812
-0.01611328125,0.979248046875,-0.05908203125,-7.32421875,-4.57763671875,1.77001953125,-1.8695834875106807,86.16865539550781,-132.6297607421875
-0.0029296875,0.976806640625,-0.0693359375,-7.01904296875,-4.33349609375,2.0751953125,-1.8825581073760984,86.19131469726562,-132.8076171875
-0.0078125,0.9853515625,-0.06298828125,-7.26318359375,-4.5166015625,1.953125,-1.8793517351150515,86.18768310546875,-132.99267578125
-0.010009765625,0.986572265625,-0.0693359375,-7.8125,-4.82177734375,2.3193359375,-1.8866839408874512,86.17691802978516,-133.189453125
-0.021240234375,0.981201171875,-0.07763671875,-7.568359375,-4.57763671875,1.89208984375,-1.850189447402954,86.19581604003906,-133.37834167480472
0.000244140625,0.974609375,-0.08154296875,-7.32421875,-4.39453125,2.197265625,-1.876319169998169,86.23371124267578,-133.55912780761722
-0.00439453125,0.984619140625,-0.069580078125,-7.50732421875,-4.2724609375,2.13623046875,-1.8878190517425537,86.23350524902344,-133.73443603515622
-0.006103515625,0.981201171875,-0.0732421875,-7.75146484375,-4.5166015625,1.5869140625,-1.8736779689788816,86.23284912109375,-133.92120361328122
-0.000732421875,0.99462890625,-0.068603515625,-8.056640625,-4.94384765625,2.38037109375,-1.9051299095153809,86.20777893066406,-134.12254333496094
-0.016357421875,0.977783203125,-0.07568359375,-7.50732421875,-4.2724609375,1.953125,-1.8805789947509768,86.22373962402344,-134.29904174804688
-0.00830078125,0.990966796875,-0.08056640625,-7.6904296875,-5.31005859375,2.197265625,-1.88818359375,86.24186706542969,-134.5164794921875
-0.012451171875,0.987060546875,-0.0732421875,-7.75146484375,-4.8828125,2.25830078125,-1.887143969535828,86.24031066894531,-134.71624755859378
0.00146484375,0.988037109375,-0.080810546875,-6.77490234375,-4.08935546875,2.13623046875,-1.9112402200698853,86.29393768310547,-134.88507080078122
-0.003662109375,0.972412109375,-0.068603515625,-7.4462890625,-5.06591796875,2.01416015625,-1.9198350906372068,86.2947006225586,-135.09255981445312
-0.000732421875,0.996826171875,-0.08349609375,-7.32421875,-4.8828125,1.77001953125,-1.9248697757720947,86.32979583740234,-135.29437255859378
-0.003662109375,0.989990234375,-0.076171875,-8.056640625,-4.82177734375,1.64794921875,-1.9178767204284668,86.31884765625,-135.49354553222656
-0.005126953125,0.99267578125,-0.068603515625,-7.75146484375,-4.94384765625,2.38037109375,-1.9372401237487795,86.30301666259766,-135.69522094726562
-0.006591796875,0.9755859375,-0.066162109375,-7.75146484375,-5.31005859375,2.25830078125,-1.9483171701431277,86.28546905517578,-135.91180419921878
-0.009033203125,0.98828125,-0.06689453125,-6.4697265625,-4.5166015625,1.89208984375,-1.9370213747024536,86.31854248046875,-136.09767150878906
-0.015625,0.97021484375,-0.070556640625,-7.6904296875,-4.69970703125,2.0751953125,-1.9181596040725708,86.31298065185547,-136.290771484375
-0.170166015625,1.344482421875,-0.33349609375,4.94384765625,2.44140625,21.91162109375,-2.435460090637207,87.17646789550781,-136.16744995117188
-0.34228515625,1.72021484375,-0.273193359375,27.34375,-11.04736328125,-7.9345703125,-1.6018555164337158,88.73113250732422,-136.63316345214844
0.118896484375,1.36474609375,-0.118896484375,37.17041015625,-67.2607421875,8.60595703125,-2.0861928462982178,90.5368194580078,-139.33128356933594
0.149169921875,0.995849609375,-0.15673828125,29.35791015625,-37.29248046875,6.7138671875,-2.565814971923828,92.0875244140625,-140.84461975097656
0.230712890625,0.934814453125,-0.009033203125,60.72998046875,-22.5830078125,-5.9814453125,-2.71817398071289,94.48390197753906,-141.73699951171875
0.418212890625,0.945068359375,-0.085693359375,85.205078125,6.65283203125,-10.6201171875,-3.144155263900757,97.88861846923828,-141.4472198486328
0.29443359375,1.24951171875,-0.078857421875,115.966796875,33.3251953125,5.31005859375,-3.987125396728516,102.26775360107422,-140.17599487304688
0.296875,1.351318359375,-0.0869140625,127.86865234375,30.76171875,18.798828125,-5.357527256011963,106.95366668701172,-139.16432189941406
0.24169921875,1.413818359375,-0.085205078125,131.34765625,35.21728515625,25.45166015625,-6.9592461585998535,111.55977630615234,-138.12580871582028
0.14697265625,1.32666015625,-0.10986328125,116.14990234375,24.7802734375,27.83203125,-8.359247207641603,115.46990966796876,-137.5791015625
0.1083984375,1.21240234375,-0.136474609375,106.689453125,14.892578125,14.09912109375,-9.02179718017578,118.93511962890624,-137.19206237792972
0.09375,1.124755859375,-0.162109375,92.6513671875,8.36181640625,-12.14599609375,-8.628877639770508,121.73233032226562,-136.51756286621094
0.0478515625,1.186767578125,-0.233642578125,61.5234375,-11.3525390625,-44.189453125,-6.673178195953369,123.29645538330078,-135.81423950195312
0.06640625,1.11962890625,-0.3388671875,28.86962890625,-43.5791015625,-53.77197265625,-3.801390409469605,123.81470489501952,-135.99398803710938
0.140380859375,0.927734375,-0.375244140625,11.962890625,-61.09619140625,-53.955078125,-0.8262090682983398,123.8515625,-136.7818603515625
0.101318359375,0.81005859375,-0.3642578125,5.37109375,-55.35888671875,-41.19873046875,1.541712522506714,123.66717529296876,-137.69287109375
0.072509765625,0.816162109375,-0.3837890625,2.25830078125,-43.88427734375,-23.0712890625,3.0338747501373287,123.36944580078124,-138.65055847167972
0.018798828125,0.76904296875,-0.3935546875,-7.99560546875,-32.3486328125,-6.7138671875,3.794569969177246,122.7295379638672,-139.60017395019528
-0.06103515625,0.712890625,-0.449462890625,-25.57373046875,-33.203125,6.28662109375,4.304018020629884,121.58224487304688,-140.8623809814453
-0.06396484375,0.682861328125,-0.46044921875,-40.34423828125,-38.818359375,10.25390625,4.753866672515869,119.92579650878906,-142.4036865234375
-0.028564453125,0.70361328125,-0.471923828125,-46.2646484375,-39.1845703125,11.29150390625,5.0103759765625,118.0797119140625,-143.98390197753906
-0.039306640625,0.750732421875,-0.471923828125,-41.8701171875,-32.16552734375,16.78466796875,4.909078598022461,116.4254913330078,-145.4256591796875
-0.076416015625,0.75927734375,-0.48828125,-37.9638671875,-29.1748046875,20.69091796875,4.673325538635254,115.02425384521484,-146.82135009765625
-0.112060546875,0.820556640625,-0.497314453125,-42.78564453125,-37.53662109375,17.333984375,4.741819381713867,113.405517578125,-148.46299743652344
-0.046142578125,0.87646484375,-0.532958984375,-55.11474609375,-51.69677734375,12.20703125,4.998105049133301,111.3199234008789,-150.5404815673828
-0.0830078125,0.91552734375,-0.541748046875,-57.2509765625,-58.2275390625,6.591796875,5.543290138244629,109.17236328125,-152.79275512695312
-0.032958984375,0.8857421875,-0.5498046875,-59.26513671875,-70.068359375,-5.55419921875,6.486758232116699,107.01464080810548,-155.3474578857422
-0.0078125,0.9013671875,-0.5703125,-57.7392578125,-80.078125,-16.90673828125,7.991777420043945,105.04833221435548,-158.24664306640625
0.040283203125,0.89208984375,-0.57861328125,-44.189453125,-94.8486328125,-28.4423828125,9.6460599899292,103.4484634399414,-161.57261657714844
0.070556640625,0.90283203125,-0.5517578125,-45.10498046875,-109.86328125,-38.57421875,11.598777770996096,101.6022491455078,-165.45872497558594
0.236328125,0.9375,-0.624267578125,-43.8232421875,-114.6240234375,-24.5361328125,12.549676895141602,99.76866149902344,-169.6846923828125
0.17822265625,0.76513671875,-0.5234375,-32.40966796875,-104.30908203125,-23.5595703125,13.28991985321045,98.5055160522461,-173.5326690673828
0.102294921875,0.74951171875,-0.4736328125,-23.62060546875,-112.36572265625,-13.48876953125,13.728681564331055,97.43456268310548,-177.80519104003906
0.1298828125,0.78759765625,-0.40185546875,-17.27294921875,-114.68505859375,6.591796875,12.878875732421875,96.50635528564452,-182.3182678222656
0.083740234375,0.76171875,-0.362548828125,-13.85498046875,-106.26220703125,30.94482421875,11.422815322875975,95.75125885009766,-186.6052398681641
0.0126953125,0.716796875,-0.30126953125,-20.08056640625,-120.1171875,53.40576171875,9.28888988494873,94.70027160644531,168.46836853027344
0.0498046875,0.5517578125,-0.232177734375,-31.18896484375,-133.36181640625,70.80078125,6.090582847595215,93.30047607421876,163.0252227783203
0.052490234375,0.484375,-0.151123046875,-41.8701171875,-132.32421875,95.21484375,2.0866162776947017,91.7715072631836,157.61534118652344
0.012939453125,0.583740234375,-0.099365234375,-52.24609375,-122.1923828125,109.86328125,-2.3299732208251958,89.99006652832031,152.66683959960938
-0.1396484375,0.736328125,-0.0751953125,-57.12890625,-104.43115234375,128.0517578125,-7.162940502166747,88.18357849121094,148.74502563476562
-0.30517578125,0.700927734375,-0.08935546875,-61.5234375,-88.80615234375,133.36181640625,-11.469456672668455,86.59159088134766,145.31967163085938
-0.461669921875,0.5693359375,-0.00537109375,-47.36328125,-104.67529296875,112.24365234375,-14.44411849975586,85.71104431152344,141.28533935546875
-0.1025390625,0.610107421875,0.06201171875,-24.10888671875,-143.00537109375,78.61328125,-16.641292572021484,86.56291198730469,135.3912353515625
-0.0048828125,0.811279296875,0.180908203125,11.77978515625,-126.46484375,60.97412109375,-18.625436782836914,88.21273803710938,130.31883239746094
-0.103759765625,1.072509765625,0.271240234375,24.47509765625,-93.994140625,63.5986328125,-20.29826164245605,89.97332763671875,126.54734802246094
-0.19384765625,1.121826171875,0.334228515625,16.9677734375,-82.8857421875,59.50927734375,-21.44703483581543,90.96712493896484,123.24917602539062
-0.176513671875,1.07275390625,0.388916015625,4.57763671875,-88.37890625,42.41943359375,-21.951318740844727,91.69538879394531,119.72271728515624
-0.19580078125,1.093994140625,0.34423828125,-3.35693359375,-68.17626953125,33.87451171875,-22.058364868164066,91.87306213378906,117.03376770019531
-0.19189453125,1.201171875,0.337646484375,-18.798828125,-67.626953125,20.1416015625,-21.46173858642578,91.29209899902344,114.43600463867188
-0.271728515625,1.1923828125,0.36328125,-38.63525390625,-56.5185546875,2.86865234375,-20.31929016113281,89.8594970703125,112.2731704711914
-0.239990234375,1.210693359375,0.28759765625,-45.59326171875,-52.001953125,-9.1552734375,-18.82032585144043,88.22882843017578,110.23371124267578
-0.10205078125,1.140380859375,0.20654296875,-46.08154296875,-51.025390625,-17.2119140625,-17.310787200927734,86.73870086669922,108.26374816894531
-0.024658203125,1.07373046875,0.174072265625,-36.62109375,-31.982421875,-15.9912109375,-16.032447814941403,85.4113998413086,106.95491027832031
-0.0546875,1.13818359375,0.09228515625,-29.47998046875,-10.498046875,-9.3994140625,-14.961037635803224,84.34313201904297,106.4825210571289
-0.039306640625,1.10400390625,0.0146484375,-28.1982421875,-6.89697265625,-3.84521484375,-14.278818130493164,83.44022369384766,106.18387603759766
-0.0009765625,1.13818359375,0.025390625,-0.18310546875,2.8076171875,19.34814453125,-12.553596496582033,86.55818939208984,108.0146255493164
0.029052734375,1.05908203125,-0.038330078125,-9.3994140625,-0.244140625,21.484375,-12.975966453552244,86.382080078125,108.008056640625
0.225830078125,0.438720703125,-0.02197265625,-2.38037109375,-36.1328125,-13.85498046875,-13.892324447631836,85.02735900878906,105.60550689697266
0.018310546875,0.96044921875,-0.132080078125,-26.18408203125,-42.66357421875,-43.212890625,-11.827300071716307,84.9073486328125,103.5887451171875
0.0302734375,0.944580078125,-0.16064453125,-13.3056640625,-42.54150390625,-42.6025390625,-9.891414642333984,85.3049087524414,101.60167694091795
0.38037109375,1.240234375,0.29248046875,5.126953125,-33.38623046875,-38.2080078125,-10.09275722503662,85.8912124633789,100.442626953125
0.102783203125,0.7041015625,0.03857421875,-17.578125,-7.99560546875,11.04736328125,-10.482550621032717,85.26356506347656,100.14679718017578
-0.236083984375,0.876220703125,-0.019287109375,-21.05712890625,-11.3525390625,4.82177734375,-9.731245040893556,84.7201156616211,99.65544128417969
-0.09228515625,0.92626953125,-0.109130859375,-2.44140625,1.52587890625,0.18310546875,-9.19088077545166,84.67450714111328,99.82316589355469
0.03857421875,1.05078125,-0.07470703125,-4.5166015625,10.498046875,-0.1220703125,-8.871352195739746,84.78890991210938,100.18766784667969
-0.0771484375,1.005859375,-0.072021484375,-6.77490234375,14.34326171875,-0.3662109375,-8.289201736450195,84.78856658935547,100.70744323730469
0.016357421875,0.99169921875,-0.069580078125,-7.4462890625,-3.90625,1.3427734375,-8.114710807800293,84.88753509521484,100.47483825683594
0.006591796875,0.98046875,-0.07666015625,-7.6904296875,-4.69970703125,1.5869140625,-7.891156673431396,84.97356414794922,100.23819732666016
-0.0048828125,0.9736328125,-0.090087890625,-7.75146484375,-5.2490234375,1.89208984375,-7.6642746925354,85.0879898071289,99.97795867919922
-0.00341796875,0.987060546875,-0.056640625,-7.75146484375,-4.69970703125,2.5634765625,-7.435134887695312,85.14237976074219,99.7639389038086
0.004638671875,0.9873046875,-0.059814453125,-7.14111328125,-5.126953125,1.89208984375,-7.245274066925049,85.1998519897461,99.52195739746094
0.000732421875,0.990966796875,-0.058349609375,-8.1787109375,-5.126953125,2.0751953125,-7.061001300811768,85.20884704589844,99.28231048583984
0.001708984375,0.97705078125,-0.059326171875,-7.8125,-5.18798828125,2.0751953125,-6.90670108795166,85.22106170654297,99.0622329711914
-0.000244140625,0.979248046875,-0.062744140625,-7.4462890625,-4.2724609375,1.89208984375,-6.723501682281494,85.26483154296875,98.8570556640625
0.009521484375,0.998779296875,-0.05078125,-7.32421875,-4.8828125,2.0751953125,-6.578127384185791,85.28392028808594,98.63277435302734
0.002685546875,0.9755859375,-0.061279296875,-7.50732421875,-4.45556640625,1.953125,-6.405730247497559,85.32050323486328,98.4146728515625
0.00244140625,0.990478515625,-0.0576171875,-7.8125,-4.39453125,2.5634765625,-6.274809837341309,85.33094024658203,98.21151733398438
0.009521484375,0.97216796875,-0.060791015625,-8.4228515625,-4.7607421875,2.01416015625,-6.144997596740723,85.32772064208984,97.99169921875
-0.010986328125,0.972900390625,-0.060546875,-7.50732421875,-4.45556640625,2.0751953125,-5.9635396003723145,85.36328125,97.76451873779295
0.000244140625,0.97412109375,-0.060791015625,-7.9345703125,-4.638671875,1.77001953125,-5.814165115356445,85.37639617919922,97.55076599121094
-0.006103515625,0.9814453125,-0.05224609375,-7.4462890625,-5.06591796875,2.0751953125,-5.66916036605835,85.38883209228516,97.32379913330078
-0.003662109375,0.984619140625,-0.0537109375,-7.62939453125,-5.18798828125,1.77001953125,-5.529858112335205,85.40959930419922,97.10681915283205
-0.005615234375,0.981201171875,-0.0654296875,-7.4462890625,-4.638671875,2.0751953125,-5.396058082580566,85.4483871459961,96.8957290649414
0.001708984375,0.98095703125,-0.048095703125,-7.6904296875,-4.638671875,2.50244140625,-5.300786018371582,85.4354019165039,96.69059753417969
-0.001953125,0.990478515625,-0.07470703125,-7.62939453125,-4.5166015625,2.38037109375,-5.203207492828369,85.51545715332031,96.4904327392578
-0.000732421875,0.988037109375,-0.065673828125,-7.8125,-4.45556640625,2.25830078125,-5.099833965301514,85.53309631347656,96.28944396972656
-0.001220703125,0.978759765625,-0.057373046875,-7.32421875,-4.82177734375,1.5869140625,-4.973488807678223,85.55288696289062,96.0740203857422
-0.008544921875,0.973388671875,-0.070556640625,-7.2021484375,-5.126953125,1.8310546875,-4.847696781158447,85.59552001953125,95.85505676269531
-0.005859375,0.994384765625,-0.04443359375,-7.62939453125,-4.69970703125,2.0751953125,-4.739330768585205,85.5676498413086,95.65009307861328
-0.003662109375,0.981201171875,-0.055419921875,-7.080078125,-5.2490234375,1.5869140625,-4.622603893280028,85.59107208251953,95.4200439453125
0.008544921875,0.97998046875,-0.058349609375,-7.080078125,-4.5166015625,1.8310546875,-4.5215253829956055,85.62471771240234,95.2233428955078
0.005615234375,0.98486328125,-0.057861328125,-7.50732421875,-4.150390625,2.38037109375,-4.462912559509277,85.62952423095703,95.04051208496094
0.005615234375,0.9775390625,-0.05224609375,-7.4462890625,-4.7607421875,2.197265625,-4.401072978973389,85.62632751464844,94.833984375
-0.008544921875,0.974365234375,-0.05908203125,-7.50732421875,-4.5166015625,2.0751953125,-4.2887210845947275,85.63105773925781,94.63722229003906
-0.003173828125,0.984375,-0.06591796875,-7.50732421875,-4.8828125,1.8310546875,-4.199498176574707,85.65564727783203,94.42333221435548
0.010986328125,0.98486328125,-0.054443359375,-7.9345703125,-4.57763671875,1.953125,-4.1500244140625,85.6346206665039,94.2245864868164
-0.000732421875,0.98046875,-0.048095703125,-7.2021484375,-4.45556640625,2.25830078125,-4.083134651184082,85.61511993408203,94.02264404296876
-0.00537109375,0.984375,-0.055419921875,-7.26318359375,-4.39453125,2.44140625,-4.019641399383545,85.62380981445312,93.83293151855469
-0.00732421875,0.9833984375,-0.040283203125,-7.75146484375,-4.638671875,2.0751953125,-3.9400441646575928,85.57845306396484,93.6351318359375
-0.0048828125,0.99658203125,-0.06201171875,-7.50732421875,-4.638671875,2.3193359375,-3.856855869293213,85.5648193359375,93.44568634033205
-0.005615234375,0.990234375,-0.0576171875,-7.4462890625,-4.69970703125,1.708984375,-3.7737703323364262,85.57261657714844,93.24250793457031
0.014892578125,0.979248046875,-0.05224609375,-7.9345703125,-4.94384765625,2.3193359375,-3.7661428451538086,85.54996490478516,93.0326919555664
0.001220703125,0.9833984375,-0.06640625,-6.77490234375,-4.45556640625,1.64794921875,-3.7210302352905273,85.54652404785156,92.84229278564452
0.006591796875,0.967041015625,-0.057373046875,-7.568359375,-5.06591796875,1.46484375,-3.6630237102508554,85.55325317382812,92.6243896484375
0.0029296875,0.98583984375,-0.055419921875,-7.4462890625,-4.7607421875,2.197265625,-3.62672758102417,85.55651092529297,92.4216079711914
-0.011474609375,0.989501953125,-0.060791015625,-7.6904296875,-5.18798828125,1.77001953125,-3.5518805980682373,85.56651306152344,92.21519470214844
-0.006591796875,0.977294921875,-0.0654296875,-7.14111328125,-4.33349609375,2.13623046875,-3.494394540786743,85.60417938232422,92.0283660888672
0.007568359375,0.98388671875,-0.04931640625,-7.4462890625,-5.06591796875,2.197265625,-3.4760739803314213,85.59183502197266,91.81520080566406
0.00537109375,0.98291015625,-0.050048828125,-8.11767578125,-4.33349609375,2.25830078125,-3.4350738525390625,85.57566833496094,91.6202621459961
-0.004150390625,0.98876953125,-0.053955078125,-7.01904296875,-5.2490234375,1.64794921875,-3.370987892150879,85.59181213378906,91.39777374267578
-0.00732421875,0.982421875,-0.056640625,-7.62939453125,-4.94384765625,2.685546875,-3.342440128326416,85.58879089355469,91.19044494628906
0.0078125,0.995361328125,-0.070068359375,-7.01904296875,-4.8828125,1.953125,-3.3321712017059326,85.60181427001953,90.99019622802734
