-0.03515625,0.96826171875,-0.05810546875,-8.36181640625,-4.21142578125,1.8310546875,-0.4875783324241638,85.13288116455078,-54.85591506958008
-0.03564453125,0.980712890625,-0.057373046875,-7.9345703125,-4.5166015625,1.8310546875,-0.4734311997890472,85.12728881835938,-55.03300857543945
-0.033935546875,0.980224609375,-0.060546875,-7.8125,-4.638671875,1.708984375,-0.4593147337436676,85.13416290283203,-55.21533203125
-0.016357421875,0.989501953125,-0.070556640625,-8.056640625,-4.69970703125,2.25830078125,-0.5087565779685974,85.15261840820312,-55.39826965332031
-0.032958984375,0.9873046875,-0.0693359375,-7.6904296875,-4.5166015625,2.0751953125,-0.5101571083068848,85.18246459960938,-55.57492446899414
-0.020263671875,0.997802734375,-0.06494140625,-8.056640625,-4.638671875,2.13623046875,-0.5438339710235596,85.18514251708984,-55.75609970092773
-0.037109375,0.976806640625,-0.0556640625,-8.1787109375,-4.5166015625,1.89208984375,-0.5260276198387146,85.16447448730469,-55.93335723876953
-0.0361328125,0.996826171875,-0.062255859375,-8.30078125,-4.21142578125,2.44140625,-0.5337982177734375,85.15190124511719,-56.09663772583008
-0.02783203125,0.984375,-0.05908203125,-8.056640625,-4.82177734375,1.953125,-0.5418967008590698,85.14447021484375,-56.28574752807617
-0.03173828125,0.98388671875,-0.066162109375,-8.4228515625,-4.5166015625,2.01416015625,-0.5421696901321411,85.1387710571289,-56.46272277832031
-0.027099609375,0.980712890625,-0.0615234375,-7.26318359375,-4.638671875,1.8310546875,-0.5459466576576233,85.16963958740234,-56.64502334594727
-0.036865234375,0.984130859375,-0.064453125,-8.056640625,-4.57763671875,1.8310546875,-0.5271065831184387,85.1736068725586,-56.82507705688477
-0.037353515625,0.99267578125,-0.05810546875,-8.11767578125,-4.45556640625,1.77001953125,-0.505764901638031,85.15924835205078,-57.00021743774414
-0.03955078125,0.9912109375,-0.075927734375,-8.23974609375,-4.69970703125,2.50244140625,-0.5101653933525085,85.18109893798828,-57.182960510253906
-0.027587890625,0.98291015625,-0.055419921875,-8.60595703125,-5.0048828125,2.0751953125,-0.5250327587127686,85.14237976074219,-57.378807067871094
-0.03662109375,0.97705078125,-0.07275390625,-7.568359375,-4.21142578125,1.89208984375,-0.5083130598068237,85.18684387207031,-57.5440902709961
-0.0302734375,0.9765625,-0.0517578125,-8.6669921875,-4.57763671875,2.13623046875,-0.5176388621330261,85.13762664794922,-57.72266387939453
-0.03076171875,0.984375,-0.0576171875,-7.568359375,-4.39453125,2.13623046875,-0.5255370140075684,85.14669036865234,-57.89403533935547
-0.02099609375,0.986083984375,-0.05859375,-8.48388671875,-4.638671875,1.89208984375,-0.546798050403595,85.12101745605469,-58.075927734375
-0.02685546875,0.985107421875,-0.0693359375,-7.8125,-5.126953125,1.5869140625,-0.5432350635528564,85.14798736572266,-58.27865600585938
-0.021728515625,0.990478515625,-0.0654296875,-8.36181640625,-4.94384765625,1.77001953125,-0.5584826469421387,85.1422119140625,-58.47336959838867
-0.036376953125,0.97802734375,-0.061767578125,-8.1787109375,-4.39453125,1.77001953125,-0.5368129611015321,85.13710021972656,-58.64631271362305
-0.029541015625,0.982177734375,-0.069091796875,-7.8125,-4.82177734375,1.708984375,-0.5310795307159424,85.1631851196289,-58.83645248413086
-0.042724609375,0.985595703125,-0.06005859375,-8.30078125,-4.638671875,2.3193359375,-0.5191199779510498,85.14730834960938,-59.01721572875977
-0.029541015625,0.99072265625,-0.06494140625,-7.4462890625,-4.33349609375,2.13623046875,-0.5299931168556213,85.1766357421875,-59.18631362915039
-0.0205078125,0.988037109375,-0.060791015625,-8.72802734375,-4.45556640625,1.64794921875,-0.5419290065765381,85.14469909667969,-59.361793518066406
-0.026611328125,1.001708984375,-0.071044921875,-7.62939453125,-4.69970703125,1.708984375,-0.5434971451759338,85.17916107177734,-59.54710006713867
-0.00927734375,0.9931640625,-0.06201171875,-7.8125,-4.7607421875,1.89208984375,-0.5913921594619751,85.18603515625,-59.73397827148438
-0.028564453125,0.998046875,-0.08203125,-8.056640625,-4.57763671875,1.953125,-0.5956390500068665,85.22706604003906,-59.91425323486328
-0.031982421875,0.974609375,-0.059814453125,-8.60595703125,-5.31005859375,2.01416015625,-0.5948050022125244,85.19808959960938,-60.12314987182617
-0.045654296875,0.975830078125,-0.06640625,-8.11767578125,-4.45556640625,1.89208984375,-0.5549416542053223,85.20418548583984,-60.29859161376953
-0.04345703125,0.987060546875,-0.071044921875,-7.75146484375,-4.69970703125,2.01416015625,-0.5284891128540039,85.23350524902344,-60.48320007324219
-0.037109375,0.978759765625,-0.0625,-7.75146484375,-4.638671875,2.0751953125,-0.5189809799194336,85.24346923828125,-60.66485595703125
-0.028564453125,0.9951171875,-0.064453125,-8.23974609375,-4.39453125,2.0751953125,-0.529917299747467,85.23556518554688,-60.8366813659668
-0.034912109375,0.98681640625,-0.06005859375,-7.2021484375,-4.45556640625,1.64794921875,-0.5084759593009949,85.26063537597656,-61.01232528686523
-0.037353515625,0.978271484375,-0.060546875,-8.23974609375,-4.45556640625,2.3193359375,-0.5082070827484131,85.2454605102539,-61.185791015625
-0.0390625,0.9794921875,-0.06298828125,-8.36181640625,-4.57763671875,2.25830078125,-0.5021389722824097,85.2314453125,-61.36435317993164
-0.03369140625,0.99755859375,-0.058837890625,-8.11767578125,-4.638671875,2.0751953125,-0.5030459761619568,85.21585845947266,-61.54572296142578
-0.023681640625,0.99951171875,-0.074462890625,-8.48388671875,-4.57763671875,2.38037109375,-0.5387862920761108,85.22123718261719,-61.72390365600586
-0.0263671875,0.97705078125,-0.063720703125,-7.99560546875,-4.2724609375,1.708984375,-0.5379409790039062,85.22501373291016,-61.89211654663086
-0.0244140625,0.989990234375,-0.080078125,-7.568359375,-4.7607421875,2.0751953125,-0.558519184589386,85.28105926513672,-62.07895278930664
-0.029296875,0.986328125,-0.05224609375,-8.1787109375,-4.45556640625,2.44140625,-0.5802265405654907,85.24772644042969,-62.25207138061523
-0.04052734375,0.9765625,-0.06884765625,-8.056640625,-4.39453125,1.708984375,-0.5452671647071838,85.25981903076172,-62.42565155029297
-0.0263671875,1.004150390625,-0.071533203125,-8.48388671875,-4.21142578125,2.38037109375,-0.572223424911499,85.25617218017578,-62.5895004272461
-0.023681640625,0.99755859375,-0.073486328125,-8.72802734375,-4.5166015625,2.01416015625,-0.5902878046035767,85.24848175048828,-62.76687240600586
-0.0458984375,0.982666015625,-0.06103515625,-7.9345703125,-5.126953125,1.5869140625,-0.5405706167221069,85.24683380126953,-62.969947814941406
-0.006103515625,0.980224609375,-0.120849609375,-7.9345703125,-7.01904296875,0.8544921875,-0.5613267421722412,85.38249969482422,-63.25152206420898
-0.087890625,1.0224609375,-0.07080078125,-8.056640625,-18.06640625,4.2724609375,-0.5702923536300659,85.39124298095703,-63.96278762817383
0.0107421875,0.89453125,-0.0751953125,-9.09423828125,-4.7607421875,2.8076171875,-0.7012928128242493,85.38771057128906,-64.14756774902344
-0.072265625,1.0537109375,-0.058349609375,-6.28662109375,-4.82177734375,2.01416015625,-0.6129980087280273,85.43159484863281,-64.33786010742189
-0.15380859375,0.996826171875,-0.043701171875,-7.9345703125,-30.2734375,3.5400390625,-0.476026713848114,85.38831329345703,-65.53860473632811
0.056884765625,0.977294921875,-0.1025390625,-5.67626953125,-47.9736328125,4.94384765625,-0.9292497038841248,85.58815002441406,-67.44033813476561
0.08154296875,1.012939453125,-0.058349609375,-4.82177734375,-48.828125,2.685546875,-1.3224598169326782,85.72331237792969,-69.38513946533203
0.212646484375,1.01123046875,0.0625,2.685546875,-65.61279296875,0.732421875,-1.9489214420318604,85.91930389404297,-72.00148010253906
0.169189453125,0.9072265625,0.0576171875,10.43701171875,-36.9873046875,-7.62939453125,-2.0790908336639404,86.391845703125,-73.4985580444336
0.11474609375,1.261474609375,-0.01513671875,17.9443359375,-18.49365234375,-8.6669921875,-1.895648956298828,87.29069519042969,-74.26187133789062
-0.022705078125,1.49609375,-0.054443359375,3.0517578125,-21.05712890625,-20.69091796875,-0.9963360428810121,87.61022186279297,-75.1435775756836
0.019775390625,1.458251953125,-0.08154296875,-11.23046875,-45.5322265625,-32.16552734375,0.2203788459300995,87.38067626953125,-77.0186767578125
0.147705078125,1.24951171875,-0.128173828125,-12.8173828125,-59.9365234375,-35.33935546875,1.2479398250579834,87.15499877929688,-79.47341918945312
0.24658203125,1.02001953125,-0.106201171875,11.90185546875,-57.7392578125,-26.2451171875,1.622037410736084,87.89631652832031,-81.81798553466797
0.2158203125,1.004150390625,-0.06494140625,34.72900390625,-47.4853515625,-14.16015625,1.609103083610535,89.44175720214844,-83.72815704345703
0.147705078125,1.018798828125,-0.000244140625,42.724609375,-45.10498046875,-1.8310546875,1.307217717170715,91.11175537109376,-85.53609466552734
0.138916015625,1.03076171875,0.031982421875,31.494140625,-55.419921875,10.009765625,0.6245951652526855,92.20452117919922,-87.76971435546875
0.1162109375,0.98681640625,0.0283203125,13.61083984375,-63.96484375,15.7470703125,-0.17796480655670166,92.57159423828124,-90.3553695678711
0.113525390625,0.935302734375,0.00244140625,-5.92041015625,-73.3642578125,20.81298828125,-1.1411832571029663,92.24600219726562,-93.32207489013672
0.125732421875,0.8720703125,-0.040283203125,-25.2685546875,-75.25634765625,30.33447265625,-2.525071144104004,91.33331298828124,-96.369873046875
0.14794921875,0.884033203125,-0.08251953125,-35.09521484375,-66.34521484375,39.97802734375,-4.347946643829347,90.2325668334961,-99.05713653564452
0.061279296875,0.838623046875,-0.101806640625,-41.32080078125,-52.3681640625,46.875,-6.2155303955078125,89.02373504638672,-101.17352294921876
-0.040771484375,0.748046875,-0.0712890625,-37.90283203125,-60.85205078125,39.55078125,-7.478191375732423,88.03773498535156,-103.61915588378906
-0.014892578125,0.875,-0.07470703125,-29.9072265625,-78.369140625,57.373046875,-14.235535621643065,88.91726684570312,-128.21060180664062
-0.033203125,0.84765625,-0.090087890625,-37.29248046875,-69.3359375,72.75390625,-16.546083450317386,88.45304870605469,-131.10101318359378
-0.085693359375,0.84765625,-0.08642578125,-28.74755859375,-49.1943359375,78.7353515625,-18.873743057250977,88.1956787109375,-133.16888427734378
-0.174560546875,0.8564453125,-0.10205078125,-12.51220703125,-43.51806640625,65.85693359375,-20.396175384521484,88.63214111328125,-135.05923461914062
-0.250732421875,0.8955078125,-0.075927734375,9.1552734375,-53.64990234375,44.43359375,-20.848031997680664,90.03621673583984,-137.40835571289062
-0.201171875,0.96533203125,-0.068115234375,31.25,-89.35546875,18.37158203125,-20.254194259643555,92.77918243408205,-141.2729949951172
-0.144775390625,1.01318359375,-0.042236328125,43.02978515625,-103.1494140625,6.40869140625,-19.09896850585937,95.9429702758789,-145.62266540527344
-0.063232421875,1.009033203125,-0.014404296875,50.96435546875,-102.05078125,5.9814453125,-17.914592742919922,99.115234375,-149.82301330566406
-0.039306640625,1.089111328125,0.00439453125,54.5654296875,-77.45361328125,17.9443359375,-17.276596069335938,101.90071105957031,-153.01451110839844
-0.09521484375,1.155517578125,-0.000244140625,48.03466796875,-57.31201171875,31.1279296875,-17.127016067504886,104.09445190429688,-155.48399353027344
-0.153564453125,1.208251953125,-0.033935546875,32.71484375,-46.56982421875,38.87939453125,-17.220613479614258,105.55622100830078,-157.62437438964844
-0.1904296875,1.20654296875,-0.060791015625,1.77001953125,-46.38671875,38.75732421875,-17.213020324707028,105.78082275390624,-159.78016662597656
-0.15673828125,1.154296875,-0.103515625,-17.88330078125,-47.18017578125,30.1513671875,-16.91118049621582,105.27404022216795,-161.8957977294922
-0.1220703125,1.07177734375,-0.118896484375,-31.55517578125,-46.20361328125,21.240234375,-16.356496810913086,104.23136901855469,-163.887939453125
-0.07177734375,1.02099609375,-0.153564453125,-39.48974609375,-42.17529296875,14.2822265625,-15.719374656677244,102.91596221923828,-165.6759033203125
-0.017822265625,0.99609375,-0.14306640625,-39.1845703125,-35.15625,13.427734375,-15.285676956176758,101.55332946777344,-167.1739959716797
-0.006103515625,0.999267578125,-0.135986328125,-36.7431640625,-27.7099609375,12.939453125,-14.96587371826172,100.23458099365234,-168.36776733398438
-0.02490234375,1.00927734375,-0.109619140625,-34.1796875,-19.71435546875,12.26806640625,-14.672750473022461,98.91558837890624,-169.22064208984375
-0.04248046875,1.029541015625,-0.073486328125,-37.17041015625,-20.263671875,7.2021484375,-14.172682762145994,97.43441772460938,-170.0487823486328
-0.049560546875,1.000732421875,-0.08740234375,-40.83251953125,-26.67236328125,-1.46484375,-13.321382522583008,95.94610595703124,-171.11477661132812
-0.01318359375,0.94921875,-0.059814453125,-40.771484375,-35.7666015625,-15.13671875,-12.029937744140625,94.51468658447266,-172.49913024902344
0.000732421875,0.90869140625,-0.073974609375,-40.1611328125,-40.283203125,-29.11376953125,-10.284942626953123,93.2020034790039,-174.0582733154297
0.075927734375,0.911376953125,-0.0693359375,-44.3115234375,-45.0439453125,-38.02490234375,-8.466741561889647,91.7479248046875,-175.8192596435547
0.04931640625,0.85986328125,-0.05517578125,-60.60791015625,-28.6865234375,-60.97412109375,-5.8143067359924325,89.5266342163086,-176.95314025878906
-0.02685546875,0.839111328125,-0.012451171875,-43.88427734375,-22.705078125,-55.2978515625,-3.3252294063568115,87.8861312866211,-177.91549682617188
-0.4697265625,2.10791015625,-0.470703125,43.9453125,-56.396484375,-52.79541015625,-0.6414632201194763,90.2745132446289,-180.21934509277344
0.047119140625,0.797607421875,-0.047119140625,-6.28662109375,-72.8759765625,-38.6962890625,0.8127354383468628,90.12670135498048,-183.12350463867188
0.31787109375,1.1123046875,0.156982421875,29.35791015625,-33.38623046875,-11.962890625,0.6566041111946106,90.95755767822266,-184.4598846435547
-0.0673828125,0.68701171875,-0.107421875,-20.3857421875,-0.9765625,5.126953125,0.6465184688568115,90.4399185180664,-184.50022888183597
-0.049072265625,0.93310546875,-0.0888671875,-11.04736328125,-4.69970703125,2.38037109375,0.6466183066368103,90.17927551269531,-184.68751525878903
-0.05126953125,1.018310546875,-0.06787109375,-7.9345703125,-5.92041015625,1.77001953125,0.665637731552124,89.98824310302734,-184.92367553710938
-0.060546875,0.98681640625,-0.062744140625,-7.6904296875,-11.962890625,2.9296875,0.6620931029319763,89.80458068847656,-185.4014587402344
-0.01416015625,1.0107421875,-0.057373046875,-8.1787109375,-20.56884765625,3.35693359375,0.5321975350379944,89.5904769897461,-186.22259521484372
0.015869140625,0.991455078125,-0.025146484375,-8.1787109375,-15.9912109375,3.47900390625,0.3320673108100891,89.31717681884766,-186.8605194091797
-0.006103515625,0.99169921875,-0.052490234375,-7.9345703125,-4.57763671875,1.953125,0.25313347578048706,89.13113403320312,-187.04205322265625
-0.059814453125,1.01318359375,-0.07275390625,-7.9345703125,-4.39453125,2.3193359375,0.2820541858673096,88.99515533447266,-187.2163848876953
-0.06591796875,0.989990234375,-0.07763671875,-8.1787109375,-4.8828125,1.953125,0.3405950367450714,88.86924743652344,-187.4101104736328
-0.02880859375,0.978271484375,-0.05419921875,-9.27734375,-4.638671875,2.3193359375,0.2980511784553528,88.65271759033203,-187.59327697753903
-0.029052734375,0.971923828125,-0.06298828125,-8.30078125,-4.33349609375,2.13623046875,0.2651495337486267,88.50532531738281,-187.76405334472656
-0.01171875,1.011962890625,-0.0693359375,-7.99560546875,-4.638671875,2.0751953125,0.19380557537078855,88.38465881347656,-187.94671630859372
-0.018310546875,0.97607421875,-0.05078125,-7.8125,-4.45556640625,1.77001953125,0.1535094976425171,88.23882293701172,-188.12261962890625
-0.033935546875,0.98681640625,-0.06494140625,-7.62939453125,-4.5166015625,2.197265625,0.13271641731262207,88.1373062133789,-188.3004913330078
-0.029296875,0.99462890625,-0.06103515625,-7.75146484375,-5.06591796875,1.5869140625,0.12492240965366365,88.02490234375,171.4990692138672
-0.026611328125,0.9833984375,-0.0498046875,-8.23974609375,-5.06591796875,2.3193359375,0.08240217715501785,87.87327575683594,171.29966735839844
-0.03466796875,0.975830078125,-0.064697265625,-7.9345703125,-4.5166015625,1.64794921875,0.0877571776509285,87.77531433105469,171.12136840820312
-0.028564453125,0.9736328125,-0.06103515625,-7.4462890625,-4.33349609375,1.5869140625,0.08131947368383408,87.69266510009766,170.9505157470703
-0.036376953125,0.994140625,-0.0537109375,-7.75146484375,-4.638671875,1.953125,0.07626282423734665,87.58143615722656,170.7679901123047
-0.0263671875,0.97802734375,-0.068115234375,-8.23974609375,-4.69970703125,2.38037109375,0.03209475800395012,87.49051666259766,170.58399963378906
-0.030029296875,0.991455078125,-0.059326171875,-8.23974609375,-5.0048828125,1.89208984375,0.015876587480306625,87.3811264038086,170.38693237304688
-0.030517578125,0.98486328125,-0.06591796875,-8.11767578125,-4.2724609375,1.52587890625,0.017362458631396294,87.29698944091797,170.21861267089844
-0.03466796875,0.99755859375,-0.069091796875,-8.4228515625,-5.18798828125,1.89208984375,0.01084090769290924,87.20919036865234,170.014404296875
-0.02978515625,0.98193359375,-0.06884765625,-8.23974609375,-4.638671875,1.77001953125,0.00014839001232758164,87.13418579101562,169.83209228515625
-0.019775390625,0.99658203125,-0.071044921875,-7.9345703125,-4.39453125,2.197265625,-0.0384071059525013,87.03955078125,169.66043090820312
-0.025390625,0.97314453125,-0.07177734375,-8.36181640625,-5.18798828125,2.3193359375,-0.08023785054683685,86.9748306274414,169.457275390625
-0.025146484375,0.9814453125,-0.0576171875,-8.30078125,-4.82177734375,2.01416015625,-0.1088116616010666,86.88127899169922,169.26809692382812
-0.02099609375,1.0,-0.071044921875,-8.30078125,-4.82177734375,1.8310546875,-0.13974322378635404,86.81940460205078,169.0785369873047
-0.01025390625,0.9931640625,-0.05615234375,-8.544921875,-4.638671875,1.40380859375,-0.17647962272167206,86.71759033203125,168.89552307128906
-0.031982421875,0.98291015625,-0.0576171875,-8.056640625,-4.69970703125,2.3193359375,-0.19827638566493988,86.64401245117188,168.71177673339844
-0.0185546875,0.977294921875,-0.05517578125,-8.6669921875,-4.39453125,2.197265625,-0.2446487843990326,86.544189453125,168.54013061523438
-0.02099609375,0.985107421875,-0.054931640625,-8.056640625,-4.7607421875,2.3193359375,-0.28986385464668274,86.47137451171875,168.3540496826172
-0.0478515625,0.976318359375,-0.054931640625,-8.48388671875,-4.94384765625,2.197265625,-0.2664229869842529,86.38529205322266,168.1600341796875
-0.02734375,0.984619140625,-0.051513671875,-8.36181640625,-5.06591796875,1.953125,-0.2828267216682434,86.2988052368164,167.96102905273438
-0.02490234375,0.98583984375,-0.06103515625,-8.30078125,-4.45556640625,1.8310546875,-0.2982098162174225,86.23977661132812,167.78604125976562
-0.02099609375,0.985595703125,-0.065185546875,-7.32421875,-4.69970703125,1.708984375,-0.31782156229019165,86.23178100585938,167.60098266601562
-0.017822265625,0.986328125,-0.064208984375,-8.6669921875,-4.5166015625,1.953125,-0.353350430727005,86.16812896728516,167.42379760742188
-0.026123046875,0.992919921875,-0.062744140625,-7.568359375,-4.69970703125,1.5869140625,-0.3548282086849213,86.14668273925781,167.2382354736328
-0.02734375,0.97607421875,-0.06201171875,-8.30078125,-5.18798828125,2.13623046875,-0.3756074011325836,86.09768676757812,167.0345916748047
-0.022216796875,0.982666015625,-0.0595703125,-8.48388671875,-4.7607421875,2.44140625,-0.4190174639225006,86.03678894042969,166.8488311767578
-0.03369140625,1.00146484375,-0.06494140625,-7.99560546875,-4.57763671875,2.13623046875,-0.4232654869556427,86.00731658935547,166.6693115234375
-0.029541015625,0.994384765625,-0.04443359375,-7.99560546875,-4.5166015625,2.0751953125,-0.4337226152420044,85.93352508544922,166.49244689941406
-0.02490234375,0.990478515625,-0.06884765625,-8.544921875,-5.2490234375,1.953125,-0.4515456855297089,85.89694213867188,166.2856903076172
-0.0166015625,1.038818359375,-0.07275390625,-7.9345703125,-4.39453125,1.77001953125,-0.4798190295696258,85.88766479492188,166.11253356933594
-0.020751953125,0.96875,-0.05859375,-7.32421875,-3.96728515625,2.3193359375,-0.5153818726539612,85.88116455078125,165.95791625976562
-0.024169921875,0.985107421875,-0.0703125,-8.6669921875,-5.18798828125,1.89208984375,-0.5289633274078369,85.84625244140625,165.75302124023438
-0.034423828125,0.9990234375,-0.06201171875,-6.9580078125,-4.2724609375,1.77001953125,-0.5121474266052246,85.85971069335938,165.58438110351562
-0.031005859375,0.993896484375,-0.074462890625,-8.30078125,-5.31005859375,2.01416015625,-0.5160374641418457,85.84818267822266,165.37486267089844
-0.02294921875,0.9814453125,-0.06298828125,-7.8125,-4.45556640625,1.89208984375,-0.5302205085754395,85.83229064941406,165.19935607910156
-0.025390625,0.98046875,-0.074462890625,-8.11767578125,-4.94384765625,2.0751953125,-0.5468915700912476,85.83146667480469,165.0045623779297
-0.018310546875,0.9921875,-0.066650390625,-7.9345703125,-5.126953125,2.01416015625,-0.5777990818023682,85.81849670410156,164.8024444580078
-0.02587890625,0.985595703125,-0.0634765625,-8.48388671875,-4.7607421875,2.01416015625,-0.5888727307319641,85.77772521972656,164.6147918701172
-0.03173828125,0.978271484375,-0.051025390625,-7.4462890625,-4.45556640625,1.77001953125,-0.5749619603157043,85.75228118896484,164.43885803222656
-0.03125,0.98974609375,-0.058837890625,-8.11767578125,-4.45556640625,1.708984375,-0.5612834692001343,85.71739196777344,164.26268005371094
-0.030517578125,0.987060546875,-0.061279296875,-7.99560546875,-4.8828125,2.3193359375,-0.5752237439155579,85.69485473632812,164.07125854492188
-0.0263671875,0.9921875,-0.057373046875,-7.32421875,-4.638671875,1.77001953125,-0.5759243965148926,85.69043731689453,163.88809204101562
-0.021728515625,0.986083984375,-0.0703125,-8.30078125,-4.69970703125,1.8310546875,-0.589596152305603,85.67753601074219,163.702392578125
-0.02587890625,0.9814453125,-0.056884765625,-8.60595703125,-4.2724609375,2.38037109375,-0.6135432124137878,85.6227798461914,163.53553771972656
-0.01318359375,0.988525390625,-0.056884765625,-8.23974609375,-4.2724609375,1.77001953125,-0.6419456005096436,85.58404541015625,163.36697387695312
