0.015869140625,1.001220703125,0.05029296875,-8.36181640625,-4.94384765625,2.38037109375,-2.9336011409759517,78.14842224121094,-45.56152725219727
-0.013427734375,0.982666015625,0.06103515625,-8.60595703125,-4.82177734375,2.13623046875,-2.934301853179932,78.15458679199219,-45.7563591003418
-0.001220703125,0.994140625,0.0478515625,-9.033203125,-4.7607421875,1.77001953125,-2.923656463623047,78.14762115478516,-45.946937561035156
-0.0078125,0.989990234375,0.056396484375,-8.23974609375,-4.150390625,1.77001953125,-2.8932809829711914,78.15150451660156,-46.11254119873047
0.00927734375,0.992919921875,0.053466796875,-8.1787109375,-5.0048828125,2.0751953125,-2.916622877120972,78.15158081054688,-46.30362319946289
-0.000732421875,0.982421875,0.0732421875,-8.60595703125,-4.94384765625,1.77001953125,-2.90889048576355,78.10272216796875,-46.49822998046875
0.00244140625,0.97265625,0.072021484375,-8.7890625,-4.5166015625,2.01416015625,-2.9150750637054443,78.04862976074219,-46.674095153808594
0.0078125,0.995361328125,0.05078125,-8.1787109375,-5.0048828125,1.89208984375,-2.9041097164154053,78.0741958618164,-46.85140228271485
-0.00830078125,0.973876953125,0.0615234375,-8.30078125,-4.69970703125,2.38037109375,-2.901484489440918,78.06538391113281,-47.03276443481445
0.016357421875,0.979736328125,0.056396484375,-8.30078125,-4.57763671875,2.13623046875,-2.9456472396850586,78.06939697265625,-47.211769104003906
-0.00048828125,0.991455078125,0.05126953125,-8.7890625,-4.7607421875,2.50244140625,-2.9696171283721924,78.05043029785156,-47.40374755859375
-0.0048828125,0.97900390625,0.0546875,-8.97216796875,-4.5166015625,2.0751953125,-2.9592268466949463,78.03211975097656,-47.581626892089844
0.007080078125,0.994873046875,0.062744140625,-8.9111328125,-4.45556640625,2.01416015625,-2.973721027374268,78.00065612792969,-47.756614685058594
0.002685546875,0.994140625,0.05859375,-8.48388671875,-4.69970703125,1.5869140625,-2.9997217655181885,78.01094055175781,-47.9312515258789
0.0048828125,0.98779296875,0.060791015625,-8.30078125,-4.57763671875,1.953125,-3.0063631534576416,78.0085220336914,-48.1119613647461
-0.01171875,0.9853515625,0.0576171875,-9.033203125,-4.94384765625,1.953125,-2.977719783782959,77.98455047607422,-48.30755996704102
0.007568359375,0.993896484375,0.04150390625,-8.48388671875,-4.638671875,1.89208984375,-2.9512119293212886,78.0385971069336,-48.478965759277344
-0.0078125,0.9990234375,0.062255859375,-8.9111328125,-4.5166015625,1.89208984375,-2.92793345451355,78.0086898803711,-48.65750122070313
-0.01025390625,0.989501953125,0.071533203125,-8.544921875,-4.94384765625,2.44140625,-2.924702405929565,77.97271728515625,-48.84701538085938
0.00927734375,0.997802734375,0.05517578125,-8.97216796875,-4.8828125,2.01416015625,-2.9200472831726074,77.97327423095703,-49.03763961791992
0.00732421875,1.00244140625,0.050537109375,-8.30078125,-4.82177734375,2.25830078125,-2.949341297149658,77.99756622314453,-49.22621536254883
0.00732421875,0.994384765625,0.0537109375,-9.521484375,-5.18798828125,1.89208984375,-2.966283082962036,77.96493530273438,-49.431907653808594
-0.0009765625,0.995849609375,0.03759765625,-8.6669921875,-5.06591796875,2.25830078125,-2.9611458778381348,78.03297424316406,-49.61853790283203
-0.002685546875,1.001708984375,0.063720703125,-9.46044921875,-5.126953125,2.13623046875,-2.9636268615722656,77.97965240478516,-49.81888198852539
0.0029296875,0.977294921875,0.050048828125,-8.7890625,-5.0048828125,2.0751953125,-2.975813627243042,77.98290252685547,-50.01634979248047
0.00390625,0.986572265625,0.054443359375,-8.544921875,-4.45556640625,2.13623046875,-2.986565351486206,77.97299194335938,-50.21135330200195
-0.00537109375,0.983642578125,0.048583984375,-8.97216796875,-4.45556640625,2.01416015625,-2.971883535385132,77.97221374511719,-50.38821029663086
0.00439453125,1.002197265625,0.05126953125,-8.60595703125,-5.4931640625,2.3193359375,-3.000401496887207,77.98420715332031,-50.60287094116211
0.009033203125,0.982666015625,0.04736328125,-8.60595703125,-4.45556640625,1.5869140625,-2.9983673095703125,78.00550842285156,-50.79711151123047
0.0029296875,0.9765625,0.058837890625,-8.1787109375,-4.57763671875,1.77001953125,-2.9935455322265625,78.01115417480469,-50.97947692871094
-0.00390625,0.99267578125,0.0556640625,-8.36181640625,-4.8828125,2.13623046875,-2.9900381565093994,78.01911926269531,-51.17132949829102
-0.0078125,0.992431640625,0.0498046875,-8.23974609375,-4.5166015625,1.953125,-2.9908697605133057,78.05760955810547,-51.3462142944336
0.005126953125,0.995849609375,0.0556640625,-8.6669921875,-4.94384765625,2.197265625,-3.0107829570770264,78.05208587646484,-51.53990173339844
-0.00146484375,0.998046875,0.072509765625,-7.9345703125,-4.7607421875,1.953125,-3.003666400909424,78.0381088256836,-51.7265853881836
-0.015625,0.986572265625,0.050537109375,-8.60595703125,-4.39453125,2.3193359375,-3.0200104713439937,78.00254821777344,-51.91208267211914
0.00927734375,1.004150390625,0.04345703125,-9.33837890625,-5.0048828125,1.77001953125,-3.0322799682617188,78.00116729736328,-52.11331176757813
-0.004638671875,0.989990234375,0.047119140625,-8.7890625,-4.57763671875,2.0751953125,-2.97854232788086,78.08043670654297,-52.85607528686523
0.00634765625,1.001220703125,0.07177734375,-8.36181640625,-4.57763671875,1.5869140625,-2.9825451374053955,78.07638549804688,-53.04984664916992
0.015869140625,0.99609375,0.04931640625,-9.033203125,-4.7607421875,2.13623046875,-3.0234146118164062,78.06942749023438,-53.23747634887695
-0.004150390625,1.041259765625,-0.017822265625,-10.68115234375,-3.41796875,3.11279296875,-3.046027183532715,78.1436767578125,-53.37284469604492
0.016845703125,1.01318359375,0.11083984375,-15.07568359375,-4.21142578125,15.869140625,-3.373133659362793,77.85418701171875,-53.58528137207031
0.031982421875,0.98876953125,0.123046875,-8.11767578125,-7.9345703125,2.38037109375,-3.4709289073944087,77.73284912109375,-53.887657165527344
-0.018798828125,0.99267578125,0.002685546875,-7.9345703125,-16.54052734375,1.5869140625,-3.858264923095703,78.35860443115234,-58.2042007446289
0.002197265625,0.984375,0.0673828125,-8.1787109375,-15.44189453125,1.708984375,-3.919405460357666,78.35297393798828,-58.87592315673828
0.035400390625,0.9931640625,0.09130859375,-8.48388671875,-18.4326171875,1.5869140625,-4.053193092346191,78.30243682861328,-59.60425186157226
0.032958984375,1.051513671875,-0.01123046875,-21.484375,-25.87890625,-17.15087890625,-3.2933554649353027,78.32450103759766,-63.48414993286133
-0.0654296875,1.033203125,-0.057373046875,-26.123046875,-23.0712890625,-27.03857421875,-2.0281732082366943,77.80298614501953,-64.66474914550781
-0.122314453125,1.093994140625,-0.025146484375,-32.89794921875,-31.3720703125,-39.55078125,-0.4261552393436432,77.03693389892578,-66.25157165527344
-0.147216796875,0.9833984375,0.042236328125,-41.259765625,-39.0625,-52.978515625,1.6190323829650881,75.76256561279297,-68.2705078125
-0.15869140625,1.08349609375,0.0888671875,-41.3818359375,-40.1611328125,-63.5986328125,4.028278827667236,74.27375030517578,-70.57920837402344
-0.169921875,1.15380859375,0.072998046875,-61.5234375,-48.7060546875,-62.92724609375,6.049638271331787,72.04576873779297,-73.14749908447266
-0.22021484375,1.04443359375,0.08447265625,-62.744140625,-48.64501953125,-40.46630859375,7.183708667755128,69.76652526855469,-75.48018646240234
-0.187255859375,1.017333984375,0.090576171875,-46.630859375,-49.072265625,-3.72314453125,6.392003536224365,68.5491943359375,-77.19429016113281
-0.11181640625,1.09765625,0.1259765625,-25.2685546875,-44.12841796875,17.76123046875,5.070329189300537,67.97319793701172,-78.51754760742188
-0.057373046875,1.1015625,0.10107421875,-31.06689453125,-37.65869140625,24.10888671875,3.538115739822388,67.29979705810547,-79.49304962158203
-0.089111328125,0.958251953125,0.12548828125,-33.8134765625,-28.62548828125,25.20751953125,2.0407876968383794,66.50151062011719,-80.01983642578125
0.002685546875,0.769775390625,0.11474609375,-16.29638671875,-19.1650390625,56.396484375,-0.4120529294013977,66.42897796630861,-79.80834197998047
0.155517578125,0.851806640625,0.065673828125,12.20703125,-15.56396484375,78.0029296875,-3.909251928329468,67.61423492431639,-79.18114471435547
0.13037109375,0.98291015625,0.057373046875,19.59228515625,2.8076171875,59.02099609375,-5.865889549255371,69.08129119873047,-78.30760955810547
0.070556640625,1.10107421875,0.0048828125,7.8125,12.939453125,25.69580078125,-6.574329853057861,70.09485626220703,-77.5427474975586
0.112060546875,0.930908203125,0.109619140625,2.0751953125,23.62060546875,19.83642578125,-8.563336372375487,71.54521179199219,-74.4424819946289
0.059326171875,0.93505859375,0.109375,5.79833984375,34.423828125,17.9443359375,-8.469820022583008,71.99176025390625,-72.90498352050781
-0.00390625,0.96826171875,0.121337890625,8.72802734375,34.36279296875,10.92529296875,-8.132902145385742,72.54843139648438,-71.50886535644531
-0.026611328125,1.0224609375,0.1240234375,6.34765625,28.076171875,1.708984375,-7.494743347167969,73.057373046875,-70.46194458007812
0.03759765625,1.03759765625,0.12744140625,0.9765625,22.27783203125,-3.23486328125,-6.846298694610597,73.29667663574219,-69.69131469726561
0.001708984375,1.005126953125,0.154052734375,-5.55419921875,25.5126953125,-7.9345703125,-5.98812198638916,73.27871704101562,-68.83494567871094
-0.038818359375,0.981689453125,0.1533203125,-8.23974609375,26.7333984375,-0.3662109375,-5.345978260040283,73.14542388916016,-67.84197998046875
-0.071044921875,0.9814453125,0.191162109375,-8.85009765625,23.681640625,8.6669921875,-5.175153255462647,72.87532806396484,-66.88987731933594
0.00927734375,0.87451171875,0.194580078125,-12.20703125,18.85986328125,13.00048828125,-5.266979217529297,72.4754867553711,-66.028564453125
0.043701171875,0.8642578125,0.16796875,-8.1787109375,23.49853515625,6.4697265625,-5.136758804321289,72.3048095703125,-65.07328796386719
0.004638671875,0.900146484375,0.17724609375,-3.35693359375,27.2216796875,2.9296875,-4.775883197784424,72.39508819580078,-63.98992919921875
0.03369140625,0.944580078125,0.138916015625,-0.91552734375,29.72412109375,2.99072265625,-4.429450511932373,72.6160888671875,-62.84505081176758
-0.117431640625,1.013916015625,0.148193359375,-7.01904296875,28.01513671875,5.859375,-3.891139030456543,72.59587860107422,-61.73041534423828
-0.085693359375,1.010498046875,0.140625,-13.671875,12.26806640625,12.75634765625,-4.029456615447998,72.28638458251953,-61.28478622436523
0.021240234375,0.94775390625,0.109130859375,-19.287109375,3.23486328125,12.20703125,-4.34694242477417,71.92250061035156,-61.04309463500977
0.048095703125,0.876708984375,0.127685546875,-18.61572265625,6.28662109375,6.28662109375,-4.459928035736084,71.5276870727539,-60.75381469726562
0.052001953125,0.881591796875,0.163330078125,-10.43701171875,11.16943359375,2.25830078125,-4.356303215026856,71.54051208496094,-60.29396438598633
0.03271484375,0.922119140625,0.179443359375,-2.01416015625,13.18359375,5.859375,-4.3209924697875985,71.69780731201172,-59.73980712890625
0.10009765625,0.93359375,0.142578125,3.96728515625,13.916015625,8.97216796875,-4.56106424331665,72.17163848876953,-59.12566757202149
0.087646484375,0.960693359375,0.18212890625,6.53076171875,16.357421875,4.2724609375,-4.4790449142456055,72.57975006103516,-58.4721908569336
0.0517578125,0.9443359375,0.1806640625,5.126953125,15.80810546875,2.50244140625,-4.334714412689209,72.98259735107422,-57.85577392578125
0.023193359375,0.8984375,0.161865234375,2.5634765625,16.05224609375,1.3427734375,-4.088480949401856,73.29454803466797,-57.24307632446289
0.008056640625,0.86181640625,0.155029296875,6.9580078125,12.75634765625,2.0751953125,-3.945307731628418,74.04318237304688,-56.76448440551758
0.03955078125,0.951904296875,0.136962890625,15.625,16.11328125,-1.3427734375,-3.66138219833374,74.92057037353516,-56.17577743530274
-0.010986328125,1.03076171875,0.123291015625,12.51220703125,16.7236328125,-0.244140625,-3.316506147384644,75.69437408447266,-55.5489273071289
-0.041748046875,1.05126953125,0.173095703125,7.50732421875,10.55908203125,5.92041015625,-3.37044358253479,76.06991577148438,-55.212257385253906
0.053466796875,1.0107421875,0.153564453125,-1.46484375,0.0,6.9580078125,-3.624971866607666,76.20255279541016,-55.15790557861328
0.046630859375,1.005126953125,0.153564453125,-5.859375,0.732421875,1.3427734375,-3.630420923233032,76.15393829345703,-55.12879943847656
0.05224609375,1.00048828125,0.161376953125,-7.9345703125,2.50244140625,2.25830078125,-3.6534638404846187,75.99925994873047,-54.95854187011719
0.014404296875,1.027099609375,0.169189453125,-7.4462890625,6.28662109375,8.544921875,-3.81037163734436,75.85037231445312,-54.64311218261719
0.010986328125,1.03955078125,0.153564453125,-10.498046875,4.150390625,12.63427734375,-4.131392478942871,75.6248550415039,-54.37345504760742
0.00634765625,1.033203125,0.145751953125,-14.16015625,1.28173828125,11.29150390625,-4.393693447113037,75.16751098632812,-54.27656555175781
0.010009765625,1.0029296875,0.184326171875,-17.4560546875,-4.5166015625,10.009765625,-4.673575401306152,74.63667297363281,-54.36196899414063
0.0341796875,0.98876953125,0.18603515625,-17.02880859375,-5.7373046875,7.4462890625,-4.912310123443604,74.14058685302734,-54.51944351196289
0.05126953125,0.97412109375,0.18896484375,-17.822265625,-6.65283203125,6.34765625,-5.158018112182617,73.73902893066406,-54.71846008300781
0.0556640625,0.974853515625,0.154541015625,-16.9677734375,-3.662109375,2.86865234375,-5.2329816818237305,73.34417724609375,-54.85258865356445
0.01416015625,1.01171875,0.1552734375,-15.31982421875,-2.01416015625,2.13623046875,-5.162691116333008,73.03768920898438,-54.93418502807617
0.0185546875,1.000732421875,0.161865234375,-14.70947265625,-3.0517578125,6.103515625,-5.306633949279785,72.73567199707031,-55.04609680175781
0.043212890625,0.970947265625,0.1767578125,-15.5029296875,-6.04248046875,9.765625,-5.639588832855225,72.3886947631836,-55.1866226196289
0.060791015625,0.9521484375,0.17333984375,-16.357421875,-4.08935546875,7.87353515625,-5.907869815826416,72.01628875732422,-55.27525329589844
0.07373046875,0.9091796875,0.1826171875,-12.75634765625,-0.9765625,5.18798828125,-6.016385555267334,71.8115463256836,-55.26367950439453
0.062744140625,0.947021484375,0.198974609375,-7.2021484375,0.9765625,3.11279296875,-6.031285762786865,71.7525634765625,-55.212867736816406
0.03662109375,0.919189453125,0.23291015625,-9.33837890625,0.48828125,3.173828125,-5.993541717529298,71.51940155029297,-55.170616149902344
0.049072265625,0.92138671875,0.257568359375,-7.2021484375,-1.3427734375,3.90625,-6.084081172943115,71.3532485961914,-55.19935607910156
0.061279296875,0.893310546875,0.236572265625,-5.43212890625,-0.79345703125,5.55419921875,-6.212632179260254,71.26924133300781,-55.1737174987793
0.062255859375,0.88720703125,0.216064453125,-2.62451171875,0.8544921875,7.6904296875,-6.400547981262207,71.33635711669922,-55.06337356567383
0.05224609375,0.883544921875,0.20361328125,2.50244140625,0.732421875,8.4228515625,-6.61044454574585,71.78639221191406,-54.98333358764648
0.031982421875,0.980224609375,0.165283203125,3.72314453125,1.220703125,4.69970703125,-6.5868096351623535,72.25247955322266,-54.91666030883789
0.018798828125,1.015380859375,0.157470703125,2.01416015625,-2.0751953125,8.1787109375,-6.705091953277588,72.67206573486328,-54.93747329711914
0.0361328125,0.991943359375,0.1513671875,-2.13623046875,-6.53076171875,11.29150390625,-7.063192367553711,72.87938690185547,-55.165748596191406
0.069091796875,0.956298828125,0.138671875,-3.90625,-8.36181640625,7.01904296875,-7.3116559982299805,73.0914306640625,-55.4484748840332
0.064453125,0.99169921875,0.14208984375,-4.7607421875,-7.080078125,4.69970703125,-7.430076122283935,73.26321411132812,-55.71079635620117
0.006591796875,1.007568359375,0.09716796875,-6.103515625,-9.21630859375,7.87353515625,-7.66386604309082,73.44206237792969,-56.1021957397461
0.037353515625,0.97900390625,0.133544921875,-5.43212890625,-15.68603515625,10.3759765625,-8.020632743835451,73.6279525756836,-56.63818359375
0.087158203125,1.02783203125,0.1826171875,-9.21630859375,-15.5029296875,5.31005859375,-8.268039703369139,73.57323455810547,-57.21352767944336
0.064453125,1.056884765625,0.190185546875,-16.05224609375,-15.625,0.0,-8.172839164733888,73.07129669189453,-57.85043334960938
0.031982421875,0.943115234375,0.17138671875,-25.2685546875,-16.11328125,-1.5869140625,-8.05410099029541,72.40309143066406,-58.529701232910156
0.08251953125,0.963134765625,0.2041015625,-19.1650390625,-15.31982421875,1.64794921875,-8.172780990600586,71.92790985107422,-59.12994384765625
0.12890625,1.021240234375,0.202880859375,-16.7236328125,-12.939453125,-2.8076171875,-8.022323608398438,71.432373046875,-59.66997146606445
0.083984375,0.987060546875,0.217041015625,-32.28759765625,-8.30078125,-17.39501953125,-7.344235897064209,70.4468994140625,-60.24811935424805
0.043701171875,0.937255859375,0.190673828125,-36.376953125,-8.23974609375,-25.634765625,-6.309886932373048,69.37956237792969,-60.9534912109375
-0.083984375,0.837646484375,0.165283203125,-28.38134765625,-9.33837890625,-22.27783203125,-5.3833184242248535,68.91078186035156,-61.7034797668457
-0.000244140625,0.91552734375,0.140380859375,-10.80322265625,-13.73291015625,-12.3291015625,-4.9088335037231445,69.01750183105469,-62.44054412841797
0.043701171875,1.04833984375,0.14794921875,-8.85009765625,-12.0849609375,-19.04296875,-4.271904468536377,69.21977996826172,-63.20726776123047
0.06640625,1.03564453125,0.174072265625,-18.49365234375,-11.65771484375,-21.240234375,-3.540696620941162,68.89305877685547,-63.94035720825195
-0.03759765625,0.833984375,0.1484375,-28.564453125,-12.939453125,-13.18359375,-2.999475479125977,68.21160125732422,-64.64337158203125
-0.0341796875,0.896728515625,0.17578125,-16.17431640625,-12.75634765625,-3.84521484375,-2.8429479598999023,68.00175476074219,-65.19755554199219
0.0732421875,0.758056640625,0.177001953125,0.79345703125,-39.4287109375,22.216796875,-4.442509174346924,69.30495452880861,-66.35298156738281
0.013916015625,0.9267578125,0.068603515625,-11.16943359375,-9.70458984375,8.544921875,-4.760727405548097,69.51216888427734,-66.64794921875
0.064697265625,0.920166015625,0.04833984375,-10.498046875,-18.4326171875,10.498046875,-5.3847761154174805,69.81289672851561,-67.25364685058594
0.10107421875,0.953369140625,0.020751953125,-10.6201171875,-14.70947265625,-2.74658203125,-5.193016529083252,70.13228607177734,-67.98280334472656
0.06396484375,0.925048828125,0.05859375,-11.5966796875,-16.90673828125,-25.08544921875,-4.433997631072998,70.37540435791016,-69.01628875732422
0.008544921875,0.97021484375,0.072021484375,-1.8310546875,-17.4560546875,-5.7373046875,-3.229872941970825,77.96697235107422,-82.2553939819336
0.01220703125,0.995361328125,0.07177734375,2.50244140625,-15.93017578125,-2.685546875,-3.16896915435791,78.36939239501953,-82.89226531982422
0.0205078125,1.00439453125,0.06298828125,-3.11279296875,-12.51220703125,-4.5166015625,-3.011777639389038,78.57755279541016,-83.43628692626953
0.022216796875,0.9931640625,0.067138671875,-4.21142578125,-9.765625,-7.9345703125,-2.7086126804351807,78.71623229980469,-83.89669036865234
0.002685546875,0.963134765625,0.077392578125,-2.5634765625,-5.126953125,-12.87841796875,-2.1295478343963623,78.89443969726562,-84.1812515258789
-0.03466796875,1.00439453125,0.061279296875,-2.86865234375,-4.33349609375,-7.75146484375,-1.6963042020797732,79.07429504394531,-84.42085266113281
-0.024169921875,0.979248046875,0.062255859375,-2.25830078125,-4.638671875,2.13623046875,-1.6912695169448853,79.26287078857422,-84.59586334228516
-0.02880859375,0.95751953125,0.081298828125,-0.48828125,-4.69970703125,9.58251953125,-1.5309389829635618,77.77754974365234,-84.76094818115234
-0.283447265625,1.161376953125,-0.35498046875,15.44189453125,-11.04736328125,47.119140625,-2.8905458450317383,79.46736907958984,-84.85101318359375
0.05810546875,1.05078125,0.189453125,-4.8828125,-9.1552734375,30.6396484375,-4.166285037994385,79.27770233154297,-84.9892349243164
-0.074951171875,0.999755859375,0.0830078125,-15.56396484375,-11.3525390625,11.41357421875,-4.423219203948975,78.6887435913086,-85.45918273925781
0.067626953125,0.9248046875,0.119873046875,-17.51708984375,-12.26806640625,7.50732421875,-4.801900386810303,78.16365051269531,-85.89337158203125
0.023193359375,0.95947265625,0.1337890625,-8.30078125,-5.126953125,7.080078125,-4.9835782051086435,77.98430633544922,-86.04954528808594
-0.010009765625,0.940673828125,0.120361328125,-2.01416015625,-6.53076171875,8.23974609375,-5.217691898345947,78.16641998291016,-86.32386779785156
0.128173828125,0.889892578125,0.148193359375,-1.89208984375,-7.080078125,-7.38525390625,-5.0993475914001465,78.20033264160156,-86.66905212402344
0.042236328125,0.95166015625,0.0908203125,8.48388671875,-2.50244140625,-14.58740234375,-4.447066307067871,78.79486083984375,-86.90340423583984
0.006103515625,1.026611328125,0.080078125,-4.638671875,-4.39453125,-10.3759765625,-3.983356475830078,78.57337188720703,-87.26103973388672
-0.31884765625,1.37939453125,-0.039794921875,13.427734375,-11.8408203125,-4.21142578125,-3.2444207668304443,79.6308364868164,-87.78890991210938
-0.15966796875,0.957763671875,0.058349609375,-9.70458984375,-28.3203125,3.41796875,-3.080118417739868,79.55818939208984,-88.89764404296875
0.26123046875,1.00146484375,0.102783203125,-7.9345703125,-21.30126953125,-0.06103515625,-3.2599980831146236,79.41067504882812,-89.19763946533203
-0.004638671875,1.0244140625,0.022216796875,-7.9345703125,-4.82177734375,2.38037109375,-3.24953556060791,79.45915222167969,-89.39122772216797
0.123291015625,1.03955078125,0.018798828125,-6.04248046875,-1.03759765625,4.638671875,-3.6377477645874015,79.86109924316406,-89.93310546875
0.045654296875,1.02392578125,0.04638671875,-10.68115234375,-5.859375,2.50244140625,-3.569740533828736,79.56202697753906,-90.1879425048828
-0.01220703125,0.977294921875,0.091796875,-7.99560546875,-5.126953125,1.708984375,-3.503713130950928,79.44076538085938,-90.3902587890625
-0.007080078125,0.98828125,0.06884765625,-8.23974609375,-5.2490234375,1.77001953125,-3.4562251567840576,79.36934661865234,-90.6000747680664
0.015380859375,0.98681640625,0.0654296875,-6.77490234375,-3.7841796875,1.64794921875,-3.447696685791016,79.32848358154297,-90.78761291503906
0.0048828125,1.001220703125,0.0546875,-7.62939453125,-4.638671875,1.77001953125,-3.4257612228393555,79.31827545166016,-90.97510528564452
0.025146484375,0.9951171875,0.064453125,-7.32421875,-4.2724609375,1.8310546875,-3.450469970703125,79.2967300415039,-91.14606475830078
-0.002685546875,0.98681640625,0.070068359375,-7.99560546875,-5.06591796875,1.953125,-3.433201313018799,79.24915313720703,-91.31839752197266
0.0087890625,0.995361328125,0.056396484375,-7.99560546875,-4.150390625,1.89208984375,-3.4222636222839355,79.22154998779297,-91.48542022705078
0.008056640625,0.99072265625,0.048095703125,-6.8359375,-4.33349609375,1.77001953125,-3.406862497329712,79.26014709472656,-91.66160583496094
-0.001220703125,0.989013671875,0.06591796875,-7.62939453125,-4.21142578125,1.8310546875,-3.396928548812866,79.19469451904297,-91.84346771240234
0.00341796875,0.989013671875,0.06591796875,-8.30078125,-4.69970703125,1.953125,-3.381718635559082,79.13565826416016,-92.03022003173828
0.003173828125,0.98193359375,0.061279296875,-7.6904296875,-3.90625,1.52587890625,-3.3442108631134038,79.11117553710938,-92.18941497802734
0.009765625,0.986328125,0.069091796875,-8.4228515625,-4.5166015625,1.77001953125,-3.30021071434021,79.06279754638672,-92.36260986328124
-0.0048828125,0.9931640625,0.07275390625,-8.23974609375,-4.21142578125,1.953125,-3.2665836811065674,78.99506378173828,-92.52892303466795
0.002197265625,0.9814453125,0.076171875,-7.6904296875,-4.45556640625,1.89208984375,-3.2500116825103764,78.94263458251953,-92.70452880859376
0.0087890625,0.9892578125,0.052978515625,-7.2021484375,-4.150390625,2.01416015625,-3.2443878650665283,78.93273162841797,-92.8795394897461
0.01513671875,0.986572265625,0.080322265625,-7.62939453125,-4.08935546875,2.0751953125,-3.262863874435425,78.87568664550781,-93.03868103027344
-0.0048828125,0.98779296875,0.065673828125,-7.75146484375,-4.39453125,1.8310546875,-3.2278413772583012,78.85047149658203,-93.2138671875
0.002197265625,0.99169921875,0.063232421875,-6.89697265625,-3.96728515625,1.64794921875,-3.205366611480713,78.80955505371094,-93.37522888183594
-0.0009765625,0.977783203125,0.086669921875,-7.38525390625,-4.82177734375,2.01416015625,-3.1918871402740483,78.75238037109375,-93.56272888183594
0.003662109375,0.9814453125,0.072265625,-7.26318359375,-4.45556640625,1.8310546875,-3.1799991130828857,78.73538970947266,-93.73902130126952
-0.001953125,0.97900390625,0.073486328125,-7.26318359375,-4.08935546875,1.52587890625,-3.165684461593628,78.68236541748047,-93.9281234741211
-0.001708984375,0.9853515625,0.0712890625,-6.77490234375,-4.638671875,1.708984375,-3.139299869537353,78.6908950805664,-94.11265563964844
-0.000244140625,0.990966796875,0.061767578125,-7.6904296875,-4.2724609375,2.01416015625,-3.126591920852661,78.68408203125,-94.28153228759766
0.0078125,0.9873046875,0.06689453125,-7.568359375,-4.08935546875,1.708984375,-3.1279263496398926,78.68134307861328,-94.4754867553711
0.0126953125,0.983642578125,0.069091796875,-6.9580078125,-4.2724609375,1.46484375,-3.1238274574279785,78.6865463256836,-94.64747619628906
0.000732421875,0.990966796875,0.071044921875,-7.50732421875,-3.7841796875,2.197265625,-3.1172492504119877,78.66496276855469,-94.79450225830078
0.0185546875,0.99365234375,0.05712890625,-7.9345703125,-4.33349609375,1.953125,-3.126916646957397,78.69148254394531,-94.95550537109376
0.009765625,0.99658203125,0.05859375,-7.50732421875,-3.90625,2.13623046875,-3.139434814453125,78.69906616210938,-95.1093292236328
0.012451171875,0.9970703125,0.05908203125,-7.14111328125,-3.90625,1.5869140625,-3.136021375656128,78.72018432617188,-95.26739501953124
0.002197265625,0.99560546875,0.05078125,-7.62939453125,-4.57763671875,1.77001953125,-3.1185359954833984,78.73580169677734,-95.44718170166016
0.009765625,0.9912109375,0.072021484375,-7.9345703125,-4.638671875,1.8310546875,-3.1248953342437744,78.69498443603516,-95.6303939819336
0.010986328125,0.99658203125,0.06298828125,-7.4462890625,-4.45556640625,2.0751953125,-3.1420252323150635,78.6961441040039,-95.80572509765624
0.001953125,1.0048828125,0.048583984375,-7.38525390625,-4.33349609375,1.40380859375,-3.1143159866333012,78.7272720336914,-95.96282958984376
0.01123046875,0.9833984375,0.067626953125,-7.99560546875,-4.21142578125,1.52587890625,-3.1092567443847656,78.69230651855469,-96.13204956054688
-0.00341796875,0.98828125,0.078857421875,-7.32421875,-4.2724609375,2.197265625,-3.0974061489105225,78.66056060791016,-96.29723358154295
0.01318359375,0.987060546875,0.061767578125,-7.32421875,-4.45556640625,1.953125,-3.1052205562591557,78.6557388305664,-96.49305725097656
0.020263671875,0.983642578125,0.076171875,-6.591796875,-3.96728515625,1.5869140625,-3.1217985153198238,78.65959167480469,-96.65105438232422
0.005859375,0.996826171875,0.0537109375,-7.38525390625,-4.33349609375,1.89208984375,-3.119537830352783,78.68537902832031,-96.82418823242188
0.00439453125,0.9873046875,0.05908203125,-6.53076171875,-3.7841796875,0.9765625,-3.11199951171875,78.67626190185547,-97.02438354492188
-0.01025390625,0.978271484375,0.06103515625,-7.26318359375,-4.21142578125,1.52587890625,-3.0576567649841313,78.68689727783203,-97.19454956054688
0.0068359375,0.995849609375,0.054443359375,-8.11767578125,-4.638671875,2.0751953125,-3.0696146488189697,78.68094635009766,-97.3777847290039
0.00390625,0.98046875,0.071533203125,-7.38525390625,-4.45556640625,1.40380859375,-3.053420305252075,78.65190124511719,-97.52813720703124
0.01123046875,0.98828125,0.085205078125,-7.99560546875,-4.82177734375,1.64794921875,-3.0601189136505127,78.5816879272461,-97.71800994873048
0.006591796875,0.993408203125,0.083984375,-7.38525390625,-4.45556640625,1.953125,-3.0651626586914062,78.54155731201172,-97.89141082763672
-0.005859375,0.986083984375,0.058349609375,-7.75146484375,-4.21142578125,1.953125,-3.0243325233459477,78.55933380126953,-98.05408477783205
0.013427734375,0.98583984375,0.040771484375,-8.544921875,-4.8828125,2.01416015625,-3.053045749664306,78.57172393798828,-98.24874114990234
-0.0068359375,0.980712890625,0.055419921875,-7.62939453125,-4.08935546875,1.40380859375,-3.0036389827728267,78.584716796875,-98.4154815673828
-0.01123046875,0.9853515625,0.061767578125,-7.38525390625,-4.638671875,1.77001953125,-2.9732701778411865,78.55272674560547,-98.60575103759766
0.014404296875,0.991943359375,0.0673828125,-7.32421875,-4.21142578125,1.52587890625,-2.9812662601470947,78.5529556274414,-98.7743911743164
0.012939453125,0.988525390625,0.08154296875,-7.4462890625,-4.39453125,1.40380859375,-2.9821743965148926,78.51597595214844,-98.94952392578124
0.005126953125,0.9990234375,0.072998046875,-6.7138671875,-4.45556640625,1.52587890625,-2.9671616554260254,78.51193237304688,-99.13543701171876
0.015380859375,0.991455078125,0.070068359375,-7.50732421875,-4.150390625,1.708984375,-2.984416961669922,78.50006866455078,-99.29989624023438
-0.0009765625,0.977783203125,0.053466796875,-7.62939453125,-4.39453125,2.01416015625,-2.977704763412476,78.52023315429688,-99.47366333007812
-0.003173828125,0.980712890625,0.06005859375,-7.568359375,-3.96728515625,1.52587890625,-2.96225380897522,78.50982666015625,-99.6399154663086
0.0,0.979736328125,0.071533203125,-7.99560546875,-4.45556640625,1.8310546875,-2.9517617225646973,78.47381591796875,-99.8152313232422
0.01123046875,0.98583984375,0.07470703125,-7.4462890625,-4.45556640625,2.0751953125,-2.9770383834838867,78.4548568725586,-99.98816680908205
0.01513671875,0.991455078125,0.074951171875,-8.7890625,-4.45556640625,2.0751953125,-3.0130293369293213,78.4250259399414,-100.16312408447266
0.00927734375,0.986083984375,0.072998046875,-7.32421875,-4.33349609375,1.89208984375,-3.0234375,78.41680145263672,-100.333251953125
-0.004150390625,0.991943359375,0.080078125,-8.48388671875,-4.08935546875,1.953125,-3.0031776428222656,78.3469467163086,-100.49267578125
-0.003173828125,0.99658203125,0.07177734375,-7.50732421875,-4.08935546875,1.89208984375,-2.9876554012298584,78.34123992919922,-100.66021728515624
-0.005615234375,0.981689453125,0.070068359375,-7.99560546875,-4.69970703125,1.40380859375,-2.948992252349853,78.3162841796875,-100.8489227294922
