-0.06005859375,0.98046875,-0.050048828125,-8.85009765625,-4.8828125,2.50244140625,0.4796014726161957,84.69264221191406,4.764205932617188
-0.04833984375,0.998046875,-0.051513671875,-8.056640625,-4.150390625,1.708984375,0.4878633320331574,84.68104553222656,4.607250213623047
-0.047119140625,1.001708984375,-0.056396484375,-7.99560546875,-4.2724609375,2.197265625,0.4728084802627564,84.68293762207031,4.447347640991211
-0.057373046875,0.97998046875,-0.042724609375,-8.11767578125,-3.84521484375,1.89208984375,0.4979826211929321,84.65117645263672,4.3029518127441415
-0.045654296875,0.984375,-0.065673828125,-7.50732421875,-3.11279296875,2.0751953125,0.4899462759494782,84.69744110107422,4.189138412475587
-0.0556640625,0.977783203125,-0.10546875,-8.056640625,-3.90625,2.13623046875,0.5006863474845886,84.81098175048828,4.0445051193237305
-0.0556640625,0.951171875,-0.039306640625,-8.48388671875,-4.69970703125,2.13623046875,0.5124168395996094,84.75428771972656,3.8667697906494136
-0.068115234375,0.963134765625,-0.04345703125,-7.50732421875,-4.2724609375,2.38037109375,0.5428151488304138,84.74705505371094,3.7070827484130864
-0.04638671875,0.99755859375,-0.07275390625,-7.32421875,-3.662109375,1.953125,0.5364058017730713,84.81049346923828,3.5711679458618164
-0.05712890625,0.96923828125,-0.063232421875,-8.4228515625,-3.84521484375,1.3427734375,0.5820510983467102,84.80989837646484,3.4254074096679688
-0.04345703125,0.992431640625,-0.058349609375,-8.23974609375,-4.69970703125,2.13623046875,0.5571983456611633,84.80213928222656,3.248610496520996
-0.0498046875,0.965087890625,-0.04638671875,-7.6904296875,-3.96728515625,2.01416015625,0.5583994388580322,84.79268646240234,3.1001491546630864
-0.0576171875,0.9765625,-0.042236328125,-8.11767578125,-3.90625,1.77001953125,0.5861318111419678,84.75555419921875,2.953118324279785
-0.045654296875,1.002685546875,-0.046142578125,-7.9345703125,-4.08935546875,2.01416015625,0.5719119906425476,84.733642578125,2.800045967102051
-0.0478515625,0.9814453125,-0.0380859375,-7.9345703125,-4.21142578125,2.197265625,0.5577625036239624,84.69622802734375,2.64254093170166
-0.042724609375,0.988037109375,-0.057861328125,-8.11767578125,-4.08935546875,2.3193359375,0.5271912813186646,84.6976089477539,2.4908161163330083
-0.05322265625,0.991943359375,-0.0771484375,-8.23974609375,-4.33349609375,1.8310546875,0.5398491621017456,84.73681640625,2.327765464782715
-0.0615234375,0.995361328125,-0.062744140625,-8.056640625,-4.39453125,2.0751953125,0.5606555342674255,84.74861145019531,2.1627759933471684
-0.040771484375,0.978515625,-0.046142578125,-7.6904296875,-4.2724609375,2.13623046875,0.5331777334213257,84.73930358886719,2.002771377563477
-0.061279296875,0.972900390625,-0.06396484375,-8.6669921875,-4.69970703125,2.0751953125,0.5557871460914612,84.7325439453125,1.8256206512451167
-0.04931640625,0.97314453125,-0.057861328125,-7.9345703125,-4.57763671875,2.38037109375,0.538065493106842,84.74151611328125,1.6545248031616209
-0.0439453125,0.99169921875,-0.063232421875,-8.11767578125,-4.8828125,1.953125,0.5225613117218018,84.75250244140625,1.4697761535644531
-0.05322265625,1.0009765625,-0.064208984375,-8.30078125,-4.638671875,1.89208984375,0.5310081839561462,84.75660705566406,1.2943658828735352
-0.043701171875,0.977783203125,-0.05322265625,-8.36181640625,-4.638671875,2.0751953125,0.5126789808273315,84.73640441894531,1.1195087432861328
-0.05029296875,0.9853515625,-0.046630859375,-7.6904296875,-5.0048828125,2.3193359375,0.4984171390533447,84.72769165039062,0.9306669235229492
-0.045654296875,1.00927734375,-0.05322265625,-7.4462890625,-3.96728515625,2.197265625,0.4801222681999207,84.74188995361328,0.7828264236450195
-0.048583984375,0.982177734375,-0.05224609375,-7.8125,-4.5166015625,2.13623046875,0.4725852608680725,84.7415542602539,0.6127300262451172
-0.054443359375,0.98486328125,-0.064453125,-7.568359375,-4.82177734375,1.953125,0.4846850037574768,84.77828216552734,0.42996978759765625
-0.05615234375,0.998046875,-0.0693359375,-7.99560546875,-3.96728515625,2.3193359375,0.4870498478412628,84.8057861328125,0.2826099395751953
-0.048828125,0.97802734375,-0.045654296875,-8.6669921875,-4.69970703125,2.01416015625,0.4846183955669403,84.7540054321289,0.10456657409667967
-0.048828125,0.97802734375,-0.053955078125,-8.30078125,-4.2724609375,2.0751953125,0.4812313914299011,84.73816680908203,-0.055985450744628906
-0.0625,0.99267578125,-0.051025390625,-8.36181640625,-4.638671875,2.13623046875,0.5036633014678955,84.71165466308594,-0.2310771942138672
-0.072021484375,0.96875,-0.0390625,-7.6904296875,-4.2724609375,2.74658203125,0.5279117822647095,84.68795013427734,-0.3895387649536133
-0.051025390625,0.9853515625,-0.07275390625,-8.056640625,-4.39453125,2.5634765625,0.5070139169692993,84.72615051269531,-0.5524625778198242
-0.046875,0.999755859375,-0.069091796875,-7.9345703125,-4.21142578125,2.0751953125,0.4960382580757141,84.75737762451172,-0.7100982666015625
-0.037841796875,0.9873046875,-0.048095703125,-8.7890625,-4.33349609375,2.38037109375,0.4536031484603882,84.70752716064453,-0.8719668388366699
-0.06103515625,0.978515625,-0.043701171875,-8.60595703125,-4.5166015625,2.44140625,0.4640167951583862,84.65746307373047,-1.0413146018981934
-0.062255859375,0.980712890625,-0.063232421875,-7.38525390625,-4.0283203125,2.0751953125,0.492685616016388,84.70275115966797,-1.1919846534729004
-0.04638671875,0.979736328125,-0.0625,-7.38525390625,-4.39453125,2.13623046875,0.4802024364471436,84.74488830566406,-1.3568496704101562
-0.058349609375,0.99462890625,-0.06396484375,-7.8125,-4.0283203125,1.52587890625,0.5193892121315002,84.7693099975586,-1.5095057487487793
-0.042724609375,0.974365234375,-0.04541015625,-8.056640625,-4.7607421875,2.197265625,0.4943746030330658,84.74320220947266,-1.6890416145324707
-0.05517578125,0.991943359375,-0.04638671875,-7.9345703125,-4.33349609375,2.197265625,0.4984151124954224,84.72337341308594,-1.851726055145264
-0.0546875,0.9775390625,-0.060302734375,-8.4228515625,-4.39453125,1.953125,0.5124028921127319,84.71827697753906,-2.017352104187012
-0.0595703125,0.98876953125,-0.044921875,-8.4228515625,-4.69970703125,1.89208984375,0.5368986129760742,84.67662048339844,-2.1956319808959956
-0.037109375,1.002685546875,-0.06298828125,-8.544921875,-4.2724609375,1.708984375,0.5165696144104004,84.67134857177734,-2.3567709922790527
-0.049072265625,0.984619140625,-0.064208984375,-7.62939453125,-4.08935546875,2.197265625,0.5073398947715759,84.7081298828125,-2.5090365409851074
-0.05078125,0.98583984375,-0.05517578125,-8.30078125,-4.8828125,1.64794921875,0.5213171243667603,84.69554901123047,-2.6952004432678223
-0.046875,0.9931640625,-0.059326171875,-7.8125,-4.45556640625,2.197265625,0.5046892166137695,84.71168518066406,-2.862170696258545
-0.05322265625,0.994140625,-0.063232421875,-7.568359375,-3.84521484375,2.50244140625,0.4931323528289795,84.74578094482422,-3.003844738006592
-0.043701171875,0.982666015625,-0.0556640625,-7.8125,-4.5166015625,2.3193359375,0.4665299355983734,84.75312042236328,-3.173126697540283
-0.05078125,0.9931640625,-0.058837890625,-8.30078125,-3.96728515625,2.01416015625,0.4700711071491242,84.74658966064453,-3.3217692375183105
-0.052001953125,0.9765625,-0.070068359375,-8.36181640625,-4.5166015625,1.953125,0.4787105619907379,84.76565551757812,-3.492264747619629
-0.05712890625,0.982666015625,-0.052001953125,-7.568359375,-3.7841796875,1.89208984375,0.5031666755676271,84.7735824584961,-3.6341652870178223
-0.052490234375,0.978759765625,-0.066162109375,-7.99560546875,-3.90625,2.25830078125,0.5014830827713013,84.79707336425781,-3.779200553894043
-0.060302734375,0.995361328125,-0.063720703125,-7.8125,-4.39453125,2.0751953125,0.5212124586105347,84.818603515625,-3.944513320922852
-0.05419921875,1.002197265625,-0.0732421875,-8.36181640625,-4.5166015625,1.953125,0.5299526453018188,84.83773803710938,-4.11480712890625
-0.0498046875,0.98046875,-0.066162109375,-7.8125,-3.72314453125,2.197265625,0.5240421295166016,84.86581420898438,-4.2527122497558585
-0.05126953125,1.0087890625,-0.0419921875,-8.056640625,-4.150390625,1.64794921875,0.5388794541358948,84.82485961914062,-4.41016960144043
-0.056396484375,0.996826171875,-0.05322265625,-8.4228515625,-5.06591796875,2.44140625,0.5312750339508057,84.79682159423828,-4.600996017456055
-0.0439453125,0.974609375,-0.051025390625,-8.30078125,-4.7607421875,2.3193359375,0.5038312077522278,84.77276611328125,-4.779991149902344
-0.056884765625,0.990234375,-0.049072265625,-7.9345703125,-4.2724609375,2.197265625,0.5119110345840454,84.75801086425781,-4.940214157104492
-0.04052734375,0.982666015625,-0.068115234375,-7.9345703125,-4.2724609375,2.13623046875,0.485420435667038,84.78849029541016,-5.100058555603027
-0.056640625,0.97802734375,-0.047119140625,-7.9345703125,-4.08935546875,2.3193359375,0.4911164343357086,84.7701416015625,-5.252722263336182
-0.046875,0.9912109375,-0.07080078125,-7.75146484375,-4.82177734375,2.01416015625,0.4820891618728638,84.81194305419922,-5.435041427612305
-0.038818359375,0.981689453125,-0.065185546875,-8.056640625,-4.150390625,2.01416015625,0.458337128162384,84.82901763916016,-5.590782165527344
-0.047607421875,0.98828125,-0.0556640625,-8.23974609375,-4.2724609375,2.0751953125,0.4522295594215393,84.81536865234375,-5.751598834991455
-0.046875,0.987548828125,-0.058349609375,-7.8125,-4.94384765625,2.0751953125,0.4424245357513428,84.82537078857422,-5.93912410736084
-0.041015625,0.974609375,-0.059326171875,-8.48388671875,-4.82177734375,2.25830078125,0.4139714241027832,84.81231689453125,-6.1211485862731925
-0.053955078125,0.9873046875,-0.060546875,-7.50732421875,-4.7607421875,1.708984375,0.4370890855789185,84.83965301513672,-6.3028807640075675
-0.053466796875,1.00439453125,-0.05810546875,-8.72802734375,-4.21142578125,2.62451171875,0.4216851592063904,84.80961608886719,-6.4595136642456055
-0.037353515625,0.984619140625,-0.05712890625,-8.11767578125,-4.69970703125,2.3193359375,0.3826368749141693,84.80561065673828,-6.636565208435059
-0.052001953125,0.97705078125,-0.0576171875,-7.75146484375,-4.5166015625,1.89208984375,0.3973089456558228,84.81837463378906,-6.8081302642822275
-0.045166015625,0.980712890625,-0.058349609375,-8.9111328125,-4.94384765625,2.25830078125,0.3791385293006897,84.78546905517578,-6.99531888961792
-0.057861328125,1.001220703125,-0.0654296875,-8.11767578125,-4.39453125,2.3193359375,0.3876495957374573,84.79874420166016,-7.16044807434082
-0.057861328125,1.00146484375,-0.057373046875,-7.9345703125,-4.08935546875,1.77001953125,0.4187377095222473,84.80074310302734,-7.31543493270874
-0.058349609375,0.986328125,-0.04443359375,-7.99560546875,-4.7607421875,2.0751953125,0.4372584819793701,84.77236938476562,-7.496153831481934
-0.04931640625,0.9814453125,-0.048095703125,-8.23974609375,-4.2724609375,2.13623046875,0.4340994656085968,84.74451446533203,-7.656904697418213
-0.046630859375,0.989013671875,-0.072509765625,-7.8125,-4.5166015625,1.953125,0.4303974807262421,84.78936004638672,-7.827552318572997
-0.056640625,0.985107421875,-0.05126953125,-8.30078125,-4.2724609375,1.708984375,0.4608977437019348,84.76507568359375,-7.989881992340088
-0.049560546875,0.990966796875,-0.05908203125,-7.32421875,-4.150390625,2.44140625,0.4446069300174713,84.79798126220703,-8.144363403320312
-0.0556640625,0.97314453125,-0.0615234375,-8.30078125,-3.84521484375,2.197265625,0.4559763371944428,84.79857635498047,-8.287693977355957
-0.057861328125,0.978271484375,-0.047607421875,-8.056640625,-4.150390625,2.197265625,0.4702719151973725,84.77606201171875,-8.443399429321289
-0.05126953125,0.98486328125,-0.052490234375,-7.75146484375,-4.21142578125,2.13623046875,0.4701522290706634,84.77714538574219,-8.601481437683105
-0.050048828125,0.989990234375,-0.061279296875,-8.30078125,-4.69970703125,2.0751953125,0.4673227071762085,84.775390625,-8.779067039489746
-0.04833984375,0.980224609375,-0.044677734375,-8.23974609375,-3.72314453125,2.01416015625,0.4676496088504791,84.73979949951172,-8.918257713317871
-0.0419921875,0.993896484375,-0.081298828125,-7.6904296875,-4.39453125,2.13623046875,0.4447001516819,84.80872344970703,-9.082989692687988
-0.06201171875,0.984375,-0.0546875,-7.4462890625,-3.72314453125,2.62451171875,0.4526923596858978,84.82581329345703,-9.22016716003418
-0.05859375,0.991455078125,-0.057861328125,-7.62939453125,-4.0283203125,2.50244140625,0.4273009896278381,84.70769500732422,-9.872716903686523
-0.044921875,0.98486328125,-0.06298828125,-7.4462890625,-4.33349609375,1.953125,0.4209654629230499,84.7477798461914,-10.036187171936037
-0.064453125,0.988525390625,-0.053955078125,-8.11767578125,-4.7607421875,2.50244140625,0.4358890950679779,84.73793029785156,-10.215166091918944
-0.0419921875,1.000732421875,-0.037841796875,-7.9345703125,-3.7841796875,2.197265625,0.4132508635520935,84.69873046875,-10.356303215026855
-0.039306640625,0.994873046875,-0.068115234375,-8.1787109375,-4.150390625,2.5634765625,0.3700089156627655,84.72022247314453,-10.510257720947266
-0.03466796875,0.972900390625,-0.056396484375,-7.9345703125,-4.45556640625,2.01416015625,0.3404998183250427,84.7271499633789,-10.678754806518556
-0.05322265625,0.98974609375,-0.0517578125,-7.99560546875,-4.0283203125,1.89208984375,0.3595646023750305,84.71847534179688,-10.831063270568848
-0.0673828125,0.963623046875,-0.042236328125,-8.23974609375,-4.45556640625,2.38037109375,0.3934013247489929,84.68084716796875,-10.998794555664062
-0.052734375,0.98876953125,-0.060791015625,-7.9345703125,-4.33349609375,1.8310546875,0.4105943739414215,84.69685363769531,-11.162949562072754
-0.03955078125,0.963623046875,-0.052734375,-7.62939453125,-4.2724609375,2.01416015625,0.39232948422431946,84.7094497680664,-11.323965072631836
-0.0517578125,0.997314453125,-0.05712890625,-7.50732421875,-4.7607421875,2.3193359375,0.3855317533016205,84.7319564819336,-11.503521919250488
-0.038330078125,1.00927734375,-0.064208984375,-8.11767578125,-4.5166015625,2.3193359375,0.3484472334384918,84.74388122558594,-11.673236846923828
-0.059326171875,0.9873046875,-0.0400390625,-8.056640625,-4.08935546875,2.197265625,0.36918574571609497,84.7055435180664,-11.827102661132812
-0.060302734375,1.0009765625,-0.05078125,-7.9345703125,-4.7607421875,1.89208984375,0.3991054594516754,84.69629669189453,-12.008465766906738
-0.054443359375,0.9765625,-0.0390625,-7.75146484375,-4.33349609375,1.64794921875,0.4288749396800995,84.67062377929688,-12.173633575439453
-0.062255859375,0.9892578125,-0.07177734375,-8.48388671875,-3.84521484375,2.3193359375,0.4485899209976196,84.68970489501953,-12.316242218017578
-0.05419921875,0.97607421875,-0.04443359375,-7.99560546875,-4.150390625,2.197265625,0.4547168612480164,84.66694641113281,-12.471784591674805
-0.056396484375,0.991455078125,-0.070068359375,-8.1787109375,-4.21142578125,2.25830078125,0.4817022383213043,84.62504577636719,-12.629650115966795
-0.052490234375,0.9794921875,-0.049072265625,-7.9345703125,-4.08935546875,1.953125,0.4918880760669708,84.61752319335938,-12.783226013183596
-0.05224609375,0.99169921875,-0.0537109375,-8.4228515625,-4.5166015625,2.0751953125,0.493188202381134,84.59974670410156,-12.953224182128904
-0.046142578125,0.969970703125,-0.054443359375,-8.4228515625,-4.5166015625,2.25830078125,0.4755555987358093,84.58719635009766,-13.122431755065918
-0.044921875,0.9921875,-0.064453125,-7.62939453125,-4.33349609375,2.5634765625,0.441983699798584,84.62686920166016,-13.283140182495115
-0.045654296875,0.970947265625,-0.06494140625,-7.99560546875,-4.150390625,2.25830078125,0.4265332818031311,84.65473937988281,-13.437931060791016
-0.047119140625,0.99169921875,-0.0498046875,-8.056640625,-4.33349609375,2.3193359375,0.409809410572052,84.64164733886719,-13.600229263305664
-0.054931640625,0.986083984375,-0.06005859375,-8.48388671875,-4.69970703125,2.01416015625,0.422993153333664,84.63574981689453,-13.778175354003904
-0.04736328125,0.993896484375,-0.058349609375,-8.48388671875,-4.33349609375,2.50244140625,0.399377703666687,84.62541198730469,-13.939651489257812
-0.041015625,0.987548828125,-0.051025390625,-8.36181640625,-4.2724609375,2.38037109375,0.3678890764713288,84.604736328125,-14.099312782287598
0.175048828125,1.012939453125,0.015625,-10.8642578125,32.3486328125,-0.9765625,-0.0163052249699831,84.23171997070312,-13.259602546691895
0.087646484375,1.158935546875,-0.097900390625,-11.23046875,63.4765625,-4.33349609375,0.2321370840072632,84.1905517578125,-10.74942398071289
-0.206298828125,0.984619140625,-0.130615234375,-10.498046875,60.11962890625,-3.5400390625,1.0583335161209106,84.29904174804688,-8.369003295898438
-0.136474609375,0.917236328125,-0.09326171875,-9.33837890625,20.81298828125,0.1220703125,1.4247580766677856,84.3792495727539,-7.5323357582092285
-0.130859375,0.951171875,-0.091796875,-9.1552734375,13.916015625,0.6103515625,1.7056528329849243,84.44954681396484,-6.9658470153808585
-0.0966796875,0.964111328125,-0.009765625,-8.60595703125,5.79833984375,1.220703125,1.8578022718429563,84.1847152709961,-6.7290592193603525
0.076904296875,1.132568359375,-0.1787109375,0.67138671875,-14.09912109375,-4.150390625,0.7131072878837585,84.8334732055664,-11.058050155639648
0.003662109375,1.068359375,-0.151611328125,-6.591796875,-2.5634765625,-10.009765625,1.0666420459747314,85.07575988769531,-11.18771266937256
-0.18896484375,0.96484375,-0.118408203125,-8.23974609375,-6.53076171875,-10.07080078125,1.838195562362671,85.18617248535156,-11.473586082458494
-0.195556640625,1.009033203125,-0.134521484375,-11.41357421875,-7.50732421875,3.173828125,2.046600341796875,85.18681335449219,-11.749018669128418
-0.134521484375,0.99609375,-0.158935546875,-16.357421875,-12.451171875,0.732421875,2.1987838745117188,85.04206085205078,-12.225448608398438
-0.226806640625,0.876953125,-0.2392578125,-9.58251953125,-11.1083984375,-0.30517578125,2.691948413848877,85.5306625366211,-12.634986877441404
-0.208984375,1.28173828125,-0.27783203125,43.88427734375,-3.173828125,-5.0048828125,3.1394248008728027,87.91167449951172,-12.738363265991213
-0.16357421875,1.1171875,-0.10693359375,58.4716796875,4.21142578125,5.2490234375,3.1364405155181885,90.54186248779295,-12.548044204711914
-0.2119140625,1.042236328125,-0.002685546875,70.068359375,7.8125,1.28173828125,3.4041049480438232,93.33187866210938,-12.231973648071287
-0.263671875,1.117431640625,0.05322265625,56.09130859375,-7.32421875,-5.43212890625,4.033063411712647,95.30809783935548,-12.516929626464846
-0.21337890625,1.132568359375,0.078125,24.658203125,-23.37646484375,-7.9345703125,4.70528507232666,95.84864807128906,-13.44415283203125
-0.134521484375,1.123779296875,-0.00146484375,-9.46044921875,-37.04833984375,-9.033203125,5.294015884399414,95.0990753173828,-14.909521102905273
-0.036376953125,1.08251953125,-0.122802734375,-31.31103515625,-47.42431640625,-16.29638671875,5.9581379890441895,93.7039794921875,-16.751068115234375
0.05224609375,1.13134765625,-0.173583984375,-36.56005859375,-50.96435546875,-28.1982421875,6.853250026702881,92.2046356201172,-18.71177673339844
0.09228515625,1.176513671875,-0.174560546875,-44.61669921875,-50.4150390625,-40.10009765625,8.059421539306639,90.39491271972656,-20.665706634521484
0.070068359375,1.077880859375,-0.21923828125,-50.4150390625,-38.57421875,-46.20361328125,9.436301231384276,88.5678939819336,-22.1678466796875
0.064697265625,1.04248046875,-0.174560546875,-55.2978515625,-37.17041015625,-36.2548828125,10.318735122680664,86.51166534423828,-23.653215408325195
0.063720703125,1.033935546875,-0.132568359375,-60.97412109375,-26.30615234375,-20.6298828125,10.52187728881836,84.28875732421875,-24.69657897949219
0.02587890625,0.91259765625,-0.1240234375,-63.232421875,-10.55908203125,17.15087890625,9.328109741210938,82.2265853881836,-24.936960220336914
-0.009521484375,0.79638671875,-0.12646484375,-51.08642578125,5.9814453125,43.0908203125,7.336241245269775,80.90718078613281,-24.337291717529297
-0.08251953125,0.719482421875,-0.104248046875,-26.67236328125,20.751953125,53.89404296875,5.322439193725586,80.63496398925781,-23.08666229248047
-0.256591796875,0.697265625,-0.02294921875,12.14599609375,28.80859375,44.677734375,4.3207316398620605,81.64495086669922,-21.632369995117188
-0.31103515625,0.8837890625,0.008056640625,29.1748046875,22.15576171875,31.31103515625,3.7886009216308594,83.16551971435547,-20.56260681152344
-0.25830078125,0.977294921875,0.0205078125,24.4140625,7.2021484375,18.73779296875,3.5101137161254883,84.36725616455078,-20.18001747131348
-0.158447265625,0.9365234375,0.023193359375,12.02392578125,-5.06591796875,1.3427734375,3.679762363433838,84.986083984375,-20.367691040039066
-0.124267578125,0.88720703125,-0.01611328125,10.6201171875,-8.7890625,-8.36181640625,4.1549463272094735,85.6085205078125,-20.73056983947754
-0.139404296875,0.912109375,-0.028564453125,18.4326171875,-11.04736328125,-14.404296875,4.879152774810791,86.53623962402344,-21.19303131103516
-0.076171875,1.037353515625,-0.0595703125,21.484375,-13.48876953125,-18.310546875,5.555628299713135,87.59590911865234,-21.74786949157715
-0.082275390625,1.045654296875,-0.083251953125,15.869140625,-14.404296875,-22.15576171875,6.378448009490968,88.42870330810547,-22.329492568969727
-0.060302734375,1.056640625,-0.095947265625,6.7138671875,-18.61572265625,-24.47509765625,7.215439319610597,88.86021423339844,-23.07084655761719
-0.0546875,1.11962890625,-0.115478515625,-7.14111328125,-13.61083984375,-23.0712890625,7.950741291046143,88.76546478271484,-23.60186004638672
-0.036376953125,1.1357421875,-0.116455078125,-22.216796875,-14.83154296875,-13.48876953125,8.232556343078612,88.05941009521484,-24.174518585205078
-0.055908203125,1.07568359375,-0.146240234375,-36.376953125,-7.6904296875,0.1220703125,8.009596824645996,86.93302917480469,-24.4285888671875
-0.02392578125,0.944091796875,-0.150146484375,-36.43798828125,2.99072265625,26.2451171875,6.718175411224365,85.96695709228516,-24.17790985107422
-0.0263671875,0.862548828125,-0.157470703125,-21.6064453125,15.0146484375,40.58837890625,4.954727649688722,85.7306900024414,-23.3969669342041
-0.065673828125,0.851318359375,-0.140625,-2.9296875,24.4140625,45.5322265625,3.1894779205322266,86.21520233154297,-22.252893447875977
-0.158447265625,0.886474609375,-0.07421875,18.49365234375,27.4658203125,37.59765625,2.0252835750579834,87.32901763916016,-21.055496215820312
-0.1806640625,0.9599609375,-0.0302734375,23.49853515625,20.6298828125,29.1748046875,1.2311606407165527,88.45343017578125,-20.183624267578125
-0.18798828125,0.992431640625,-0.03173828125,20.69091796875,12.87841796875,19.71435546875,0.8278893232345581,89.40750122070312,-19.652057647705078
-0.150146484375,1.008544921875,-0.008056640625,13.48876953125,0.18310546875,9.82666015625,0.7383952140808105,89.9732666015625,-19.643089294433594
-0.1025390625,1.019775390625,-0.009765625,8.72802734375,-7.32421875,3.90625,0.7827050089836121,90.3259048461914,-19.93697738647461
-0.07275390625,1.012939453125,-0.033203125,1.220703125,-13.18359375,-3.5400390625,1.0607192516326904,90.41246032714844,-20.46268081665039
-0.033447265625,1.02734375,-0.06396484375,-12.3291015625,-19.287109375,-7.50732421875,1.3971459865570068,90.01268005371094,-21.230350494384766
-0.033203125,1.03076171875,-0.1318359375,-18.98193359375,-19.8974609375,-11.65771484375,1.87867534160614,89.50431060791016,-22.020374298095703
0.00146484375,0.990478515625,-0.154541015625,-20.263671875,-18.4326171875,-8.48388671875,2.132841825485229,89.02376556396484,-22.74899673461914
0.005126953125,1.017333984375,-0.2119140625,-20.1416015625,-10.55908203125,-1.40380859375,2.087726831436157,88.69134521484375,-23.15367126464844
0.0341796875,1.033447265625,-0.215087890625,-20.6298828125,-2.01416015625,13.916015625,1.3767112493515017,88.36534118652344,-23.20254898071289
0.03173828125,0.96240234375,-0.207763671875,-19.04296875,8.23974609375,29.84619140625,0.06991750746965407,88.13753509521484,-22.82724380493164
-0.043212890625,0.906982421875,-0.190673828125,-7.01904296875,19.775390625,39.12353515625,-1.364464521408081,88.3738784790039,-21.993696212768555
-0.111328125,0.892578125,-0.13037109375,4.57763671875,23.681640625,40.771484375,-2.638181209564209,88.8985824584961,-21.02141571044922
-0.1708984375,0.954345703125,-0.08642578125,11.53564453125,19.6533203125,34.423828125,-3.50105881690979,89.54730224609375,-20.229713439941406
-0.19091796875,1.00732421875,-0.056884765625,8.72802734375,6.53076171875,14.7705078125,-3.53088116645813,90.00947570800781,-19.975261688232425
-0.16015625,1.00146484375,-0.042724609375,3.90625,-3.7841796875,2.3193359375,-3.125730276107788,90.2552490234375,-20.13301086425781
-0.13427734375,0.996337890625,-0.056884765625,1.15966796875,-11.29150390625,-5.79833984375,-2.464581251144409,90.42741394042969,-20.589488983154297
-0.088134765625,1.024658203125,-0.069091796875,-6.9580078125,-18.310546875,-13.0615234375,-1.6448549032211304,90.29619598388672,-21.32379150390625
-0.089111328125,1.009521484375,-0.061279296875,-12.87841796875,-22.15576171875,-14.46533203125,-0.7989964485168457,89.91069793701172,-22.212142944335934
-0.073486328125,1.017333984375,-0.075439453125,-20.93505859375,-28.01513671875,-16.9677734375,0.06791005283594131,89.23703002929688,-23.33942604064941
0.00439453125,1.08984375,-0.1240234375,-33.5693359375,-31.005859375,-23.37646484375,0.9638448357582092,88.15608215332031,-24.59696388244629
0.004638671875,1.07666015625,-0.155517578125,-43.5791015625,-30.33447265625,-24.84130859375,1.8562778234481807,86.7661361694336,-25.84297180175781
0.0517578125,1.030029296875,-0.18359375,-50.10986328125,-26.7333984375,-18.1884765625,2.3249025344848637,85.23286437988281,-26.939136505126953
0.0498046875,0.90283203125,-0.18505859375,-42.41943359375,-9.033203125,2.99072265625,1.9627517461776731,84.15106201171875,-27.26031875610352
0.067626953125,0.8759765625,-0.175048828125,-25.32958984375,8.7890625,27.77099609375,0.650860071182251,83.80540466308594,-26.773521423339844
-0.030517578125,0.88037109375,-0.133544921875,-6.89697265625,22.94921875,49.01123046875,-1.1464295387268066,84.09312438964844,-25.65398979187012
-0.072998046875,0.90283203125,-0.0732421875,8.48388671875,31.55517578125,50.78125,-2.8164780139923096,84.78340148925781,-24.214115142822266
-0.132080078125,0.92138671875,-0.017333984375,13.18359375,26.0009765625,37.59765625,-3.792782306671143,85.47614288330078,-23.063411712646484
-0.135986328125,0.93408203125,-0.00927734375,12.451171875,15.56396484375,22.8271484375,-4.181175708770752,86.11173248291016,-22.38813781738281
-0.147705078125,0.98681640625,-0.0498046875,6.28662109375,-0.9765625,8.85009765625,-4.0372533798217765,86.61593627929688,-22.42382049560547
-0.1181640625,1.057373046875,-0.0908203125,0.54931640625,-13.36669921875,-1.03759765625,-3.614375591278076,86.98674774169922,-22.98328971862793
-0.099609375,1.133056640625,-0.10595703125,-7.9345703125,-22.88818359375,-11.04736328125,-2.8790578842163086,87.03853607177734,-23.94171524047852
-0.059326171875,1.169189453125,-0.11328125,-25.32958984375,-29.96826171875,-19.8974609375,-1.923635959625244,86.3995361328125,-25.200815200805664
-0.040771484375,1.1552734375,-0.082275390625,-38.87939453125,-30.1513671875,-24.658203125,-0.8717262744903564,85.16533660888672,-26.48526763916016
-0.068603515625,1.107421875,-0.0341796875,-52.42919921875,-30.6396484375,-23.74267578125,0.12675918638706207,83.32427215576172,-27.804067611694336
0.099365234375,0.83203125,0.00830078125,-45.83740234375,-20.5078125,14.22119140625,-0.7353724837303162,75.41363525390625,-32.20055389404297
0.145751953125,0.796142578125,0.017578125,-31.6162109375,-8.36181640625,22.15576171875,-2.0550756454467773,74.65402221679688,-32.30059814453125
0.185302734375,0.745849609375,0.00830078125,-11.29150390625,5.126953125,28.99169921875,-3.5877165794372563,74.72534942626953,-31.81800079345703
0.1025390625,0.749267578125,0.017578125,14.83154296875,16.54052734375,32.16552734375,-4.832511425018311,75.77694702148438,-30.88601875305176
0.039794921875,0.780517578125,0.02490234375,30.70068359375,16.54052734375,23.193359375,-5.508768081665039,77.40129852294922,-30.065792083740234
0.013916015625,0.806640625,0.022216796875,38.4521484375,14.22119140625,7.62939453125,-5.517588138580322,79.30043029785156,-29.48323631286621
-0.044921875,0.87353515625,-0.01904296875,44.49462890625,5.55419921875,-20.263671875,-4.353170394897462,81.52940368652344,-29.43490028381348
-0.09228515625,0.935302734375,-0.0244140625,44.37255859375,-1.0986328125,-38.87939453125,-2.4283733367919917,83.69590759277344,-29.69632148742676
-0.11767578125,0.987548828125,-0.052734375,39.73388671875,-6.34765625,-48.095703125,-0.178886741399765,85.64734649658203,-30.13140869140625
-0.173095703125,1.002197265625,-0.06396484375,27.587890625,-21.30126953125,-48.2177734375,2.0811476707458496,87.03233337402344,-31.09586524963379
-0.135986328125,1.018310546875,-0.09033203125,21.05712890625,-28.25927734375,-37.17041015625,3.7359564304351807,88.11522674560547,-32.27228546142578
-0.181884765625,0.98583984375,-0.125732421875,18.24951171875,-23.3154296875,-26.9775390625,5.055478096008301,89.11410522460938,-33.206005096435554
-0.161376953125,1.254150390625,-0.927734375,-41.32080078125,-23.5595703125,77.57568359375,2.0239334106445312,88.77298736572266,-33.98260498046875
-0.211181640625,0.824462890625,-0.194091796875,-29.84619140625,-1.15966796875,49.9267578125,0.5074182152748108,88.118408203125,-33.966796875
-0.052001953125,1.141357421875,-0.106689453125,-23.62060546875,-7.62939453125,30.3955078125,-0.6311720609664917,87.44532012939453,-34.22718048095703
0.12158203125,1.010009765625,-0.036865234375,-27.03857421875,-11.65771484375,3.41796875,-1.0367518663406372,86.53878784179688,-34.685306549072266
0.15576171875,0.821044921875,0.015869140625,-32.40966796875,-1.89208984375,-19.1650390625,-0.6625049114227295,85.32146453857422,-34.80865859985352
-0.485107421875,1.8916015625,-0.174072265625,-23.92578125,5.7373046875,-39.9169921875,1.529271960258484,84.73157501220703,-34.72231292724609
-0.096923828125,1.005859375,-0.065673828125,-8.544921875,2.44140625,1.953125,1.6179192066192627,84.73300170898438,-34.609508514404304
-0.229736328125,0.908935546875,-0.023681640625,-8.544921875,-0.244140625,2.13623046875,2.0272572040557857,84.63687133789062,-34.606735229492195
0.037109375,0.996826171875,-0.060791015625,-6.8359375,-20.6298828125,3.5400390625,1.648855447769165,84.67298889160156,-35.403865814208984
-0.03466796875,0.96240234375,-0.0625,-7.99560546875,-4.08935546875,2.25830078125,1.5614135265350342,84.69181823730469,-35.548927307128906
-0.01953125,0.98876953125,-0.037109375,-8.36181640625,-4.69970703125,2.13623046875,1.4429973363876345,84.63331604003906,-35.72081756591797
-0.043701171875,0.985595703125,-0.0654296875,-7.99560546875,-3.5400390625,2.13623046875,1.3892029523849487,84.65784454345703,-35.84554672241211
-0.0537109375,0.986572265625,-0.05810546875,-8.23974609375,-3.662109375,2.01416015625,1.2468750476837158,84.60320281982422,-36.42906951904297
-0.05859375,1.021728515625,-0.056396484375,-7.50732421875,-4.5166015625,2.50244140625,1.2121320962905884,84.62300872802734,-36.593162536621094
-0.0439453125,0.989013671875,-0.060546875,-7.8125,-3.7841796875,1.89208984375,1.1764079332351685,84.64393615722656,-36.730140686035156
-0.04736328125,0.98583984375,-0.070068359375,-8.30078125,-3.84521484375,2.01416015625,1.1452414989471436,84.66658782958984,-36.86895751953125
-0.04931640625,0.994384765625,-0.060546875,-8.60595703125,-4.39453125,2.44140625,1.099890112876892,84.65298461914062,-37.02883529663086
-0.044677734375,0.99267578125,-0.066650390625,-7.75146484375,-4.69970703125,1.8310546875,1.0691248178482056,84.68801879882812,-37.20301055908203
-0.052978515625,0.975341796875,-0.0439453125,-7.8125,-4.08935546875,1.953125,1.0579776763916016,84.66998291015625,-37.35369110107422
-0.05078125,0.989013671875,-0.060546875,-8.544921875,-4.21142578125,2.13623046875,1.0328023433685305,84.65973663330078,-37.507896423339844
-0.04443359375,0.998046875,-0.064697265625,-8.60595703125,-4.08935546875,2.01416015625,0.9984505176544191,84.65580749511719,-37.65760803222656
-0.043701171875,0.98291015625,-0.05419921875,-8.48388671875,-4.21142578125,2.9296875,0.9284937977790833,84.63529205322266,-37.80945587158203
-0.046630859375,0.99365234375,-0.066650390625,-7.6904296875,-4.2724609375,1.953125,0.9054410457611084,84.674072265625,-37.96720504760742
-0.055419921875,0.990478515625,-0.056396484375,-7.9345703125,-4.69970703125,2.44140625,0.8828577399253845,84.67850494384766,-38.14088439941406
-0.050537109375,0.992919921875,-0.06494140625,-7.9345703125,-4.21142578125,2.44140625,0.8515019416809082,84.70221710205078,-38.294921875
-0.048828125,0.98388671875,-0.064453125,-8.056640625,-4.2724609375,2.44140625,0.8183469772338867,84.72041320800781,-38.45162963867188
-0.0732421875,0.98828125,-0.06591796875,-7.99560546875,-4.150390625,1.77001953125,0.8688600659370422,84.74250793457031,-38.60624694824219
-0.040283203125,0.977294921875,-0.045654296875,-8.30078125,-4.8828125,2.50244140625,0.8114664554595947,84.70687866210938,-38.7876091003418
-0.044189453125,0.975341796875,-0.07470703125,-8.23974609375,-3.47900390625,1.5869140625,0.8068629503250122,84.74293518066406,-38.91559982299805
-0.0419921875,0.993896484375,-0.055419921875,-7.568359375,-4.08935546875,2.0751953125,0.7740812897682191,84.75750732421875,-39.066932678222656
-0.043701171875,1.001708984375,-0.058837890625,-8.4228515625,-4.638671875,2.38037109375,0.7316688895225525,84.74388122558594,-39.239200592041016
-0.048828125,0.97412109375,-0.059814453125,-7.9345703125,-4.21142578125,2.0751953125,0.7192206382751465,84.75641632080078,-39.39572525024414
-0.052490234375,0.9775390625,-0.05517578125,-7.9345703125,-4.45556640625,2.25830078125,0.7072387933731079,84.75719451904297,-39.56159210205078
-0.043701171875,0.9814453125,-0.055419921875,-7.8125,-4.33349609375,2.25830078125,0.6754315495491028,84.76315307617188,-39.72260284423828
-0.044677734375,1.003173828125,-0.049072265625,-8.23974609375,-4.39453125,2.38037109375,0.6398323774337769,84.73495483398438,-39.88599395751953
-0.064208984375,0.975341796875,-0.07080078125,-8.60595703125,-4.150390625,1.8310546875,0.676270067691803,84.7459487915039,-40.04130554199219
-0.04052734375,0.984619140625,-0.06494140625,-8.23974609375,-4.08935546875,1.708984375,0.6606941819190979,84.75675201416016,-40.19440078735352
-0.052490234375,0.986083984375,-0.056396484375,-8.48388671875,-4.150390625,2.197265625,0.653429388999939,84.73754119873047,-40.34864044189453
-0.05615234375,0.982421875,-0.0380859375,-7.62939453125,-4.33349609375,2.3193359375,0.6498151421546936,84.711669921875,-40.510250091552734
-0.0615234375,0.995361328125,-0.064453125,-7.75146484375,-3.90625,1.708984375,0.6825096607208252,84.7403793334961,-40.65632247924805
-0.049560546875,0.996826171875,-0.0517578125,-7.4462890625,-4.0283203125,1.5869140625,0.6911178827285767,84.75146484375,-40.807804107666016
-0.049560546875,0.982666015625,-0.037353515625,-8.7890625,-4.82177734375,2.197265625,0.6739045977592468,84.67675018310547,-40.98909759521485
-0.040283203125,0.983154296875,-0.054443359375,-8.056640625,-4.33349609375,1.89208984375,0.6496700644493103,84.67375946044922,-41.15142059326172
-0.044189453125,0.997314453125,-0.05224609375,-8.30078125,-3.96728515625,2.38037109375,0.6158313751220703,84.6546401977539,-41.29763412475586
-0.05224609375,0.986572265625,-0.06005859375,-7.75146484375,-5.0048828125,2.50244140625,0.594312310218811,84.67678833007812,-41.484764099121094
-0.059326171875,0.982666015625,-0.0576171875,-8.11767578125,-4.08935546875,2.62451171875,0.5888500213623047,84.6787109375,-41.63526916503906
-0.040771484375,1.0029296875,-0.051025390625,-8.1787109375,-4.45556640625,2.197265625,0.5546882748603821,84.66092681884766,-41.80194854736328
-0.05419921875,0.982177734375,-0.052978515625,-7.99560546875,-4.21142578125,2.50244140625,0.5434443354606628,84.657958984375,-41.9580078125
-0.057373046875,0.96630859375,-0.057861328125,-7.6904296875,-4.638671875,2.3193359375,0.5478494167327881,84.68038177490234,-42.13171005249024
-0.046875,0.97900390625,-0.053466796875,-8.544921875,-5.0048828125,2.44140625,0.5199793577194214,84.65605926513672,-42.31961441040039
-0.035888671875,0.99267578125,-0.05224609375,-7.99560546875,-3.84521484375,2.25830078125,0.4780430197715759,84.65087890625,-42.4620246887207
-0.05029296875,0.991455078125,-0.05126953125,-7.568359375,-4.0283203125,1.89208984375,0.4846314191818237,84.66068267822266,-42.61340713500977
-0.053955078125,0.98876953125,-0.044921875,-8.4228515625,-3.60107421875,1.77001953125,0.5060059428215027,84.62185668945312,-42.74834442138672
-0.04150390625,0.994140625,-0.054931640625,-8.30078125,-4.33349609375,2.25830078125,0.4754303693771362,84.61148834228516,-42.91020584106445
-0.040771484375,0.999267578125,-0.0732421875,-7.9345703125,-4.150390625,2.38037109375,0.43972763419151306,84.6568374633789,-43.06415557861328
-0.04541015625,0.99609375,-0.05029296875,-8.23974609375,-4.57763671875,2.50244140625,0.4099785387516022,84.63687896728516,-43.23542785644531
-0.044677734375,0.98095703125,-0.0654296875,-7.62939453125,-5.06591796875,2.0751953125,0.3964939415454865,84.6784439086914,-43.42756652832031
-0.04931640625,0.96630859375,-0.038330078125,-7.75146484375,-3.90625,1.89208984375,0.40748465061187744,84.65293884277344,-43.57478713989258
-0.04736328125,0.980712890625,-0.0546875,-7.75146484375,-3.90625,2.44140625,0.3899703919887543,84.66474151611328,-43.71965026855469
-0.05322265625,0.9775390625,-0.06005859375,-8.4228515625,-4.8828125,2.3193359375,0.3883877694606781,84.6616439819336,-43.9039421081543
-0.057861328125,0.990234375,-0.05712890625,-7.6904296875,-4.33349609375,1.953125,0.4124116003513336,84.6795654296875,-44.06775283813477
-0.053466796875,0.98193359375,-0.046142578125,-8.4228515625,-4.21142578125,2.13623046875,0.4196838140487671,84.64352416992188,-44.22608184814453
-0.062744140625,0.984619140625,-0.0556640625,-8.056640625,-4.45556640625,2.0751953125,0.44906800985336304,84.64469146728516,-44.39416122436523
-0.060791015625,0.990478515625,-0.0546875,-7.8125,-3.90625,1.89208984375,0.481254905462265,84.6527328491211,-44.54084777832031
-0.05322265625,0.992431640625,-0.056640625,-8.6669921875,-4.5166015625,2.38037109375,0.473079115152359,84.63038635253906,-44.7098274230957
-0.05712890625,0.98779296875,-0.039794921875,-7.9345703125,-3.72314453125,1.77001953125,0.5018068552017212,84.6006088256836,-44.84975814819336
-0.0478515625,0.988525390625,-0.066162109375,-7.9345703125,-5.18798828125,1.708984375,0.5051426887512207,84.63145446777344,-45.04745483398438
-0.049072265625,0.997314453125,-0.0517578125,-7.9345703125,-4.5166015625,2.38037109375,0.4860076606273651,84.62762451171875,-45.21632385253906
-0.048583984375,0.987060546875,-0.061767578125,-8.056640625,-4.45556640625,2.0751953125,0.4799805581569672,84.64309692382812,-45.38375473022461
