-0.1171875,0.955078125,0.065673828125,19.22607421875,9.033203125,-15.19775390625,1.905512452125549,84.85055541992188,64.96820068359375
-0.010986328125,0.959716796875,0.044677734375,18.61572265625,0.244140625,-8.7890625,2.2057230472564697,85.6777572631836,64.95267486572266
0.059326171875,0.99072265625,0.0537109375,18.4326171875,6.40869140625,-8.23974609375,2.32705020904541,86.45719909667969,65.18767547607422
0.044677734375,1.063232421875,0.06689453125,16.05224609375,18.9208984375,-11.962890625,2.655104875564575,87.11324310302734,65.91773986816406
0.005126953125,1.098388671875,0.05419921875,6.103515625,20.69091796875,-7.75146484375,2.884218454360962,87.38377380371094,66.73117065429689
0.04833984375,1.0458984375,0.0908203125,-2.13623046875,19.59228515625,-0.48828125,2.71852445602417,87.22787475585938,67.50974273681639
0.088623046875,1.02294921875,0.1025390625,-5.37109375,23.74267578125,-2.25830078125,2.550670623779297,86.9241714477539,68.45056915283203
0.087890625,1.016845703125,0.0791015625,-6.16455078125,33.75244140625,-11.16943359375,2.7697467803955083,86.66954040527344,69.77527618408203
0.0703125,1.004638671875,0.05859375,-6.04248046875,38.63525390625,-15.44189453125,3.2028293609619136,86.49110412597656,71.28600311279297
0.044677734375,1.036376953125,0.09521484375,0.9765625,39.61181640625,-11.29150390625,3.518101453781128,86.53695678710938,72.84044647216797
0.042724609375,1.074462890625,0.134033203125,-1.40380859375,40.8935546875,-7.14111328125,3.667593955993652,86.42179870605469,74.45104217529297
0.081787109375,1.0595703125,0.123779296875,-10.80322265625,46.32568359375,-7.2021484375,3.7513267993927,85.9708023071289,76.27942657470703
0.008544921875,0.97412109375,0.056884765625,20.20263671875,63.17138671875,-25.87890625,5.8260498046875,87.21908569335938,85.53739166259766
-0.003173828125,1.062255859375,0.08349609375,24.4140625,73.8525390625,-40.34423828125,7.309703350067139,88.44496154785156,88.44224548339844
-0.037841796875,1.15478515625,0.10107421875,14.7705078125,80.87158203125,-50.72021484375,9.166321754455566,89.3455581665039,91.6562042236328
-0.0029296875,1.16552734375,0.09130859375,-6.103515625,81.9091796875,-53.52783203125,10.964157104492188,89.51101684570312,94.94202423095705
-0.068115234375,1.095947265625,0.052734375,-17.2119140625,76.11083984375,-31.6162109375,11.949751853942873,89.3316650390625,98.02015686035156
-0.12060546875,1.051025390625,0.08349609375,-19.8974609375,56.640625,2.0751953125,11.679569244384766,88.83953094482422,100.30152130126952
-0.121337890625,1.00244140625,-0.02099609375,13.427734375,31.67724609375,15.625,10.877635955810547,89.71092224121094,101.61470794677734
-0.12451171875,1.010498046875,0.063720703125,13.427734375,42.6025390625,-8.056640625,11.036972999572754,90.42974853515624,103.32331848144531
-0.125,1.03369140625,0.133544921875,0.91552734375,62.19482421875,-35.46142578125,12.2545166015625,90.65411376953124,105.81865692138672
-0.12353515625,1.02392578125,0.14990234375,-20.5078125,62.31689453125,-32.53173828125,13.31581211090088,90.02481842041016,108.30821228027344
-0.116455078125,0.9365234375,0.125,-30.33447265625,48.76708984375,-3.96728515625,13.23785400390625,88.94908142089844,110.23973846435548
-0.06201171875,0.876708984375,0.085205078125,-24.96337890625,32.2265625,22.0947265625,12.02223014831543,88.04756927490234,111.53951263427734
-0.243896484375,0.890625,-0.065185546875,25.20751953125,58.349609375,-49.6826171875,13.525946617126465,90.82528686523438,119.74513244628906
-0.335693359375,1.01708984375,-0.0224609375,15.9912109375,54.38232421875,-53.77197265625,15.791966438293455,92.05191040039062,122.0578155517578
-0.25244140625,1.084228515625,-0.0380859375,-0.8544921875,38.26904296875,-44.61669921875,17.393693923950195,92.4785614013672,123.72909545898438
-0.35498046875,1.05908203125,-0.076416015625,-11.41357421875,23.193359375,-28.80859375,18.53921890258789,92.38894653320312,124.77401733398438
-0.2900390625,1.0458984375,-0.129638671875,-17.39501953125,15.44189453125,-19.95849609375,19.182247161865234,92.08916473388672,125.51846313476562
-0.263427734375,1.0673828125,-0.078857421875,-22.39990234375,7.2021484375,-7.32421875,19.249868392944336,91.36872100830078,125.85952758789062
-0.17822265625,1.0498046875,-0.03515625,-27.34375,2.5634765625,12.26806640625,18.376461029052734,90.31543731689452,125.96549987792969
-0.18798828125,1.06640625,-0.065185546875,-30.1513671875,4.2724609375,13.916015625,17.488405227661133,89.28178405761719,126.185791015625
-0.374267578125,0.9619140625,-0.177734375,-35.46142578125,11.41357421875,-1.8310546875,17.715879440307614,88.42626190185547,126.78810119628906
-0.230224609375,1.1044921875,-0.170654296875,-30.09033203125,-2.3193359375,-6.34765625,17.734115600585938,87.59703826904297,126.80894470214844
-0.135009765625,1.024658203125,-0.14697265625,-26.55029296875,-9.1552734375,4.45556640625,17.14306640625,86.84294891357422,126.56597900390624
-0.1875,1.0263671875,-0.210205078125,-19.95849609375,-15.07568359375,20.99609375,16.01676368713379,86.46073150634766,126.15927124023438
-0.188720703125,1.14794921875,-0.17626953125,-20.32470703125,-16.6015625,39.306640625,14.155369758605955,85.97708129882812,125.70938110351562
-0.0869140625,1.18359375,-0.1611328125,-28.13720703125,-8.9111328125,37.41455078125,12.257928848266602,85.25720977783203,125.57339477539062
-0.0712890625,1.121337890625,-0.16162109375,-30.82275390625,6.7138671875,19.10400390625,11.190360069274902,84.60077667236328,126.0238800048828
-0.186279296875,0.9677734375,-0.18017578125,-22.03369140625,8.9111328125,4.82177734375,11.02783489227295,84.40518951416016,126.52302551269531
-0.200927734375,0.883056640625,-0.181396484375,-15.7470703125,-8.85009765625,7.01904296875,10.794084548950195,84.36884307861328,126.31680297851562
-0.12744140625,0.899169921875,-0.1689453125,-9.70458984375,-23.193359375,9.27734375,10.240166664123537,84.44487762451172,125.53141784667969
-0.193115234375,0.8564453125,-0.05810546875,-13.12255859375,-24.90234375,4.5166015625,10.065853118896484,84.10063934326172,124.60458374023438
-0.15673828125,0.870849609375,-0.072509765625,-10.07080078125,-19.04296875,3.90625,9.843849182128906,83.97386932373047,123.92228698730469
-0.15966796875,0.87841796875,-0.134765625,-5.7373046875,-23.5595703125,1.3427734375,9.72089672088623,84.14855194091797,123.07316589355469
-0.204345703125,0.901611328125,-0.16943359375,-9.46044921875,-38.87939453125,-1.40380859375,9.749852180480957,84.12971496582031,121.60308837890624
-0.138916015625,0.852783203125,-0.108154296875,-11.77978515625,-47.4853515625,-4.33349609375,9.715439796447754,83.8331069946289,119.7535400390625
-0.1162109375,0.96533203125,-0.09423828125,-6.103515625,-41.80908203125,6.4697265625,9.176712989807127,83.76783752441406,118.1718292236328
-0.16552734375,0.865234375,-0.07861328125,2.3193359375,-30.33447265625,-3.90625,9.27707290649414,84.0958023071289,117.00228118896484
-0.198486328125,0.834228515625,-0.069091796875,5.126953125,-22.03369140625,-3.60107421875,9.501410484313963,84.55300903320312,116.1639175415039
-0.177490234375,0.80419921875,-0.033935546875,9.8876953125,-12.939453125,-0.06103515625,9.57723331451416,85.1549072265625,115.68964385986328
-0.193115234375,0.843994140625,-0.035888671875,22.52197265625,-3.47900390625,7.4462890625,9.403160095214844,86.30642700195312,115.61639404296876
-0.213623046875,0.90283203125,-0.054931640625,27.03857421875,1.3427734375,12.26806640625,9.072396278381348,87.66668701171875,115.74011993408205
-0.166015625,0.97998046875,-0.032958984375,19.59228515625,1.708984375,9.33837890625,8.723027229309082,88.61637878417969,115.84464263916016
-0.188720703125,0.99365234375,-0.069091796875,0.3662109375,4.39453125,-9.1552734375,9.170854568481444,88.85400390625,116.0454559326172
-0.16357421875,0.953369140625,-0.06201171875,-8.9111328125,10.25390625,-11.77978515625,9.669065475463867,88.74190521240234,116.48114013671876
-0.183349609375,1.001708984375,-0.0712890625,-11.3525390625,12.3291015625,-9.33837890625,10.07819652557373,88.56842041015625,117.0069808959961
-0.157958984375,1.075927734375,-0.055908203125,-20.263671875,12.3291015625,-8.23974609375,10.350326538085938,88.006103515625,117.52789306640624
-0.132568359375,1.0732421875,-0.060302734375,-27.7099609375,22.39990234375,-5.43212890625,10.469082832336426,87.2550277709961,118.46614074707031
-0.063232421875,1.09814453125,-0.04052734375,-26.7333984375,32.04345703125,-0.67138671875,10.2756986618042,86.60174560546875,119.8017578125
-0.06591796875,1.13427734375,-0.083251953125,-19.6533203125,30.21240234375,2.99072265625,9.953314781188963,86.32364654541016,121.08799743652344
-0.093505859375,1.14794921875,-0.0654296875,-17.08984375,13.18359375,3.35693359375,9.644346237182617,85.99642944335938,121.67774963378906
-0.083251953125,1.114990234375,-0.05029296875,-12.5732421875,-2.13623046875,5.79833984375,9.195720672607422,85.73152923583984,121.65060424804688
-0.0517578125,1.080078125,-0.06005859375,-1.15966796875,2.685546875,12.14599609375,8.465672492980957,85.99112701416016,121.83868408203124
-0.044189453125,1.083984375,-0.074951171875,0.1220703125,18.4326171875,13.427734375,7.736093521118164,86.4099349975586,122.660888671875
-0.05419921875,1.07861328125,-0.085693359375,-8.85009765625,29.60205078125,13.671875,7.06937837600708,86.52436065673828,123.92732238769531
0.00732421875,1.063232421875,-0.051025390625,-24.71923828125,43.3349609375,21.97265625,6.007429599761963,85.97520446777344,125.7546844482422
-0.00146484375,1.022705078125,-0.065673828125,-25.08544921875,52.001953125,28.38134765625,4.79317045211792,85.46855926513672,127.95204162597656
-0.038330078125,1.010009765625,-0.0673828125,-18.37158203125,52.42919921875,26.30615234375,3.8076012134552,85.21453094482422,130.15768432617188
-0.02685546875,0.864990234375,-0.04736328125,-10.19287109375,51.33056640625,23.98681640625,2.135448932647705,84.71696472167969,137.20849609375
-0.04296875,0.938232421875,-0.06201171875,-12.63427734375,46.32568359375,25.57373046875,1.3053768873214722,84.61429595947266,139.15916442871094
-0.069091796875,0.9580078125,-0.076171875,-23.25439453125,25.93994140625,10.55908203125,1.0965561866760254,84.08407592773438,140.24014282226562
-0.06103515625,0.86474609375,-0.039306640625,-29.23583984375,1.89208984375,-8.056640625,1.5407739877700806,83.2378921508789,140.28582763671878
-0.088134765625,0.8095703125,-0.011474609375,-23.92578125,-3.41796875,-8.7890625,2.057527780532837,82.55911254882812,140.11366271972656
-0.055908203125,0.780029296875,-0.001220703125,-15.7470703125,-0.06103515625,-1.15966796875,2.1843903064727783,82.2120590209961,140.11489868164062
-0.11181640625,0.82470703125,-0.048828125,-9.94873046875,5.79833984375,6.9580078125,2.1598401069641118,82.24749755859375,140.39723205566406
-0.09765625,0.887939453125,-0.077392578125,-11.90185546875,3.35693359375,13.427734375,1.8108559846878047,82.26409912109375,140.618896484375
-0.0947265625,0.93603515625,-0.041748046875,-19.287109375,-5.18798828125,14.7705078125,1.3575955629348757,81.88005828857422,140.50408935546878
-0.096923828125,0.952880859375,-0.02392578125,-31.1279296875,-19.34814453125,1.220703125,1.3739023208618164,80.97901153564453,139.751953125
-0.1005859375,0.899658203125,0.01318359375,-33.935546875,-20.93505859375,-10.8642578125,1.86421811580658,79.90457916259766,138.85957336425778
-0.117919921875,0.88330078125,-0.0146484375,-29.541015625,-17.08984375,-13.00048828125,2.480816125869751,79.11299896240234,138.10481262207028
-0.1298828125,0.91259765625,-0.0537109375,-18.5546875,-15.0146484375,1.52587890625,2.533610343933105,78.8879165649414,137.54815673828122
-0.15869140625,0.972900390625,-0.06005859375,-11.53564453125,-21.1181640625,11.29150390625,2.2007505893707275,78.95024108886719,136.82722473144528
-0.125,1.028076171875,-0.072509765625,-3.90625,-26.9775390625,17.822265625,1.4929239749908447,79.33894348144531,135.92044067382812
-0.069091796875,1.106689453125,-0.076416015625,0.1220703125,-28.86962890625,18.6767578125,0.6401764750480652,79.88481140136719,134.93081665039062
-0.1083984375,1.156494140625,-0.09130859375,-5.79833984375,-34.24072265625,11.65771484375,0.13755115866661072,80.20304870605469,133.66633605957028
-0.09619140625,1.152587890625,-0.1083984375,-15.869140625,-53.03955078125,4.57763671875,-0.21317321062088013,80.14991760253906,131.60621643066406
-0.095703125,1.09814453125,-0.121826171875,-19.8974609375,-75.927734375,-0.18310546875,-0.5134971141815186,79.99222564697266,128.60899353027344
-0.073486328125,1.08056640625,-0.126708984375,-15.56396484375,-79.833984375,6.103515625,-1.1213051080703735,80.05387115478516,125.4978485107422
-0.089111328125,1.11083984375,-0.13134765625,-10.7421875,-78.9794921875,15.31982421875,-2.0256447792053223,80.34602355957031,122.4722137451172
0.00390625,1.192138671875,-0.1181640625,-9.3994140625,-75.62255859375,24.35302734375,-3.399788379669189,80.69224548339844,119.62092590332031
0.013427734375,1.215576171875,-0.1552734375,-15.625,-65.673828125,23.98681640625,-4.649765968322754,80.87708282470703,117.13327026367188
-0.01025390625,1.1689453125,-0.142822265625,-21.97265625,-61.34033203125,19.8974609375,-5.616347312927246,80.82513427734375,114.77336883544922
-0.000732421875,1.10107421875,-0.162109375,-27.2216796875,-68.359375,15.80810546875,-6.452560424804688,80.68944549560547,112.09093475341795
-0.025146484375,1.087646484375,-0.15234375,-28.86962890625,-74.27978515625,13.85498046875,-7.173776626586914,80.54373168945312,109.14997863769531
0.018798828125,1.08154296875,-0.184814453125,-34.0576171875,-77.7587890625,12.02392578125,-7.920746803283691,80.31974029541016,106.03995513916016
0.0322265625,1.055908203125,-0.173095703125,-45.166015625,-74.951171875,3.84521484375,-8.351551055908201,79.66898345947266,102.9790267944336
0.039794921875,1.00244140625,-0.165771484375,-51.1474609375,-74.0966796875,-4.7607421875,-8.483031272888184,78.8244857788086,99.8853988647461
0.02099609375,0.903564453125,-0.11962890625,-46.142578125,-80.9326171875,-12.26806640625,-8.368661880493164,78.19142150878906,96.47002410888672
-0.01220703125,0.812255859375,-0.10302734375,-28.50341796875,-92.10205078125,-14.6484375,-8.183781623840332,78.33180236816406,92.59680938720705
0.02099609375,0.80615234375,-0.063232421875,-14.5263671875,-94.54345703125,-8.23974609375,-8.338166236877441,78.92556762695312,88.69561004638672
0.0341796875,0.8271484375,-0.073974609375,-7.9345703125,-84.65576171875,-0.3662109375,-8.711566925048826,79.73564147949219,85.23628997802734
-0.0263671875,0.796875,-0.058349609375,-7.99560546875,-69.03076171875,5.615234375,-8.988762855529785,80.39469146728516,82.43666076660156
0.02783203125,0.750732421875,-0.033935546875,-3.23486328125,-60.85205078125,13.36669921875,-9.6306791305542,81.11847686767578,80.01287841796875
-0.02978515625,0.87548828125,-0.09521484375,4.638671875,-62.68310546875,17.88330078125,-10.242493629455566,82.30870819091797,77.4996566772461
-0.017578125,0.98193359375,-0.129638671875,-4.2724609375,-83.06884765625,2.197265625,-10.300085067749023,83.32716369628906,74.05601501464844
-0.008056640625,0.96826171875,-0.096435546875,-16.7236328125,-93.07861328125,-15.380859375,-9.676434516906738,83.80421447753906,70.14535522460939
0.002685546875,0.94873046875,-0.08740234375,-20.5078125,-90.27099609375,-18.5546875,-8.939764022827148,84.03142547607422,66.35416412353516
0.002685546875,1.042236328125,-0.05322265625,-22.0947265625,-89.7216796875,-14.22119140625,-4.814138412475586,82.08558654785156,43.45582580566406
0.031494140625,1.02734375,-0.05810546875,-8.11767578125,-74.3408203125,2.99072265625,-5.202483654022217,82.4461441040039,40.47692489624024
0.008056640625,1.021728515625,-0.081298828125,12.20703125,-59.02099609375,21.91162109375,-6.1621336936950675,83.6227798461914,38.18413925170898
0.027099609375,1.01806640625,-0.13427734375,32.71484375,-63.5986328125,32.40966796875,-7.4954118728637695,85.75652313232422,35.694366455078125
0.03076171875,0.99658203125,-0.125,37.7197265625,-78.06396484375,27.64892578125,-8.527320861816406,88.1354751586914,32.54821014404297
0.085693359375,1.003173828125,-0.140869140625,34.24072265625,-87.158203125,23.92578125,-9.368513107299805,90.43189239501952,28.97529602050781
0.1181640625,1.040283203125,-0.17236328125,14.95361328125,-86.12060546875,27.587890625,-10.268132209777832,91.97591400146484,25.398944854736328
0.155029296875,1.047119140625,-0.171875,-9.27734375,-83.8623046875,21.05712890625,-10.88802719116211,92.51763916015624,21.904024124145508
0.134521484375,0.997802734375,-0.16650390625,-28.3203125,-89.599609375,7.14111328125,-10.87885856628418,92.34151458740234,18.195220947265625
0.073974609375,0.862548828125,-0.17333984375,-30.2734375,-108.0322265625,-3.84521484375,-10.300023078918457,92.28694915771484,13.745235443115234
0.033935546875,0.833740234375,-0.231689453125,-17.76123046875,-124.08447265625,1.220703125,-9.794604301452637,92.97367095947266,8.619428634643555
0.015625,0.902099609375,-0.244873046875,-12.0849609375,-137.939453125,10.19287109375,-9.508113861083984,93.90894317626952,2.9322738647460938
0.070556640625,0.95556640625,-0.19287109375,-22.27783203125,-148.4375,8.1787109375,-9.17928409576416,94.28504180908205,-3.1353058815002437
0.089599609375,0.97412109375,-0.1591796875,-33.02001953125,-149.169921875,0.6103515625,-8.591352462768555,94.082763671875,-9.183887481689453
0.1240234375,0.934326171875,-0.11669921875,-37.59765625,-145.3857421875,-7.568359375,-7.842559814453125,93.52229309082031,-15.035106658935547
0.103759765625,0.88818359375,-0.0888671875,-33.26416015625,-142.88330078125,-10.80322265625,-7.020046710968018,93.00718688964844,-20.76743698120117
0.14013671875,0.91796875,-0.03515625,-26.85546875,-145.1416015625,-7.14111328125,-6.499244689941406,92.57305145263672,-26.57954216003418
0.157470703125,0.961181640625,-0.0283203125,-22.0947265625,-146.8505859375,-10.498046875,-5.923802852630615,92.27767181396484,-32.451278686523445
0.123291015625,0.92919921875,-0.00927734375,-10.6201171875,-139.95361328125,-13.61083984375,-5.2035346031188965,92.31430053710938,-38.03367614746094
0.13525390625,0.9619140625,-0.03369140625,2.62451171875,-134.765625,-7.4462890625,-4.7564311027526855,92.86143493652344,-43.41764450073242
0.081298828125,1.004638671875,-0.0576171875,9.8876953125,-136.53564453125,-5.92041015625,-4.18556547164917,93.6850814819336,-48.86735916137695
0.12890625,1.066162109375,-0.05859375,6.53076171875,-144.47021484375,-12.451171875,-3.3772709369659424,94.28960418701172,-54.599647521972656
0.093017578125,1.040283203125,-0.0712890625,0.0,-145.6298828125,-16.90673828125,-2.3066387176513667,94.5462417602539,-60.35181045532226
0.081298828125,1.041015625,-0.0693359375,-3.96728515625,-147.94921875,-20.01953125,-1.1105055809020996,94.51752471923828,-66.1788330078125
0.085205078125,1.065185546875,-0.07421875,-9.1552734375,-140.0146484375,-21.78955078125,0.05976414307951927,94.16548919677734,-71.68702697753906
0.09326171875,1.05419921875,-0.049072265625,-9.6435546875,-130.859375,-29.6630859375,1.4090094566345217,93.63861846923828,-76.8183364868164
0.0107421875,1.05517578125,-0.06884765625,-9.09423828125,-137.939453125,-35.70556640625,3.0896270275115967,93.04920959472656,-82.2364273071289
0.006591796875,0.99951171875,-0.055908203125,-3.60107421875,-150.146484375,-25.93994140625,4.295004367828368,92.5105209350586,-88.18653106689453
0.0595703125,1.03955078125,-0.047607421875,7.87353515625,-133.30078125,2.13623046875,4.156110763549806,92.41944122314452,-93.5271224975586
0.076171875,1.065185546875,-0.113037109375,2.62451171875,-113.22021484375,16.78466796875,3.3650805950164795,92.3538055419922,-98.07826232910156
0.04931640625,1.150634765625,-0.150390625,-3.5400390625,-115.41748046875,4.8828125,3.1366486549377437,92.13629913330078,-102.69183349609376
-0.023193359375,1.0380859375,-0.152587890625,9.82666015625,-121.27685546875,-2.01416015625,3.354182720184326,92.48639678955078,-107.52684783935548
-0.03466796875,1.012939453125,-0.15283203125,26.123046875,-125.9765625,4.21142578125,3.4079768657684326,93.45977020263672,-112.5597915649414
0.036376953125,0.9951171875,-0.13134765625,23.4375,-125.18310546875,23.5595703125,2.6072912216186523,94.27684020996094,-117.6167984008789
-0.02978515625,1.034423828125,-0.130615234375,12.14599609375,-116.39404296875,18.5546875,2.208644151687622,94.66549682617188,-122.31436157226562
-0.04833984375,1.029052734375,-0.101806640625,-4.638671875,-109.130859375,7.14111328125,2.299103260040283,94.3309555053711,-126.68881225585938
-0.10888671875,0.91064453125,-0.058837890625,-9.6435546875,-106.26220703125,9.27734375,2.4208078384399414,93.72811126708984,-130.95989990234378
-0.1044921875,0.80419921875,-0.100830078125,-17.822265625,-102.9052734375,24.47509765625,1.8957939147949217,92.97710418701172,-135.12672424316406
-0.07373046875,0.916015625,-0.068359375,-31.31103515625,-103.82080078125,17.578125,1.4830986261367798,91.63671112060548,-139.306396484375
-0.0498046875,0.9150390625,0.0009765625,-43.8232421875,-93.26171875,-12.26806640625,2.0921189785003658,89.68415069580078,-143.0325927734375
-0.087646484375,0.89990234375,0.005126953125,-47.30224609375,-85.87646484375,-31.55517578125,3.417774438858032,87.6091537475586,-146.49830627441406
-0.1181640625,0.6728515625,0.018798828125,-45.59326171875,-86.181640625,-36.56005859375,4.937519073486328,85.54273986816406,-150.03469848632812
-0.096923828125,0.75390625,-0.0068359375,-38.4521484375,-84.47265625,-27.16064453125,5.811142921447754,83.85978698730469,-153.4969024658203
-0.177001953125,0.752685546875,-0.00341796875,-30.6396484375,-82.6416015625,-17.76123046875,6.428627014160156,82.50580596923828,-156.8614959716797
-0.161865234375,0.781494140625,0.00732421875,-25.45166015625,-92.59033203125,-10.6201171875,6.5508174896240225,81.31952667236328,-160.58522033691406
-0.065673828125,0.801025390625,0.032470703125,-19.287109375,-93.75,-15.13671875,6.4907188415527335,80.3509292602539,-164.37911987304688
-0.041748046875,0.798583984375,0.06298828125,-12.0849609375,-88.37890625,-11.16943359375,6.1908464431762695,79.66108703613281,-167.93679809570312
-0.080810546875,0.788330078125,0.05126953125,-8.23974609375,-84.77783203125,-0.79345703125,5.600924015045166,79.23321533203125,-171.2683563232422
-0.163818359375,0.794189453125,0.039794921875,-5.79833984375,-83.1298828125,46.93603515625,3.3894855976104736,79.06421661376953,-174.16925048828125
-0.052490234375,0.966064453125,0.066162109375,-10.80322265625,-78.857421875,7.6904296875,2.482713222503662,78.7393798828125,-177.19589233398438
-0.072021484375,0.989013671875,0.087646484375,-18.4326171875,-75.98876953125,6.34765625,1.7032983303070068,78.12557220458984,-180.11741638183594
-0.06396484375,0.99609375,0.055419921875,-28.62548828125,-79.2236328125,10.19287109375,0.7211377024650574,77.2459945678711,-183.1208953857422
0.125244140625,0.9990234375,0.05029296875,-29.1748046875,-77.1484375,22.5830078125,-1.155800461769104,76.46321868896484,-185.91688537597656
0.20361328125,1.04052734375,0.069091796875,-21.17919921875,-65.673828125,35.64453125,-3.541194200515747,76.07181549072266,-188.1427154541016
0.08251953125,1.046142578125,0.094970703125,-22.64404296875,-59.63134765625,45.166015625,-5.900029182434082,75.6534194946289,169.95169067382812
0.1015625,1.05615234375,0.069580078125,-26.06201171875,-56.45751953125,34.36279296875,-7.771547317504883,75.23780059814453,168.0502471923828
0.190673828125,1.05615234375,0.077880859375,-29.96826171875,-52.978515625,23.681640625,-9.325186729431152,74.71192932128906,166.1706085205078
0.1123046875,0.891357421875,0.039306640625,-21.1181640625,-55.419921875,25.5126953125,-10.804543495178224,74.69332122802734,164.18673706054688
0.183837890625,0.906494140625,-0.004638671875,-4.8828125,-59.02099609375,29.72412109375,-12.586282730102539,75.50727844238281,162.05030822753906
0.19580078125,1.01904296875,0.0126953125,11.16943359375,-49.37744140625,18.9208984375,-13.72448444366455,76.89337921142578,160.14561462402344
0.094482421875,1.0576171875,0.031982421875,17.822265625,-39.61181640625,-14.95361328125,-13.139331817626953,78.45157623291016,158.32102966308594
0.10546875,1.11572265625,0.069580078125,10.7421875,-29.84619140625,-38.87939453125,-11.536130905151367,79.5100326538086,156.75347900390625
0.204833984375,1.072998046875,0.087158203125,-2.44140625,-18.85986328125,-45.41015625,-9.856639862060547,79.83164978027344,155.62887573242188
0.129638671875,0.961669921875,0.05029296875,0.48828125,-18.12744140625,-31.494140625,-8.656215667724611,80.2738037109375,154.64215087890625
0.117431640625,1.089599609375,0.061767578125,14.6484375,-20.6298828125,-19.53125,-7.917300224304199,81.2400894165039,153.6581573486328
0.0859375,1.16455078125,0.110595703125,9.8876953125,-20.32470703125,-16.90673828125,-7.218426704406737,81.87376403808594,152.7326202392578
0.03271484375,1.129638671875,0.105224609375,-8.48388671875,-20.99609375,-17.15087890625,-6.436434268951416,81.74320983886719,151.78562927246094
-0.027587890625,1.07958984375,0.0576171875,-16.66259765625,-24.4140625,-17.333984375,-5.57957935333252,81.38262176513672,150.69015502929688
-0.00390625,1.04296875,0.0634765625,-12.6953125,-31.55517578125,-20.01953125,-4.7471466064453125,81.18891906738281,149.2980194091797
0.0595703125,1.03955078125,0.03076171875,7.99560546875,-38.57421875,-25.45166015625,-3.906247615814209,81.9034194946289,147.5980682373047
0.050537109375,1.218017578125,0.0859375,14.892578125,-36.07177734375,-26.30615234375,-2.992650032043457,82.74002075195312,146.01797485351562
0.02099609375,1.254638671875,0.097412109375,-3.90625,-42.54150390625,-16.66259765625,-2.4606480598449707,82.7654037475586,144.24014282226562
0.089599609375,1.085693359375,0.01025390625,-25.69580078125,-44.677734375,-7.75146484375,-2.4732697010040283,82.06643676757812,142.41656494140625
0.066650390625,0.99462890625,0.013427734375,-19.47021484375,-49.98779296875,9.521484375,-3.1790504455566406,81.65179443359375,140.47555541992188
0.1103515625,0.99560546875,0.019775390625,-6.591796875,-55.7861328125,31.005859375,-4.8403592109680185,81.8006362915039,138.4212646484375
0.155029296875,1.068359375,0.030517578125,-3.47900390625,-48.2177734375,31.25,-6.473209857940674,82.07798767089844,136.65299987792972
0.096435546875,1.022216796875,0.01708984375,-7.26318359375,-38.9404296875,20.01953125,-7.428616046905518,82.2249526977539,135.17559814453122
0.093994140625,0.968017578125,0.0107421875,-5.92041015625,-37.9638671875,12.75634765625,-8.055783271789549,82.45328521728516,133.68795776367188
0.18212890625,0.8935546875,0.00732421875,-5.2490234375,-34.24072265625,11.962890625,-8.839045524597168,82.69974517822266,132.33830261230472
0.1611328125,0.946044921875,0.04638671875,4.21142578125,-23.62060546875,12.8173828125,-9.490769386291504,83.17253875732422,131.425048828125
0.102294921875,0.96826171875,0.03173828125,5.9814453125,-14.70947265625,14.404296875,-9.989018440246582,83.68383026123047,130.86651611328122
0.075439453125,1.068115234375,0.06640625,3.5400390625,-4.82177734375,2.5634765625,-9.87342643737793,83.9527816772461,130.66572570800778
0.0537109375,1.044921875,0.066650390625,1.3427734375,-0.8544921875,-9.46044921875,-9.22573184967041,84.10001373291016,130.57807922363278
0.09033203125,1.010498046875,0.06689453125,1.0986328125,-0.6103515625,-14.16015625,-8.501589775085451,84.22595977783203,130.48562622070312
0.076904296875,1.014892578125,-0.009521484375,-4.82177734375,-11.962890625,13.00048828125,-6.541704177856445,85.99555206298828,128.0411376953125
0.0302734375,0.99609375,-0.01708984375,-4.08935546875,-10.07080078125,12.939453125,-6.892641544342041,86.05931091308594,127.64913940429688
0.090087890625,1.05224609375,-0.046630859375,-2.01416015625,-7.4462890625,10.7421875,-7.2599053382873535,86.25534057617188,127.34773254394531
0.154541015625,1.092041015625,0.12158203125,29.96826171875,-15.2587890625,30.94482421875,-8.552280426025389,87.40975952148438,126.81211853027344
0.15087890625,1.4375,-0.04443359375,28.86962890625,-24.5361328125,22.8271484375,-9.387784957885742,88.87399291992188,125.82301330566406
-0.068359375,1.102783203125,0.021484375,-16.2353515625,-7.75146484375,-29.11376953125,-7.723647117614746,88.2613525390625,125.4821319580078
0.026611328125,0.786865234375,-0.03076171875,-9.33837890625,-8.36181640625,-6.8359375,-7.231263637542725,88.07707214355469,125.11647033691406
0.062255859375,1.00830078125,-0.050048828125,5.37109375,-18.1884765625,16.11328125,-7.745175838470459,88.56046295166016,124.37776184082031
-0.03125,1.0498046875,-0.1171875,-5.79833984375,-2.44140625,-2.3193359375,-7.283171653747559,88.63933563232422,124.236083984375
