0.032470703125,0.9970703125,-0.03857421875,-8.4228515625,-4.57763671875,1.953125,-4.3330602645874015,84.1550521850586,-179.5875244140625
0.029052734375,0.998779296875,-0.047607421875,-9.033203125,-5.18798828125,2.44140625,-4.3674659729003915,84.15477752685547,-179.7979278564453
0.07373046875,0.96484375,-0.07666015625,-9.033203125,2.38037109375,2.50244140625,-4.459052085876465,84.18119812011719,-179.7232666015625
0.01513671875,0.9892578125,-0.15087890625,-7.62939453125,9.58251953125,0.3662109375,-4.29927396774292,84.40362548828125,-179.38287353515625
0.0419921875,1.1044921875,-0.603271484375,-16.78466796875,21.484375,15.31982421875,-5.014564037322998,84.79975891113281,-178.3682861328125
-0.005615234375,0.71435546875,0.001953125,5.9814453125,19.47021484375,-3.90625,-4.577392101287842,85.16075134277344,-177.6190643310547
0.341064453125,1.40966796875,0.03076171875,11.90185546875,2.62451171875,-10.8642578125,-4.493809700012207,85.7552719116211,-177.5576934814453
0.138671875,1.302734375,-0.1064453125,-24.10888671875,-5.7373046875,0.732421875,-5.078258037567139,84.50662994384766,-177.92967224121094
0.29638671875,1.3212890625,-0.287109375,-44.61669921875,-9.765625,18.00537109375,-6.129222869873048,83.42115020751953,-178.30198669433594
0.216796875,1.296142578125,-0.411376953125,-17.4560546875,-19.287109375,1.5869140625,-6.411424160003662,83.72125244140625,-179.16453552246094
0.23828125,1.375,-0.353759765625,17.88330078125,-46.44775390625,-21.97265625,-5.6857361793518075,85.56034851074219,-181.53790283203125
0.186279296875,1.47314453125,-0.279296875,11.41357421875,-73.66943359375,-35.82763671875,-4.505885124206543,86.86799621582031,-184.63790893554688
0.203369140625,1.342041015625,-0.29833984375,2.685546875,-83.0078125,-34.97314453125,-3.4160289764404297,87.8065185546875,-188.070068359375
0.23388671875,1.326416015625,-0.25439453125,16.357421875,-80.2001953125,-20.3857421875,-3.145352602005005,89.29830932617188,168.78143310546875
0.24609375,1.447021484375,-0.1796875,25.7568359375,-70.4345703125,-4.45556640625,-3.2117006778717037,90.7755355834961,165.94277954101562
0.16845703125,1.399169921875,-0.184326171875,27.587890625,-61.58447265625,-12.14599609375,-2.797356367111206,92.25895690917969,163.47671508789062
0.1328125,1.152587890625,-0.184814453125,34.36279296875,-54.26025390625,-23.01025390625,-1.9934937953948972,94.09197235107422,161.40460205078125
0.127197265625,0.975341796875,-0.22412109375,37.17041015625,-52.978515625,-0.6103515625,-1.9851776361465452,95.98604583740234,159.2813720703125
-0.009033203125,0.75341796875,-0.1669921875,28.86962890625,-62.92724609375,26.91650390625,-2.6423351764678955,97.49139404296876,156.6438446044922
-0.11669921875,0.746826171875,-0.048828125,7.6904296875,-71.59423828125,36.62109375,-3.4094731807708736,97.29695892333984,153.51068115234375
-0.009765625,1.06298828125,-0.023681640625,-37.90283203125,-73.6083984375,37.109375,-4.379602909088135,95.73634338378906,150.41964721679688
-0.027099609375,0.96337890625,-0.07861328125,-50.9033203125,-61.58447265625,32.04345703125,-5.200860500335693,93.8575668334961,147.845703125
-0.049560546875,0.73779296875,-0.20947265625,-28.74755859375,-51.94091796875,27.64892578125,-5.839974403381348,93.8191146850586,145.7335662841797
-0.0185546875,0.64794921875,-0.161376953125,23.25439453125,-41.9921875,34.11865234375,-6.764136791229247,95.33672332763672,143.898681640625
-0.00732421875,0.76025390625,-0.091552734375,41.748046875,-34.85107421875,51.025390625,-8.337430953979492,97.26673889160156,142.2674102783203
-0.032470703125,0.83349609375,-0.058837890625,33.3251953125,-38.02490234375,64.51416015625,-10.12114715576172,98.49258422851562,140.27384948730472
-0.133056640625,0.926025390625,-0.0537109375,7.50732421875,-56.45751953125,41.3818359375,-10.686739921569824,99.02823638916016,137.78414916992188
-0.135009765625,0.8466796875,-0.11474609375,-5.9814453125,-71.22802734375,10.25390625,-9.862984657287598,99.2453155517578,134.87115478515622
-0.09326171875,0.811279296875,-0.11181640625,0.732421875,-79.89501953125,2.01416015625,-8.895599365234375,99.76505279541016,131.5736083984375
-0.107421875,0.8359375,-0.0400390625,1.15966796875,-86.85302734375,28.38134765625,-8.768231391906737,100.08060455322266,127.95695495605469
-0.125732421875,0.8916015625,-0.009033203125,-4.82177734375,-83.43505859375,52.42919921875,-9.577223777770996,100.08679962158205,124.3105010986328
-0.173828125,1.025390625,0.025390625,-8.60595703125,-68.78662109375,55.48095703125,-10.356241226196287,99.76973724365234,121.4329833984375
-0.183837890625,1.02099609375,-0.070556640625,-13.73291015625,-55.96923828125,36.19384765625,-10.600703239440918,99.42903137207031,118.97848510742188
-0.164794921875,0.861572265625,-0.10498046875,-1.953125,-54.01611328125,18.24951171875,-10.124205589294434,99.65068817138672,116.70806121826172
-0.1064453125,0.778076171875,-0.1005859375,11.23046875,-55.35888671875,8.36181640625,-9.378002166748047,100.49942016601562,114.40876007080078
-0.081298828125,0.8193359375,-0.056396484375,7.2021484375,-57.6171875,12.3291015625,-8.838802337646484,100.88893127441406,112.0679168701172
-0.055419921875,0.848388671875,-0.04443359375,-7.080078125,-54.38232421875,16.78466796875,-8.59124755859375,100.62247467041016,109.82667541503906
-0.057373046875,1.018310546875,-0.027099609375,-24.169921875,-47.05810546875,10.07080078125,-8.029312133789062,99.32635498046876,107.98747253417969
-0.06494140625,0.965576171875,-0.123046875,-42.236328125,-44.00634765625,-10.986328125,-6.862675666809082,97.759033203125,106.30615997314452
-0.051513671875,0.77001953125,-0.177978515625,-30.76171875,-41.32080078125,-18.6767578125,-5.491737842559815,96.89090728759766,104.72859954833984
-0.002685546875,0.716552734375,-0.153564453125,-5.4931640625,-34.97314453125,-12.0849609375,-4.929299831390381,97.27883911132812,103.45326232910156
0.06005859375,0.837890625,-0.105224609375,16.29638671875,-23.193359375,15.869140625,-5.395231246948242,98.00180053710938,102.44544219970705
0.0302734375,0.85400390625,-0.117431640625,18.06640625,-22.5830078125,35.21728515625,-6.513710021972656,98.81758880615234,101.33826446533205
-0.009033203125,0.913818359375,-0.12109375,16.2353515625,-26.79443359375,39.55078125,-7.464894771575928,99.521240234375,100.02040100097656
-0.058349609375,0.891357421875,-0.119873046875,15.56396484375,-26.91650390625,32.28759765625,-8.102572441101074,100.22987365722656,98.73561096191406
-0.01708984375,0.890380859375,-0.153564453125,15.869140625,-26.123046875,34.36279296875,-8.888094902038574,101.02357482910156,97.44305419921876
0.000244140625,0.918701171875,-0.18212890625,14.7705078125,-26.7333984375,37.7197265625,-9.84069538116455,101.81144714355469,96.08992767333984
0.004150390625,0.948486328125,-0.224609375,13.0615234375,-28.50341796875,36.31591796875,-10.630009651184082,102.6376953125,94.63469696044922
0.038330078125,1.037109375,-0.2470703125,14.46533203125,-30.82275390625,30.09033203125,-11.1748046875,103.51701354980469,93.12989807128906
0.020263671875,1.09326171875,-0.25,4.2724609375,-36.31591796875,19.6533203125,-11.009986877441406,103.81014251708984,91.3807144165039
0.104736328125,1.133056640625,-0.251953125,-18.1884765625,-51.45263671875,9.8876953125,-10.670101165771484,103.41798400878906,89.26090240478516
0.103271484375,1.130126953125,-0.201904296875,-30.1513671875,-53.955078125,13.48876953125,-10.484798431396484,102.48036193847656,87.023193359375
0.097900390625,1.11962890625,-0.197509765625,-30.45654296875,-50.1708984375,13.671875,-10.31514835357666,101.52516174316406,85.02932739257812
0.04150390625,1.021728515625,-0.17724609375,-19.8974609375,-40.83251953125,4.69970703125,-9.857657432556152,100.93834686279295,83.37770080566406
0.0302734375,0.970458984375,-0.21923828125,-9.94873046875,-38.14697265625,-0.67138671875,-9.217120170593262,100.84923553466795,81.85343170166016
0.0703125,0.97509765625,-0.245849609375,-3.96728515625,-38.87939453125,2.62451171875,-9.162158966064453,101.05840301513672,80.19855499267578
0.171875,0.9013671875,-0.2236328125,8.544921875,-43.64013671875,26.3671875,-9.892651557922363,101.8230438232422,78.23332214355469
0.101806640625,0.980712890625,-0.2138671875,15.13671875,-36.9873046875,33.63037109375,-10.71916961669922,102.74895477294922,76.46980285644531
0.06591796875,0.971923828125,-0.17041015625,16.29638671875,-34.423828125,18.37158203125,-10.577463150024414,103.6020278930664,75.06231689453125
0.029296875,0.7998046875,-0.188720703125,20.01953125,-32.1044921875,-14.95361328125,-9.345732688903807,104.56874084472656,73.95553588867188
0.041259765625,0.697509765625,-0.20751953125,20.6298828125,-36.31591796875,-31.43310546875,-7.512870788574219,105.61976623535156,72.8649673461914
0.082763671875,0.671142578125,-0.177734375,20.5078125,-37.353515625,-34.423828125,-5.693181037902832,106.4263153076172,71.86614990234375
0.08056640625,0.842529296875,-0.208251953125,1.46484375,-34.72900390625,-32.65380859375,-4.034123420715332,106.45101928710938,70.91690063476562
0.06494140625,0.831298828125,-0.23681640625,-15.0146484375,-30.1513671875,-29.78515625,-2.566659927368164,105.8609848022461,70.09620666503906
0.0751953125,0.87255859375,-0.25,-15.07568359375,-20.08056640625,-24.47509765625,-1.6798794269561768,105.38499450683594,69.74187469482422
0.106689453125,0.90625,-0.270751953125,-2.197265625,-1.0986328125,-10.498046875,-1.4535534381866455,105.329833984375,69.81178283691406
0.14697265625,0.910888671875,-0.24951171875,3.0517578125,8.30078125,1.953125,-1.9100444316864011,105.4279556274414,70.11189270019531
0.177001953125,1.02783203125,-0.236328125,-5.55419921875,8.30078125,12.14599609375,-2.772949695587158,104.7158432006836,70.202880859375
0.241943359375,1.15771484375,-0.20166015625,-42.90771484375,-4.638671875,13.671875,-3.6076281070709233,102.81163024902344,69.90737915039061
0.20166015625,1.14990234375,-0.18896484375,-60.60791015625,-7.2021484375,7.87353515625,-4.102306365966797,100.25706481933594,69.57650756835939
0.102783203125,1.076416015625,-0.19091796875,-52.24609375,0.67138671875,-3.35693359375,-3.86761212348938,98.38004302978516,69.75448608398439
0.070556640625,0.888671875,-0.1845703125,-26.4892578125,11.90185546875,-15.07568359375,-3.3621511459350586,97.40313720703124,70.30400085449219
0.0703125,0.780029296875,-0.16845703125,-4.39453125,17.822265625,-14.58740234375,-2.9457600116729736,97.3586196899414,71.0787353515625
0.076416015625,0.783447265625,-0.1728515625,5.79833984375,19.47021484375,-4.08935546875,-3.211557626724243,97.74565887451172,71.80085754394531
0.050048828125,0.81396484375,-0.17724609375,2.5634765625,12.02392578125,13.24462890625,-3.810501098632813,97.98876190185548,72.19425964355469
0.01953125,0.8330078125,-0.1943359375,-4.82177734375,7.38525390625,20.01953125,-4.5431013107299805,97.97245025634766,72.36029815673828
0.034423828125,0.86181640625,-0.19091796875,-12.75634765625,7.6904296875,18.73779296875,-5.1704444885253915,97.62130737304688,72.62794494628906
0.03466796875,0.8935546875,-0.186279296875,-16.357421875,18.5546875,7.99560546875,-5.464317798614502,97.05270385742188,73.31019592285156
0.0390625,0.876220703125,-0.18310546875,-18.24951171875,27.40478515625,-2.197265625,-5.391257286071777,96.39228057861328,74.39617919921875
0.0634765625,0.872802734375,-0.197265625,-17.63916015625,32.40966796875,-8.72802734375,-5.0929532051086435,95.79749298095705,75.74852752685547
0.05322265625,0.848876953125,-0.244140625,-18.73779296875,35.2783203125,-7.9345703125,-4.85644006729126,95.3144302368164,77.15437316894531
0.036376953125,0.866455078125,-0.242919921875,-18.5546875,36.1328125,0.30517578125,-4.9025607109069815,94.84520721435548,78.56324005126953
0.047119140625,0.912353515625,-0.245361328125,-19.83642578125,42.05322265625,7.6904296875,-5.339998722076416,94.24430847167969,80.27487182617188
0.04443359375,1.04345703125,-0.251953125,-23.98681640625,52.06298828125,8.97216796875,-5.727200508117676,93.4416275024414,82.30188751220703
0.062744140625,1.0732421875,-0.26025390625,-26.7333984375,57.12890625,5.9814453125,-5.996316909790039,92.52873992919922,84.5417709350586
0.11474609375,1.06201171875,-0.258544921875,-25.45166015625,60.85205078125,6.89697265625,-6.420760631561278,91.66857147216795,86.97222137451172
0.142822265625,1.103759765625,-0.27490234375,-27.16064453125,61.4013671875,16.845703125,-7.186745643615723,90.76129150390624,89.37541198730469
0.151123046875,1.109619140625,-0.30517578125,-29.72412109375,57.861328125,25.81787109375,-8.255624771118164,89.81940460205078,91.63162231445312
0.167724609375,1.170654296875,-0.27587890625,-30.94482421875,54.8095703125,28.564453125,-9.322335243225098,88.71112823486328,93.71829223632812
0.207763671875,1.318359375,-0.1982421875,-33.63037109375,46.93603515625,13.61083984375,-9.794015884399414,87.42127990722656,95.5767593383789
0.232421875,1.3515625,-0.184326171875,-35.33935546875,36.4990234375,-4.69970703125,-9.53081512451172,86.15519714355469,96.97832489013672
0.2109375,1.112060546875,-0.1875,-23.98681640625,28.564453125,-15.9912109375,-8.721809387207031,85.9460220336914,97.87254333496094
0.1533203125,0.89794921875,-0.153564453125,5.7373046875,18.37158203125,-21.240234375,-7.872514247894287,86.60226440429688,98.48074340820312
0.139404296875,0.826416015625,-0.114501953125,18.4326171875,14.0380859375,-15.869140625,-7.28278923034668,87.69766235351562,98.95755767822266
0.10205078125,0.75,-0.104248046875,21.8505859375,12.6953125,-8.11767578125,-6.963019847869872,88.93905639648438,99.41625213623048
0.05859375,0.74365234375,-0.108642578125,19.10400390625,15.07568359375,-8.544921875,-6.521674156188965,89.9895248413086,99.97848510742188
0.077392578125,0.799072265625,-0.08203125,8.4228515625,19.47021484375,-20.3857421875,-5.674662590026856,90.4606704711914,100.74288940429688
0.138427734375,0.858154296875,-0.025390625,-4.5166015625,30.70068359375,-38.75732421875,-4.104158878326416,89.93981170654297,102.19084930419922
0.227294921875,1.02880859375,0.00341796875,-28.80859375,49.13330078125,-54.01611328125,-2.263937473297119,88.65874481201172,104.14578247070312
0.25439453125,0.979736328125,-0.0576171875,-39.61181640625,51.20849609375,-47.91259765625,-0.7711745500564575,87.18806457519531,106.13150024414062
0.268310546875,0.893310546875,-0.084716796875,-28.13720703125,46.69189453125,-25.634765625,-0.6671894192695618,86.6509780883789,107.89704895019531
0.24609375,0.9033203125,-0.088623046875,-4.94384765625,39.85595703125,13.85498046875,-1.7025480270385742,86.74766540527344,109.51677703857422
0.21826171875,0.972900390625,-0.081787109375,1.8310546875,34.3017578125,34.423828125,-3.433591365814209,87.05297088623047,110.94953155517578
0.164306640625,0.967529296875,-0.08642578125,4.21142578125,32.04345703125,38.51318359375,-5.063516139984131,87.44648742675781,112.27766418457031
0.1298828125,0.951171875,-0.09521484375,5.31005859375,31.25,22.705078125,-6.028186798095702,87.8447265625,113.5394058227539
0.103515625,0.922607421875,-0.086669921875,5.18798828125,28.74755859375,7.6904296875,-6.313793182373048,88.20979309082031,114.67517852783205
0.108642578125,0.964599609375,-0.079833984375,-0.48828125,25.81787109375,-0.9765625,-6.2111897468566895,88.20182800292969,115.6625518798828
0.089111328125,0.929443359375,-0.08056640625,-11.8408203125,21.17919921875,-1.64794921875,-6.090450763702393,87.89031982421875,116.48452758789062
0.06103515625,0.91845703125,-0.099365234375,-10.009765625,21.8505859375,2.25830078125,-6.059806346893311,87.71116638183594,117.33216857910156
0.031982421875,0.902587890625,-0.1044921875,-1.708984375,22.76611328125,6.16455078125,-6.165213584899902,88.0270004272461,118.17274475097656
0.0517578125,0.93310546875,-0.110107421875,5.0048828125,17.15087890625,10.8642578125,-6.461765766143799,88.48121643066406,118.83887481689452
0.049560546875,0.942138671875,-0.12255859375,6.34765625,9.3994140625,13.97705078125,-6.875994682312013,89.03035736083984,119.18937683105469
0.039306640625,0.9501953125,-0.130126953125,4.69970703125,2.685546875,14.83154296875,-7.273454666137695,89.5318603515625,119.18907165527344
0.05126953125,0.9677734375,-0.15625,3.7841796875,-4.0283203125,9.82666015625,-7.498301982879639,90.07311248779295,118.9799346923828
0.05517578125,0.972412109375,-0.1708984375,5.43212890625,-6.65283203125,8.1787109375,-7.654194355010986,90.70548248291016,118.65880584716795
0.05908203125,0.996337890625,-0.209716796875,5.18798828125,-7.8125,7.6904296875,-7.786421775817871,91.40797424316406,118.21988677978516
0.077392578125,1.0068359375,-0.24853515625,1.0986328125,-12.63427734375,3.41796875,-7.771918773651122,92.0022964477539,117.64044189453124
0.123291015625,1.06494140625,-0.222412109375,-1.64794921875,-13.48876953125,-7.14111328125,-7.4163246154785165,92.38127136230469,117.05780029296876
0.19970703125,1.1650390625,-0.146240234375,-10.7421875,-15.2587890625,-24.5361328125,-6.317253589630128,91.97083282470705,116.49437713623048
0.27001953125,1.31689453125,-0.09814453125,-32.04345703125,-17.76123046875,-41.015625,-4.870362758636475,90.82907104492188,115.8213119506836
0.224365234375,1.250244140625,-0.133056640625,-40.22216796875,-18.61572265625,-43.5791015625,-3.337077140808105,89.46377563476562,115.07227325439452
0.17333984375,1.09326171875,-0.17578125,-27.587890625,-15.68603515625,-35.94970703125,-2.297750473022461,89.08769226074219,114.48591613769531
0.126708984375,1.051513671875,-0.184814453125,0.67138671875,-10.19287109375,-11.41357421875,-2.024878025054932,89.54351043701172,114.05728149414062
0.147216796875,1.089599609375,-0.15869140625,7.99560546875,-9.58251953125,6.7138671875,-2.5143308639526367,90.20771026611328,113.6611557006836
0.16259765625,1.069091796875,-0.17626953125,8.9111328125,-15.13671875,15.2587890625,-3.41706919670105,90.98538208007812,112.92839813232422
0.13818359375,0.912109375,-0.177001953125,15.31982421875,-27.03857421875,15.19775390625,-4.1917457580566415,92.04932403564452,111.80306243896484
0.09033203125,0.788330078125,-0.178466796875,22.03369140625,-36.7431640625,9.70458984375,-4.591338157653809,93.45257568359376,110.28045654296876
0.08935546875,0.72900390625,-0.14892578125,26.123046875,-44.921875,4.7607421875,-4.6523027420043945,94.95362091064452,108.37307739257812
0.052001953125,0.745849609375,-0.150390625,21.66748046875,-50.72021484375,-2.99072265625,-4.30092191696167,96.21939849853516,106.34137725830078
0.05517578125,0.7841796875,-0.190673828125,13.00048828125,-51.26953125,-9.58251953125,-3.661993980407715,97.1593017578125,104.32572174072266
0.0654296875,0.852294921875,-0.23583984375,1.89208984375,-46.7529296875,-12.5732421875,-2.9248087406158447,97.53581237792969,102.57380676269531
0.114013671875,0.98486328125,-0.24365234375,-16.7236328125,-39.794921875,-15.56396484375,-2.2401785850524902,97.1708984375,101.06494903564452
0.146728515625,1.065673828125,-0.24462890625,-27.9541015625,-29.47998046875,-17.578125,-1.6174283027648926,96.3012924194336,99.97269439697266
0.16796875,1.0751953125,-0.216552734375,-35.2783203125,-15.19775390625,-20.81298828125,-1.0480465888977049,95.02191925048828,99.63773345947266
0.28369140625,1.140869140625,-0.125732421875,-39.9169921875,2.74658203125,-24.4140625,-0.591399610042572,93.4562530517578,99.83074951171876
0.302978515625,1.203369140625,-0.095703125,-49.62158203125,7.568359375,-30.6396484375,0.08410178869962692,91.496826171875,100.20081329345705
0.285400390625,1.078369140625,-0.09130859375,-51.26953125,3.11279296875,-34.85107421875,0.8821941018104553,89.6935043334961,100.23900604248048
0.218994140625,0.92138671875,-0.075439453125,-26.67236328125,-4.638671875,-28.01513671875,1.4388266801834106,88.80094146728516,100.05152893066406
0.14013671875,0.831787109375,-0.076171875,-2.38037109375,-3.2958984375,-14.70947265625,1.5908023118972778,88.93892669677734,99.9169692993164
0.07470703125,0.71533203125,-0.05517578125,15.869140625,1.0986328125,-1.03759765625,1.2308132648468018,89.98356628417969,100.04458618164062
0.006103515625,0.6572265625,-0.0595703125,29.296875,15.2587890625,14.83154296875,0.560632586479187,91.35604095458984,100.64945220947266
0.008056640625,0.701904296875,-0.069091796875,24.10888671875,29.84619140625,20.20263671875,-0.3362492620944977,92.47721862792969,101.81381225585938
0.0126953125,0.747802734375,-0.090576171875,9.46044921875,44.00634765625,16.17431640625,-0.9344619512557985,92.74246978759766,103.7063446044922
0.089111328125,0.825927734375,-0.124267578125,-12.87841796875,57.6171875,-0.79345703125,-1.2180005311965942,92.39836120605469,106.00775909423828
0.12109375,0.912353515625,-0.135498046875,-23.5595703125,66.40625,-10.55908203125,-1.147637128829956,91.62398529052734,108.67608642578124
0.15576171875,0.9619140625,-0.170654296875,-29.052734375,71.96044921875,-15.31982421875,-0.9054378271102904,90.72909545898438,111.64745330810548
0.186279296875,1.046875,-0.177490234375,-28.86962890625,75.98876953125,-15.80810546875,-0.6594483256340027,89.86532592773438,114.69043731689452
0.181884765625,1.05517578125,-0.18359375,-27.89306640625,74.21875,-12.3291015625,-0.5067253112792969,89.09554290771484,117.65504455566406
0.16455078125,1.026123046875,-0.205078125,-22.88818359375,69.39697265625,-5.7373046875,-0.6400567889213562,88.72190856933594,120.36033630371094
0.126220703125,0.99462890625,-0.185546875,-7.32421875,64.453125,-0.06103515625,-0.8484941720962524,88.84513854980469,122.933349609375
0.12548828125,1.020751953125,-0.161865234375,1.64794921875,62.255859375,-1.64794921875,-0.9912378191947936,89.2558822631836,125.41664123535156
0.114013671875,1.031982421875,-0.1640625,6.16455078125,61.34033203125,-5.67626953125,-0.8556047677993774,89.88748168945312,127.89143371582031
0.064453125,0.994140625,-0.162841796875,11.5966796875,64.51416015625,-16.11328125,-0.3463134467601776,90.68135833740234,130.47116088867188
0.076171875,0.97216796875,-0.174072265625,12.75634765625,68.05419921875,-19.775390625,0.2186770588159561,91.54747009277344,133.20718383789062
0.09521484375,0.98193359375,-0.19921875,11.474609375,74.52392578125,-17.88330078125,0.589045524597168,92.40413665771484,136.26327514648438
0.0625,0.95556640625,-0.23828125,9.1552734375,79.65087890625,-13.7939453125,0.8038613796234131,93.25212860107422,139.47718811035156
0.091552734375,0.992919921875,-0.278076171875,7.6904296875,82.45849609375,-9.8876953125,0.743447482585907,94.0780029296875,142.79971313476562
0.10986328125,1.061767578125,-0.263671875,4.45556640625,87.34130859375,-9.58251953125,0.6449092626571655,94.65773010253906,146.3775634765625
0.1494140625,1.125,-0.22607421875,1.708984375,96.49658203125,-20.1416015625,0.7880371212959291,95.02448272705078,150.29486083984375
0.162841796875,1.10205078125,-0.19677734375,0.48828125,100.2197265625,-30.82275390625,1.2797414064407349,95.3041534423828,154.4030303955078
0.17822265625,1.02392578125,-0.205078125,3.84521484375,96.19140625,-34.24072265625,1.792236328125,95.8955078125,158.26266479492188
0.140625,0.8623046875,-0.207275390625,18.1884765625,84.77783203125,-20.3857421875,1.7817335128784182,97.0160675048828,161.7320556640625
0.094970703125,0.79736328125,-0.196044921875,25.390625,75.25634765625,-5.859375,1.270504355430603,98.36598205566406,164.7512664794922
0.08154296875,0.77294921875,-0.2138671875,23.3154296875,64.8193359375,4.94384765625,0.2989804744720459,99.59746551513672,167.19793701171875
0.047119140625,0.802734375,-0.217529296875,17.51708984375,61.1572265625,4.57763671875,-0.4544695913791657,100.50122833251952,169.57269287109375
0.067138671875,0.873291015625,-0.2197265625,9.70458984375,66.34521484375,-8.6669921875,-0.7682943344116211,100.98993682861328,-187.7574615478516
0.072509765625,0.905517578125,-0.201904296875,-0.42724609375,72.998046875,-24.84130859375,-0.5476090312004089,100.99855041503906,-184.7010040283203
0.14599609375,0.955078125,-0.203857421875,-9.70458984375,81.23779296875,-34.97314453125,-0.1115093231201172,100.61650848388672,-181.24346923828125
0.170166015625,0.972412109375,-0.20947265625,-10.19287109375,80.2001953125,-32.470703125,0.19189797341823575,100.25647735595705,-177.849609375
0.193359375,0.9775390625,-0.231201171875,-7.32421875,72.509765625,-23.62060546875,0.023614270612597462,100.16075897216795,-174.9304656982422
0.153076171875,0.976318359375,-0.238037109375,5.615234375,61.8896484375,-8.544921875,-0.4355890154838562,100.50099182128906,-172.43434143066406
0.107666015625,0.96630859375,-0.24365234375,14.34326171875,53.955078125,0.67138671875,-1.1003880500793457,101.17613220214844,-170.3228302001953
0.090576171875,0.943359375,-0.239501953125,21.42333984375,47.54638671875,10.07080078125,-2.032683849334717,102.07685089111328,-168.54580688476562
0.0625,0.9697265625,-0.222900390625,21.484375,40.52734375,16.845703125,-3.104033946990967,102.8916015625,-167.11170959472656
0.059814453125,0.9853515625,-0.202880859375,11.16943359375,36.376953125,13.3056640625,-3.9638597965240483,103.19306182861328,-165.8111572265625
0.044921875,1.00244140625,-0.1982421875,-2.8076171875,34.85107421875,4.57763671875,-4.28204345703125,102.69635772705078,-164.49880981445312
0.037353515625,0.987548828125,-0.2060546875,-20.69091796875,34.60693359375,-10.19287109375,-4.095025062561035,101.71087646484376,-163.05271911621094
0.0400390625,1.003662109375,-0.203369140625,-27.7099609375,36.07177734375,-20.99609375,-3.4813923835754395,100.47156524658205,-161.4693603515625
0.048583984375,0.99169921875,-0.21875,-29.4189453125,37.4755859375,-25.69580078125,-2.715663433074951,99.25811767578124,-159.81521606445312
0.06298828125,0.976318359375,-0.223388671875,-22.76611328125,38.818359375,-22.3388671875,-2.1138591766357417,98.40540313720705,-158.14599609375
0.071533203125,0.951416015625,-0.231201171875,-14.2822265625,38.39111328125,-15.44189453125,-1.8099365234375,97.97187042236328,-156.54244995117188
0.078857421875,0.95166015625,-0.224365234375,-7.62939453125,35.94970703125,-9.3994140625,-1.8197771310806277,97.8231964111328,-155.12966918945312
0.0869140625,0.962890625,-0.219482421875,-9.1552734375,30.21240234375,-2.01416015625,-2.0332198143005367,97.59976196289062,-153.9261016845703
0.089599609375,0.947509765625,-0.23388671875,-11.71875,26.67236328125,-0.18310546875,-2.2952420711517334,97.32365417480469,-152.8745574951172
0.079345703125,0.958740234375,-0.238525390625,-12.5732421875,25.57373046875,-3.662109375,-2.3434441089630127,96.9948272705078,-151.8487548828125
0.066650390625,0.938720703125,-0.244873046875,-18.00537109375,21.8505859375,-13.97705078125,-1.9593085050582888,96.5262451171875,-150.9241485595703
0.079833984375,0.9482421875,-0.22412109375,-22.3388671875,20.32470703125,-19.8974609375,-1.369547963142395,95.8593292236328,-150.03501892089844
0.07666015625,0.942626953125,-0.235107421875,-26.611328125,18.73779296875,-20.44677734375,-0.7700651288032532,94.99198150634766,-149.24342346191406
0.080322265625,0.963134765625,-0.209716796875,-30.76171875,16.9677734375,-18.06640625,-0.2620833218097687,94.02800750732422,-148.50961303710938
0.109375,0.986572265625,-0.19287109375,-30.517578125,17.39501953125,-18.1884765625,0.18049773573875427,93.06916046142578,-147.7662811279297
0.09228515625,0.999267578125,-0.197021484375,-26.67236328125,18.24951171875,-19.53125,0.6925469040870667,92.31648254394531,-146.99464416503906
0.09326171875,0.966796875,-0.208740234375,-15.9912109375,15.9912109375,-18.6767578125,1.1695507764816284,92.06172943115234,-146.3185272216797
