0.28076171875,1.076171875,0.048583984375,-55.48095703125,-2.0751953125,29.60205078125,-13.106201171875,77.0381851196289,-153.06703186035156
0.30419921875,0.802001953125,0.029296875,-50.47607421875,13.61083984375,-16.05224609375,-12.666707038879395,75.33092498779297,-152.76412963867188
0.257568359375,0.90771484375,0.1669921875,-11.71875,15.44189453125,-19.287109375,-11.88221836090088,74.92647552490234,-152.38516235351562
0.182861328125,0.98291015625,0.096435546875,-2.9296875,20.99609375,8.6669921875,-11.95036792755127,74.980224609375,-151.53948974609375
0.26123046875,0.738037109375,0.10595703125,7.26318359375,7.080078125,9.3994140625,-12.533313751220705,75.4374771118164,-151.21376037597656
0.334716796875,0.294189453125,0.002685546875,67.9931640625,11.5966796875,-19.4091796875,-13.022624015808105,78.46178436279297,-151.03863525390625
0.262939453125,0.527099609375,-0.07177734375,106.0791015625,18.310546875,-38.39111328125,-11.937179565429688,83.27530670166016,-150.7170867919922
0.21923828125,0.918212890625,-0.03125,109.86328125,29.6630859375,-50.10986328125,-9.91871166229248,87.7930908203125,-149.7346649169922
-0.26806640625,1.231201171875,-0.141357421875,60.48583984375,42.96875,-8.23974609375,-8.713596343994139,90.25657653808594,-148.03929138183594
-0.123291015625,0.826171875,-0.00830078125,25.7568359375,1.77001953125,27.89306640625,-9.153242111206056,91.27503967285156,-147.982421875
0.047607421875,0.718994140625,-0.060791015625,15.9912109375,-42.3583984375,64.02587890625,-11.429950714111328,92.36581420898438,-149.81375122070312
0.018310546875,0.875,-0.0849609375,25.634765625,3.96728515625,49.01123046875,-12.98365306854248,93.4919891357422,-149.78094482421875
0.149658203125,0.899658203125,-0.081787109375,28.74755859375,23.3154296875,18.798828125,-13.655138969421387,94.48621368408205,-148.892578125
0.143798828125,0.96728515625,-0.067626953125,20.01953125,20.69091796875,17.7001953125,-14.221030235290527,95.06061553955078,-148.09730529785156
0.21630859375,1.116943359375,0.020263671875,19.59228515625,27.16064453125,22.64404296875,-15.093369483947756,95.31965637207031,-147.00257873535156
0.28076171875,1.233154296875,0.021484375,33.447265625,34.0576171875,7.38525390625,-15.437312126159668,96.0246810913086,-145.5582733154297
0.2275390625,1.248779296875,-0.003173828125,38.2080078125,37.78076171875,-4.39453125,-15.237248420715332,96.87986755371094,-143.9116668701172
0.20849609375,1.144287109375,-0.035888671875,43.9453125,50.84228515625,-15.44189453125,-14.700172424316404,97.85326385498048,-141.68106079101562
0.234619140625,1.06640625,-0.129150390625,39.306640625,64.51416015625,-17.63916015625,-14.287327766418455,98.6828842163086,-138.92338562011722
0.245849609375,0.98583984375,-0.178955078125,13.97705078125,72.75390625,-34.423828125,-13.353888511657715,98.52890014648438,-135.75701904296878
0.183837890625,0.933349609375,-0.146484375,-16.54052734375,71.1669921875,-40.46630859375,-12.059707641601562,97.17871856689452,-132.63713073730472
0.22119140625,0.96875,-0.141845703125,-18.5546875,53.5888671875,-29.84619140625,-11.156112670898438,95.99890899658205,-130.326171875
0.19091796875,0.948974609375,-0.151123046875,-8.6669921875,36.19384765625,-7.9345703125,-10.993093490600586,95.46858978271484,-128.84579467773438
0.203369140625,0.928466796875,-0.18603515625,6.40869140625,17.76123046875,17.88330078125,-11.819559097290039,95.81295776367188,-128.24040222167972
0.258544921875,0.9130859375,-0.20556640625,8.9111328125,17.27294921875,19.71435546875,-12.820596694946287,96.29113006591795,-127.6775131225586
0.2646484375,0.8955078125,-0.228759765625,4.57763671875,20.56884765625,7.2021484375,-13.328569412231445,96.59080505371094,-126.93915557861328
0.268798828125,0.912109375,-0.23291015625,-6.65283203125,29.1748046875,-14.09912109375,-13.011479377746582,96.32491302490234,-125.747314453125
0.262451171875,0.9267578125,-0.2392578125,-14.892578125,33.14208984375,-20.69091796875,-12.430342674255373,95.71477508544922,-124.37208557128906
0.2470703125,0.897705078125,-0.201904296875,-22.3388671875,34.11865234375,-22.5830078125,-11.768598556518555,94.7683334350586,-122.9493408203125
0.2548828125,0.918212890625,-0.19091796875,-27.52685546875,36.4990234375,-28.99169921875,-10.86613655090332,93.61439514160156,-121.4250030517578
0.21826171875,0.912109375,-0.164306640625,-29.47998046875,33.63037109375,-26.9775390625,-9.96408748626709,92.42058563232422,-120.04268646240234
0.228759765625,0.93896484375,-0.1689453125,-29.47998046875,31.31103515625,-21.97265625,-9.275813102722168,91.31229400634766,-118.7894058227539
0.19189453125,0.9130859375,-0.15380859375,-24.169921875,31.25,-18.9208984375,-8.644481658935549,90.45504760742188,-117.55866241455078
0.189208984375,0.931884765625,-0.157958984375,-19.10400390625,30.94482421875,-17.02880859375,-8.082533836364746,89.85256958007812,-116.3543930053711
0.15771484375,0.958740234375,-0.14013671875,-20.263671875,29.78515625,-8.7890625,-7.774933338165282,89.19496154785156,-115.1977767944336
0.20458984375,0.982666015625,-0.11767578125,-17.02880859375,25.45166015625,0.3662109375,-7.93044900894165,88.6570053100586,-114.20724487304688
0.2099609375,0.982177734375,-0.09716796875,-10.31494140625,22.4609375,0.42724609375,-8.090214729309082,88.3763656616211,-113.33464813232422
0.178466796875,0.973876953125,-0.091064453125,-4.45556640625,19.775390625,-0.91552734375,-8.124172210693361,88.34459686279297,-112.57308959960938
0.109619140625,0.9609375,-0.124267578125,-0.42724609375,15.7470703125,0.0,-8.045845031738281,88.58125305175781,-111.9858169555664
0.0859375,0.968994140625,-0.138916015625,0.732421875,15.625,3.60107421875,-8.060688018798826,88.88766479492188,-111.40348052978516
0.068603515625,0.977294921875,-0.133056640625,1.64794921875,15.93017578125,6.9580078125,-8.170271873474121,89.20042419433594,-110.80387115478516
0.098388671875,0.989501953125,-0.138671875,-1.89208984375,13.24462890625,11.41357421875,-8.521931648254395,89.38053894042969,-110.3121566772461
0.1201171875,1.017333984375,-0.150390625,-5.859375,8.9111328125,15.0146484375,-9.04692840576172,89.43455505371094,-109.99871063232422
0.106689453125,1.01953125,-0.1513671875,-6.28662109375,9.6435546875,9.46044921875,-9.30011749267578,89.46483612060547,-109.6603546142578
0.117431640625,1.0390625,-0.123046875,-7.26318359375,9.033203125,2.685546875,-9.291373252868652,89.39103698730469,-109.33872985839844
0.101806640625,1.022216796875,-0.134765625,-9.6435546875,4.21142578125,1.77001953125,-9.217926025390623,89.28731536865234,-109.21822357177734
0.120849609375,1.021728515625,-0.153076171875,-10.7421875,-3.0517578125,2.5634765625,-9.223464012145996,89.23052978515625,-109.39805603027344
0.11279296875,0.99365234375,-0.133056640625,-12.6953125,-8.48388671875,4.638671875,-9.303431510925293,89.09774780273438,-109.791748046875
0.1142578125,0.95947265625,-0.12841796875,-14.892578125,-10.92529296875,-1.03759765625,-9.168915748596193,88.89818572998047,-110.28825378417969
0.10498046875,0.955322265625,-0.115478515625,-18.6767578125,-12.6953125,-8.544921875,-8.723546981811522,88.5362777709961,-110.85812377929688
0.105712890625,0.947509765625,-0.117919921875,-20.99609375,-10.3759765625,-17.15087890625,-7.958134174346924,88.0860824584961,-111.34576416015624
0.10546875,0.943115234375,-0.09912109375,-23.92578125,-5.79833984375,-19.10400390625,-7.143287181854247,87.46350860595703,-111.64905548095705
0.098876953125,0.920654296875,-0.075927734375,-29.296875,0.91552734375,-21.6064453125,-6.2416133880615225,86.56597137451172,-111.6891098022461
0.103271484375,0.893798828125,-0.03857421875,-33.69140625,4.8828125,-19.53125,-5.466056823730469,85.42333984375,-111.5691375732422
0.08203125,0.83740234375,0.00146484375,-27.099609375,-1.5869140625,-14.7705078125,-4.889738082885742,84.51255798339844,-111.69815826416016
0.07666015625,0.802978515625,-0.022216796875,-10.009765625,-16.7236328125,-4.69970703125,-4.7881131172180185,84.43536376953125,-112.4067153930664
0.027099609375,0.738525390625,-0.1083984375,8.30078125,-39.24560546875,19.53125,-5.593551158905028,85.43865203857422,-113.95488739013672
0.042236328125,0.7666015625,-0.155029296875,8.544921875,-42.90771484375,39.306640625,-7.1779236793518075,86.57624053955078,-115.63273620605469
0.135498046875,0.852783203125,-0.17041015625,-1.03759765625,-32.65380859375,45.47119140625,-9.127589225769043,87.27204895019531,-116.92899322509766
0.20947265625,0.96923828125,-0.163818359375,-19.34814453125,-13.97705078125,29.9072265625,-10.465871810913086,87.05236053466797,-117.51363372802734
0.206298828125,1.0322265625,-0.140625,-32.3486328125,-10.3759765625,24.23095703125,-11.488036155700685,86.236572265625,-117.9554672241211
0.21533203125,1.10009765625,-0.12451171875,-33.8134765625,-13.916015625,24.90234375,-12.503388404846193,85.3781967163086,-118.53055572509766
0.230224609375,1.13671875,-0.1123046875,-28.01513671875,-19.47021484375,30.029296875,-13.721943855285645,84.80892181396484,-119.31222534179688
0.21435546875,1.1318359375,-0.0966796875,-19.95849609375,-22.4609375,36.80419921875,-15.148061752319336,84.59616088867188,-120.19459533691406
0.202392578125,1.081298828125,-0.09814453125,-9.6435546875,-24.0478515625,34.66796875,-16.43410301208496,84.8590316772461,-121.17155456542969
0.16796875,1.00048828125,-0.118896484375,-2.38037109375,-26.55029296875,31.6162109375,-17.509233474731445,85.52525329589844,-122.30516052246094
0.144287109375,0.9267578125,-0.137939453125,-0.67138671875,-26.91650390625,24.59716796875,-18.226539611816406,86.33763122558594,-123.51853942871094
0.102783203125,0.8662109375,-0.140380859375,-3.96728515625,-28.13720703125,18.798828125,-18.593713760375977,87.05558776855469,-124.8211441040039
0.104736328125,0.820556640625,-0.135986328125,-8.9111328125,-29.11376953125,15.2587890625,-18.81447410583496,87.57966613769531,-126.1798324584961
0.132568359375,0.85107421875,-0.115234375,-12.63427734375,-29.052734375,7.6904296875,-18.774139404296875,87.86981201171875,-127.52594757080078
0.1337890625,0.861328125,-0.1298828125,-21.30126953125,-27.587890625,2.25830078125,-18.51455307006836,87.81684875488281,-128.82620239257812
0.1572265625,0.939453125,-0.12353515625,-25.634765625,-23.4375,-0.1220703125,-18.19297218322754,87.48651885986328,-129.93783569335938
0.18408203125,1.006103515625,-0.113037109375,-28.13720703125,-19.83642578125,1.28173828125,-17.973342895507812,86.9711685180664,-130.88177490234378
0.2451171875,1.09228515625,-0.07177734375,-29.60205078125,-15.5029296875,4.0283203125,-17.958236694335938,86.2469711303711,-131.60629272460938
0.307861328125,1.148681640625,-0.013916015625,-23.13232421875,-12.26806640625,-5.18798828125,-17.66706085205078,85.64803314208984,-132.18692016601562
0.264892578125,1.129150390625,-0.03564453125,-9.521484375,-8.6669921875,-16.05224609375,-16.877920150756836,85.62406921386719,-132.66970825195312
0.212890625,1.07763671875,-0.06298828125,-2.0751953125,-4.57763671875,-15.380859375,-16.055397033691403,85.90654754638672,-132.9923095703125
0.15673828125,0.98974609375,-0.124755859375,-0.18310546875,-0.6103515625,-6.2255859375,-15.536267280578613,86.35292053222656,-133.15673828125
0.146728515625,0.96240234375,-0.13916015625,-3.84521484375,3.84521484375,-5.126953125,-15.058302879333494,86.62567901611328,-133.13510131835938
0.146240234375,0.99365234375,-0.16650390625,-9.8876953125,14.95361328125,-8.056640625,-14.44754695892334,86.58279418945312,-132.66864013671878
0.1728515625,1.0751953125,-0.16455078125,-21.8505859375,34.423828125,-14.2822265625,-13.589571952819824,85.84700775146484,-131.40914916992188
0.20166015625,1.091796875,-0.11181640625,-30.70068359375,42.6025390625,-14.70947265625,-12.750455856323242,84.61731719970703,-129.80508422851562
0.191650390625,1.06689453125,-0.0791015625,-31.06689453125,43.02978515625,-18.61572265625,-11.741669654846193,83.38839721679688,-128.21292114257812
0.147705078125,1.026611328125,-0.052978515625,-30.82275390625,43.212890625,-9.21630859375,-11.030424118041992,82.18669128417969,-126.58577728271484
0.187255859375,1.021728515625,-0.007080078125,-32.2265625,43.0908203125,9.1552734375,-11.121792793273926,80.8641357421875,-124.85407257080078
0.293212890625,1.063232421875,0.03564453125,-34.7900390625,40.771484375,15.625,-11.634688377380373,79.3934555053711,-123.15581512451172
0.3486328125,1.0615234375,0.10986328125,-35.21728515625,26.3671875,-5.9814453125,-11.453426361083984,77.94882202148438,-122.17620849609376
0.29638671875,1.01171875,0.103515625,-28.1982421875,12.6953125,-33.69140625,-10.224456787109377,77.00826263427734,-122.00692749023438
0.177490234375,0.92236328125,0.0771484375,-18.12744140625,4.2724609375,-49.25537109375,-8.300597190856934,76.63880920410156,-122.34164428710938
0.096923828125,0.8583984375,0.081298828125,-10.009765625,0.30517578125,-42.29736328125,-6.583192348480225,76.5893325805664,-122.76305389404295
0.111572265625,0.911376953125,0.07373046875,-7.50732421875,0.18310546875,-29.541015625,-5.451675891876222,76.65018463134766,-123.0653076171875
0.149658203125,0.958251953125,0.106689453125,-9.82666015625,1.8310546875,-20.751953125,-4.7638325691223145,76.52851104736328,-123.20858764648438
0.156982421875,0.989013671875,0.13427734375,-8.30078125,5.126953125,-8.7890625,-4.541226387023926,76.39801025390625,-123.10668182373048
0.18603515625,0.9658203125,0.12646484375,-4.0283203125,3.2958984375,7.080078125,-5.0336222648620605,76.4458999633789,-122.92938232421876
0.1962890625,0.949951171875,0.099365234375,4.7607421875,-0.3662109375,21.54541015625,-6.134188175201416,76.89900970458984,-122.77183532714844
0.231201171875,0.92236328125,0.033447265625,5.06591796875,-6.9580078125,23.13232421875,-7.411038875579834,77.5205307006836,-122.88693237304688
0.22265625,0.93115234375,0.02978515625,-3.35693359375,-9.521484375,12.0849609375,-8.203897476196289,77.82177734375,-123.21166229248048
0.193603515625,0.9111328125,0.028564453125,-13.85498046875,-13.18359375,-2.9296875,-8.353130340576174,77.73809051513672,-123.81307220458984
0.14501953125,0.890625,0.037841796875,-18.4326171875,-16.54052734375,-14.6484375,-7.960273742675781,77.48542785644531,-124.64571380615234
0.0947265625,0.869384765625,0.05712890625,-15.68603515625,-17.63916015625,-11.77978515625,-7.585521221160889,77.29987335205078,-125.49012756347656
0.08056640625,0.87890625,0.051025390625,-7.38525390625,-17.4560546875,-0.79345703125,-7.613483905792236,77.45496368408203,-126.23265075683594
0.074462890625,0.894775390625,0.02392578125,0.06103515625,-13.3056640625,12.14599609375,-8.088652610778809,77.93827056884766,-126.71131134033205
0.0849609375,0.912109375,0.02392578125,0.0,-8.30078125,11.90185546875,-8.513936042785645,78.37709045410156,-127.00008392333984
0.086669921875,0.938720703125,0.00927734375,-3.35693359375,-6.34765625,6.591796875,-8.697083473205566,78.69808197021484,-127.26315307617188
0.079345703125,0.9345703125,0.003662109375,-2.9296875,-6.16455078125,6.34765625,-8.844274520874023,79.03755950927734,-127.52425384521484
0.08203125,0.939208984375,0.0107421875,0.67138671875,-5.615234375,10.986328125,-9.16676139831543,79.48283386230469,-127.7275390625
0.07080078125,0.93359375,-0.00537109375,5.79833984375,-6.2255859375,14.6484375,-9.597750663757324,80.15666961669922,-127.93962860107422
0.081787109375,0.9140625,-0.031005859375,11.474609375,-6.9580078125,16.90673828125,-10.134865760803224,81.09991455078125,-128.18453979492188
0.08349609375,0.9384765625,-0.05078125,13.0615234375,-8.9111328125,15.7470703125,-10.612388610839844,82.13467407226562,-128.53305053710938
0.086669921875,0.99462890625,-0.072021484375,13.48876953125,-7.9345703125,16.11328125,-11.072028160095217,83.18389129638672,-128.85690307617188
0.114501953125,1.105712890625,-0.05517578125,12.14599609375,-5.31005859375,20.08056640625,-11.689398765563965,84.06758117675781,-129.05526733398438
0.171142578125,1.15673828125,-0.03564453125,14.83154296875,-4.2724609375,25.81787109375,-12.601468086242676,84.96946716308594,-129.191162109375
0.234375,1.28271484375,-0.0419921875,10.986328125,-5.4931640625,28.6865234375,-13.6702299118042,85.69928741455078,-129.38128662109378
0.33056640625,1.3447265625,0.026123046875,-0.8544921875,-13.85498046875,19.775390625,-14.499146461486815,85.90086364746094,-129.92082214355472
0.320556640625,1.29638671875,0.023193359375,0.244140625,-24.0478515625,3.5400390625,-14.676283836364744,86.26547241210938,-130.93023681640622
0.24755859375,1.20703125,-0.037109375,2.8076171875,-30.6396484375,-10.25390625,-14.214204788208008,86.90519714355469,-132.2696533203125
0.214599609375,1.120849609375,-0.031982421875,-10.68115234375,-31.73828125,-18.310546875,-13.414008140563965,86.9749755859375,-133.65655517578122
0.20068359375,1.065673828125,0.018310546875,-10.6201171875,-30.2734375,-20.99609375,-12.527576446533205,86.90626525878906,-134.95661926269528
0.185546875,0.978515625,0.013916015625,-1.89208984375,-29.23583984375,-21.8505859375,-11.641352653503418,87.16648864746094,-136.21086120605472
0.160400390625,0.844970703125,-0.0439453125,10.8642578125,-29.47998046875,-23.681640625,-10.707229614257812,88.05793762207031,-137.492431640625
0.11572265625,0.751953125,-0.083740234375,9.27734375,-28.80859375,-24.35302734375,-9.685233116149902,88.95635223388672,-138.74374389648438
0.103515625,0.729736328125,-0.101806640625,1.64794921875,-24.47509765625,-24.84130859375,-8.640562057495117,89.52479553222656,-139.80288696289062
0.108642578125,0.780029296875,-0.095947265625,-13.36669921875,-13.00048828125,-20.99609375,-7.778073310852051,89.34855651855469,-140.37637329101562
0.105712890625,0.8134765625,-0.029296875,-16.2353515625,-2.9296875,-12.939453125,-7.248085021972656,88.80826568603516,-140.51387023925778
0.120849609375,0.884765625,-0.01953125,-8.6669921875,9.3994140625,3.11279296875,-7.384823799133301,88.49498748779297,-140.14262390136722
0.20361328125,1.00048828125,0.0029296875,-1.5869140625,18.06640625,32.65380859375,-8.831090927124023,88.3602294921875,-139.38526916503906
0.274658203125,1.031494140625,0.0087890625,3.5400390625,14.6484375,41.3818359375,-10.705378532409668,88.4219970703125,-138.75338745117188
0.2958984375,1.02978515625,-0.003662109375,9.46044921875,4.8828125,32.53173828125,-12.207564353942873,88.80838012695312,-138.53672790527344
0.26904296875,0.9697265625,-0.049560546875,2.99072265625,-11.3525390625,15.56396484375,-12.963563919067385,89.17332458496094,-139.02398681640622
0.251220703125,0.9248046875,-0.036376953125,-3.7841796875,-18.9208984375,1.03759765625,-13.099291801452635,89.3031997680664,-139.82408142089844
0.2353515625,0.893310546875,-0.015625,-10.92529296875,-23.3154296875,-13.0615234375,-12.65241241455078,89.13306427001953,-140.79766845703125
0.1904296875,0.846923828125,0.001953125,-13.97705078125,-21.42333984375,-23.74267578125,-11.717872619628904,88.77684020996094,-141.691650390625
0.10693359375,0.806396484375,0.00439453125,-10.19287109375,-18.00537109375,-21.54541015625,-10.707063674926758,88.53740692138672,-142.44851684570312
0.06884765625,0.78857421875,-0.010009765625,-8.6669921875,-13.97705078125,-10.1318359375,-10.088884353637695,88.36837005615234,-143.04116821289062
0.089111328125,0.802490234375,-0.029541015625,-1.0986328125,-5.92041015625,6.53076171875,-10.205239295959473,88.50019836425781,-143.29933166503906
0.092529296875,0.80810546875,-0.0400390625,0.54931640625,-2.13623046875,20.3857421875,-10.873136520385742,88.69293975830078,-143.39718627929688
0.12353515625,0.879638671875,-0.0498046875,5.0048828125,-0.1220703125,36.62109375,-12.217504501342773,89.05540466308594,-143.40963745117188
0.203857421875,0.917724609375,-0.057373046875,14.95361328125,4.69970703125,49.31640625,-14.19225025177002,89.76917266845703,-143.23780822753906
0.28271484375,1.033935546875,-0.078857421875,13.916015625,13.0615234375,35.58349609375,-15.654180526733398,90.35319519042969,-142.744873046875
0.3369140625,1.131591796875,-0.09375,3.2958984375,23.74267578125,0.30517578125,-15.709733963012695,90.37516784667969,-141.80096435546875
0.280029296875,1.173095703125,-0.090576171875,-16.11328125,31.982421875,-35.400390625,-14.209768295288086,89.5339584350586,-140.51332092285156
0.242919921875,1.20947265625,-0.075927734375,-21.91162109375,32.77587890625,-35.58349609375,-12.659485816955565,88.49633026123047,-139.22314453125
0.220947265625,1.203857421875,-0.03564453125,-15.380859375,35.888671875,-21.54541015625,-11.667771339416506,87.68952941894531,-137.80712890625
0.23779296875,1.17529296875,-0.07080078125,1.3427734375,34.7900390625,1.28173828125,-11.658029556274414,87.66822052001953,-136.42843627929688
0.2275390625,1.168701171875,-0.10009765625,-1.28173828125,34.48486328125,7.4462890625,-11.87741470336914,87.59844970703125,-135.06407165527344
0.239501953125,1.20654296875,-0.046142578125,-18.06640625,37.90283203125,6.04248046875,-12.022170066833494,86.71917724609375,-133.53936767578122
0.265869140625,1.134033203125,0.076904296875,-12.26806640625,31.67724609375,9.33837890625,-12.360511779785154,85.90968322753906,-132.21333312988278
0.2294921875,1.022705078125,0.057373046875,14.09912109375,15.13671875,17.63916015625,-13.032308578491213,86.345458984375,-131.55166625976562
0.205810546875,0.8935546875,-0.01416015625,32.89794921875,-0.1220703125,19.287109375,-13.79691219329834,87.8189697265625,-131.556640625
0.18212890625,0.8125,-0.08154296875,30.2734375,-6.28662109375,-2.9296875,-13.638789176940918,89.39151763916016,-131.88919067382812
0.145263671875,0.790283203125,-0.092041015625,14.6484375,-3.41796875,-30.21240234375,-12.305766105651855,90.28446197509766,-132.09310913085938
0.1220703125,0.843994140625,-0.030517578125,-6.34765625,0.1220703125,-51.6357421875,-10.084670066833496,90.08432006835938,-132.0869140625
0.129150390625,0.91943359375,0.0458984375,-23.86474609375,8.85009765625,-63.65966796875,-7.461571216583253,88.94534301757812,-131.71954345703122
0.08984375,0.95556640625,0.086669921875,-23.681640625,17.578125,-59.38720703125,-4.993464469909668,87.74901580810547,-131.0511474609375
0.03857421875,0.929443359375,0.060791015625,-16.90673828125,23.5595703125,-39.9169921875,-3.258714437484741,86.93521118164062,-130.17068481445312
0.00244140625,0.8994140625,0.02734375,-4.33349609375,21.17919921875,2.62451171875,-3.195939064025879,86.75116729736328,-129.32061767578122
0.055419921875,0.88525390625,-0.00341796875,0.244140625,14.70947265625,35.58349609375,-4.596705913543701,86.83807373046875,-128.66363525390622
0.14208984375,0.880859375,-0.018798828125,5.06591796875,12.63427734375,50.9033203125,-6.779282569885254,87.13722229003906,-128.06842041015622
0.17529296875,0.909423828125,-0.053466796875,5.92041015625,14.16015625,43.51806640625,-8.651447296142576,87.51610565185547,-127.44873809814452
0.1728515625,0.91943359375,-0.070556640625,3.2958984375,15.68603515625,30.8837890625,-9.937158584594727,87.79326629638672,-126.80512237548828
0.16357421875,0.932861328125,-0.08447265625,-4.57763671875,11.16943359375,22.15576171875,-10.804559707641602,87.79998779296875,-126.36776733398438
0.1455078125,0.93798828125,-0.068115234375,-10.80322265625,1.64794921875,12.451171875,-11.21937084197998,87.58979797363281,-126.32727813720705
0.120361328125,0.95166015625,-0.075927734375,-11.5966796875,-3.23486328125,5.9814453125,-11.304490089416506,87.41424560546875,-126.50173950195312
0.10400390625,0.976318359375,-0.048828125,-9.521484375,-5.4931640625,4.69970703125,-11.294193267822266,87.27970123291016,-126.75845336914062
0.125,1.00927734375,-0.041015625,-2.0751953125,-9.765625,9.21630859375,-11.50959014892578,87.45977783203125,-127.17782592773438
0.125732421875,1.002685546875,-0.04150390625,1.953125,-14.58740234375,13.00048828125,-11.875919342041016,87.83658599853516,-127.78985595703124
0.116943359375,0.959716796875,-0.057373046875,6.7138671875,-19.34814453125,14.7705078125,-12.291034698486328,88.47654724121094,-128.60653686523438
0.13916015625,0.953857421875,-0.1279296875,13.916015625,-24.35302734375,10.43701171875,-12.562384605407715,89.59900665283203,-129.67254638671878
0.140625,0.9765625,-0.152587890625,8.97216796875,-19.53125,-2.25830078125,-12.29605770111084,90.48770904541016,-130.54940795898438
0.160888671875,1.015625,-0.1552734375,-2.9296875,-10.009765625,-17.15087890625,-11.474858283996582,90.76683807373048,-131.01554870605472
0.162109375,1.071044921875,-0.1201171875,-13.48876953125,-6.591796875,-35.33935546875,-9.947283744812012,90.4843978881836,-131.3057861328125
0.154052734375,1.105224609375,-0.091064453125,-18.61572265625,-10.25390625,-34.85107421875,-8.474011421203612,89.95893096923828,-131.73818969726562
0.16650390625,1.150146484375,-0.044677734375,-25.0244140625,-12.87841796875,-19.775390625,-7.6777095794677725,89.10688781738281,-132.27340698242188
0.1953125,1.153076171875,-0.035400390625,-24.2919921875,-13.48876953125,-3.47900390625,-7.625361442565918,88.29783630371094,-132.83160400390622
0.22607421875,1.149169921875,-0.013916015625,-21.54541015625,-10.55908203125,0.91552734375,-7.813763618469237,87.57217407226562,-133.26557922363278
0.279541015625,1.118896484375,0.009765625,-20.751953125,-7.62939453125,-3.173828125,-7.9464173316955575,86.84490966796875,-133.58491516113278
0.2333984375,0.97314453125,0.010009765625,-7.32421875,-11.77978515625,-15.380859375,-7.577470779418945,86.70572662353516,-134.1033935546875
0.1748046875,0.847900390625,-0.044677734375,4.94384765625,-19.83642578125,-18.37158203125,-7.046367168426514,87.24275970458984,-134.96995544433594
0.117431640625,0.784423828125,-0.116943359375,9.6435546875,-23.62060546875,-12.87841796875,-6.626079082489014,88.17182159423828,-135.99276733398438
0.138671875,0.82275390625,-0.170166015625,-9.27734375,-14.16015625,-7.4462890625,-6.459290981292725,88.3812255859375,-136.63008117675778
0.17529296875,0.912841796875,-0.1259765625,-27.587890625,-0.48828125,-12.75634765625,-6.125374794006348,87.63806915283203,-136.70429992675778
0.184814453125,0.972412109375,-0.061279296875,-31.982421875,12.5732421875,-20.263671875,-5.478132247924805,86.53054809570312,-136.25906372070312
0.18994140625,0.99951171875,-0.034423828125,-22.3388671875,16.90673828125,-8.23974609375,-5.316675186157227,85.7733383178711,-135.619140625
0.20654296875,0.960205078125,-0.030029296875,-8.48388671875,11.3525390625,11.53564453125,-6.012865543365479,85.60501098632812,-135.14981079101562
0.2265625,0.91943359375,-0.0556640625,3.11279296875,7.8125,21.8505859375,-7.169908046722412,85.97575378417969,-134.80485534667972
0.24267578125,0.933837890625,-0.063720703125,1.8310546875,16.78466796875,16.9677734375,-8.094358444213867,86.24456024169922,-134.12101745605472
0.25537109375,0.970458984375,-0.03515625,-3.84521484375,30.33447265625,5.615234375,-8.504469871520996,86.12232208251953,-132.91152954101562
0.25439453125,0.996826171875,-0.021728515625,-2.8076171875,37.53662109375,-9.6435546875,-8.253092765808105,85.97683715820312,-131.44891357421878
0.234130859375,1.010498046875,-0.05126953125,2.50244140625,31.8603515625,-10.986328125,-7.923628807067871,86.15545654296875,-130.22982788085938
0.233642578125,1.00537109375,-0.03857421875,3.96728515625,22.76611328125,-4.08935546875,-7.909739971160889,86.40968322753906,-129.35260009765622
0.234130859375,0.953369140625,-0.0556640625,3.41796875,17.63916015625,-0.54931640625,-8.081104278564451,86.70185852050781,-128.67745971679688
0.252197265625,0.934326171875,-0.032958984375,1.89208984375,19.4091796875,-8.30078125,-7.987412929534912,86.861083984375,-127.9384765625
0.26953125,0.95654296875,-0.04541015625,1.220703125,27.64892578125,-23.681640625,-7.2951622009277335,86.9787368774414,-126.90079498291016
0.220458984375,0.974609375,-0.0341796875,-1.220703125,38.57421875,-37.29248046875,-5.949630737304688,86.94050598144531,-125.44629669189452
0.1875,0.99462890625,-0.0107421875,3.173828125,45.41015625,-35.7666015625,-4.623480796813965,87.03502655029297,-123.70812225341795
0.160400390625,0.952880859375,-0.05810546875,11.65771484375,42.724609375,-22.15576171875,-3.862361431121826,87.61544799804688,-122.0542449951172
0.134521484375,0.935546875,-0.09716796875,13.427734375,41.9921875,-8.056640625,-3.6586389541625977,88.35469055175781,-120.40381622314452
0.119873046875,0.94140625,-0.1416015625,6.4697265625,53.89404296875,-2.685546875,-3.647791862487793,88.8619155883789,-118.2715301513672
0.14990234375,0.9931640625,-0.11328125,-3.90625,64.3310546875,-5.43212890625,-3.582425594329834,88.8282699584961,-115.7150650024414
0.125244140625,1.029296875,-0.05615234375,-4.7607421875,67.19970703125,-10.68115234375,-3.239063501358032,88.63227844238281,-113.04029846191406
0.0908203125,0.99169921875,-0.07373046875,7.26318359375,61.279296875,-4.7607421875,-3.0855741500854488,88.99449157714844,-110.60116577148438
0.08251953125,0.95947265625,-0.089111328125,14.5263671875,48.4619140625,5.92041015625,-3.378052234649658,89.70034790039062,-108.67086791992188
0.0673828125,0.93212890625,-0.132568359375,12.20703125,35.33935546875,15.7470703125,-4.0411787033081055,90.41453552246094,-107.27609252929688
0.112060546875,0.94384765625,-0.113037109375,-3.90625,24.2919921875,10.68115234375,-4.584122657775879,90.4235382080078,-106.32282257080078
0.138916015625,0.9609375,-0.076904296875,-13.671875,24.7802734375,-6.103515625,-4.49055290222168,89.94613647460938,-105.33773040771484
0.10888671875,0.94287109375,-0.067138671875,-12.20703125,27.40478515625,-23.5595703125,-3.632509708404541,89.52818298339844,-104.25101470947266
0.06787109375,0.955078125,-0.07568359375,-6.34765625,25.69580078125,-26.30615234375,-2.59445595741272,89.40201568603516,-103.23958587646484
0.061767578125,0.938720703125,-0.0947265625,-4.08935546875,20.8740234375,-13.36669921875,-2.1019859313964844,89.44152069091797,-102.41817474365234
0.095947265625,0.9521484375,-0.066162109375,-2.0751953125,17.76123046875,-2.0751953125,-2.159325122833252,89.49618530273438,-101.71336364746094
0.12255859375,0.9482421875,-0.0966796875,-3.5400390625,20.8740234375,-3.662109375,-2.2142138481140137,89.5567626953125,-100.88679504394531
0.111083984375,0.966552734375,-0.108154296875,-7.4462890625,24.10888671875,-8.97216796875,-2.0224509239196777,89.47746276855469,-99.93277740478516
0.134765625,1.001953125,-0.103759765625,-13.12255859375,24.35302734375,-6.65283203125,-1.9709964990615845,89.15692138671875,-98.96745300292969
0.15966796875,1.05224609375,-0.07568359375,-16.78466796875,19.34814453125,0.0,-2.2217912673950195,88.6370620727539,-98.19725799560548
0.193359375,1.0654296875,-0.06005859375,-13.85498046875,16.2353515625,-0.18310546875,-2.517608642578125,88.22059631347656,-97.55181884765624
0.188232421875,1.037841796875,-0.05908203125,-6.77490234375,10.55908203125,-3.0517578125,-2.6907167434692383,88.11276245117188,-97.13939666748048
0.126708984375,0.960693359375,-0.09521484375,-2.5634765625,0.67138671875,-6.28662109375,-2.6295435428619385,88.29132843017578,-97.13249969482422
0.082275390625,0.927490234375,-0.119873046875,-5.43212890625,-1.52587890625,-9.33837890625,-2.355020046234131,88.42091369628906,-97.21864318847656
0.06591796875,0.9091796875,-0.111572265625,-11.04736328125,-2.62451171875,-10.07080078125,-2.0269520282745357,88.30814361572266,-97.34688568115234
0.080810546875,0.92236328125,-0.06689453125,-10.498046875,-3.11279296875,-9.521484375,-1.7689180374145508,88.10902404785156,-97.4891128540039
0.052734375,0.90185546875,-0.097412109375,-2.01416015625,-2.62451171875,-6.16455078125,-1.5884464979171753,88.33609008789062,-97.61026000976562
0.057861328125,0.888427734375,-0.13037109375,2.3193359375,-1.953125,2.0751953125,-1.7568198442459106,88.81218719482422,-97.69728088378906
0.056396484375,0.8818359375,-0.190673828125,1.46484375,-1.03759765625,16.11328125,-2.4734320640563965,89.38500213623047,-97.74675750732422
0.087646484375,0.9033203125,-0.206298828125,-6.28662109375,-1.03759765625,22.3388671875,-3.482728719711304,89.65096282958984,-97.80601501464844
0.1416015625,0.9599609375,-0.176025390625,-12.939453125,-1.8310546875,23.62060546875,-4.615520000457764,89.54447937011719,-97.8999481201172
0.18359375,1.0283203125,-0.16162109375,-12.87841796875,-4.33349609375,15.93017578125,-5.4669532775878915,89.39717102050781,-98.09772491455078
0.177734375,1.00390625,-0.154296875,-13.73291015625,-9.033203125,8.85009765625,-6.001688957214356,89.23532104492188,-98.4905776977539
0.14501953125,0.990478515625,-0.139404296875,-16.2353515625,-13.36669921875,3.2958984375,-6.230647563934326,88.97425079345703,-99.06087493896484
0.099609375,0.9560546875,-0.128662109375,-21.54541015625,-18.9208984375,1.953125,-6.3110718727111825,88.5251235961914,-99.85665893554688
0.127197265625,1.002685546875,-0.089111328125,-20.1416015625,-21.54541015625,4.2724609375,-6.5400938987731925,88.06079864501953,-100.74579620361328
0.109375,0.989013671875,-0.060791015625,-11.1083984375,-20.32470703125,5.9814453125,-6.794761657714844,87.91230010986328,-101.57936096191406
0.10009765625,0.998046875,-0.075927734375,1.953125,-15.07568359375,8.85009765625,-7.122752189636231,88.30368041992188,-102.20465087890624
0.08154296875,0.983154296875,-0.084716796875,7.080078125,-11.3525390625,14.16015625,-7.602131366729736,88.89258575439453,-102.68119049072266
0.074951171875,0.96826171875,-0.107177734375,9.6435546875,-10.6201171875,21.05712890625,-8.31969165802002,89.617431640625,-103.13890838623048
0.102294921875,0.95751953125,-0.12109375,7.62939453125,-11.1083984375,24.90234375,-9.222575187683104,90.27875518798828,-103.63258361816406
