0.048095703125,0.987548828125,0.02490234375,-9.1552734375,-15.0146484375,2.197265625,-5.669553756713867,80.34259033203125,-138.71774291992188
0.074462890625,0.977783203125,-0.05908203125,-8.60595703125,-19.04296875,2.99072265625,-5.8627867698669425,80.57568359375,-139.50364685058594
0.0927734375,0.919677734375,-0.06689453125,3.23486328125,-22.52197265625,17.2119140625,-6.786963939666747,81.48199462890625,-140.41473388671878
0.0419921875,0.994384765625,0.028564453125,12.51220703125,-31.92138671875,13.48876953125,-7.321326732635497,82.38878631591797,-141.64468383789062
0.04296875,0.967529296875,0.0625,8.9111328125,-33.26416015625,2.0751953125,-7.376920223236084,83.05567932128906,-142.98330688476562
0.121826171875,0.91455078125,-0.05615234375,10.68115234375,-22.94921875,-9.70458984375,-6.99031400680542,84.05534362792969,-143.8164825439453
0.07958984375,0.897705078125,-0.082275390625,18.49365234375,-6.591796875,-10.31494140625,-6.530667781829834,85.25928497314453,-144.17007446289062
0.077880859375,1.0595703125,-0.08984375,16.7236328125,-12.02392578125,4.21142578125,-6.640732765197754,86.3485107421875,-144.68246459960938
0.14111328125,1.309814453125,-0.09814453125,3.662109375,-7.50732421875,16.9677734375,-7.344443321228027,86.52912902832031,-144.86163330078125
0.168212890625,1.399169921875,-0.09423828125,-25.634765625,6.591796875,13.7939453125,-7.857746601104736,85.73985290527344,-144.5961456298828
0.144775390625,1.397216796875,-0.08984375,-49.98779296875,14.2822265625,8.056640625,-8.053261756896973,83.9585952758789,-144.03616333007812
0.164306640625,1.274658203125,-0.056640625,-65.36865234375,15.31982421875,4.5166015625,-8.068391799926758,81.55763244628906,-143.46888732910156
0.21630859375,1.22705078125,-0.04345703125,-56.57958984375,16.7236328125,-5.31005859375,-7.833583354949951,79.60474395751953,-142.890869140625
0.1787109375,1.188232421875,-0.023681640625,-40.4052734375,21.6064453125,-15.31982421875,-7.105765342712402,78.33299255371094,-142.210693359375
0.109619140625,1.22509765625,-0.00146484375,-28.80859375,26.42822265625,-21.66748046875,-5.9576826095581055,77.64402770996094,-141.41476440429688
0.103271484375,1.20703125,-0.0048828125,-25.7568359375,26.3671875,-21.66748046875,-4.849737167358398,77.01702117919922,-140.61915588378906
0.114501953125,1.16015625,0.026123046875,-27.83203125,25.634765625,-20.5078125,-3.855545282363892,76.28910064697266,-139.84268188476562
0.0966796875,1.06884765625,0.016845703125,-29.4189453125,30.1513671875,-19.10400390625,-2.9376320838928223,75.50294494628906,-138.84526062011722
0.058349609375,1.00830078125,0.023681640625,-34.11865234375,32.53173828125,-8.056640625,-2.314032554626465,74.58869934082031,-137.69366455078122
0.017333984375,0.871826171875,0.0615234375,-38.51318359375,29.60205078125,9.58251953125,-2.315068244934082,73.43429565429688,-136.46731567382812
0.0283203125,0.759765625,0.06884765625,-35.46142578125,22.4609375,31.982421875,-3.5255811214447017,72.5383529663086,-135.25736999511722
0.033935546875,0.764404296875,0.12744140625,-18.61572265625,13.73291015625,44.0673828125,-4.9960289001464835,72.01789855957031,-134.21865844726562
0.017333984375,0.78955078125,0.14892578125,-8.48388671875,14.09912109375,30.517578125,-5.833192825317383,71.86784362792969,-133.32803344726562
-0.043701171875,0.8291015625,0.149658203125,-8.97216796875,12.63427734375,18.06640625,-6.0047035217285165,71.69000244140625,-132.68167114257812
-0.07275390625,0.794189453125,0.1328125,-19.95849609375,5.67626953125,22.216796875,-6.335960865020753,71.173828125,-132.22166442871094
-0.060546875,0.750244140625,0.141845703125,-25.7568359375,-3.5400390625,37.17041015625,-7.3560686111450195,70.41075134277344,-131.9068603515625
-0.006103515625,0.683837890625,0.17626953125,-26.123046875,-11.1083984375,44.86083984375,-8.915227890014648,69.69074249267578,-131.85614013671878
0.053955078125,0.70654296875,0.1962890625,-4.0283203125,-16.11328125,24.23095703125,-9.856059074401855,69.75167846679689,-132.1602783203125
0.00048828125,0.76318359375,0.1806640625,11.71875,-10.07080078125,-6.34765625,-9.366328239440918,70.56241607666016,-132.67556762695312
-0.077880859375,0.862060546875,0.1416015625,12.75634765625,-13.00048828125,-14.0380859375,-8.568913459777832,71.48572540283203,-133.44366455078122
-0.112060546875,0.819091796875,0.16357421875,0.8544921875,-24.7802734375,1.03759765625,-8.282229423522951,71.92987823486328,-134.42340087890622
-0.0205078125,0.758544921875,0.151611328125,2.50244140625,-35.5224609375,2.8076171875,-8.431332588195799,72.4802474975586,-135.79443359375
-0.02392578125,0.810302734375,0.148193359375,17.88330078125,-35.58349609375,-8.23974609375,-7.983891010284424,73.86742401123047,-137.37519836425778
-0.03857421875,0.90576171875,0.1435546875,28.86962890625,-40.95458984375,-18.12744140625,-7.302192687988281,75.52909851074219,-139.19450378417972
0.001953125,0.9814453125,0.1083984375,25.5126953125,-41.50390625,-19.53125,-6.648512840270996,77.07987213134766,-141.04116821289062
-0.012939453125,1.03857421875,0.12060546875,14.46533203125,-36.7431640625,-15.31982421875,-6.142551898956299,77.91404724121094,-142.59588623046875
0.0,1.03955078125,0.113037109375,-1.77001953125,-32.16552734375,-9.033203125,-5.807956218719482,78.20305633544922,-143.96022033691406
0.03271484375,1.0224609375,0.109619140625,-7.568359375,-26.18408203125,-10.009765625,-5.469006538391113,78.22154998779297,-145.0940399169922
0.0341796875,1.0234375,0.099365234375,-9.27734375,-16.90673828125,-14.46533203125,-4.830371856689453,78.09435272216797,-145.85362243652344
0.013671875,1.03076171875,0.08837890625,-11.1083984375,-10.498046875,-18.61572265625,-4.028490543365479,77.95807647705078,-146.4414825439453
0.049072265625,1.028076171875,0.072021484375,-13.97705078125,-5.06591796875,-18.5546875,-3.29600191116333,77.72607421875,-146.81605529785156
0.046875,0.97998046875,0.076416015625,-13.36669921875,1.64794921875,-18.1884765625,-2.554872751235962,77.52021026611328,-146.8217315673828
0.04296875,0.96533203125,0.08251953125,-11.1083984375,10.80322265625,-18.1884765625,-1.7541971206665041,77.35211944580078,-146.56817626953125
0.04345703125,0.97314453125,0.0625,-7.6904296875,17.4560546875,-20.32470703125,-0.8451535701751709,77.37325286865234,-146.07183837890625
0.02294921875,0.960205078125,0.05419921875,-4.94384765625,24.169921875,-22.64404296875,0.2382058650255203,77.55268859863281,-145.28501892089844
-0.071533203125,0.989990234375,0.048095703125,5.7373046875,43.39599609375,-22.52197265625,4.805142879486084,79.69379425048828,-139.91108703613278
-0.07763671875,0.98095703125,0.0244140625,3.7841796875,44.98291015625,-24.0478515625,6.044895648956299,80.33494567871094,-138.26622009277344
-0.1201171875,0.962890625,0.02783203125,0.54931640625,45.71533203125,-21.78955078125,7.175283432006836,80.81730651855469,-136.62503051757812
-0.134521484375,0.949951171875,0.04833984375,-0.79345703125,38.6962890625,-18.6767578125,8.181853294372559,81.20989227294922,-135.16754150390622
-0.13427734375,0.931884765625,0.03076171875,-0.42724609375,33.63037109375,-20.1416015625,9.172883987426758,81.6370620727539,-133.903076171875
-0.140380859375,1.04443359375,-0.000732421875,-4.39453125,30.2734375,-19.8974609375,10.046070098876953,81.87782287597656,-132.7904052734375
-0.16259765625,1.015625,-0.00537109375,-14.22119140625,24.7802734375,-18.6767578125,10.88510799407959,81.7915267944336,-131.84121704101562
-0.154052734375,0.9794921875,0.02685546875,-14.7705078125,18.73779296875,-23.4375,11.83924674987793,81.57308959960938,-131.17164611816406
-0.13671875,0.967529296875,-0.015625,-13.0615234375,15.13671875,-28.50341796875,12.905281066894533,81.50263977050781,-130.67672729492188
-0.162353515625,0.936279296875,-0.007568359375,-10.07080078125,11.474609375,-26.9775390625,13.91740894317627,81.51478576660156,-130.29219055175778
-0.16650390625,0.90185546875,0.001708984375,-3.7841796875,7.38525390625,-27.64892578125,14.916057586669922,81.71920776367188,-130.07485961914062
-0.15966796875,0.93115234375,-0.013916015625,4.8828125,3.173828125,-30.09033203125,15.953765869140625,82.32940673828125,-130.02688598632812
-0.15966796875,0.93603515625,-0.02392578125,13.18359375,-0.18310546875,-33.26416015625,17.024293899536133,83.16055297851562,-130.10760498046878
-0.15234375,0.950927734375,-0.03369140625,15.68603515625,-1.15966796875,-37.2314453125,18.185232162475586,84.06784057617188,-130.22357177734378
-0.14697265625,0.933349609375,-0.05712890625,13.427734375,0.3662109375,-40.1611328125,19.419191360473636,84.90486145019531,-130.23135375976562
-0.156982421875,0.90771484375,-0.04736328125,13.12255859375,3.90625,-41.9921875,20.72266960144043,85.7563705444336,-130.09947204589844
-0.16943359375,0.90771484375,-0.050048828125,13.12255859375,6.8359375,-46.69189453125,22.197389602661133,86.63323974609375,-129.82962036132812
-0.173095703125,0.902099609375,-0.0556640625,16.78466796875,10.009765625,-55.6640625,24.11853218078613,87.7407455444336,-129.39627075195312
-0.202880859375,0.915283203125,-0.051513671875,15.9912109375,13.73291015625,-60.60791015625,26.08699989318848,88.82096099853516,-128.77378845214844
-0.251953125,0.87255859375,-0.056396484375,12.39013671875,13.73291015625,-54.443359375,27.863264083862305,89.77448272705078,-128.09542846679688
-0.251708984375,0.861572265625,-0.0595703125,14.95361328125,11.71875,-50.6591796875,29.368881225585934,90.95487213134766,-127.38412475585938
-0.29150390625,0.884765625,-0.04443359375,20.263671875,16.90673828125,-44.677734375,30.68161201477051,92.25064849853516,-126.50884246826172
-0.328369140625,0.912841796875,-0.047607421875,20.5078125,20.5078125,-32.04345703125,31.47606658935547,93.61837768554688,-125.46649932861328
-0.349365234375,0.9228515625,-0.071533203125,19.4091796875,19.83642578125,-18.12744140625,31.57127952575684,94.93716430664062,-124.5244369506836
-0.353759765625,0.953369140625,-0.083251953125,26.0009765625,14.70947265625,-11.53564453125,31.51952362060547,96.3480224609375,-123.79502868652344
-0.36328125,0.952392578125,-0.072998046875,31.8603515625,13.5498046875,-16.845703125,31.69121742248535,97.89997863769531,-123.12206268310548
-0.35888671875,0.986572265625,-0.12060546875,32.16552734375,13.36669921875,-19.59228515625,31.90358543395996,99.50331115722656,-122.41085052490234
-0.37939453125,0.983154296875,-0.1484375,29.11376953125,11.71875,-15.56396484375,31.99011039733887,100.96566009521484,-121.77001953125
-0.38720703125,0.9677734375,-0.16650390625,26.7333984375,9.94873046875,-14.2822265625,32.048763275146484,102.27987670898438,-121.2137680053711
-0.392333984375,0.931884765625,-0.176025390625,26.42822265625,8.72802734375,-11.3525390625,32.066864013671875,103.56839752197266,-120.74925994873048
-0.41748046875,0.918212890625,-0.19677734375,30.94482421875,7.4462890625,-12.20703125,32.14005279541016,104.9818878173828,-120.31111145019531
-0.389892578125,0.914794921875,-0.219482421875,31.73828125,5.67626953125,-15.380859375,32.28402709960937,106.41127014160156,-119.90186309814452
-0.402587890625,0.927734375,-0.251220703125,29.35791015625,4.82177734375,-13.00048828125,32.29681396484375,107.61839294433594,-119.56647491455078
-0.423583984375,0.926025390625,-0.24951171875,19.71435546875,2.62451171875,-4.8828125,32.111968994140625,108.38104248046876,-119.44615173339844
-0.4052734375,0.927490234375,-0.260009765625,12.75634765625,0.1220703125,0.06103515625,31.73893547058105,108.75838470458984,-119.5143051147461
-0.385498046875,0.895751953125,-0.289794921875,6.28662109375,0.18310546875,5.18798828125,31.10805892944336,108.77098846435548,-119.65877532958984
-0.3974609375,0.8818359375,-0.288818359375,1.708984375,0.79345703125,10.31494140625,30.39295196533203,108.73401641845705,-119.80206298828124
-0.398681640625,0.881103515625,-0.282958984375,0.18310546875,2.01416015625,7.32421875,29.807659149169922,108.67489624023438,-119.85149383544922
-0.4052734375,0.882080078125,-0.27880859375,-0.3662109375,0.06103515625,3.90625,29.45806312561035,108.5638656616211,-119.97616577148438
-0.393310546875,0.890380859375,-0.283447265625,0.79345703125,-2.0751953125,0.1220703125,29.21455001831055,108.49542999267578,-120.0945281982422
-0.37109375,0.874755859375,-0.26611328125,0.244140625,-4.150390625,-0.8544921875,29.015155792236328,108.33991241455078,-120.30193328857422
-0.37451171875,0.866943359375,-0.253173828125,-1.5869140625,-4.7607421875,0.67138671875,28.79473114013672,108.13410949707031,-120.5640640258789
-0.390869140625,0.857421875,-0.260498046875,-1.953125,-5.18798828125,4.39453125,28.483137130737305,107.84983825683594,-120.88331604003906
-0.394775390625,0.84228515625,-0.252685546875,-2.01416015625,-6.40869140625,8.9111328125,28.05034446716309,107.51461029052734,-121.3147201538086
-0.387451171875,0.832763671875,-0.255859375,0.244140625,-8.36181640625,14.58740234375,27.374717712402344,107.22650146484376,-121.9547348022461
-0.389404296875,0.810546875,-0.24560546875,4.7607421875,-11.04736328125,18.61572265625,26.68878173828125,107.05638885498048,-122.6922836303711
-0.386962890625,0.814208984375,-0.242431640625,11.29150390625,-12.39013671875,20.01953125,25.984018325805664,107.11984252929688,-123.5024871826172
-0.371826171875,0.833740234375,-0.24853515625,21.6064453125,-14.5263671875,23.25439453125,25.14345550537109,107.59615325927734,-124.49665069580078
-0.384765625,0.84814453125,-0.271484375,27.28271484375,-17.27294921875,29.78515625,24.1565055847168,108.2062530517578,-125.63175964355469
-0.373291015625,0.868896484375,-0.290283203125,27.4658203125,-20.5078125,39.85595703125,22.83268547058105,108.74002838134766,-127.03874969482422
-0.373779296875,0.862060546875,-0.311767578125,25.390625,-23.92578125,49.25537109375,21.15690803527832,109.14602661132812,-128.78887939453122
-0.3828125,0.8271484375,-0.333740234375,23.193359375,-33.203125,63.17138671875,19.305583953857425,109.39651489257812,-130.98703002929688
-0.36279296875,0.842041015625,-0.352783203125,25.32958984375,-42.724609375,66.83349609375,17.466840744018555,109.6891632080078,-133.59559631347656
-0.32861328125,0.8779296875,-0.36962890625,23.62060546875,-52.1240234375,65.61279296875,15.813665390014648,109.82073974609376,-136.6844482421875
-0.293212890625,0.944091796875,-0.3720703125,15.5029296875,-63.65966796875,64.697265625,14.263870239257812,109.61076354980469,-140.0614013671875
-0.2958984375,0.9365234375,-0.349365234375,2.99072265625,-74.3408203125,66.34521484375,12.842558860778807,108.8569564819336,-143.84939575195312
-0.268310546875,0.9052734375,-0.341064453125,-8.6669921875,-83.1298828125,66.650390625,11.421335220336914,107.59855651855469,-147.95565795898438
-0.2294921875,0.922607421875,-0.343505859375,-21.1181640625,-87.0361328125,69.9462890625,9.838274955749512,106.0683822631836,-152.15626525878906
-0.189697265625,0.908203125,-0.351318359375,-31.8603515625,-91.796875,75.5615234375,7.952214241027832,104.29718780517578,-156.51747131347656
-0.1572265625,0.893310546875,-0.34130859375,-36.2548828125,-91.85791015625,76.7822265625,5.91269063949585,102.50655364990234,-160.78994750976562
-0.157958984375,0.88916015625,-0.3212890625,-38.87939453125,-90.27099609375,73.974609375,3.911284685134888,100.86807250976562,-164.91941833496094
-0.13427734375,0.8876953125,-0.29345703125,-35.5224609375,-87.7685546875,69.3359375,1.9937162399291992,99.5196533203125,-168.8591766357422
-0.08935546875,0.912109375,-0.293701171875,-27.89306640625,-81.23779296875,64.8193359375,0.07697178423404694,98.74498748779295,-172.3310546875
-0.074462890625,0.95751953125,-0.27734375,-22.76611328125,-66.89453125,61.58447265625,-1.7829236984252932,98.15734100341795,-175.34686279296875
-0.10791015625,0.970458984375,-0.24658203125,-23.62060546875,-58.7158203125,60.11962890625,-3.5142033100128174,97.56185150146484,-178.02096557617188
-0.098388671875,0.9892578125,-0.257080078125,-25.32958984375,-54.99267578125,57.18994140625,-5.059882164001465,96.97792053222656,-180.45751953125
-0.052001953125,0.986328125,-0.269287109375,-24.47509765625,-47.9736328125,49.01123046875,-6.453845977783202,96.53045654296876,-182.64019775390625
-0.056884765625,0.99609375,-0.263671875,-23.0712890625,-40.34423828125,43.27392578125,-7.6065001487731925,96.14618682861328,-184.49208068847656
-0.096435546875,0.9912109375,-0.2451171875,-24.5361328125,-37.109375,43.0908203125,-8.639045715332031,95.68489837646484,-186.2088623046875
-0.094482421875,0.992919921875,-0.2158203125,-29.1748046875,-40.10009765625,44.49462890625,-9.702089309692383,95.05267333984376,-188.0430145263672
-0.050537109375,0.960205078125,-0.214599609375,-30.6396484375,-41.259765625,41.015625,-10.69396686553955,94.43768310546876,170.0896759033203
-0.01904296875,0.9609375,-0.22412109375,-29.9072265625,-36.68212890625,39.12353515625,-11.674789428710938,93.85008239746094,168.49221801757812
-0.011474609375,0.960205078125,-0.233154296875,-30.82275390625,-29.23583984375,41.07666015625,-12.75172233581543,93.27530670166016,167.10638427734375
-0.015380859375,0.957763671875,-0.200439453125,-32.16552734375,-24.96337890625,42.66357421875,-13.863113403320312,92.57980346679688,165.90733337402344
-0.014892578125,0.9619140625,-0.18408203125,-30.33447265625,-20.751953125,38.9404296875,-14.710973739624025,91.92198181152344,164.94766235351562
0.0029296875,0.945556640625,-0.182861328125,-29.11376953125,-20.56884765625,32.65380859375,-15.420458793640135,91.3456802368164,163.9573516845703
0.006591796875,0.93896484375,-0.17578125,-27.7099609375,-18.5546875,29.052734375,-15.97801685333252,90.81971740722656,163.0570831298828
0.015380859375,0.960693359375,-0.169189453125,-27.64892578125,-16.90673828125,28.74755859375,-16.54795265197754,90.32555389404295,162.2302703857422
-0.01513671875,1.008056640625,-0.158935546875,-27.03857421875,-17.9443359375,35.09521484375,-17.26863670349121,89.8073959350586,161.36972045898438
-0.02392578125,1.0322265625,-0.14013671875,-32.16552734375,-20.93505859375,41.1376953125,-18.19239044189453,89.1012191772461,160.39987182617188
-0.030029296875,1.0185546875,-0.134033203125,-37.90283203125,-26.55029296875,49.01123046875,-19.48987579345703,88.28176879882812,159.04893493652344
0.032958984375,0.962646484375,-0.125244140625,-42.236328125,-37.109375,50.6591796875,-20.87918472290039,87.48395538330078,157.4090118408203
0.06787109375,0.961181640625,-0.125732421875,-39.97802734375,-40.58837890625,45.7763671875,-22.124797821044922,86.89990234375,155.603271484375
0.099609375,0.9677734375,-0.1240234375,-36.865234375,-42.1142578125,33.26416015625,-22.761436462402344,86.5174789428711,153.73646545410156
0.1083984375,0.9580078125,-0.080810546875,-32.53173828125,-41.19873046875,19.47021484375,-23.000932693481445,86.232421875,151.8651580810547
0.138427734375,0.968994140625,-0.09326171875,-30.029296875,-38.75732421875,13.73291015625,-23.06882476806641,86.05536651611328,150.06982421875
0.168212890625,0.943603515625,-0.07861328125,-29.052734375,-32.89794921875,11.41357421875,-23.07903480529785,85.80892944335938,148.63880920410156
0.177978515625,0.944091796875,-0.071533203125,-24.23095703125,-22.216796875,11.77978515625,-23.12777328491211,85.54972839355469,147.57301330566406
0.177490234375,0.94287109375,-0.041259765625,-20.99609375,-13.73291015625,13.427734375,-23.21548271179199,85.2065200805664,146.90887451171875
0.197998046875,0.95361328125,-0.050537109375,-18.85986328125,-6.89697265625,13.00048828125,-23.24784278869629,84.93560791015625,146.6503448486328
0.157958984375,0.944091796875,-0.063232421875,-12.39013671875,1.46484375,6.89697265625,-22.982797622680664,84.76716613769531,146.5937957763672
0.136962890625,0.959228515625,-0.084228515625,-9.6435546875,3.90625,2.13623046875,-22.480697631835934,84.73259735107422,146.6044921875
0.10888671875,0.97216796875,-0.0556640625,-7.01904296875,4.69970703125,-0.67138671875,-21.827455520629886,84.75826263427734,146.6459503173828
0.106201171875,0.993896484375,-0.068603515625,-10.25390625,3.662109375,0.3662109375,-21.220172882080078,84.66373443603516,146.6625518798828
0.14013671875,1.007568359375,-0.08203125,-13.00048828125,4.33349609375,0.1220703125,-20.69438934326172,84.48177337646484,146.69876098632812
0.136474609375,0.99365234375,-0.095947265625,-15.2587890625,8.85009765625,-2.13623046875,-20.0273494720459,84.07797241210938,146.94256591796875
0.14892578125,1.004638671875,-0.08740234375,-20.1416015625,14.404296875,-8.60595703125,-19.1794548034668,83.51903533935547,147.3589630126953
0.138427734375,0.988525390625,-0.078857421875,-22.88818359375,19.47021484375,-14.6484375,-18.078853607177734,82.80747985839844,147.9546356201172
0.1533203125,0.986083984375,-0.082275390625,-23.86474609375,26.2451171875,-22.8271484375,-16.552082061767578,81.98540496826172,148.83401489257812
0.16015625,0.975830078125,-0.08349609375,-24.35302734375,36.376953125,-35.46142578125,-14.673110961914062,81.17305755615234,149.9711456298828
0.160888671875,0.969970703125,-0.063232421875,-26.611328125,45.2880859375,-44.0673828125,-12.456754684448242,80.23316192626953,151.39805603027344
0.17626953125,0.98291015625,-0.0595703125,-27.52685546875,53.77197265625,-49.98779296875,-9.916742324829102,79.3257064819336,153.1722412109375
0.158935546875,1.02587890625,-0.029296875,-26.79443359375,66.5283203125,-61.34033203125,-6.976892948150635,78.40691375732422,155.2602081298828
0.131591796875,1.0517578125,-0.032470703125,-32.89794921875,77.69775390625,-69.15283203125,-3.653614282608032,77.37278747558594,157.6769561767578
0.07666015625,1.0439453125,-0.029541015625,-41.1376953125,89.2333984375,-69.64111328125,-0.14899535477161407,75.99278259277344,160.56622314453125
-0.015869140625,1.02783203125,0.009765625,-53.03955078125,94.970703125,-62.07275390625,3.2384095191955566,74.47111511230469,163.61441040039062
-0.08447265625,1.0126953125,0.013427734375,-56.82373046875,93.93310546875,-57.0068359375,6.521858215332031,73.0204849243164,166.63363647460938
-0.1318359375,0.97607421875,0.04638671875,-58.349609375,87.5244140625,-51.8798828125,9.56871223449707,71.58888244628906,169.3433380126953
-0.197509765625,0.992431640625,0.059326171875,-59.2041015625,74.52392578125,-45.71533203125,12.332054138183596,70.22740173339844,-188.2939453125
-0.232666015625,1.0185546875,0.077392578125,-58.10546875,62.80517578125,-40.6494140625,14.753053665161133,68.93083190917969,-186.32130432128903
-0.255615234375,0.98681640625,0.076416015625,-56.57958984375,49.37744140625,-34.85107421875,16.628143310546875,67.62802886962889,-184.9104461669922
-0.264892578125,0.96044921875,0.1083984375,-53.22265625,32.5927734375,-24.5361328125,18.003652572631836,66.37396240234375,-183.87222290039062
-0.25439453125,0.95556640625,0.124755859375,-51.1474609375,24.47509765625,-15.19775390625,18.85159492492676,65.1783447265625,-182.99269104003903
-0.250244140625,0.932861328125,0.141845703125,-48.88916015625,16.9677734375,-7.6904296875,19.10451316833496,64.00200653076172,-182.34417724609372
-0.2138671875,0.894287109375,0.187744140625,-41.80908203125,8.48388671875,-2.38037109375,19.123973846435547,62.98297882080078,-181.8800201416016
-0.189208984375,0.89013671875,0.208251953125,-30.517578125,5.92041015625,-6.16455078125,19.1743278503418,62.34975051879883,-181.59194946289062
-0.1669921875,0.915771484375,0.216796875,-19.6533203125,5.67626953125,-12.02392578125,19.426963806152344,62.23405456542969,-181.43785095214844
-0.18603515625,0.919677734375,0.21484375,-11.474609375,7.568359375,-16.90673828125,19.856380462646484,62.34317398071289,-181.28868103027344
-0.194580078125,0.92236328125,0.21923828125,-8.30078125,6.04248046875,-16.7236328125,20.25168228149414,62.54788208007813,-181.19212341308597
-0.21923828125,0.890869140625,0.215087890625,-3.173828125,5.43212890625,-13.36669921875,20.59103202819824,63.07409286499024,-181.0430908203125
-0.216796875,0.874755859375,0.20361328125,5.43212890625,3.7841796875,-12.6953125,20.850276947021484,63.80710220336914,-180.94525146484372
-0.22021484375,0.878662109375,0.173095703125,12.51220703125,2.74658203125,-11.29150390625,21.0456600189209,64.86965942382811,-180.83380126953125
-0.23681640625,0.897705078125,0.160888671875,20.6298828125,1.3427734375,-10.986328125,21.22072410583496,66.33422088623047,-180.71994018554688
-0.229248046875,0.951171875,0.135986328125,22.216796875,0.8544921875,-5.4931640625,21.149639129638672,67.82011413574219,-180.5543212890625
-0.21044921875,0.96923828125,0.139892578125,19.04296875,1.28173828125,1.220703125,20.78410530090332,69.16484832763672,-180.28411865234372
-0.1484375,0.960693359375,0.123779296875,14.70947265625,6.40869140625,5.43212890625,20.214542388916016,70.43172454833984,-179.75071716308594
-0.1240234375,0.97216796875,0.1015625,9.58251953125,17.578125,12.0849609375,19.48981285095215,71.66021728515625,-178.69046020507812
-0.161865234375,1.018798828125,0.090576171875,5.4931640625,26.0009765625,15.44189453125,18.816205978393555,72.82049560546875,-177.2678985595703
-0.1884765625,1.041259765625,0.072265625,-1.953125,31.982421875,17.08984375,18.22264671325684,73.7171630859375,-175.60910034179688
-0.2275390625,1.02197265625,0.08740234375,-8.36181640625,33.3251953125,13.24462890625,17.8593692779541,74.296142578125,-173.96791076660156
-0.274169921875,1.003662109375,0.109619140625,-9.8876953125,30.3955078125,8.11767578125,17.767017364501953,74.6712646484375,-172.53330993652344
-0.270263671875,0.9765625,0.09375,-10.25390625,26.30615234375,4.0283203125,17.87186050415039,74.9780502319336,-171.30628967285156
-0.304443359375,0.949951171875,0.088134765625,-5.43212890625,20.93505859375,2.9296875,17.968202590942386,75.40277862548828,-170.30931091308594
-0.316650390625,0.9091796875,0.11181640625,-1.03759765625,15.13671875,5.31005859375,17.95646858215332,75.852294921875,-169.54945373535156
-0.31103515625,0.892578125,0.0986328125,6.9580078125,8.544921875,3.72314453125,17.931461334228516,76.54786682128906,-169.07081604003906
-0.29052734375,0.901123046875,0.085693359375,16.29638671875,2.50244140625,3.2958984375,17.822362899780273,77.54285430908203,-168.84402465820312
-0.3037109375,0.888916015625,0.091552734375,18.310546875,-1.89208984375,5.126953125,17.645124435424805,78.50863647460938,-168.80264282226562
-0.271728515625,0.88671875,0.053466796875,20.08056640625,-2.99072265625,8.11767578125,17.273653030395508,79.59213256835938,-168.7716827392578
-0.279296875,0.892333984375,0.057861328125,21.728515625,-2.0751953125,12.39013671875,16.776542663574222,80.71149444580078,-168.6958465576172
-0.266357421875,0.888427734375,0.049560546875,22.03369140625,0.18310546875,19.287109375,16.013090133666992,81.85515594482422,-168.50363159179688
-0.24658203125,0.874755859375,0.050537109375,22.5830078125,1.0986328125,25.2685546875,14.989086151123047,83.02403259277344,-168.26409912109375
-0.21826171875,0.86865234375,0.01220703125,26.91650390625,3.173828125,28.9306640625,13.821020126342773,84.39518737792969,-167.94757080078125
-0.224609375,0.849609375,-0.01611328125,32.470703125,4.08935546875,32.65380859375,12.576525688171387,86.00605773925781,-167.61248779296875
-0.225341796875,0.871826171875,-0.033203125,37.17041015625,4.638671875,34.5458984375,11.260445594787598,87.79999542236328,-167.29586791992188
-0.23486328125,0.90625,-0.04052734375,37.90283203125,6.28662109375,34.24072265625,10.029464721679688,89.54066467285156,-166.97744750976562
-0.2392578125,0.932373046875,-0.0556640625,34.36279296875,5.43212890625,32.40966796875,8.906834602355957,91.0865249633789,-166.7433624267578
-0.2158203125,0.952392578125,-0.06982421875,29.47998046875,3.7841796875,30.82275390625,7.819628238677978,92.41667175292969,-166.61077880859375
-0.205810546875,0.964111328125,-0.096923828125,18.1884765625,2.9296875,26.2451171875,6.933422565460205,93.26792907714844,-166.53250122070312
-0.200439453125,0.962158203125,-0.105712890625,6.77490234375,2.685546875,23.86474609375,6.165477275848389,93.6471176147461,-166.47340393066406
-0.199951171875,0.944091796875,-0.10888671875,-5.859375,0.6103515625,21.91162109375,5.529438495635986,93.52207946777344,-166.4959259033203
-0.17626953125,0.982666015625,-0.12158203125,-23.62060546875,-8.4228515625,22.76611328125,4.823361873626709,92.66544342041016,-166.87612915039062
-0.135009765625,0.95556640625,-0.122314453125,-31.92138671875,-16.357421875,21.3623046875,4.123552322387694,91.50203704833984,-167.5535125732422
-0.118408203125,0.89990234375,-0.1103515625,-30.76171875,-22.39990234375,10.7421875,3.848758220672608,90.40900421142578,-168.44737243652344
-0.10400390625,0.906494140625,-0.122314453125,-25.634765625,-33.5693359375,2.0751953125,3.8758242130279537,89.5653305053711,-169.7761688232422
-0.088134765625,0.94091796875,-0.125,-27.2216796875,-45.95947265625,5.4931640625,3.6924223899841313,88.6563949584961,-171.5957794189453
-0.0283203125,0.99169921875,-0.09130859375,-26.611328125,-56.7626953125,7.8125,3.232060194015503,87.73607635498047,-173.84127807617188
0.042236328125,0.978759765625,-0.08349609375,-23.62060546875,-63.4765625,6.8359375,2.6257994174957275,86.93012237548828,-176.3514862060547
0.072265625,0.99853515625,-0.091552734375,-16.78466796875,-62.56103515625,1.3427734375,2.1708633899688716,86.46778869628906,-178.8327178955078
0.074462890625,1.021728515625,-0.0859375,-13.427734375,-59.50927734375,1.46484375,1.6872551441192627,86.19849395751953,-181.1913146972656
0.08349609375,1.08056640625,-0.092041015625,-18.73779296875,-54.3212890625,12.02392578125,0.8230078816413879,85.73033142089844,-183.3157501220703
0.097900390625,1.101318359375,-0.076904296875,-21.728515625,-49.01123046875,18.37158203125,-0.2890391945838928,85.1642074584961,-185.20797729492188
0.104248046875,1.06884765625,-0.05126953125,-22.0947265625,-41.56494140625,17.08984375,-1.3120347261428833,84.58417510986328,-186.8053131103516
0.0732421875,1.0654296875,-0.060791015625,-14.22119140625,-33.50830078125,7.26318359375,-1.8284748792648315,84.38008117675781,-188.12034606933597
0.054931640625,1.080078125,-0.039306640625,-9.70458984375,-28.9306640625,6.53076171875,-2.240587949752808,84.32269287109375,170.74270629882812
0.0498046875,1.07568359375,-0.0322265625,-10.43701171875,-25.69580078125,10.25390625,-2.7265830039978027,84.21662902832031,169.7477264404297
0.0390625,0.989501953125,-0.02685546875,-8.72802734375,-10.009765625,16.78466796875,-7.873365879058838,85.6374740600586,165.4132080078125
0.05078125,0.99560546875,-0.043701171875,-7.38525390625,-10.92529296875,14.404296875,-8.282309532165527,85.65782165527344,164.9788055419922
0.0751953125,1.014892578125,-0.056884765625,-9.1552734375,-11.962890625,13.5498046875,-8.682700157165527,85.66271209716797,164.49105834960938
0.071533203125,1.013427734375,-0.06298828125,-11.3525390625,-13.0615234375,8.4228515625,-8.87296199798584,85.58627319335938,163.9423065185547
0.07470703125,1.0,-0.041259765625,-11.53564453125,-13.24462890625,5.7373046875,-8.959111213684082,85.4614028930664,163.38438415527344
0.067138671875,0.9951171875,-0.03955078125,-10.07080078125,-9.70458984375,6.16455078125,-9.01311206817627,85.3590087890625,162.9728546142578
0.044677734375,0.9794921875,-0.03271484375,-6.89697265625,-6.9580078125,9.27734375,-9.150819778442383,85.37067413330078,162.68113708496094
0.08740234375,-0.059326171875,0.120849609375,-49.31640625,-5.43212890625,25.7568359375,-11.517112731933596,81.60580444335938,162.9136962890625
0.0224609375,0.857421875,0.003173828125,-21.6064453125,-4.21142578125,0.42724609375,-11.182696342468262,81.14906311035156,162.6686248779297
0.500244140625,2.41845703125,-0.138916015625,11.41357421875,-6.2255859375,-4.57763671875,-11.063462257385254,82.12226867675781,162.300537109375
0.02294921875,0.9423828125,-0.001708984375,1.708984375,-4.7607421875,-6.34765625,-10.457478523254396,82.53990936279297,162.01568603515625
0.060791015625,1.13623046875,-0.015869140625,0.6103515625,-2.8076171875,-2.44140625,-9.935638427734377,82.94586181640625,161.82485961914062
0.14208984375,1.051513671875,0.028076171875,-2.5634765625,-5.67626953125,-50.47607421875,-10.379945755004883,77.22900390625,160.4339141845703
0.003662109375,1.206298828125,-0.019775390625,-47.05810546875,4.82177734375,-15.93017578125,-9.326245307922363,75.87556457519531,160.37359619140625
0.08154296875,1.2177734375,-0.065673828125,-10.498046875,-5.06591796875,6.16455078125,-9.377737045288086,76.07042694091797,160.13720703125
