-0.013671875,0.990234375,-0.031982421875,-9.6435546875,-5.0048828125,2.50244140625,-1.6364160776138306,83.01231384277344,20.41891098022461
0.115234375,0.94091796875,0.074462890625,-7.62939453125,-4.82177734375,1.28173828125,-1.921046614646912,82.79508209228516,20.23226928710937
0.154296875,1.070556640625,0.009521484375,-9.70458984375,90.6982421875,-5.7373046875,-1.49407958984375,82.54850769042969,23.79703140258789
-0.1318359375,0.916748046875,-0.192138671875,-10.7421875,86.0595703125,-4.5166015625,-0.5165525078773499,82.79122161865234,27.170074462890625
-0.078369140625,0.982666015625,-0.051025390625,-9.94873046875,43.701171875,-0.9765625,-0.06428232789039612,82.77117919921875,28.895885467529297
-0.06103515625,0.97802734375,-0.058349609375,-9.6435546875,38.14697265625,-1.46484375,0.3234140872955322,82.79399108886719,30.402137756347656
-0.071044921875,1.010009765625,-0.0625,-9.033203125,32.8369140625,-0.54931640625,0.6508721709251404,82.85296630859375,31.705081939697266
-0.049560546875,0.9990234375,-0.085693359375,-9.3994140625,28.86962890625,-0.18310546875,0.8833045959472656,82.95272827148438,32.85570907592773
-0.119140625,0.9775390625,-0.10302734375,-9.58251953125,29.23583984375,-0.244140625,1.2699856758117676,83.08794403076172,34.02311325073242
-0.023193359375,0.986572265625,-0.0390625,-8.544921875,-5.37109375,2.197265625,0.7901601195335388,83.02230834960938,33.45943832397461
0.124267578125,0.985107421875,0.062255859375,-8.85009765625,17.63916015625,0.244140625,0.5500975847244263,82.79409790039062,34.16442108154297
0.137939453125,0.984130859375,0.067626953125,-10.1318359375,74.3408203125,-3.96728515625,0.7393016219139099,82.5357437133789,37.09777450561523
0.007080078125,0.98583984375,-0.036865234375,-10.3759765625,112.85400390625,-7.75146484375,1.5684049129486084,82.57549285888672,41.54011917114258
-0.007080078125,1.03564453125,-0.049072265625,-11.16943359375,117.61474609375,-7.62939453125,2.410242795944214,82.6766586303711,46.18054580688477
-0.55615234375,0.75634765625,0.21728515625,-4.82177734375,112.48779296875,-6.77490234375,4.475694179534912,82.4558334350586,50.59614944458008
-0.128662109375,1.28271484375,-0.09326171875,31.55517578125,16.2353515625,9.70458984375,4.2156758308410645,84.21650695800781,51.322669982910156
-0.01416015625,1.11376953125,-0.200927734375,-46.56982421875,-3.23486328125,-1.708984375,4.1368465423583975,82.9607925415039,51.233665466308594
0.19677734375,1.8974609375,-0.20947265625,6.89697265625,-24.658203125,-10.3759765625,4.044674873352052,83.67235565185547,50.23994064331055
0.195068359375,1.1083984375,-0.0556640625,-16.78466796875,-12.26806640625,0.244140625,3.4317939281463623,83.31490325927734,49.78027725219727
0.082275390625,0.940673828125,0.100341796875,27.2216796875,28.50341796875,0.48828125,3.1966640949249268,84.47758483886719,50.91641616821289
-0.0771484375,1.038818359375,0.06298828125,4.7607421875,51.3916015625,5.06591796875,3.2201519012451167,84.85032653808594,52.98870849609375
-0.309814453125,1.0869140625,-0.08447265625,-25.93994140625,48.40087890625,19.71435546875,3.1131403446197514,84.27559661865234,55.00717544555664
0.106689453125,0.743896484375,-0.027587890625,-20.5078125,31.8603515625,-5.55419921875,3.0174663066864014,83.81620025634766,56.27387237548828
0.309326171875,1.2470703125,-0.137451171875,-3.173828125,70.068359375,-41.1376953125,4.271291255950929,84.32079315185547,58.926612854003906
-0.18017578125,1.637451171875,-0.392822265625,-22.4609375,100.2197265625,8.544921875,4.390554428100587,84.4600601196289,63.01419067382813
0.17431640625,0.93896484375,-0.175537109375,-3.72314453125,78.79638671875,-11.77978515625,4.5597872734069815,85.16441345214844,66.16708374023439
0.1181640625,0.885009765625,-0.169921875,-2.5634765625,86.7919921875,-5.0048828125,4.54677152633667,85.93690490722656,69.67049407958984
-0.025146484375,0.972412109375,-0.19580078125,-1.708984375,91.12548828125,-8.056640625,4.9689903259277335,86.76463317871094,73.34758758544922
-0.1279296875,0.88427734375,-0.19482421875,0.06103515625,96.00830078125,-8.72802734375,5.615659236907959,87.72001647949219,77.23596954345703
0.037109375,1.1025390625,-0.181884765625,13.97705078125,73.30322265625,-5.06591796875,5.596325397491455,89.01470184326172,80.21710205078125
0.162353515625,1.181396484375,-0.126708984375,1.40380859375,85.8154296875,-21.1181640625,5.940041542053223,89.68354034423828,83.68408203125
-0.14111328125,1.375732421875,-0.2998046875,-35.15625,113.09814453125,-32.3486328125,7.250901699066162,89.28477478027344,88.27842712402344
-0.2158203125,1.134765625,-0.35693359375,-53.955078125,86.36474609375,-18.61572265625,8.187830924987793,88.2860107421875,91.83537292480469
-0.146240234375,0.97705078125,-0.304931640625,-43.02978515625,71.2890625,-35.33935546875,9.698894500732422,87.73892974853516,94.77959442138672
-0.063232421875,1.0625,-0.28125,-13.24462890625,69.82421875,-57.92236328125,11.851367950439453,88.39393615722656,97.6613540649414
-0.084228515625,1.134521484375,-0.235595703125,-22.705078125,78.43017578125,-50.84228515625,13.65122890472412,88.70927429199219,100.93890380859376
-0.109130859375,0.97802734375,-0.191162109375,-41.8701171875,83.43505859375,-39.24560546875,15.005925178527832,88.36474609375,104.46287536621094
-0.115966796875,0.923583984375,-0.209716796875,-48.828125,90.33203125,-26.611328125,15.867384910583494,87.9736099243164,108.32787322998048
-0.143310546875,0.907958984375,-0.239501953125,-50.1708984375,95.64208984375,4.0283203125,15.576300621032715,87.71123504638672,112.48796081542969
-0.141845703125,0.804443359375,-0.218505859375,-61.21826171875,96.435546875,43.02978515625,13.819486618041992,86.98162078857422,116.73273468017578
-0.02197265625,0.834228515625,-0.15087890625,-57.06787109375,103.33251953125,80.810546875,10.3650484085083,86.14837646484375,121.26535034179688
0.01220703125,0.826171875,-0.232421875,-54.5654296875,115.8447265625,92.28515625,6.601020336151122,85.45570373535156,126.334228515625
-0.121826171875,0.900390625,-0.171142578125,-41.32080078125,112.36572265625,95.03173828125,3.2385847568511963,84.80237579345703,131.20346069335938
-0.052001953125,0.894775390625,-0.07958984375,-40.34423828125,100.76904296875,70.00732421875,0.8536372780799866,83.73468780517578,135.50736999511722
-0.014892578125,0.9091796875,-0.060791015625,-35.70556640625,107.60498046875,41.8701171875,-0.3089052140712738,82.71308135986328,139.97825622558594
-0.134033203125,0.907958984375,-0.07080078125,-34.7900390625,116.455078125,26.9775390625,-0.4191372394561768,81.73655700683594,144.7288360595703
-0.285888671875,0.86669921875,-0.12060546875,-38.330078125,112.85400390625,33.8134765625,-0.3608212471008301,80.76303100585938,149.37847900390625
-0.24951171875,0.776123046875,0.0029296875,-31.1279296875,87.0361328125,55.7861328125,-1.270832657814026,79.7901611328125,153.16966247558594
-0.082275390625,0.696533203125,0.143310546875,-10.8642578125,67.7490234375,45.34912109375,-2.254091024398804,79.19249725341797,156.1602020263672
-0.0556640625,0.8359375,0.154052734375,16.845703125,66.40625,0.67138671875,-1.568106770515442,79.77775573730469,158.77963256835938
-0.12548828125,0.90380859375,0.152587890625,23.01025390625,60.72998046875,-15.80810546875,-0.17337816953659058,80.67292022705078,161.0707550048828
-0.107666015625,0.8408203125,0.197021484375,19.8974609375,49.25537109375,-21.97265625,1.2810345888137815,81.31853485107422,162.8839874267578
-0.060546875,0.750732421875,0.224853515625,24.96337890625,44.86083984375,-32.5927734375,2.944612741470337,82.04425048828125,164.4698486328125
-0.08740234375,0.784912109375,0.197509765625,32.2265625,47.42431640625,-32.1044921875,4.57880163192749,83.1868667602539,166.18199157714844
-0.103271484375,0.789306640625,0.184814453125,33.99658203125,47.05810546875,-11.90185546875,5.353495121002197,84.43814849853516,167.99038696289062
-0.08642578125,0.81396484375,0.23583984375,29.35791015625,42.41943359375,17.578125,4.822278022766113,85.33474731445312,169.7074432373047
-0.11474609375,0.8193359375,0.216796875,31.55517578125,44.189453125,21.05712890625,4.224244117736816,86.32659149169922,-188.4997100830078
-0.1650390625,0.92919921875,0.169677734375,37.41455078125,39.794921875,16.05224609375,3.889003038406372,87.66148376464844,-186.8930206298828
-0.160888671875,0.994873046875,0.18896484375,25.0244140625,21.1181640625,16.4794921875,3.4636957645416264,88.37260437011719,-186.04931640625
-0.07861328125,0.96484375,0.203125,19.53125,6.28662109375,11.29150390625,3.0644280910491943,88.74813842773438,-185.8131866455078
-0.0498046875,0.911376953125,0.248046875,26.85546875,-2.25830078125,-3.90625,3.220458030700684,89.25090026855469,-185.93621826171875
-0.073974609375,1.036865234375,0.18408203125,43.15185546875,-9.27734375,-31.8603515625,4.524325370788574,90.56658172607422,-186.32725524902344
-0.126708984375,1.15771484375,0.076904296875,44.73876953125,-15.9912109375,-43.51806640625,6.34318733215332,92.11003875732422,-186.9369201660156
-0.204345703125,1.299560546875,-0.027587890625,36.7431640625,-23.62060546875,-37.7197265625,7.995231628417969,93.4191665649414,-187.81407165527344
-0.149658203125,1.324462890625,-0.035888671875,9.94873046875,-42.66357421875,-4.8828125,8.23534107208252,93.48492431640624,170.46575927734375
-0.070068359375,1.210693359375,-0.033203125,-3.23486328125,-49.072265625,13.3056640625,7.626894950866699,92.9850616455078,168.4436798095703
0.09619140625,1.22265625,-0.04541015625,-6.28662109375,-47.119140625,40.10009765625,1.0421046018600464,91.43603515625,159.67977905273438
0.075439453125,1.193359375,-0.088623046875,-17.02880859375,-44.37255859375,36.1328125,-0.5410578846931458,90.8432388305664,157.87539672851562
0.028076171875,1.17626953125,-0.11474609375,-17.4560546875,-46.38671875,25.2685546875,-1.555254340171814,90.3519287109375,156.00469970703125
0.057861328125,1.1787109375,-0.130615234375,-16.6015625,-53.22265625,13.671875,-2.136218547821045,89.97860717773438,153.86585998535156
0.119873046875,1.198486328125,-0.10302734375,-19.59228515625,-55.908203125,-5.92041015625,-2.04463005065918,89.45687103271484,151.62237548828125
0.134521484375,1.13330078125,-0.0654296875,-27.16064453125,-53.89404296875,-20.99609375,-1.4242773056030271,88.5732192993164,149.45176696777344
0.127197265625,1.032958984375,-0.076416015625,-28.9306640625,-51.45263671875,-32.40966796875,-0.4146190583705902,87.65802764892578,147.35377502441406
0.147216796875,0.946044921875,-0.073974609375,-21.17919921875,-49.86572265625,-30.82275390625,0.39590269327163696,87.06352996826172,145.30967712402344
0.173828125,0.970458984375,-0.048095703125,-15.56396484375,-45.83740234375,-25.08544921875,0.8846988677978516,86.63065338134766,143.43133544921875
0.153076171875,0.9931640625,-0.03125,-17.88330078125,-39.97802734375,-17.4560546875,1.102674961090088,86.07499694824219,141.79901123046875
0.111572265625,0.95458984375,-0.053955078125,-26.0009765625,-34.11865234375,-5.615234375,0.9214205741882324,85.27796173095703,140.42985534667972
0.133544921875,0.845458984375,-0.05859375,-27.77099609375,-31.1279296875,5.2490234375,0.21676191687583926,84.48053741455078,139.21669006347656
0.10302734375,0.94140625,-0.0654296875,-20.751953125,-28.4423828125,11.77978515625,-0.6157472729682922,84.0135269165039,138.13334655761722
0.11572265625,0.946044921875,-0.0615234375,-16.11328125,-30.45654296875,16.54052734375,-1.6482816934585571,83.75846862792969,136.98715209960938
0.096923828125,0.99169921875,-0.060791015625,-15.380859375,-24.4140625,9.21630859375,-2.2740461826324463,83.54454803466797,136.04539489746094
0.095947265625,1.005126953125,-0.067138671875,-16.845703125,-21.6064453125,2.5634765625,-2.598052501678467,83.29725646972656,135.18231201171878
0.064697265625,0.98291015625,-0.074462890625,-18.73779296875,-19.59228515625,0.0,-2.7359585762023926,83.00499725341797,134.38421630859378
0.06298828125,0.924072265625,-0.038330078125,-16.66259765625,-18.61572265625,1.77001953125,-2.942754030227661,82.7311019897461,133.63589477539062
0.072265625,0.899169921875,-0.016845703125,-12.87841796875,-16.357421875,4.39453125,-3.264164924621582,82.56553649902344,132.99176025390622
0.093017578125,0.96044921875,0.00634765625,-8.7890625,-10.3759765625,6.28662109375,-3.655447244644165,82.50096130371094,132.59646606445312
0.08349609375,1.00341796875,-0.00244140625,-7.568359375,-4.45556640625,6.8359375,-3.99268102645874,82.49517822265625,132.4359130859375
0.075927734375,1.029296875,-0.024658203125,-6.89697265625,0.42724609375,8.30078125,-4.328886985778809,82.55179595947266,132.47158813476562
0.0517578125,0.99951171875,-0.01318359375,-10.986328125,1.708984375,13.48876953125,-4.800473213195801,82.4119873046875,132.5848388671875
0.0732421875,0.972900390625,-0.00634765625,-13.5498046875,1.46484375,15.13671875,-5.3724751472473145,82.15852355957031,132.69735717773438
0.069580078125,0.9775390625,-0.0009765625,-9.58251953125,3.2958984375,11.65771484375,-5.764952659606934,82.05493927001953,132.86312866210938
0.0654296875,1.001220703125,-0.01025390625,-5.18798828125,5.9814453125,6.7138671875,-5.919382095336914,82.143310546875,133.10479736328122
0.0576171875,0.984130859375,-0.008544921875,-7.14111328125,6.2255859375,6.591796875,-6.046383857727051,82.14514923095703,133.35513305664062
0.034423828125,0.96435546875,0.008544921875,-8.48388671875,4.82177734375,6.89697265625,-6.135509967803955,82.05907440185547,133.55455017089844
0.05419921875,0.952392578125,0.01708984375,-6.34765625,6.65283203125,9.3994140625,-6.357520580291747,82.03099822998047,133.842529296875
0.06640625,0.991943359375,0.006103515625,-4.39453125,8.23974609375,9.94873046875,-6.607198238372803,82.09982299804688,134.19288635253906
0.070556640625,1.019775390625,-0.003662109375,-5.4931640625,8.7890625,8.48388671875,-6.79188871383667,82.14141082763672,134.55352783203122
0.045654296875,0.9951171875,-0.01611328125,-10.43701171875,7.32421875,5.615234375,-6.8114891052246085,82.02066040039062,134.83583068847656
0.044921875,0.9775390625,-0.01806640625,-6.28662109375,7.38525390625,3.72314453125,-6.755364418029785,82.07682037353516,135.10931396484378
0.068359375,1.00341796875,-0.024658203125,-4.45556640625,5.7373046875,3.41796875,-6.748913764953612,82.22549438476562,135.31442260742188
0.09619140625,1.008544921875,-0.01171875,-8.056640625,6.4697265625,2.0751953125,-6.746948719024657,82.19178771972656,135.54583740234378
0.11767578125,0.986572265625,-0.0400390625,-10.19287109375,9.033203125,5.55419921875,-6.9234046936035165,82.12324523925781,135.89082336425778
0.114501953125,0.960693359375,-0.039794921875,-10.31494140625,10.009765625,8.6669921875,-7.210067272186278,82.04598999023438,136.29029846191406
0.117431640625,0.964111328125,-0.021484375,-5.615234375,12.8173828125,7.6904296875,-7.436903953552246,82.1010971069336,136.80006408691406
0.08740234375,0.97607421875,-0.019287109375,-4.94384765625,13.427734375,5.55419921875,-7.495236873626709,82.17353820800781,137.32188415527344
0.099365234375,0.94970703125,-0.01611328125,-6.16455078125,14.09912109375,3.7841796875,-7.511919975280763,82.18513488769531,137.86196899414062
0.05908203125,0.93359375,0.01025390625,-2.38037109375,14.5263671875,5.859375,-7.513810634613037,82.28163146972656,138.43803405761722
0.081787109375,0.953857421875,0.01806640625,0.3662109375,14.2822265625,10.986328125,-7.771435260772705,82.46159362792969,139.03407287597656
0.096923828125,0.98046875,0.015380859375,0.732421875,16.78466796875,13.427734375,-8.134317398071289,82.63719940185547,139.74107360839844
0.07763671875,0.984375,-0.03076171875,-3.35693359375,20.5078125,17.578125,-8.587135314941406,82.7197494506836,140.6019287109375
0.1005859375,1.007568359375,-0.038818359375,-1.77001953125,20.93505859375,21.42333984375,-9.22130012512207,82.86467742919922,141.4944610595703
0.07275390625,1.0009765625,-0.005126953125,-2.74658203125,21.240234375,20.8740234375,-9.746041297912598,82.87884521484375,142.40570068359375
0.049072265625,0.97998046875,-0.021240234375,-0.91552734375,19.47021484375,15.44189453125,-9.994775772094727,83.0147476196289,143.21041870117188
0.07568359375,0.986572265625,-0.05224609375,0.0,17.02880859375,12.5732421875,-10.195737838745117,83.2693099975586,143.88941955566406
0.107421875,0.983642578125,-0.066162109375,1.8310546875,14.22119140625,12.20703125,-10.46387767791748,83.63639831542969,144.44664001464844
0.1435546875,1.024169921875,-0.037109375,2.25830078125,13.427734375,5.0048828125,-10.509918212890623,83.94525146484375,144.9525146484375
0.096435546875,1.013427734375,-0.049560546875,2.86865234375,16.29638671875,-11.23046875,-9.80178451538086,84.29125213623047,145.5040740966797
0.0810546875,1.001708984375,-0.062744140625,3.84521484375,16.6015625,-22.3388671875,-8.651861190795897,84.70751953125,146.02943420410156
0.053466796875,0.973388671875,-0.0498046875,5.4931640625,13.671875,-21.30126953125,-7.543324947357178,85.17339324951172,146.45970153808594
0.050537109375,1.0380859375,-0.048828125,4.638671875,15.869140625,-12.20703125,-6.821762561798097,85.56912231445312,147.02195739746094
0.072265625,1.048828125,-0.048828125,-5.7373046875,18.9208984375,-1.03759765625,-6.610958576202393,85.51882934570312,147.7464599609375
0.058349609375,1.00341796875,-0.0322265625,-12.451171875,21.1181640625,7.87353515625,-6.728713512420653,85.15608978271484,148.5908660888672
0.02734375,0.9794921875,-0.005859375,-10.80322265625,18.73779296875,11.53564453125,-6.92119836807251,84.82173919677734,149.35824584960938
0.01904296875,1.023193359375,0.05078125,-14.16015625,9.1552734375,5.2490234375,-7.256685733795166,83.36132049560547,151.4468231201172
0.029296875,1.02099609375,0.072998046875,-17.08984375,5.67626953125,3.0517578125,-7.127545833587647,82.7345962524414,151.67556762695312
0.046875,1.0302734375,0.09033203125,-20.56884765625,1.89208984375,2.9296875,-7.053025722503662,81.97603607177734,151.75535583496094
0.09228515625,0.970458984375,0.040283203125,-8.4228515625,-8.1787109375,-4.21142578125,-4.69108247756958,79.609619140625,149.99423217773438
0.106689453125,0.983642578125,0.048095703125,1.28173828125,-6.103515625,-14.34326171875,-4.230206489562988,79.97256469726562,149.62957763671875
0.1376953125,0.968017578125,0.08837890625,11.04736328125,-10.1318359375,-14.70947265625,-3.8702275753021236,80.62413024902344,149.11813354492188
0.13037109375,0.9697265625,0.137939453125,21.42333984375,-8.11767578125,-22.27783203125,-3.1879467964172363,81.54438018798828,148.65809631347656
0.072265625,1.076904296875,0.140380859375,20.3857421875,-4.7607421875,-29.47998046875,-2.0737347602844243,82.40129852294922,148.3068084716797
0.032958984375,1.078125,0.111572265625,9.21630859375,-1.89208984375,-25.2685546875,-1.0703300237655642,82.82742309570312,148.10321044921875
-0.039306640625,1.0185546875,0.09326171875,-1.03759765625,-2.3193359375,-14.2822265625,-0.3865255117416382,82.84992980957031,147.94021606445312
-0.008544921875,0.931396484375,0.067138671875,-10.43701171875,-4.21142578125,-4.150390625,-0.2069307267665863,82.5387954711914,147.75157165527344
-0.01171875,0.902587890625,0.02734375,-7.8125,1.28173828125,0.732421875,-0.1916495263576508,82.43864440917969,147.80523681640625
-0.064697265625,0.96240234375,0.002197265625,-3.11279296875,4.39453125,9.46044921875,-0.3835856020450592,82.59190368652344,148.0263671875
-0.09423828125,1.012451171875,-0.00927734375,-14.404296875,-1.0986328125,16.29638671875,-0.8077793121337891,82.31378936767578,148.06292724609375
-0.02392578125,1.0283203125,-0.0908203125,-25.81787109375,-1.15966796875,15.5029296875,-1.3423134088516235,81.76856231689453,148.0931854248047
-0.013427734375,0.978515625,-0.137939453125,-27.28271484375,2.0751953125,18.61572265625,-1.982660889625549,81.29544067382812,148.2672882080078
-0.052490234375,0.915283203125,-0.1123046875,-15.80810546875,6.04248046875,18.6767578125,-2.4779751300811768,81.25192260742188,148.59576416015625
-0.061767578125,0.9765625,-0.106201171875,-17.7001953125,3.7841796875,14.95361328125,-2.8071918487548833,81.10578155517578,148.8094482421875
-0.02197265625,0.938232421875,-0.100830078125,-26.611328125,-2.44140625,7.50732421875,-2.95714807510376,80.62164306640625,148.72998046875
-0.011962890625,0.847900390625,-0.119873046875,-24.96337890625,-6.2255859375,-9.82666015625,-2.4668903350830083,80.30711364746094,148.3845672607422
-0.02978515625,0.8095703125,-0.11279296875,-11.65771484375,-10.07080078125,-23.3154296875,-1.439119577407837,80.53500366210938,147.8052978515625
0.03955078125,0.80859375,-0.12060546875,-0.244140625,-15.68603515625,-28.62548828125,-0.4640202522277832,81.22528839111328,146.99021911621094
0.132568359375,1.029296875,-0.18505859375,4.94384765625,-7.8125,-19.95849609375,0.010975631885230541,82.14590454101562,146.56094360351562
0.06689453125,1.0869140625,-0.20556640625,-5.37109375,6.9580078125,-14.58740234375,0.4856713116168976,82.64266967773438,146.7616424560547
-0.0478515625,0.98388671875,-0.193603515625,-17.7001953125,12.14599609375,-10.1318359375,1.0367515087127686,82.64806365966797,147.19891357421875
-0.035888671875,0.84814453125,-0.132568359375,-15.9912109375,2.99072265625,3.72314453125,0.9596542716026306,82.63333892822266,147.3473358154297
0.050048828125,0.8876953125,-0.10693359375,-10.25390625,-4.94384765625,8.11767578125,0.4499669969081879,82.766845703125,147.2008056640625
0.0400390625,0.923828125,-0.1064453125,-1.3427734375,-2.62451171875,-4.57763671875,0.5034711360931396,83.24129486083984,147.0789337158203
-0.021240234375,0.90234375,-0.12060546875,2.62451171875,-0.244140625,-20.01953125,1.3293334245681765,83.8961410522461,146.98715209960938
0.01025390625,0.904052734375,-0.164794921875,3.96728515625,-4.08935546875,-16.66259765625,1.8984553813934328,84.67952728271484,146.7745819091797
0.066650390625,1.00390625,-0.158935546875,2.9296875,-3.2958984375,-6.40869140625,1.920112371444702,85.3396987915039,146.63938903808594
0.05224609375,1.02783203125,-0.13037109375,-5.18798828125,9.33837890625,1.5869140625,1.6958385705947876,85.59888458251953,147.0323486328125
-0.0166015625,0.960693359375,-0.1396484375,-9.46044921875,16.54052734375,6.8359375,1.444637894630432,85.72431182861328,147.7267303466797
-0.011962890625,0.9111328125,-0.16650390625,-11.65771484375,14.2822265625,17.7001953125,0.7543785572052002,85.8318862915039,148.3607177734375
0.012939453125,0.964111328125,-0.13525390625,-9.6435546875,12.63427734375,25.634765625,-0.2901244163513184,85.91329193115234,148.9415283203125
0.01171875,0.965576171875,-0.1669921875,-6.16455078125,12.6953125,21.6064453125,-1.132413029670715,86.19224548339844,149.50216674804688
-0.01806640625,0.9228515625,-0.176025390625,0.732421875,12.6953125,11.3525390625,-1.4673665761947632,86.77008819580078,150.0246124267578
-0.0224609375,0.89501953125,-0.347412109375,-4.94384765625,11.90185546875,-78.857421875,1.8005560636520386,87.50206756591797,150.3295135498047
0.14208984375,6.30908203125,-1.4833984375,14.0380859375,-6.77490234375,-43.0908203125,3.3902771472930913,88.65213012695312,150.0246124267578
0.18896484375,1.3173828125,-0.203857421875,-9.521484375,4.21142578125,-31.1279296875,4.184161186218262,88.66435241699219,150.19265747070312
-0.003173828125,1.0966796875,-0.137451171875,-15.19775390625,15.56396484375,14.892578125,3.445976734161377,88.42135620117188,150.8540496826172
-0.03369140625,1.301025390625,-0.175537109375,-27.4658203125,15.9912109375,26.7333984375,2.3231794834136963,87.70913696289062,151.5486602783203
-0.10107421875,0.676513671875,-0.0908203125,-29.23583984375,13.3056640625,16.6015625,1.927762150764465,86.93545532226562,152.122314453125
-0.005126953125,0.740234375,-0.031982421875,-18.798828125,4.2724609375,-5.615234375,2.099942922592163,86.39418029785156,152.2881622314453
0.0703125,1.1162109375,-0.113037109375,-16.2353515625,3.41796875,-21.78955078125,2.7507164478302,86.10511779785156,152.3850860595703
0.0302734375,0.96728515625,-0.067138671875,-9.033203125,10.31494140625,0.91552734375,1.563772678375244,85.00855255126953,153.2035369873047
-0.055419921875,0.972412109375,-0.169921875,-8.544921875,12.451171875,0.79345703125,1.6398932933807373,85.2514419555664,153.71826171875
-0.053955078125,0.98193359375,-0.1630859375,-10.1318359375,3.173828125,2.25830078125,1.6197082996368408,85.39282989501953,153.86740112304688
-0.0078125,1.01611328125,-0.050048828125,-9.033203125,-1.28173828125,2.25830078125,1.401448369026184,85.28273010253906,153.8310089111328
-0.066650390625,1.06640625,-0.155517578125,-7.4462890625,-4.8828125,1.5869140625,1.409402847290039,85.47856903076172,153.65321350097656
0.00634765625,0.968017578125,0.0224609375,-9.765625,-4.638671875,3.11279296875,1.2003920078277588,85.19563293457031,153.48106384277344
-0.046630859375,0.96826171875,-0.0830078125,-9.1552734375,-4.33349609375,2.9296875,1.0736534595489502,85.04887390136719,153.322509765625
-0.045654296875,0.973876953125,-0.091552734375,-8.30078125,-5.126953125,1.5869140625,1.0576399564743042,85.10606384277344,153.13052368164062
0.031982421875,0.908935546875,0.021728515625,-10.3759765625,-4.69970703125,2.8076171875,0.8082414865493774,84.81315612792969,152.95571899414062
-0.04345703125,1.033447265625,-0.062744140625,-8.85009765625,-4.5166015625,3.0517578125,0.6408066153526306,84.64041137695312,152.789306640625
-0.04296875,1.023193359375,-0.0966796875,-9.765625,-4.638671875,1.953125,0.616554319858551,84.65829467773438,152.6158905029297
-0.03662109375,1.0439453125,-0.07177734375,-7.62939453125,-4.82177734375,0.732421875,0.6256162524223328,84.70358276367188,152.4300537109375
-0.03173828125,1.017578125,-0.087646484375,-7.6904296875,-4.5166015625,2.197265625,0.1440054476261139,84.24146270751953,151.76388549804688
-0.05029296875,1.010986328125,-0.07080078125,-7.6904296875,-3.47900390625,2.197265625,0.15046419203281405,84.30471801757812,151.6344757080078
-0.029052734375,0.978515625,-0.028564453125,-8.1787109375,-4.69970703125,1.953125,0.11637210845947266,84.25411987304688,151.4553985595703
-0.033203125,1.004150390625,-0.058349609375,-8.30078125,-4.82177734375,1.89208984375,-0.7060125470161438,83.71466064453125,149.16641235351562
-0.04296875,0.9873046875,-0.052978515625,-8.97216796875,-5.31005859375,2.5634765625,-0.7037565112113953,83.71340942382812,148.9612579345703
-0.02197265625,1.009033203125,-0.052001953125,-7.9345703125,-5.31005859375,2.0751953125,-0.7313494682312012,83.74940490722656,148.75425720214844
-0.020263671875,0.982177734375,-0.041748046875,-9.6435546875,-4.57763671875,2.50244140625,-1.2035284042358398,83.50634002685547,145.75148010253906
-0.017578125,0.98583984375,-0.0517578125,-9.521484375,-4.7607421875,2.3193359375,-1.2285943031311035,83.49037170410156,145.56442260742188
-0.02099609375,0.974609375,-0.058349609375,-9.27734375,-4.69970703125,2.3193359375,-1.2440860271453855,83.50129699707031,145.3792724609375
