0.194091796875,1.09814453125,-0.0830078125,9.46044921875,-28.38134765625,-63.720703125,0.8637315034866333,82.38733673095703,-37.09184646606445
0.09326171875,1.32666015625,-0.03759765625,22.5830078125,6.2255859375,-81.23779296875,3.8227002620697017,84.0197525024414,-36.80598449707031
-0.055908203125,1.486572265625,-0.05810546875,57.06787109375,25.87890625,-52.30712890625,5.915085792541504,86.6865463256836,-35.91407012939453
-0.001953125,1.59033203125,-0.0224609375,69.091796875,15.93017578125,-35.58349609375,7.118622779846191,89.66596221923828,-35.30374526977539
0.07763671875,1.601806640625,0.09619140625,62.80517578125,25.45166015625,-41.93115234375,8.533978462219237,92.0416030883789,-34.003273010253906
0.063720703125,1.628662109375,0.1240234375,35.82763671875,52.55126953125,-61.03515625,10.430628776550293,93.57327270507812,-31.790735244750977
0.09716796875,1.61181640625,0.10693359375,1.15966796875,61.21826171875,-75.86669921875,12.73846435546875,93.8494110107422,-29.14277648925781
0.21826171875,1.43212890625,0.072509765625,-31.92138671875,61.34033203125,-80.99365234375,14.926321029663086,92.6005859375,-26.41175651550293
0.278076171875,1.300048828125,0.060302734375,-61.767578125,65.12451171875,-67.626953125,16.505128860473633,90.66556549072266,-23.65493011474609
0.33544921875,1.13818359375,0.061767578125,-76.72119140625,68.78662109375,-54.8095703125,17.468534469604492,88.27853393554688,-20.807767868041992
0.32470703125,0.96826171875,0.076416015625,-83.1298828125,76.11083984375,-39.794921875,17.623010635375977,85.83639526367188,-17.529029846191403
0.239501953125,0.91552734375,0.052490234375,-81.1767578125,84.77783203125,-18.310546875,17.431617736816403,83.66901397705078,-14.020685195922852
0.201904296875,0.835693359375,0.042724609375,-82.33642578125,82.94677734375,-10.1318359375,17.07624626159668,81.51738739013672,-10.564249038696287
0.18115234375,0.70556640625,0.046142578125,-83.06884765625,85.14404296875,-4.2724609375,16.56270408630371,79.43312072753906,-6.909202098846436
0.142333984375,0.632568359375,0.054931640625,-79.89501953125,93.994140625,2.44140625,16.096057891845707,77.5460205078125,-2.9658684730529785
-0.09375,0.534912109375,-0.02880859375,-85.3271484375,105.1025390625,19.775390625,16.071191787719727,72.27155303955078,15.800317764282227
-0.068359375,0.4970703125,-0.0205078125,-86.48681640625,98.32763671875,26.06201171875,15.907609939575195,70.75772857666016,20.228107452392575
-0.07373046875,0.4970703125,-0.001953125,-80.26123046875,96.3134765625,37.29248046875,15.540556907653807,69.48310089111328,24.731319427490234
-0.07470703125,0.525146484375,0.002685546875,-72.44873046875,96.8017578125,46.32568359375,14.92529010772705,68.55172729492189,29.379749298095703
-0.069580078125,0.58544921875,0.0,-62.255859375,98.6328125,52.30712890625,14.139545440673828,68.19492340087889,34.29640579223633
-0.0791015625,0.626220703125,0.0,-49.6826171875,106.689453125,54.74853515625,13.437969207763672,68.23451995849611,39.4190559387207
-0.134765625,0.646484375,-0.00244140625,-40.1611328125,110.3515625,51.57470703125,13.095784187316895,68.62245941162111,44.60935592651367
-0.12646484375,0.6923828125,0.01708984375,-33.14208984375,107.177734375,45.22705078125,12.91446018218994,69.19835662841797,49.51587295532226
-0.091796875,0.698974609375,0.007568359375,-23.681640625,106.3232421875,37.04833984375,12.802030563354492,70.06768035888672,54.30866241455078
-0.089111328125,0.71728515625,-0.000244140625,-15.2587890625,110.595703125,33.447265625,12.786528587341307,71.28570556640625,59.213829040527344
-0.11474609375,0.803466796875,-0.024169921875,-8.11767578125,112.48779296875,33.99658203125,12.662872314453125,72.904541015625,64.23560333251953
-0.15283203125,0.851318359375,-0.005615234375,-3.41796875,111.9384765625,41.6259765625,12.226250648498535,74.49691009521484,69.259521484375
-0.1669921875,0.906494140625,-0.01953125,-5.37109375,103.515625,48.828125,11.32982063293457,75.86856842041016,73.99073028564453
-0.17529296875,0.954833984375,-0.05322265625,-12.14599609375,95.64208984375,50.048828125,10.269134521484377,76.75150299072266,78.31913757324219
-0.200439453125,0.981201171875,-0.064453125,-17.76123046875,89.29443359375,47.91259765625,9.256303787231444,77.36393737792969,82.3979721069336
-0.185791015625,1.0439453125,-0.0625,-19.1650390625,85.26611328125,46.93603515625,8.192378997802733,77.78649139404297,86.2706069946289
-0.162109375,1.132080078125,-0.078857421875,-13.73291015625,84.89990234375,42.3583984375,7.34419584274292,78.37181854248047,90.07161712646484
-0.175537109375,1.14453125,-0.0810546875,-12.3291015625,87.7685546875,28.1982421875,6.980697154998778,78.9398193359375,93.83893585205078
-0.15869140625,1.22265625,-0.0732421875,-12.939453125,86.669921875,17.333984375,6.9620890617370605,79.41070556640625,97.46720123291016
-0.1982421875,1.2529296875,-0.1083984375,-15.2587890625,82.3974609375,11.3525390625,7.12204122543335,79.73887634277344,100.7275390625
-0.22998046875,1.26220703125,-0.1015625,-16.6015625,59.326171875,19.83642578125,6.885997295379639,79.9446792602539,103.29048919677734
-0.223388671875,1.26904296875,-0.102783203125,-14.404296875,39.1845703125,24.2919921875,6.325686454772949,80.12552642822266,105.078369140625
-0.16064453125,1.2509765625,-0.080078125,-9.765625,29.052734375,19.10400390625,5.954001426696777,80.48713684082031,106.3460922241211
-0.161865234375,1.19189453125,-0.06884765625,-0.244140625,28.01513671875,7.38525390625,5.912888526916504,81.08647155761719,107.5564422607422
-0.115234375,1.193359375,-0.05419921875,9.3994140625,25.634765625,3.47900390625,5.9097228050231925,82.00993347167969,108.64218139648438
-0.099609375,1.154541015625,-0.072021484375,14.0380859375,25.08544921875,2.5634765625,5.842061996459961,83.17733001708984,109.68621826171876
-0.08642578125,1.0888671875,-0.04443359375,17.76123046875,19.34814453125,10.19287109375,5.469111919403076,84.31700134277344,110.5381088256836
-0.0751953125,1.08447265625,-0.014892578125,23.4375,15.869140625,19.22607421875,4.699739933013916,85.55885314941406,111.26129150390624
-0.04443359375,1.07373046875,0.017822265625,27.83203125,15.13671875,20.3857421875,3.8640155792236333,86.87384796142578,111.98721313476562
-0.08837890625,1.062744140625,0.042236328125,26.7333984375,18.1884765625,13.24462890625,3.4010543823242188,88.00919342041016,112.73892974853516
-0.1103515625,1.051025390625,0.026611328125,23.25439453125,15.0146484375,9.033203125,3.157142877578736,88.9803695678711,113.34947967529295
-0.097412109375,1.048828125,0.03076171875,14.6484375,3.47900390625,2.25830078125,3.1906683444976807,89.4330825805664,113.32575225830078
-0.045166015625,1.018798828125,0.037353515625,4.45556640625,-8.7890625,0.06103515625,3.159878253936768,89.51519012451172,112.96947479248048
0.000732421875,0.96875,0.052734375,1.953125,-9.09423828125,0.244140625,3.0208609104156494,89.45339965820312,112.5990753173828
0.00341796875,0.9580078125,0.0625,4.0283203125,-5.31005859375,-1.03759765625,2.908597230911255,89.47139739990234,112.38896942138672
0.00732421875,0.95947265625,0.064208984375,6.103515625,-3.2958984375,0.732421875,2.745936632156372,89.5621566772461,112.24998474121094
-0.005859375,0.953125,0.059326171875,8.6669921875,-1.953125,2.3193359375,2.558098793029785,89.76532745361328,112.1654281616211
-0.02685546875,0.97314453125,0.068603515625,9.3994140625,-2.50244140625,6.04248046875,2.239400148391724,89.9830093383789,112.0624008178711
-0.034912109375,0.992919921875,0.06787109375,7.99560546875,-2.25830078125,8.36181640625,1.8972541093826292,90.1292953491211,111.96389770507812
-0.041748046875,1.0107421875,0.064697265625,3.96728515625,-1.8310546875,6.34765625,1.6629191637039185,90.11944580078124,111.88361358642578
-0.025390625,1.009765625,0.051025390625,-1.03759765625,-3.90625,5.18798828125,1.447631597518921,89.89186096191406,111.7178192138672
-0.0283203125,1.00048828125,0.05029296875,-5.67626953125,-6.04248046875,4.21142578125,1.2860398292541504,89.533447265625,111.47309112548828
-0.905029296875,2.80322265625,-0.052490234375,5.18798828125,-0.244140625,-3.96728515625,2.051675081253052,88.63278198242188,110.95964050292969
0.097412109375,1.159423828125,0.02197265625,3.662109375,-10.92529296875,9.521484375,1.5782639980316162,88.4852523803711,110.75016784667969
0.02001953125,1.04541015625,0.0263671875,-9.21630859375,-2.5634765625,-2.01416015625,1.5494152307510376,88.10112762451172,110.64585876464844
0.05419921875,0.9814453125,0.092041015625,-9.27734375,-11.16943359375,5.37109375,-1.0799685716629028,85.65165710449219,107.0263900756836
0.030517578125,0.99267578125,0.03271484375,-7.080078125,-4.7607421875,3.72314453125,-1.2935632467269895,85.3943862915039,106.81129455566406
-0.026123046875,0.97119140625,0.05712890625,-7.01904296875,-4.57763671875,5.0048828125,-1.3944748640060425,85.15153503417969,106.64315032958984
