0.057861328125,1.016357421875,-0.009033203125,-8.544921875,-4.69970703125,1.708984375,-5.87105131149292,79.89795684814453,35.85807800292969
0.050048828125,1.01025390625,-0.013916015625,-8.11767578125,-4.638671875,2.01416015625,-5.8645782470703125,80.00812530517578,35.64500427246094
0.04296875,0.992431640625,-0.005859375,-8.23974609375,-5.06591796875,1.52587890625,-5.827310562133789,80.09330749511719,35.41374588012695
0.058837890625,1.0009765625,-0.004638671875,-8.4228515625,-4.8828125,2.197265625,-5.817544937133789,80.17243957519531,35.189022064208984
0.05078125,0.993408203125,-0.00537109375,-8.4228515625,-4.33349609375,1.8310546875,-5.806303024291992,80.23930358886719,34.98974609375
0.047607421875,0.989990234375,-0.014404296875,-8.72802734375,-4.69970703125,1.77001953125,-5.78878116607666,80.31346130371094,34.77366256713867
0.04931640625,1.00244140625,-0.024658203125,-8.1787109375,-4.638671875,1.89208984375,-5.82757043838501,80.34274291992188,34.559829711914055
0.050048828125,0.988037109375,-0.001220703125,-8.60595703125,-4.0283203125,1.40380859375,-5.795382499694824,80.3852767944336,34.371109008789055
0.052490234375,1.00244140625,-0.003173828125,-8.85009765625,-5.0048828125,1.64794921875,-5.7842063903808585,80.42443084716797,34.145156860351555
0.049560546875,0.992919921875,-0.013427734375,-9.46044921875,-5.126953125,2.01416015625,-5.792081356048584,80.49141693115234,33.938793182373054
0.060546875,1.013671875,-0.012939453125,-8.60595703125,-4.0283203125,1.953125,-5.803287029266357,80.5537338256836,33.75168228149414
0.05810546875,0.989013671875,-0.005615234375,-8.4228515625,-4.5166015625,2.13623046875,-5.821765422821045,80.60662841796875,33.54806137084961
0.06005859375,0.9814453125,-0.00048828125,-9.33837890625,-4.94384765625,2.25830078125,-5.798072338104247,80.68428802490234,33.317195892333984
0.052001953125,1.0,0.0146484375,-8.30078125,-4.0283203125,1.64794921875,-5.778074264526367,80.689453125,33.13475799560547
0.051513671875,0.981201171875,0.001220703125,-9.21630859375,-4.8828125,1.8310546875,-5.77306604385376,80.69135284423828,32.916637420654304
0.047119140625,0.9853515625,-0.014404296875,-8.85009765625,-4.94384765625,2.38037109375,-5.75117826461792,80.71592712402344,32.70715713500977
0.0576171875,0.99560546875,0.00146484375,-9.033203125,-4.45556640625,2.3193359375,-5.775789260864258,80.7214126586914,32.50943756103516
0.062744140625,0.98876953125,0.00439453125,-7.9345703125,-4.5166015625,1.77001953125,-5.790629386901856,80.7644271850586,32.30637359619141
0.06787109375,0.97412109375,-0.01123046875,-9.033203125,-4.08935546875,1.5869140625,-5.76300048828125,80.71219635009766,32.12541961669922
0.0556640625,0.98779296875,0.00634765625,-8.4228515625,-4.21142578125,1.3427734375,-5.74354362487793,80.73067474365234,31.93221664428711
0.043701171875,0.980224609375,0.001708984375,-8.6669921875,-4.45556640625,2.01416015625,-5.726295471191406,80.74996948242188,31.73258209228516
0.062744140625,1.01220703125,-0.018798828125,-8.48388671875,-4.5166015625,1.89208984375,-5.6812944412231445,80.82733917236328,31.538105010986328
0.052734375,1.009521484375,-0.001708984375,-8.36181640625,-4.08935546875,1.708984375,-5.669233798980713,80.86135864257812,31.350982666015625
0.06201171875,1.002197265625,0.0107421875,-9.21630859375,-5.126953125,2.0751953125,-5.6998939514160165,80.83541107177734,31.12798309326172
0.068603515625,0.989013671875,-0.005859375,-8.60595703125,-3.96728515625,1.708984375,-5.71733283996582,80.8538589477539,30.92737197875977
0.046630859375,0.981201171875,0.010009765625,-8.97216796875,-4.638671875,1.708984375,-5.696228981018066,80.83773040771484,30.720916748046875
0.055419921875,0.983154296875,-0.000732421875,-9.3994140625,-4.2724609375,2.01416015625,-5.706133842468263,80.82809448242188,30.528621673583984
0.05712890625,0.980712890625,0.008056640625,-8.6669921875,-5.0048828125,1.708984375,-5.722946643829347,80.8907699584961,30.29948425292969
0.064697265625,0.989990234375,-0.003662109375,-8.97216796875,-4.82177734375,2.0751953125,-5.757790565490723,80.90486907958984,30.085102081298828
0.057861328125,0.993408203125,0.015380859375,-9.1552734375,-4.57763671875,2.197265625,-5.777876377105713,80.866943359375,29.885284423828125
0.0703125,0.990478515625,0.02099609375,-8.60595703125,-4.8828125,2.0751953125,-5.701176166534424,80.97692108154297,29.04311752319336
0.0419921875,0.97265625,0.00146484375,-9.521484375,-4.150390625,1.8310546875,-5.672556400299072,80.95166778564453,28.855182647705078
0.0576171875,1.048583984375,-0.0107421875,-8.1787109375,-4.69970703125,2.0751953125,-5.684891223907472,81.00993347167969,28.64448547363281
0.055419921875,1.0,-0.00634765625,-8.23974609375,-3.96728515625,1.708984375,-5.698995113372803,81.0708999633789,28.44340515136719
0.05908203125,1.005859375,-0.033935546875,-8.1787109375,-4.57763671875,1.89208984375,-5.711351871490479,81.1766128540039,28.23129272460937
0.054443359375,1.01611328125,-0.01611328125,-7.32421875,-4.94384765625,1.708984375,-5.705463409423827,81.27393341064453,28.00762939453125
0.04833984375,0.988037109375,0.007080078125,-7.9345703125,-4.8828125,1.89208984375,-5.6906065940856925,81.2930908203125,27.792953491210934
0.054443359375,1.03515625,-0.007080078125,-7.8125,-4.5166015625,1.64794921875,-5.677656173706055,81.34441375732422,27.58831787109375
0.0712890625,0.945556640625,0.005859375,-8.9111328125,-4.08935546875,1.46484375,-5.706611633300781,81.31816864013672,27.40293884277344
0.046630859375,1.0546875,-0.0419921875,-6.4697265625,-4.33349609375,1.89208984375,-5.601734638214111,81.38980865478516,26.052261352539066
0.048583984375,1.036376953125,-0.007568359375,-8.4228515625,-4.638671875,1.708984375,-5.582168102264403,81.4141845703125,25.84377670288086
0.060546875,1.06005859375,-0.017578125,-7.080078125,-4.5166015625,2.13623046875,-5.60276460647583,81.51146697998047,25.640838623046875
0.048095703125,1.026123046875,-0.010009765625,-7.01904296875,-4.94384765625,1.77001953125,-5.622733116149902,81.48267364501953,25.44132232666016
0.0595703125,1.0546875,-0.001220703125,-6.04248046875,-4.57763671875,1.52587890625,-5.615816593170166,81.58454132080078,25.235713958740234
0.0556640625,0.990966796875,-0.0048828125,-7.9345703125,-4.94384765625,2.0751953125,-5.632254600524902,81.61590576171875,25.018169403076172
0.06103515625,0.96484375,0.0048828125,-8.97216796875,-4.7607421875,1.77001953125,-5.64995813369751,81.68243408203125,24.794353485107425
0.050048828125,0.995849609375,-0.018310546875,-8.11767578125,-4.8828125,1.64794921875,-5.63450813293457,81.73324584960938,24.573749542236328
0.046875,0.939208984375,-0.002197265625,-8.85009765625,-4.69970703125,2.25830078125,-5.641201496124268,81.71585845947266,24.367618560791016
0.051513671875,0.98486328125,-0.013671875,-9.94873046875,-5.06591796875,2.01416015625,-5.63498067855835,81.77902221679688,24.15908050537109
0.0517578125,0.944580078125,0.011474609375,-9.6435546875,-4.57763671875,1.77001953125,-5.6322975158691415,81.69488525390625,23.95843505859375
0.0556640625,1.04736328125,-0.013427734375,-6.77490234375,-4.7607421875,2.01416015625,-5.637394905090332,81.78604125976562,23.746112823486328
0.063720703125,1.007568359375,0.003173828125,-9.033203125,-4.94384765625,2.01416015625,-5.602051734924316,81.76679992675781,23.532249450683594
0.04541015625,1.046142578125,-0.018798828125,-8.36181640625,-5.126953125,1.52587890625,-5.5690340995788565,81.80501556396484,23.301740646362305
0.048095703125,0.971923828125,0.03662109375,-8.6669921875,-4.82177734375,1.953125,-5.564867496490479,81.70126342773438,23.098445892333984
0.0595703125,0.98291015625,-0.013671875,-8.544921875,-3.90625,1.89208984375,-5.548768520355225,81.4966049194336,22.317995071411133
0.05419921875,0.959228515625,-0.011474609375,-8.6669921875,-4.08935546875,2.13623046875,-5.566641807556152,81.51457977294922,22.133493423461914
0.05029296875,0.99072265625,-0.011474609375,-8.72802734375,-4.33349609375,2.01416015625,-5.567378520965576,81.52957153320312,21.938539505004886
0.046142578125,1.0,0.01220703125,-9.033203125,-4.57763671875,1.28173828125,-5.548060417175293,81.57878112792969,21.736257553100586
0.047607421875,0.981689453125,-0.01220703125,-9.70458984375,-4.21142578125,2.3193359375,-5.555614471435547,81.5534896850586,21.54795265197754
0.056884765625,0.99755859375,-0.01025390625,-8.48388671875,-4.94384765625,1.953125,-5.571839809417725,81.5760269165039,21.328859329223636
0.06298828125,0.999267578125,0.001708984375,-8.48388671875,-4.7607421875,1.89208984375,-5.578849792480469,81.53235626220703,21.12472915649414
0.06689453125,1.005859375,0.023193359375,-9.765625,-5.126953125,1.8310546875,-5.611079692840576,81.42982482910156,20.904930114746094
0.072265625,0.990234375,0.021728515625,-8.9111328125,-4.7607421875,2.44140625,-5.6789727210998535,81.3662109375,20.702709197998047
0.056640625,0.998291015625,-0.006103515625,-9.82666015625,-4.8828125,2.50244140625,-5.649413585662843,81.2752456665039,19.86498260498047
0.04345703125,0.956298828125,0.010498046875,-10.31494140625,-4.69970703125,1.708984375,-5.625167369842528,81.1872787475586,19.657581329345703
0.051513671875,1.00048828125,-0.000732421875,-8.48388671875,-4.7607421875,2.0751953125,-5.630935192108153,81.20223236083984,19.447383880615234
0.067626953125,0.999267578125,-0.019287109375,-8.4228515625,-4.2724609375,1.77001953125,-5.621920585632324,81.13846588134766,19.243242263793945
0.051513671875,1.0087890625,-0.01416015625,-8.7890625,-4.57763671875,2.197265625,-5.631130695343018,81.17252349853516,19.038009643554688
0.052734375,0.9970703125,0.007080078125,-8.9111328125,-4.69970703125,2.0751953125,-5.639328956604004,81.15298461914062,18.831932067871094
0.057861328125,0.983642578125,0.022216796875,-9.46044921875,-4.69970703125,1.8310546875,-5.635874271392822,81.1291275024414,18.617822647094727
0.05810546875,0.9951171875,0.0068359375,-8.1787109375,-4.33349609375,1.64794921875,-5.637400627136231,81.13982391357422,18.42359161376953
0.055908203125,0.985595703125,0.01220703125,-9.33837890625,-4.638671875,2.01416015625,-5.651247501373291,81.09228515625,18.220687866210934
0.05615234375,0.9794921875,0.012939453125,-8.6669921875,-4.5166015625,1.77001953125,-5.5956759452819815,81.08352661132812,18.044721603393555
0.04345703125,0.979736328125,0.014892578125,-9.09423828125,-4.82177734375,2.13623046875,-5.589197635650635,81.0422592163086,17.835927963256836
0.05322265625,0.9833984375,-0.01416015625,-9.21630859375,-4.5166015625,2.0751953125,-5.601848125457764,81.0633316040039,17.632383346557614
0.06201171875,0.972412109375,-0.0205078125,-8.85009765625,-4.8828125,2.38037109375,-5.630560874938965,81.11441040039062,17.414159774780273
0.06494140625,0.99560546875,0.000732421875,-8.11767578125,-4.57763671875,1.40380859375,-5.6398258209228525,81.14295196533203,17.20743751525879
0.02880859375,0.9833984375,0.018798828125,-9.1552734375,-4.82177734375,2.44140625,-5.609230041503906,81.08814239501953,17.00107765197754
0.05712890625,1.001953125,-0.009765625,-8.4228515625,-5.06591796875,2.01416015625,-5.624210834503174,81.05989837646484,16.79545021057129
0.0556640625,0.9921875,0.011474609375,-8.48388671875,-4.82177734375,1.89208984375,-5.633708477020264,81.05228424072266,16.58424949645996
0.058349609375,0.987548828125,-0.007568359375,-9.1552734375,-4.7607421875,2.3193359375,-5.666688442230225,81.06109619140625,16.373746871948242
0.046630859375,0.991455078125,0.008056640625,-9.27734375,-4.57763671875,1.953125,-5.659651279449463,81.05382537841797,16.18960952758789
0.053466796875,0.992431640625,-0.007080078125,-8.97216796875,-4.5166015625,2.01416015625,-5.666290283203125,81.0680923461914,15.986845016479492
0.056396484375,0.977294921875,0.001220703125,-8.7890625,-4.45556640625,1.40380859375,-5.6566033363342285,81.07022857666016,15.78468132019043
0.0439453125,0.9794921875,0.0087890625,-8.544921875,-4.5166015625,2.0751953125,-5.646742820739746,81.08168029785156,15.577817916870115
0.065673828125,0.987548828125,-0.005859375,-8.9111328125,-4.57763671875,1.89208984375,-5.677865028381348,81.09461975097656,15.372411727905273
0.05859375,0.987548828125,-0.01318359375,-8.97216796875,-4.2724609375,1.8310546875,-5.687501430511475,81.12042236328125,15.176855087280273
0.05322265625,0.988525390625,0.0048828125,-9.27734375,-4.2724609375,1.5869140625,-5.693649768829347,81.1048812866211,14.952133178710938
0.05615234375,1.000244140625,0.000244140625,-9.1552734375,-4.33349609375,2.0751953125,-5.7049827575683585,81.09251403808594,14.758575439453125
0.047607421875,0.995849609375,-0.013916015625,-8.1787109375,-4.39453125,1.77001953125,-5.685783863067628,81.15232849121094,14.557367324829102
0.060302734375,1.000732421875,-0.005615234375,-9.3994140625,-4.7607421875,1.8310546875,-5.6956048011779785,81.16336059570312,14.338630676269533
0.05517578125,0.982177734375,0.000732421875,-8.36181640625,-4.94384765625,1.77001953125,-5.698314666748048,81.18183898925781,14.11919403076172
0.060546875,0.9814453125,0.002685546875,-8.97216796875,-5.0048828125,2.13623046875,-5.728105068206787,81.17063903808594,13.900064468383787
0.046875,0.991943359375,-0.001220703125,-9.09423828125,-4.57763671875,2.3193359375,-5.722807884216309,81.14625549316406,13.689393997192385
0.05517578125,0.999267578125,0.006591796875,-8.36181640625,-4.45556640625,1.953125,-5.726454734802246,81.15026092529297,13.491579055786133
0.053955078125,0.981201171875,-0.00146484375,-7.9345703125,-3.90625,1.5869140625,-5.711925506591798,81.18749237060547,13.31153678894043
0.057373046875,0.999267578125,0.0166015625,-8.7890625,-4.7607421875,1.77001953125,-5.71815299987793,81.15737915039062,13.11579132080078
0.045166015625,0.988037109375,0.001220703125,-8.544921875,-4.45556640625,2.01416015625,-5.70302152633667,81.16582489013672,12.91710090637207
0.052001953125,0.97802734375,0.00732421875,-8.48388671875,-4.33349609375,1.953125,-5.702007293701173,81.16162109375,12.724481582641602
0.05810546875,0.97900390625,0.0166015625,-8.97216796875,-4.45556640625,1.8310546875,-5.699363708496094,81.14457702636719,12.521768569946287
0.045654296875,0.98193359375,0.008544921875,-8.60595703125,-4.45556640625,2.0751953125,-5.68897008895874,81.13406372070312,12.325223922729492
0.048095703125,0.99560546875,0.004150390625,-8.9111328125,-4.5166015625,2.3193359375,-5.693267345428468,81.12207794189453,12.126773834228516
0.06005859375,1.00244140625,0.008544921875,-8.72802734375,-4.8828125,1.8310546875,-5.6695494651794425,81.18429565429688,11.32693862915039
0.0576171875,0.987548828125,-0.00537109375,-9.27734375,-4.08935546875,1.5869140625,-5.666038513183594,81.17591094970703,11.139204025268556
0.034423828125,0.97900390625,0.00048828125,-8.4228515625,-4.57763671875,1.5869140625,-5.612914085388184,81.1908187866211,10.933202743530273
0.053466796875,0.992431640625,-0.011962890625,-8.7890625,-4.69970703125,2.197265625,-5.604259014129639,81.24187469482422,10.759637832641602
0.05615234375,0.99951171875,-0.00439453125,-8.48388671875,-4.33349609375,1.89208984375,-5.611627101898193,81.26122283935547,10.564796447753906
0.05078125,0.995361328125,0.008544921875,-8.9111328125,-4.69970703125,1.953125,-5.611196041107178,81.23486328125,10.358591079711914
0.0537109375,0.9990234375,-0.01171875,-8.72802734375,-4.39453125,1.8310546875,-5.613856315612793,81.2374267578125,10.157190322875977
0.07080078125,0.98828125,0.0087890625,-8.9111328125,-5.126953125,1.89208984375,-5.660170078277588,81.21268463134766,9.933843612670898
0.046630859375,0.99169921875,0.00048828125,-8.30078125,-4.57763671875,1.5869140625,-5.633983612060548,81.23089599609375,9.728063583374023
0.05517578125,0.991455078125,-0.008056640625,-9.6435546875,-4.8828125,1.8310546875,-5.640807151794434,81.21305084228516,9.505121231079102
0.04638671875,0.98095703125,0.010009765625,-9.033203125,-4.5166015625,2.01416015625,-5.632229804992676,81.17943572998047,9.306619644165039
0.0498046875,0.9814453125,0.008056640625,-9.21630859375,-4.57763671875,2.01416015625,-5.632367134094237,81.1445083618164,9.10525894165039
0.073486328125,0.98974609375,0.012939453125,-9.27734375,-5.06591796875,2.13623046875,-5.691199779510497,81.07067108154297,8.901050567626953
0.073974609375,0.988037109375,0.017333984375,-8.1787109375,-4.69970703125,1.5869140625,-5.727477073669434,81.0609130859375,8.693984985351562
0.066650390625,0.9931640625,0.01220703125,-9.21630859375,-4.638671875,1.8310546875,-5.754305362701416,81.02181243896484,8.489345550537111
0.052001953125,0.984619140625,-0.01025390625,-8.7890625,-4.2724609375,2.50244140625,-5.713224411010742,80.95779418945312,7.673866271972656
0.054443359375,0.991943359375,0.01318359375,-8.7890625,-4.21142578125,1.5869140625,-5.70103931427002,80.93616485595703,7.484652519226074
0.0498046875,0.98779296875,-0.0087890625,-8.48388671875,-4.638671875,2.0751953125,-5.7018184661865225,80.97920989990234,7.276472091674805
0.059326171875,0.987060546875,0.009765625,-9.033203125,-5.4931640625,2.3193359375,-5.65062141418457,81.02051544189453,6.450267791748048
0.066650390625,0.993896484375,0.001953125,-8.30078125,-3.84521484375,1.46484375,-5.6614990234375,81.0397720336914,6.272956848144531
0.062744140625,0.995849609375,-0.003662109375,-8.72802734375,-4.69970703125,1.8310546875,-5.6825385093688965,81.05720520019531,6.062612533569336
0.056884765625,0.997314453125,0.006103515625,-8.7890625,-4.638671875,1.8310546875,-5.6937174797058105,81.04703521728516,5.8550662994384775
0.053466796875,0.986083984375,0.01513671875,-9.09423828125,-5.06591796875,1.89208984375,-5.697689533233643,81.0082015991211,5.63455867767334
0.057373046875,0.978271484375,0.0205078125,-8.60595703125,-4.08935546875,1.3427734375,-5.683863639831543,80.97407531738281,5.450671195983887
0.058837890625,1.001220703125,-0.006103515625,-8.97216796875,-4.45556640625,1.64794921875,-5.713559150695801,81.02120971679688,5.244878768920898
0.062255859375,0.977783203125,-0.015625,-9.46044921875,-4.8828125,2.01416015625,-5.742886543273926,81.03865051269531,5.0252342224121085
0.04638671875,0.988037109375,-0.01171875,-8.30078125,-4.69970703125,1.8310546875,-5.724636554718018,81.0922622680664,4.812358856201172
0.049072265625,0.993896484375,-0.011962890625,-9.46044921875,-4.8828125,1.64794921875,-5.703971862792969,81.10997772216797,4.623218536376953
0.047119140625,0.986083984375,0.011962890625,-9.033203125,-5.31005859375,1.953125,-5.696703433990479,81.07943725585938,4.3926658630371085
0.05419921875,0.9921875,-0.0068359375,-8.97216796875,-4.69970703125,1.89208984375,-5.699789047241211,81.09306335449219,4.181748390197754
0.043701171875,0.9990234375,0.004150390625,-8.48388671875,-4.33349609375,1.89208984375,-5.675400257110597,81.0496597290039,3.972853660583496
0.053955078125,0.98876953125,-0.008056640625,-9.27734375,-4.69970703125,1.77001953125,-5.6745476722717285,81.0550765991211,3.760991096496582
0.06396484375,0.990234375,0.001953125,-9.09423828125,-4.2724609375,1.708984375,-5.69106912612915,81.04291534423828,3.5681114196777344
0.061279296875,0.9853515625,-0.010498046875,-9.09423828125,-4.08935546875,1.89208984375,-5.6012301445007315,81.1860122680664,1.4936237335205078
0.064453125,1.00927734375,-0.008056640625,-9.27734375,-4.2724609375,1.89208984375,-5.626035690307617,81.18370056152344,1.300373077392578
0.047607421875,0.9990234375,-0.00439453125,-8.30078125,-4.39453125,2.0751953125,-5.621023654937744,81.2129898071289,1.1038684844970703
0.05419921875,0.986572265625,0.0068359375,-8.72802734375,-4.57763671875,1.89208984375,-5.615555286407472,81.21488189697266,0.8901290893554688
0.0537109375,0.98388671875,0.00146484375,-8.544921875,-5.0048828125,2.13623046875,-5.632424354553223,81.22209930419922,0.671229362487793
0.052001953125,0.9921875,0.021240234375,-9.33837890625,-4.33349609375,1.953125,-5.631948947906494,81.14976501464844,0.4822540283203125
0.06982421875,0.986083984375,0.00048828125,-8.056640625,-4.2724609375,1.64794921875,-5.679079532623291,81.14210510253906,0.2869491577148437
0.05029296875,0.9892578125,-0.0048828125,-9.521484375,-4.33349609375,2.0751953125,-5.679061412811278,81.1253433227539,0.09235000610351562
0.054443359375,0.984375,-0.00537109375,-8.72802734375,-4.39453125,2.197265625,-5.694348812103272,81.1422348022461,-0.1040487289428711
0.147705078125,0.889404296875,-0.200439453125,-6.2255859375,-4.69970703125,1.3427734375,-5.9507832527160645,81.5650634765625,-0.3339033126831055
0.016357421875,1.140869140625,-0.036865234375,-4.82177734375,-5.43212890625,1.708984375,-5.848170757293701,81.78784942626953,-0.5817737579345703
0.005859375,0.949951171875,0.036376953125,-8.4228515625,-4.82177734375,1.220703125,-5.705930233001709,81.69490051269531,-0.7907724380493164
0.046875,0.957275390625,0.019287109375,-9.94873046875,-4.8828125,2.38037109375,-5.56424617767334,81.62065887451172,-1.596611499786377
0.06396484375,0.949951171875,0.024658203125,-8.7890625,-4.5166015625,2.01416015625,-5.602166652679443,81.54472351074219,-1.7901935577392578
0.070068359375,0.95458984375,0.0302734375,-9.8876953125,-4.5166015625,2.38037109375,-5.666932582855225,81.41455078125,-1.9806146621704104
0.066650390625,1.01708984375,0.00439453125,-9.765625,-4.33349609375,1.953125,-5.685201168060303,81.42996978759766,-2.1769723892211914
0.04345703125,0.94287109375,0.0234375,-9.6435546875,-5.126953125,1.52587890625,-5.6552367210388175,81.33333587646484,-2.3991823196411133
0.049072265625,0.964599609375,0.03173828125,-10.19287109375,-4.7607421875,2.197265625,-5.661933898925781,81.197998046875,-2.6010141372680664
0.056640625,0.974853515625,0.004638671875,-9.765625,-4.21142578125,2.25830078125,-5.696430683135986,81.18671417236328,-2.7978577613830566
0.058837890625,0.96142578125,0.028564453125,-10.3759765625,-4.2724609375,2.0751953125,-5.7176856994628915,81.05526733398438,-2.982121467590332
0.04052734375,0.98291015625,0.00732421875,-9.58251953125,-4.8828125,1.15966796875,-5.661587715148926,81.01438903808594,-3.201873779296875
0.0615234375,0.974609375,0.011474609375,-8.6669921875,-4.638671875,1.77001953125,-5.712742805480957,80.95281219482422,-3.3966355323791504
0.058349609375,0.982177734375,0.002685546875,-9.033203125,-4.39453125,2.44140625,-5.745939254760742,80.94567108154297,-3.590190887451172
0.056396484375,0.955322265625,-0.006591796875,-9.94873046875,-5.06591796875,2.197265625,-5.771827697753906,80.92713165283203,-3.8143606185913086
0.046630859375,0.93798828125,0.022216796875,-9.6435546875,-5.06591796875,1.708984375,-5.748638153076173,80.89337158203125,-4.023531436920166
0.05712890625,0.9541015625,0.0146484375,-10.43701171875,-4.45556640625,2.38037109375,-5.779300212860107,80.80449676513672,-4.217350482940674
0.060791015625,1.009033203125,-0.006103515625,-10.25390625,-4.638671875,2.25830078125,-5.806903839111327,80.7756576538086,-4.424453258514403
0.052978515625,1.054443359375,0.019287109375,-9.033203125,-4.150390625,2.3193359375,-5.710795879364014,80.66634368896484,-5.227203845977783
0.102783203125,0.9140625,0.02880859375,-10.31494140625,-4.2724609375,1.40380859375,-5.822111129760742,80.55350494384766,-5.415948390960693
0.048583984375,1.060546875,-0.03125,-7.080078125,-4.638671875,1.46484375,-5.785472869873048,80.71549224853516,-5.634462833404541
0.06494140625,0.996337890625,-0.04345703125,-9.21630859375,-4.21142578125,2.197265625,-5.826321125030518,80.8089599609375,-5.85513973236084
0.05615234375,1.00732421875,-0.013671875,-9.33837890625,-4.2724609375,1.64794921875,-5.815757751464844,80.83263397216797,-6.053620338439941
0.06103515625,1.00732421875,0.00732421875,-8.544921875,-4.8828125,1.3427734375,-5.807534694671631,80.84254455566406,-6.2732887268066415
0.052001953125,1.0224609375,-0.0224609375,-8.7890625,-4.2724609375,1.89208984375,-5.79317045211792,80.91515350341797,-6.467541694641112
0.052001953125,0.99755859375,-0.0029296875,-8.11767578125,-4.7607421875,2.0751953125,-5.794810771942139,80.96099853515625,-6.6798667907714835
0.052734375,1.005615234375,-0.021484375,-8.72802734375,-5.37109375,1.40380859375,-5.7748050689697275,81.02513885498047,-6.9247145652771
0.064208984375,0.991455078125,-0.017333984375,-9.46044921875,-5.31005859375,1.52587890625,-5.761001110076903,81.07374572753906,-7.74962043762207
0.051513671875,0.99560546875,0.0107421875,-8.23974609375,-4.150390625,1.708984375,-5.7439308166503915,81.0750732421875,-7.936262130737305
0.052734375,1.0,0.0185546875,-9.27734375,-4.69970703125,1.77001953125,-5.735342502593994,81.0193862915039,-8.142485618591309
0.057373046875,1.01318359375,-0.005859375,-8.85009765625,-4.57763671875,2.01416015625,-5.748741149902344,81.05016326904297,-8.352419853210451
0.060791015625,0.99169921875,-0.01025390625,-8.85009765625,-4.150390625,1.5869140625,-5.7497291564941415,81.07563781738281,-8.544504165649414
0.056640625,0.986572265625,0.0048828125,-8.9111328125,-4.94384765625,1.708984375,-5.7509398460388175,81.0663070678711,-8.763883590698242
0.061767578125,0.993408203125,-0.0009765625,-8.544921875,-4.5166015625,2.197265625,-5.7689642906188965,81.10225677490234,-8.958857536315918
0.070556640625,0.981201171875,-0.001953125,-8.48388671875,-4.39453125,1.77001953125,-5.801361083984375,81.1222152709961,-9.15754508972168
0.06298828125,0.968994140625,0.019775390625,-9.94873046875,-4.638671875,1.3427734375,-5.800883293151856,81.03359985351562,-9.363607406616213
0.05712890625,0.98095703125,-0.010498046875,-8.48388671875,-4.2724609375,2.13623046875,-5.771472930908202,81.10650634765625,-10.181536674499512
0.05712890625,0.99755859375,-0.021484375,-8.72802734375,-4.2724609375,2.0751953125,-5.782601833343506,81.16026306152344,-10.378114700317383
0.054443359375,0.97705078125,0.003662109375,-9.21630859375,-4.638671875,1.89208984375,-5.783830165863037,81.1369400024414,-10.584558486938477
0.05712890625,0.99462890625,-0.009033203125,-8.97216796875,-5.0048828125,1.64794921875,-5.668576717376709,81.1689682006836,-12.643521308898926
0.060791015625,0.993896484375,0.001953125,-9.27734375,-4.39453125,2.0751953125,-5.692379474639893,81.14533233642578,-12.838778495788574
0.05078125,0.9775390625,0.00537109375,-8.36181640625,-4.08935546875,1.953125,-5.6876726150512695,81.15035247802734,-13.022134780883787
0.048828125,0.991455078125,-0.003173828125,-8.6669921875,-4.150390625,1.64794921875,-5.672659873962402,81.1595687866211,-13.225519180297852
0.056884765625,0.9951171875,-0.003173828125,-8.9111328125,-4.45556640625,2.197265625,-5.6925926208496085,81.16285705566406,-13.423707008361815
0.064208984375,0.986083984375,-0.00146484375,-9.033203125,-4.8828125,2.25830078125,-5.734629154205322,81.15888214111328,-13.63817024230957
0.060302734375,0.992919921875,-0.000732421875,-9.82666015625,-4.7607421875,2.01416015625,-5.755118846893311,81.14862060546875,-13.851831436157227
0.063232421875,0.989501953125,0.00341796875,-8.97216796875,-5.06591796875,1.89208984375,-5.778522491455077,81.13766479492188,-14.075101852416992
0.043701171875,0.992431640625,0.00927734375,-8.72802734375,-4.8828125,2.0751953125,-5.762026786804199,81.12310791015625,-14.288990020751953
0.04248046875,0.998046875,0.009765625,-8.85009765625,-4.2724609375,1.8310546875,-5.721313953399657,81.08563232421875,-14.47378921508789
0.0498046875,0.998046875,0.002197265625,-8.48388671875,-4.638671875,1.8310546875,-5.709637641906737,81.09793090820312,-14.6807861328125
0.0615234375,0.993896484375,0.001708984375,-9.33837890625,-4.69970703125,1.77001953125,-5.723556995391847,81.07671356201172,-14.890478134155273
0.058837890625,0.97509765625,0.0087890625,-9.1552734375,-5.126953125,2.13623046875,-5.723607540130615,81.05713653564453,-15.10015869140625
0.057861328125,0.99853515625,0.00439453125,-8.6669921875,-4.638671875,1.8310546875,-5.73008394241333,81.05815124511719,-15.306663513183596
0.060302734375,0.98291015625,0.0166015625,-8.9111328125,-4.2724609375,1.708984375,-5.7366156578063965,81.01966857910156,-15.49653434753418
0.054931640625,0.99658203125,0.010009765625,-9.09423828125,-4.638671875,1.708984375,-5.733004570007324,81.009033203125,-15.697471618652346
0.0478515625,1.002197265625,-0.00341796875,-8.97216796875,-4.5166015625,1.77001953125,-5.713303565979004,81.01717376708984,-15.901533126831055
0.05029296875,0.9853515625,0.01025390625,-9.765625,-4.8828125,2.25830078125,-5.722923755645753,80.96305084228516,-16.113838195800778
0.062255859375,0.9814453125,-0.001953125,-8.4228515625,-4.638671875,1.953125,-5.754419803619385,80.95997619628906,-16.32005500793457
0.047607421875,0.989013671875,-0.004150390625,-9.033203125,-5.2490234375,1.8310546875,-5.741860389709473,80.9722900390625,-16.55325698852539
0.0625,0.984619140625,-0.009765625,-8.056640625,-4.45556640625,2.01416015625,-5.766918182373048,81.03251647949219,-16.754867553710938
0.05224609375,0.9990234375,-0.00830078125,-7.75146484375,-5.0048828125,1.46484375,-5.747339725494385,81.08070373535156,-16.966510772705078
0.057861328125,0.986328125,0.001708984375,-8.30078125,-4.57763671875,1.5869140625,-5.744486808776856,81.1014404296875,-17.172771453857422
0.053955078125,0.989990234375,0.00537109375,-8.1787109375,-4.21142578125,2.13623046875,-5.75158166885376,81.11616516113281,-17.360275268554688
0.055419921875,0.98486328125,-0.013916015625,-8.544921875,-4.2724609375,1.8310546875,-5.747616291046143,81.16107177734375,-17.56451416015625
0.057861328125,0.98876953125,-0.02880859375,-8.7890625,-4.57763671875,1.708984375,-5.7499589920043945,81.2286605834961,-17.776851654052734
0.046142578125,0.99658203125,0.00830078125,-9.21630859375,-4.45556640625,2.0751953125,-5.736909866333008,81.19145965576172,-17.973613739013672
0.061279296875,0.997314453125,-0.01220703125,-8.85009765625,-4.2724609375,2.0751953125,-5.756116390228272,81.22914123535156,-18.202693939208984
0.05810546875,0.99169921875,0.000732421875,-8.1787109375,-4.2724609375,1.953125,-5.764884471893311,81.249755859375,-18.394561767578125
0.046142578125,0.992431640625,0.00390625,-8.23974609375,-4.82177734375,2.13623046875,-5.756251811981201,81.26220703125,-18.60655975341797
0.05810546875,0.996337890625,-0.00048828125,-8.97216796875,-4.5166015625,1.953125,-5.757931232452393,81.2263412475586,-18.80458068847656
1.28369140625,1.23095703125,0.042236328125,-11.1083984375,7.6904296875,-10.1318359375,-6.787444114685059,80.9318618774414,-18.569639205932614
-0.547119140625,1.12939453125,0.224853515625,4.57763671875,65.85693359375,-51.45263671875,-3.1437792778015137,80.82440948486328,-16.273797988891598
0.232177734375,0.77685546875,-0.014892578125,11.1083984375,105.95703125,-54.3212890625,-0.7012842297554016,80.1266098022461,-11.604997634887695
0.043701171875,1.11572265625,-0.23779296875,-58.77685546875,120.361328125,-60.6689453125,2.481806516647339,78.67959594726562,-7.32086181640625
-0.291748046875,1.267333984375,-0.237548828125,-89.17236328125,109.375,-43.701171875,5.527747631072998,76.20598602294922,-3.39094352722168
-1.263916015625,0.056396484375,0.19580078125,-125.9765625,86.73095703125,-15.80810546875,8.242274284362793,71.74761962890625,-2.289872646331787
-0.259033203125,0.77880859375,-0.107666015625,40.34423828125,-169.61669921875,24.84130859375,5.7233052253723145,73.54792785644531,-8.375346183776855
0.9130859375,2.080322265625,0.146240234375,43.3349609375,-140.13671875,72.265625,0.3632102608680725,75.46955108642578,-12.988523483276367
0.4130859375,1.63818359375,0.146728515625,-78.67431640625,25.57373046875,57.43408203125,-2.1293103694915767,72.64611053466797,-11.362869262695312
0.03564453125,1.63134765625,0.072265625,-133.72802734375,33.99658203125,94.90966796875,-5.202295780181885,67.70953369140625,-8.827160835266113
0.202392578125,1.64306640625,0.080322265625,-191.0400390625,4.69970703125,115.6005859375,-9.351442337036133,60.55725479125977,-6.703197002410889
0.030517578125,1.323974609375,0.066650390625,-231.99462890625,40.1611328125,106.14013671875,-11.210126876831056,51.33706665039063,-2.956390380859375
-0.15380859375,1.138671875,0.081298828125,-242.61474609375,53.89404296875,78.7353515625,-11.396319389343262,42.23017120361328,0.5247459411621094
-0.224609375,0.949462890625,0.14111328125,-223.32763671875,49.560546875,63.96484375,-10.602696418762207,34.131637573242195,3.4701356887817383
-0.253173828125,0.69091796875,0.2431640625,-183.4716796875,26.2451171875,46.08154296875,-9.621729850769043,27.738435745239254,5.321208953857422
-0.143310546875,0.69775390625,0.336669921875,-151.9775390625,19.10400390625,38.330078125,-8.89029312133789,22.7448844909668,6.797224998474121
-0.02978515625,0.64794921875,0.49560546875,-139.58740234375,13.18359375,30.09033203125,-8.438558578491211,18.118837356567386,7.93028450012207
-0.039306640625,0.60400390625,0.58935546875,-144.53125,13.12255859375,8.544921875,-7.634581565856934,13.349605560302734,8.232913970947267
-0.006103515625,0.601806640625,0.53515625,-157.77587890625,12.75634765625,-16.2353515625,-6.755889415740968,8.439274787902832,7.501523971557617
0.060791015625,0.610595703125,0.508056640625,-164.1845703125,5.859375,-37.53662109375,-6.346566677093506,3.5793671607971187,5.844122886657715
0.1025390625,0.51025390625,0.514404296875,-164.0625,5.2490234375,-49.9267578125,-6.231423854827881,-1.2523279190063477,3.6816196441650386
0.09326171875,0.3935546875,0.478759765625,-148.193359375,-8.23974609375,-52.6123046875,-6.837053298950195,-5.450385570526123,1.4328889846801758
0.153564453125,0.359375,0.46484375,-117.67578125,-14.5263671875,-51.513671875,-8.040960311889647,-8.370780944824219,-0.7303915023803711
0.253662109375,0.296875,0.5703125,-73.1201171875,-19.287109375,-43.51806640625,-9.659735679626463,-9.785515785217283,-2.515814304351806
0.265869140625,0.407470703125,0.70263671875,-47.66845703125,-15.44189453125,-33.3251953125,-10.912036895751953,-10.060818672180176,-3.979158878326416
0.28759765625,0.531494140625,0.832763671875,-40.22216796875,-15.44189453125,-14.46533203125,-11.936034202575685,-10.06511688232422,-4.737977981567383
0.27099609375,0.5244140625,0.828857421875,-46.2646484375,-14.2822265625,8.544921875,-12.690852165222168,-10.495491027832033,-4.603582382202148
0.192626953125,0.523193359375,0.822265625,-48.583984375,-9.033203125,15.80810546875,-12.99691390991211,-11.033620834350586,-4.241879463195802
0.134521484375,0.524169921875,0.797119140625,-48.27880859375,-3.96728515625,11.23046875,-13.01097297668457,-11.454894065856935,-4.1241960525512695
0.083251953125,0.5263671875,0.802001953125,-42.724609375,-2.3193359375,5.06591796875,-12.889150619506836,-11.575486183166506,-4.272684097290038
0.123291015625,0.493408203125,0.835205078125,-40.8935546875,-5.615234375,4.21142578125,-12.979188919067385,-11.70415496826172,-4.405962944030762
0.1669921875,0.4833984375,0.810302734375,-39.0625,-2.8076171875,7.50732421875,-13.040987014770508,-11.783823013305664,-4.432453155517578
0.280517578125,0.501708984375,0.720703125,-33.38623046875,5.06591796875,19.53125,-13.019652366638185,-11.666976928710938,-4.058393478393556
0.301025390625,0.440673828125,0.6826171875,-22.4609375,11.29150390625,35.64453125,-12.71699047088623,-11.32942008972168,-3.067920207977295
0.198486328125,0.447021484375,0.74609375,-9.8876953125,11.04736328125,51.33056640625,-12.021513938903807,-10.622057914733887,-1.43092679977417
0.1025390625,0.469970703125,0.7509765625,6.04248046875,6.591796875,56.884765625,-11.273845672607422,-9.272806167602539,0.4830799102783203
0.129150390625,0.446533203125,0.77001953125,13.48876953125,7.26318359375,52.24609375,-10.653786659240724,-7.674439907073975,2.2578821182250977
0.159912109375,0.474609375,0.751220703125,19.34814453125,12.0849609375,44.12841796875,-10.041046142578123,-5.753557205200195,3.708151817321777
0.12939453125,0.589111328125,0.808349609375,27.099609375,19.04296875,35.7666015625,-9.157634735107422,-3.3832623958587646,4.824793815612793
0.13232421875,0.5576171875,0.862060546875,21.8505859375,20.6298828125,32.8369140625,-8.273711204528809,-1.361296772956848,5.90116024017334
0.060546875,0.57080078125,0.859130859375,16.78466796875,18.06640625,27.9541015625,-7.40470027923584,0.4638032019138336,6.835859298706055
0.036865234375,0.519287109375,0.885498046875,10.68115234375,13.5498046875,19.04296875,-6.704718589782715,1.9323879480361936,7.468646049499513
0.0263671875,0.511962890625,0.85595703125,9.8876953125,10.68115234375,12.63427734375,-6.127773761749268,3.369713544845581,7.868757247924805
0.067138671875,0.482666015625,0.826904296875,10.8642578125,7.2021484375,5.18798828125,-5.795785427093506,4.80638599395752,7.987537384033202
0.127197265625,0.563720703125,0.787353515625,12.39013671875,9.94873046875,-4.94384765625,-5.477311134338379,6.470102310180664,7.710105895996094
0.10986328125,0.57421875,0.80615234375,8.85009765625,12.939453125,-7.32421875,-4.987010002136231,7.937753677368164,7.377429008483888
0.13134765625,0.513671875,0.705078125,6.103515625,13.24462890625,-10.07080078125,-4.566932201385498,9.2671537399292,6.9627323150634775
0.160400390625,0.52734375,0.761962890625,6.77490234375,13.00048828125,-11.962890625,-4.197120189666748,10.526588439941406,6.5004072189331055
0.1298828125,0.581787109375,0.769775390625,4.638671875,19.6533203125,-19.22607421875,-3.432524919509888,11.755050659179688,5.821340560913086
0.109130859375,0.63720703125,0.798828125,1.28173828125,29.72412109375,-31.18896484375,-2.127553701400757,12.868786811828613,4.793519020080566
0.118896484375,0.69677734375,0.86865234375,0.9765625,26.91650390625,-27.9541015625,-0.9894959330558776,13.911932945251465,3.91771411895752
0.138427734375,0.683349609375,0.834716796875,2.62451171875,22.8271484375,-14.16015625,-0.22042521834373474,14.981850624084473,3.5789384841918945
0.110595703125,0.697265625,0.832275390625,10.43701171875,18.37158203125,3.35693359375,0.2263522297143936,16.347469329833984,3.901076316833496
0.07177734375,0.73681640625,0.791748046875,21.91162109375,12.6953125,24.96337890625,0.25431933999061584,18.235382080078125,5.006991386413574
0.004638671875,0.783203125,0.830810546875,25.93994140625,11.16943359375,30.57861328125,0.2532438933849335,20.232301712036133,6.31280517578125
-0.019287109375,0.7685546875,0.85986328125,19.71435546875,8.056640625,30.2734375,0.1466708928346634,21.85110282897949,7.5624446868896475
-0.058349609375,0.75048828125,0.8388671875,6.4697265625,5.79833984375,22.3388671875,0.13233838975429535,22.87974739074707,8.47967529296875
-0.0224609375,0.743408203125,0.785888671875,-3.84521484375,5.55419921875,16.2353515625,0.1221407875418663,23.51817512512207,9.166032791137695
0.008056640625,0.6357421875,0.77490234375,-8.9111328125,4.39453125,10.31494140625,0.0941816419363022,23.77666664123535,9.615781784057617
0.041748046875,0.5859375,0.736083984375,-2.01416015625,6.2255859375,4.57763671875,0.14201362431049347,24.267837524414066,9.885255813598633
0.0771484375,0.57421875,0.764404296875,6.34765625,6.2255859375,4.5166015625,0.1043463870882988,25.0101318359375,10.153759002685547
0.07275390625,0.5615234375,0.72509765625,13.427734375,6.103515625,8.11767578125,0.0003800467820838094,26.03883552551269,10.551586151123047
0.113037109375,0.545166015625,0.64892578125,28.076171875,10.68115234375,12.5732421875,-0.1469380259513855,27.694683074951172,11.189567565917967
0.11376953125,0.49462890625,0.5498046875,42.724609375,20.1416015625,14.7705078125,-0.06777328252792357,29.942729949951172,12.088499069213867
0.046875,0.39111328125,0.538330078125,64.0869140625,25.45166015625,19.4091796875,0.2376899719238281,32.73109817504883,13.277650833129885
-0.0654296875,0.4345703125,0.493408203125,106.0791015625,4.39453125,30.1513671875,-0.09535601735115053,37.29226684570313,14.373933792114258
-0.068115234375,0.466064453125,0.493896484375,139.2822265625,-19.71435546875,41.8701171875,-1.5425378084182741,43.061622619628906,15.150955200195312
0.0283203125,0.6162109375,0.45361328125,166.56494140625,-36.07177734375,53.5888671875,-4.101228713989259,50.08722686767578,15.557537078857422
0.021484375,0.79052734375,0.41552734375,190.4296875,-52.1240234375,70.00732421875,-7.464078426361084,58.15432739257813,15.473289489746096
0.09912109375,0.83349609375,0.482177734375,203.857421875,-64.88037109375,77.94189453125,-11.339008331298828,66.48224639892578,14.599691390991213
0.263671875,1.128173828125,0.5654296875,206.35986328125,-75.68359375,85.5712890625,-15.555679321289062,74.99052429199219,12.840044021606445
0.4609375,1.162841796875,0.734619140625,169.3115234375,-75.0732421875,94.29931640625,-19.97454071044922,81.76204681396484,10.71505355834961
0.25,1.0263671875,0.701171875,127.01416015625,-55.72509765625,91.24755859375,-23.557315826416016,86.49642944335938,9.094335556030273
0.182373046875,1.239501953125,0.509765625,95.52001953125,-64.75830078125,80.9326171875,-26.27205467224121,90.6553192138672,6.664778709411621
0.093017578125,1.142578125,0.28271484375,53.3447265625,-67.07763671875,44.73876953125,-27.139612197875977,93.5107650756836,3.8933382034301762
-0.01416015625,1.12451171875,0.143310546875,32.8369140625,-83.67919921875,13.916015625,-26.359798431396484,96.03164672851562,0.3517875671386719
0.206787109375,1.04638671875,0.07177734375,23.92578125,-99.91455078125,-11.41357421875,-24.812969207763672,98.4164581298828,-3.767435550689697
0.235595703125,0.775634765625,0.030517578125,23.98681640625,-84.1064453125,-31.18896484375,-22.73395347595215,100.29524230957031,-6.969604969024657
0.27734375,1.041259765625,-0.00732421875,34.36279296875,-88.5009765625,-36.56005859375,-20.301836013793945,102.50415802001952,-10.211435317993164
0.293701171875,0.778564453125,0.027099609375,32.65380859375,-87.40234375,-35.70556640625,-18.13898468017578,104.30451965332031,-13.25245475769043
0.21337890625,0.915283203125,-0.014404296875,41.93115234375,-79.52880859375,-41.259765625,-15.53088665008545,106.22837829589844,-15.820064544677734
0.16650390625,0.9853515625,0.036376953125,37.53662109375,-68.9697265625,-51.20849609375,-12.570356369018555,107.49996185302734,-17.717544555664062
0.119873046875,0.981689453125,0.014404296875,33.14208984375,-60.72998046875,-58.28857421875,-9.412986755371094,108.39636993408205,-19.16690826416016
0.02294921875,1.046875,0.04736328125,21.66748046875,-89.29443359375,-62.5,-5.611716747283936,108.76690673828124,-21.627574920654297
0.183837890625,1.0703125,0.055419921875,12.39013671875,-112.60986328125,-62.8662109375,-1.967594146728516,108.64288330078124,-24.99614715576172
0.306640625,1.061767578125,-0.00537109375,9.33837890625,-97.2900390625,-68.4814453125,1.2990131378173828,108.32787322998048,-27.7768497467041
0.242431640625,1.0654296875,-0.110595703125,15.0146484375,-68.2373046875,-72.75390625,4.360396862030028,108.35231018066406,-29.45120620727539
0.305419921875,1.034912109375,-0.140869140625,19.59228515625,-62.98828125,-64.51416015625,6.798130512237549,108.56291961669922,-31.0515079498291
0.40234375,1.070068359375,-0.113525390625,27.89306640625,-44.37255859375,-58.65478515625,8.545948028564451,109.0733871459961,-32.032272338867195
0.22998046875,1.000244140625,-0.016845703125,22.94921875,-28.564453125,-31.79931640625,9.300497055053713,109.17327117919922,-32.802539825439446
0.27099609375,0.994140625,0.036376953125,9.46044921875,-45.7763671875,-9.70458984375,9.3377685546875,108.46397399902344,-34.553497314453125
0.27099609375,1.02099609375,0.05126953125,-3.47900390625,-40.52734375,5.92041015625,8.70313549041748,107.2408676147461,-36.310150146484375
0.134521484375,1.0234375,0.046142578125,-23.0712890625,-22.5830078125,13.61083984375,7.8220272064208975,105.37934112548828,-37.44920349121094
0.1044921875,1.00830078125,0.056396484375,-35.09521484375,-21.91162109375,17.76123046875,6.827854633331299,103.0994873046875,-38.57248306274414
0.092041015625,0.989501953125,0.07080078125,-44.25048828125,-25.146484375,20.93505859375,5.7522830963134775,100.51152801513672,-39.80717468261719
0.366455078125,1.985595703125,-0.85693359375,-7.9345703125,-46.142578125,16.9677734375,2.5196704864501958,92.48812103271484,-45.33044815063477
0.0625,0.53515625,0.480224609375,55.0537109375,-33.5693359375,2.38037109375,2.226121187210083,93.03083801269531,-46.74850082397461
-0.033203125,1.0634765625,-0.04736328125,-8.48388671875,-15.380859375,5.9814453125,2.002624750137329,92.63362121582031,-47.37715530395508
0.251708984375,0.934814453125,0.00048828125,-7.50732421875,-20.44677734375,1.03759765625,1.3309720754623413,92.19230651855469,-48.19564819335938
0.080322265625,0.8671875,0.044921875,0.1220703125,-6.65283203125,0.48828125,1.0599974393844604,91.9719467163086,-48.466102600097656
0.195556640625,0.925537109375,0.0546875,5.126953125,-4.33349609375,-3.90625,0.7114650011062622,91.95098114013672,-48.63578796386719
0.3505859375,0.87548828125,0.000244140625,20.01953125,23.3154296875,-15.07568359375,0.39899942278862,92.67403411865234,-47.68133926391602
0.11279296875,0.97998046875,-0.0107421875,29.35791015625,47.7294921875,-24.5361328125,0.986271321773529,93.77606201171876,-45.71958923339844
-0.157470703125,0.9765625,0.07568359375,26.79443359375,41.1376953125,-28.564453125,2.319326400756836,94.5613021850586,-43.99618911743164
-0.028564453125,1.348876953125,-0.25732421875,15.44189453125,-9.3994140625,-38.02490234375,3.818048477172852,95.39923858642578,-44.224510192871094
0.28125,1.39599609375,-0.37841796875,-16.2353515625,-15.380859375,-37.9638671875,4.8023719787597665,95.0806121826172,-44.66644287109375
0.01171875,0.312744140625,0.410888671875,-24.23095703125,12.451171875,-5.67626953125,4.838180541992188,92.20792388916016,-44.311683654785156
0.027099609375,0.870361328125,-0.15869140625,-12.5732421875,-14.09912109375,-8.7890625,3.008505821228028,90.7694091796875,-45.09518432617188
-0.097900390625,0.746826171875,0.094482421875,-18.310546875,-18.06640625,-7.32421875,3.4807357788085938,89.66605377197266,-45.83649444580078
0.0263671875,1.189208984375,0.330810546875,1.89208984375,-4.0283203125,17.02880859375,2.618683338165283,89.11961364746094,-46.02883911132813
0.223876953125,0.810302734375,0.2431640625,-23.4375,-6.28662109375,1.8310546875,1.8608459234237669,87.55659484863281,-46.29516983032226
0.00341796875,1.382568359375,-0.5205078125,0.30517578125,-7.62939453125,-13.85498046875,2.329530477523804,88.4374008178711,-46.589515686035156
-0.014404296875,0.67138671875,0.100341796875,-11.1083984375,3.5400390625,0.244140625,2.280188798904419,87.70780181884766,-46.45901870727539
-0.000732421875,0.770751953125,0.13818359375,-14.58740234375,-0.42724609375,11.65771484375,1.727375864982605,86.79693603515625,-46.46739959716797
0.19140625,0.731201171875,0.056884765625,-21.54541015625,2.25830078125,9.21630859375,0.7259272933006287,85.87509155273438,-46.34946060180664
0.108154296875,1.1533203125,-0.140869140625,-5.43212890625,-5.2490234375,-7.38525390625,0.7666545510292053,86.07673645019531,-46.57294845581055
0.013671875,1.05078125,-0.036865234375,-7.4462890625,-3.96728515625,-0.18310546875,0.7035608887672424,85.99751281738281,-46.72858428955078
0.056884765625,1.013427734375,-0.0390625,-5.79833984375,-4.638671875,10.3759765625,0.1234259232878685,85.99552917480469,-46.88277053833008
0.08544921875,1.043701171875,-0.03955078125,-4.08935546875,-5.7373046875,5.18798828125,-0.2884199321269989,86.06169891357422,-47.0970573425293
0.052490234375,0.933349609375,0.01708984375,-10.009765625,-4.0283203125,3.84521484375,-1.6696542501449585,84.00503540039062,-48.90856170654297
0.07861328125,1.056884765625,-0.01318359375,-6.28662109375,-5.126953125,4.69970703125,-1.9794654846191408,84.01036071777344,-49.1006851196289
0.07666015625,0.994140625,0.007568359375,-9.09423828125,-5.0048828125,0.06103515625,-2.098674774169922,83.85853576660156,-49.30635070800781
0.03125,0.999755859375,0.005859375,-7.9345703125,-5.4931640625,0.9765625,-2.1481356620788574,83.76451110839844,-49.5289077758789
0.045654296875,0.98779296875,0.00439453125,-7.99560546875,-4.45556640625,3.47900390625,-2.3247549533843994,83.67321014404297,-49.69976425170898
0.08349609375,0.963623046875,0.009033203125,-9.3994140625,-4.45556640625,2.74658203125,-2.5570545196533203,83.51834869384766,-49.87342834472656
0.04345703125,0.983642578125,-0.00439453125,-8.4228515625,-4.8828125,0.244140625,-2.5873792171478267,83.44236755371094,-50.07796478271485
0.060302734375,0.977783203125,-0.0107421875,-8.544921875,-4.150390625,2.0751953125,-2.7257397174835205,83.37754821777344,-50.24593353271485
0.066162109375,0.9423828125,-0.00390625,-9.46044921875,-4.2724609375,2.44140625,-2.893230438232422,83.26396179199219,-50.41694641113281
0.05810546875,0.956298828125,0.0078125,-9.765625,-4.57763671875,2.13623046875,-3.022231101989746,83.11589813232422,-50.60093688964844
0.0419921875,0.9736328125,-0.006103515625,-8.7890625,-4.638671875,1.28173828125,-3.0731875896453857,83.04618072509766,-50.79394912719727
0.055419921875,1.030517578125,-0.036376953125,-6.77490234375,-5.18798828125,2.25830078125,-3.1878862380981445,83.126708984375,-51.00810623168945
0.040771484375,1.0029296875,-0.00439453125,-8.36181640625,-4.2724609375,2.74658203125,-3.28288197517395,83.06887817382812,-51.18032455444336
0.07177734375,1.03466796875,-0.03857421875,-7.080078125,-4.7607421875,2.8076171875,-3.444350242614746,83.14019012451172,-51.37635803222656
0.06396484375,0.97998046875,-0.029541015625,-8.23974609375,-5.06591796875,0.79345703125,-3.511582612991333,83.14768981933594,-51.59386825561523
0.03564453125,1.0048828125,-0.012451171875,-7.38525390625,-5.18798828125,2.50244140625,-3.5765776634216313,83.14955139160156,-51.80648803710938
0.0673828125,0.96435546875,-0.0107421875,-8.544921875,-4.82177734375,2.685546875,-3.7225518226623535,83.10090637207031,-52.00348281860352
0.055908203125,0.97265625,-0.009033203125,-9.21630859375,-4.2724609375,1.03759765625,-3.7670955657958975,83.02281951904297,-52.18697738647461
0.059814453125,0.985595703125,-0.001220703125,-9.21630859375,-5.06591796875,2.38037109375,-3.874186992645264,82.93146514892578,-52.3947639465332
0.060791015625,1.007080078125,-0.0341796875,-8.1787109375,-4.638671875,1.77001953125,-3.950839757919312,82.95855712890625,-52.59419250488281
0.044677734375,0.985107421875,-0.00048828125,-7.568359375,-4.8828125,0.8544921875,-3.954767942428589,82.93466186523438,-52.80304718017578
0.0576171875,0.994140625,-0.0146484375,-7.568359375,-4.82177734375,1.8310546875,-4.025749683380127,82.9433822631836,-53.0069808959961
0.05322265625,0.98388671875,-0.00341796875,-8.72802734375,-4.39453125,2.25830078125,-4.099930763244629,82.8788833618164,-53.19043350219727
0.068603515625,0.97216796875,-0.009521484375,-9.521484375,-4.08935546875,2.197265625,-4.2049174308776855,82.79861450195312,-53.36333084106445
0.054931640625,0.989501953125,-0.00341796875,-8.85009765625,-5.0048828125,2.0751953125,-4.271432876586913,82.7372817993164,-53.57302474975586
0.05712890625,0.979248046875,-0.00830078125,-8.7890625,-4.2724609375,2.13623046875,-4.340833187103272,82.69017791748047,-53.7545166015625
0.045166015625,0.982421875,-0.013427734375,-8.30078125,-4.150390625,2.13623046875,-4.3791022300720215,82.67619323730469,-53.93260955810547
0.052490234375,0.97802734375,-0.013671875,-8.85009765625,-4.94384765625,2.50244140625,-4.451786518096924,82.64384460449219,-54.14066696166992
0.0419921875,0.999267578125,-0.004150390625,-9.33837890625,-5.06591796875,2.38037109375,-4.4909749031066895,82.57181549072266,-54.35301208496094
0.0625,0.983154296875,-0.007080078125,-7.75146484375,-4.82177734375,1.953125,-4.559488296508789,82.57223510742188,-54.5584602355957
