0.015380859375,1.02294921875,0.03662109375,-8.60595703125,-4.638671875,1.953125,-3.442000150680542,79.56009674072266,-31.67497062683105
0.054931640625,0.949951171875,0.022705078125,-7.99560546875,-3.90625,2.01416015625,-3.544471740722656,79.59342193603516,-31.83547019958496
0.08056640625,0.93994140625,-0.0087890625,-9.27734375,-5.43212890625,2.5634765625,-3.738993644714356,79.6522216796875,-32.05735015869141
0.0078125,0.95751953125,0.04833984375,-8.9111328125,-4.2724609375,2.38037109375,-4.260416507720946,79.81085968017578,-32.7589111328125
0.08984375,0.97607421875,-0.011474609375,-8.85009765625,-4.21142578125,3.23486328125,-4.45826530456543,79.8816909790039,-32.933624267578125
0.05859375,0.96630859375,0.03076171875,-7.9345703125,-4.94384765625,2.5634765625,-4.554704189300537,79.89238739013672,-33.135940551757805
0.05029296875,1.038330078125,-0.04541015625,-10.92529296875,-3.41796875,2.5634765625,-3.548139810562134,80.14408874511719,-47.31975936889648
-0.107177734375,0.970947265625,0.02197265625,-17.02880859375,12.0849609375,4.8828125,-3.2700834274291988,79.7556381225586,-46.831825256347656
-0.18798828125,1.017578125,0.157470703125,-13.0615234375,-7.14111328125,-1.46484375,-2.7275726795196533,79.29088592529297,-47.1301155090332
-0.181640625,0.931640625,0.186279296875,-2.01416015625,-60.60791015625,-13.12255859375,-2.228720664978028,79.71220397949219,-49.99774169921875
0.130126953125,1.78515625,0.56298828125,13.85498046875,-64.453125,17.27294921875,-3.4190073013305664,80.08441925048828,-52.4091796875
-0.07666015625,1.03759765625,0.399169921875,12.5732421875,-53.1005859375,24.169921875,-4.433772087097168,80.2647476196289,-54.31903076171875
0.13037109375,1.11865234375,0.250732421875,26.4892578125,-44.189453125,37.04833984375,-6.414518356323242,81.39436340332031,-55.408203125
0.08642578125,1.29150390625,0.202392578125,36.1328125,-2.8076171875,77.1484375,-9.37081527709961,82.76762390136719,-55.09788131713867
-0.033203125,1.28076171875,0.106689453125,48.64501953125,7.8125,100.830078125,-12.903468132019045,84.6471939086914,-54.353111267089844
0.2060546875,1.1376953125,-0.085693359375,84.41162109375,3.60107421875,121.826171875,-30.710378646850586,96.39496612548828,-51.811119079589844
0.243896484375,1.041259765625,-0.131591796875,81.4208984375,28.3203125,116.8212890625,-34.7774658203125,99.3496551513672,-51.25080490112305
0.283203125,1.012451171875,-0.186279296875,79.58984375,42.236328125,117.49267578125,-38.92305374145508,101.95924377441406,-50.285499572753906
0.264892578125,0.8759765625,-0.214599609375,78.369140625,52.8564453125,119.56787109375,-43.12185287475586,104.36043548583984,-49.12292098999024
0.39599609375,0.86474609375,-0.21484375,81.0546875,41.3818359375,122.37548828125,-47.49614715576172,107.28250885009766,-48.73394012451172
0.470703125,0.817138671875,-0.25732421875,80.50537109375,41.9921875,124.81689453125,-51.98469924926758,110.5046844482422,-48.77643203735352
0.5341796875,0.735595703125,-0.282958984375,76.23291015625,49.31640625,127.25830078125,-56.74189376831055,113.3148193359375,-48.69384384155274
0.5263671875,0.68212890625,-0.292236328125,60.97412109375,59.08203125,124.6337890625,-61.35313034057617,115.5470199584961,-48.51874160766602
0.5302734375,0.699951171875,-0.258056640625,49.37744140625,46.44775390625,117.49267578125,-65.31402587890625,117.9985122680664,-49.20663070678711
0.65185546875,0.59814453125,-0.32373046875,42.724609375,29.96826171875,112.73193359375,-68.79338836669922,123.2130889892578,-52.92974090576172
0.69140625,0.531494140625,-0.383544921875,48.52294921875,22.39990234375,104.79736328125,-71.70314025878906,130.37110900878906,-58.46310424804688
0.72802734375,0.548095703125,-0.348388671875,47.79052734375,25.08544921875,98.44970703125,-74.20954895019531,138.27120971679688,-64.78860473632811
0.734130859375,0.49365234375,-0.34033203125,41.44287109375,25.0244140625,92.529296875,-76.21265411376953,147.3175048828125,-72.59192657470703
0.73388671875,0.48681640625,-0.282958984375,32.1044921875,17.08984375,83.1298828125,-77.5186767578125,157.51307678222656,-81.7633285522461
0.78076171875,0.4501953125,-0.34375,28.99169921875,8.4228515625,78.55224609375,-77.99761199951172,169.63938903808594,-92.89698791503906
0.792236328125,0.400634765625,-0.389404296875,31.79931640625,4.08935546875,75.25634765625,-77.73944091796875,-178.0077667236328,-104.0616683959961
0.775390625,0.397216796875,-0.33984375,35.09521484375,3.96728515625,69.88525390625,-77.27996063232422,-167.92242431640625,-112.95936584472656
0.7412109375,0.45166015625,-0.27099609375,29.78515625,3.2958984375,61.34033203125,-76.83403778076172,-161.37527465820312,-118.60736083984376
0.76220703125,0.3515625,-0.365234375,27.099609375,3.84521484375,54.19921875,-76.10995483398438,-156.36831665039062,-122.78190612792969
0.7412109375,0.3759765625,-0.34423828125,31.1279296875,-2.3193359375,44.49462890625,-75.37405395507812,-153.75030517578125,-124.46649169921876
0.72509765625,0.442138671875,-0.301025390625,26.79443359375,-7.568359375,32.89794921875,-74.81228637695312,-153.99903869628906,-123.4579849243164
0.766845703125,0.395751953125,-0.326904296875,18.1884765625,-8.60595703125,18.06640625,-74.45369720458984,-156.83599853515625,-120.248046875
0.735595703125,0.3759765625,-0.357421875,9.46044921875,-4.21142578125,4.39453125,-74.23697662353516,-160.89126586914062,-116.04434204101562
0.79345703125,0.33154296875,-0.382568359375,3.2958984375,-1.52587890625,0.244140625,-74.0585708618164,-164.88369750976562,-112.1139678955078
0.7607421875,0.394287109375,-0.34912109375,1.28173828125,0.8544921875,0.30517578125,-73.92273712158203,-169.21080017089844,-107.90935516357422
0.787841796875,0.337890625,-0.393310546875,8.4228515625,-9.82666015625,3.5400390625,-73.27287292480469,-172.23141479492188,-104.7380599975586
0.849609375,0.357177734375,-0.404296875,18.310546875,-16.05224609375,8.544921875,-72.3888931274414,-173.8763427734375,-102.55305480957031
0.79833984375,0.413330078125,-0.33349609375,18.24951171875,-11.5966796875,12.75634765625,-71.85340118408203,-175.31246948242188,-100.83157348632812
0.764892578125,0.440673828125,-0.298828125,-2.197265625,-4.8828125,13.7939453125,-71.5727310180664,-177.47254943847656,-99.04557800292969
0.76123046875,0.36669921875,-0.351806640625,-12.02392578125,-3.5400390625,15.0146484375,-71.20452117919922,-179.21092224121094,-98.05368041992188
0.806640625,0.33544921875,-0.385986328125,-10.498046875,-4.33349609375,19.71435546875,-70.78450012207031,-179.5579071044922,-98.34651947021484
0.800537109375,0.380126953125,-0.3818359375,-3.72314453125,-3.90625,26.85546875,-70.39517974853516,-179.36834716796875,-99.01129913330078
0.769775390625,0.3974609375,-0.3701171875,-3.0517578125,-3.173828125,26.9775390625,-70.04467010498047,-179.35858154296875,-99.49080657958984
0.79443359375,0.364501953125,-0.3720703125,-4.638671875,-4.82177734375,23.01025390625,-69.68454742431639,-179.78414916992188,-99.51744842529295
0.785400390625,0.3359375,-0.375732421875,-2.13623046875,-3.60107421875,15.19775390625,-69.34163665771484,179.38047790527344,-99.0286102294922
0.7744140625,0.34326171875,-0.34716796875,-1.03759765625,-3.90625,9.33837890625,-69.04232788085939,177.90423583984375,-97.82813262939452
0.80224609375,0.388671875,-0.365966796875,-4.150390625,-4.8828125,4.7607421875,-68.66326141357422,175.57766723632812,-95.87736511230469
0.805419921875,0.35595703125,-0.359619140625,-7.14111328125,-7.99560546875,0.8544921875,-68.17490386962889,173.2606658935547,-94.02488708496094
0.809814453125,0.3212890625,-0.39306640625,-4.33349609375,-8.1787109375,0.9765625,-67.61891174316406,171.5126190185547,-92.60450744628906
0.84326171875,0.35009765625,-0.35498046875,-1.03759765625,-7.50732421875,3.662109375,-67.25984954833984,170.27842712402344,-91.56453704833984
0.804931640625,0.370849609375,-0.346923828125,-3.23486328125,-5.7373046875,9.70458984375,-66.94475555419922,169.22991943359375,-90.8843994140625
0.84619140625,0.364501953125,-0.378662109375,-6.16455078125,-8.544921875,14.16015625,-66.54435729980469,168.75241088867188,-90.91445922851562
0.821533203125,0.351318359375,-0.395263671875,-6.16455078125,-9.70458984375,17.63916015625,-66.08213806152344,168.75576782226562,-91.46700286865234
0.80322265625,0.354736328125,-0.383544921875,-6.40869140625,-8.36181640625,19.47021484375,-65.70895385742189,168.7616729736328,-92.03845977783205
0.78515625,0.34375,-0.368896484375,-8.60595703125,-6.34765625,17.2119140625,-65.42382049560547,168.4390106201172,-92.35511016845705
0.776611328125,0.356689453125,-0.364990234375,-9.27734375,-3.7841796875,12.6953125,-65.18042755126953,167.43145751953125,-92.00304412841795
0.817138671875,0.33837890625,-0.4052734375,-7.6904296875,-8.36181640625,7.62939453125,-64.72428894042969,166.56202697753906,-91.6521987915039
0.8193359375,0.329345703125,-0.38525390625,-5.2490234375,-7.4462890625,7.080078125,-64.35916137695311,165.78858947753906,-91.29254913330078
0.79443359375,0.344970703125,-0.3505859375,-4.82177734375,-7.01904296875,5.37109375,-64.06914520263672,164.5297088623047,-90.4853744506836
0.79345703125,0.40087890625,-0.35693359375,-12.63427734375,-4.33349609375,-1.220703125,-63.73629379272461,162.40936279296875,-89.0452880859375
0.82421875,0.363525390625,-0.391845703125,-13.12255859375,-7.4462890625,-5.18798828125,-63.22126770019531,160.454345703125,-87.72710418701172
0.806396484375,0.329833984375,-0.423583984375,-4.57763671875,-8.97216796875,-7.568359375,-62.5208740234375,159.15017700195312,-86.56024169921875
0.8037109375,0.375732421875,-0.385986328125,3.41796875,-10.31494140625,-7.14111328125,-61.87115859985352,157.9541015625,-85.32750701904297
0.82275390625,0.370361328125,-0.3486328125,-0.67138671875,-6.103515625,-5.859375,-61.50292205810547,156.60784912109375,-84.11080169677734
0.825439453125,0.35888671875,-0.36865234375,-8.7890625,-6.591796875,-3.84521484375,-61.07060623168945,155.35064697265625,-83.38143157958984
0.814453125,0.34814453125,-0.4140625,-5.92041015625,-11.1083984375,-0.3662109375,-60.51466369628906,154.71888732910156,-83.11978912353516
0.81640625,0.34326171875,-0.40478515625,1.28173828125,-10.3759765625,3.60107421875,-60.09507751464844,154.645751953125,-83.16002655029297
0.80029296875,0.385986328125,-0.3681640625,2.0751953125,-6.65283203125,5.859375,-59.91151809692383,154.2593231201172,-82.93498229980469
0.786376953125,0.350830078125,-0.4033203125,-0.79345703125,-6.77490234375,4.33349609375,-59.61458587646485,154.0108642578125,-82.88385772705078
0.792236328125,0.32861328125,-0.423095703125,-2.8076171875,-10.6201171875,0.6103515625,-59.11958312988281,153.72091674804688,-82.83463287353516
0.803466796875,0.3388671875,-0.403076171875,-3.7841796875,-11.29150390625,-2.44140625,-58.55791473388672,153.0939483642578,-82.46613311767578
0.8095703125,0.348388671875,-0.431884765625,-3.23486328125,-14.83154296875,-7.50732421875,-57.80003356933594,152.4426727294922,-82.0218734741211
0.810791015625,0.342041015625,-0.453857421875,-0.244140625,-13.97705078125,-7.4462890625,-57.0709457397461,152.00997924804688,-81.66026306152344
0.783935546875,0.3505859375,-0.415771484375,-0.3662109375,-10.80322265625,-7.26318359375,-56.58981323242188,151.32696533203125,-81.0739517211914
0.7978515625,0.36962890625,-0.38330078125,-7.080078125,-5.615234375,-6.04248046875,-56.29669952392578,150.26014709472656,-80.36611938476562
0.793701171875,0.362060546875,-0.44189453125,-9.33837890625,-7.080078125,-5.37109375,-55.875938415527344,149.40248107910156,-79.94062042236328
0.802490234375,0.330078125,-0.458740234375,-4.69970703125,-10.80322265625,-3.41796875,-55.36356735229492,149.34703063964844,-80.05632781982422
0.832275390625,0.376708984375,-0.418212890625,0.48828125,-12.02392578125,1.5869140625,-55.02297973632813,149.3438720703125,-80.2054672241211
0.811279296875,0.374267578125,-0.42431640625,-3.23486328125,-7.01904296875,6.103515625,-54.92319869995117,149.28176879882812,-80.46212768554688
0.79345703125,0.3740234375,-0.398681640625,-10.43701171875,-3.47900390625,8.9111328125,-55.0663948059082,148.82058715820312,-80.70173645019531
0.80078125,0.331787109375,-0.416015625,-14.892578125,-3.72314453125,10.43701171875,-55.20935440063477,148.55221557617188,-81.2198715209961
0.771728515625,0.325927734375,-0.443359375,-12.0849609375,-5.9814453125,8.9111328125,-55.16118621826172,148.4786376953125,-81.801025390625
0.78076171875,0.347900390625,-0.44921875,-6.53076171875,-8.85009765625,6.34765625,-54.91416549682617,148.5953369140625,-82.29700469970703
0.79638671875,0.359619140625,-0.44287109375,-2.74658203125,-8.85009765625,1.5869140625,-54.63079833984375,148.50279235839844,-82.44692993164062
0.786376953125,0.3583984375,-0.41455078125,-5.126953125,-4.2724609375,-1.52587890625,-54.48295211791992,147.96652221679688,-82.19957733154297
0.77587890625,0.3525390625,-0.405517578125,-10.80322265625,-0.06103515625,-4.08935546875,-54.44231414794922,146.85475158691406,-81.62791442871094
0.7939453125,0.369873046875,-0.43017578125,-14.70947265625,-3.72314453125,-4.5166015625,-54.22400665283203,145.8504180908203,-81.2522964477539
0.815673828125,0.324462890625,-0.47705078125,-8.97216796875,-11.8408203125,-1.708984375,-53.81173706054688,145.76499938964844,-81.59463500976562
0.80615234375,0.358642578125,-0.444091796875,-0.18310546875,-10.92529296875,4.08935546875,-53.65285110473633,146.1903533935547,-82.17151641845703
0.790771484375,0.363037109375,-0.40283203125,-1.5869140625,-4.69970703125,10.986328125,-53.81921768188477,146.44642639160156,-82.70669555664062
0.784423828125,0.36669921875,-0.393310546875,-9.033203125,-1.40380859375,12.5732421875,-54.12530517578125,146.33181762695312,-83.17273712158203
0.802490234375,0.334228515625,-0.4580078125,-13.73291015625,-4.0283203125,12.0849609375,-54.20642471313477,146.47946166992188,-84.00360107421875
0.80322265625,0.30908203125,-0.489990234375,-4.33349609375,-9.58251953125,11.90185546875,-54.13899612426758,147.19699096679688,-85.07877349853516
0.808349609375,0.34326171875,-0.45361328125,1.03759765625,-6.4697265625,11.77978515625,-54.19885635375977,147.8077392578125,-85.85201263427734
0.79541015625,0.362548828125,-0.401123046875,-4.2724609375,-2.62451171875,9.3994140625,-54.33290481567383,147.6494598388672,-86.13502502441406
0.8095703125,0.30615234375,-0.45166015625,-10.07080078125,-4.0283203125,5.9814453125,-54.38595962524414,147.5696258544922,-86.5657958984375
0.79150390625,0.2822265625,-0.433349609375,-8.9111328125,-3.5400390625,5.18798828125,-54.46870803833008,147.52886962890625,-86.9688949584961
0.7841796875,0.310791015625,-0.426025390625,-9.27734375,-4.638671875,3.60107421875,-54.44752883911133,147.221435546875,-87.13864135742188
0.783203125,0.328369140625,-0.417724609375,-12.3291015625,-1.52587890625,-0.244140625,-54.44562530517578,146.5367431640625,-86.99945068359375
0.7763671875,0.334228515625,-0.421875,-13.18359375,-0.8544921875,-3.41796875,-54.37274551391602,145.66339111328125,-86.66553497314453
0.80810546875,0.319091796875,-0.494384765625,-5.859375,-6.4697265625,-5.615234375,-53.99484252929688,145.58285522460938,-86.66014862060547
0.7958984375,0.33056640625,-0.451904296875,6.103515625,-9.58251953125,-5.37109375,-53.59121704101562,145.79737854003906,-86.65560913085938
0.77587890625,0.380859375,-0.381103515625,2.44140625,-5.615234375,-5.37109375,-53.36510848999024,145.39706420898438,-86.22416687011719
0.770263671875,0.34326171875,-0.3876953125,-9.765625,1.28173828125,-7.62939453125,-53.42163848876953,144.03013610839844,-85.40962982177734
0.7275390625,0.282470703125,-0.408935546875,-24.59716796875,8.23974609375,-9.33837890625,-53.54677963256836,142.39553833007812,-84.596923828125
0.740478515625,0.2392578125,-0.439697265625,-27.28271484375,10.6201171875,-10.43701171875,-53.72518920898438,140.81076049804688,-83.85482788085938
0.716064453125,0.20068359375,-0.429931640625,-25.45166015625,10.1318359375,-13.85498046875,-53.741493225097656,139.32858276367188,-83.06759643554688
0.71435546875,0.1875,-0.3876953125,-27.28271484375,7.8125,-24.0478515625,-53.57649230957031,137.44880676269528,-81.88662719726562
0.725341796875,0.16943359375,-0.396240234375,-33.447265625,8.056640625,-33.38623046875,-53.17466354370117,135.11666870117188,-80.3827133178711
0.7421875,0.182861328125,-0.3828125,-36.9873046875,7.50732421875,-41.015625,-52.45010375976562,132.29277038574222,-78.49642944335938
0.69775390625,0.23095703125,-0.34375,-44.189453125,6.4697265625,-51.69677734375,-51.36396408081055,128.95166015625,-76.30481719970703
0.693359375,0.317138671875,-0.3115234375,-52.978515625,4.82177734375,-61.95068359375,-49.75901794433594,124.9636001586914,-73.81173706054688
0.736328125,0.3291015625,-0.3671875,-59.326171875,2.99072265625,-72.93701171875,-47.55363082885742,121.0373992919922,-71.50837707519531
0.727783203125,0.331787109375,-0.364990234375,-57.43408203125,1.5869140625,-85.0830078125,-45.01295471191406,117.4266586303711,-69.36174774169922
0.7177734375,0.38427734375,-0.317626953125,-59.4482421875,4.39453125,-94.66552734375,-42.12502670288086,113.6740493774414,-67.09974670410156
0.6318359375,0.60791015625,-0.249755859375,-68.2373046875,6.53076171875,-105.8349609375,-38.207122802734375,109.2216339111328,-64.66929626464844
0.618896484375,0.6083984375,-0.330078125,-74.951171875,-3.173828125,-120.7275390625,-33.74988555908203,105.5722427368164,-63.2034912109375
0.6484375,0.60546875,-0.357666015625,-67.56591796875,-11.5966796875,-131.2255859375,-28.96380615234375,102.840576171875,-62.46049499511719
0.614013671875,0.65869140625,-0.29541015625,-64.39208984375,-7.01904296875,-140.625,-23.76559638977051,100.1055908203125,-61.50225067138672
0.5908203125,0.777587890625,-0.244384765625,-71.10595703125,0.18310546875,-153.62548828125,-18.208253860473636,97.13493347167969,-60.56653594970703
0.553466796875,0.795166015625,-0.285400390625,-71.83837890625,-5.9814453125,-156.67724609375,-12.583251953125,94.56336212158205,-60.24343872070313
0.56640625,0.826171875,-0.302734375,-63.17138671875,-11.77978515625,-154.23583984375,-7.2643680572509775,92.6513214111328,-60.43755340576172
0.459228515625,0.89794921875,-0.221435546875,-59.2041015625,-9.33837890625,-150.57373046875,-2.0081887245178223,90.6822280883789,-60.64878845214844
0.456298828125,1.009033203125,-0.160888671875,-64.88037109375,-10.92529296875,-149.23095703125,3.079107999801636,88.37258911132812,-61.10423278808594
0.440673828125,0.974365234375,-0.26611328125,-68.7255859375,-10.009765625,-142.7001953125,7.600290298461914,86.20452880859375,-61.73329544067383
0.34033203125,0.93798828125,-0.26611328125,-56.5185546875,-15.13671875,-131.77490234375,11.77784824371338,84.49165344238281,-62.64592361450195
0.373291015625,0.961181640625,-0.22412109375,-43.45703125,-19.34814453125,-120.78857421875,15.28468418121338,83.13508605957031,-63.79587173461914
0.24609375,1.04296875,-0.02685546875,-45.654296875,-10.6201171875,-108.0322265625,18.303529739379886,81.20365142822266,-64.58293914794922
0.211181640625,1.23583984375,-0.055419921875,-66.650390625,-17.51708984375,-96.435546875,20.915771484375,78.51524353027344,-65.84896087646484
0.182373046875,1.043212890625,-0.17431640625,-68.54248046875,-29.84619140625,-88.0126953125,22.97309875488281,75.8551254272461,-67.59654235839844
0.235107421875,0.9443359375,-0.200439453125,-51.20849609375,-34.72900390625,-78.91845703125,24.26740455627441,74.22652435302734,-69.39959716796875
0.2099609375,1.001220703125,-0.087158203125,-37.17041015625,-22.52197265625,-65.12451171875,25.228649139404297,72.86604309082031,-70.78091430664062
0.113525390625,1.091552734375,-0.001220703125,-44.12841796875,-18.00537109375,-58.59375,26.09867858886719,71.16323852539062,-72.0019760131836
0.1064453125,1.059326171875,-0.044921875,-49.25537109375,-24.7802734375,-51.69677734375,26.41343116760254,69.32518005371094,-73.40235137939453
0.12158203125,1.039794921875,-0.09765625,-38.6962890625,-28.50341796875,-35.58349609375,26.189807891845703,68.09976959228516,-74.65435791015625
0.064453125,1.012451171875,-0.076416015625,-26.30615234375,-25.634765625,-23.92578125,25.66200256347656,67.51677703857422,-75.612548828125
0.11279296875,1.02001953125,-0.013671875,-24.5361328125,-21.30126953125,-14.0380859375,24.67315673828125,67.06590270996094,-76.12278747558594
0.061279296875,1.043701171875,0.017333984375,-36.376953125,-10.986328125,-7.8125,23.78610992431641,66.29912567138672,-76.30420684814453
0.03515625,1.03173828125,0.00390625,-45.41015625,-14.2822265625,-8.72802734375,22.959829330444336,65.17710876464844,-76.61998748779297
-0.00439453125,1.039794921875,0.146484375,-24.2919921875,-9.46044921875,-9.46044921875,18.11899757385254,60.79202270507813,-77.88982391357422
-0.00732421875,0.99072265625,0.10302734375,-26.91650390625,-15.13671875,-7.080078125,17.435552597045902,60.43456649780274,-78.29496002197266
-0.008056640625,0.994384765625,0.083984375,-20.263671875,-11.5966796875,-3.90625,16.740711212158207,60.46036911010742,-78.50018310546875
-0.020751953125,1.017333984375,0.11181640625,-13.18359375,-6.89697265625,-4.150390625,16.235004425048828,60.79022598266602,-78.5826187133789
-0.0419921875,1.02783203125,0.10888671875,-11.962890625,-4.2724609375,-11.1083984375,16.04133415222168,61.12493896484375,-78.70344543457031
-0.029052734375,1.00830078125,0.079345703125,-15.07568359375,-7.01904296875,-17.08984375,15.992958068847654,61.32110214233398,-79.03192138671875
-0.023681640625,1.000244140625,0.069091796875,-18.24951171875,-10.1318359375,-21.8505859375,16.014925003051758,61.29797744750977,-79.6074447631836
-0.020751953125,0.950927734375,0.059814453125,-17.63916015625,-12.75634765625,-20.751953125,15.975841522216795,61.34216690063477,-80.20960235595703
0.00537109375,0.9716796875,0.037109375,-12.75634765625,-12.02392578125,-16.54052734375,15.753517150878904,61.6634521484375,-80.6878433227539
-0.012939453125,0.963134765625,0.041748046875,-8.97216796875,-9.521484375,-10.498046875,15.347646713256836,62.20681381225586,-80.90959930419922
0.005615234375,1.001220703125,0.09130859375,-9.033203125,-7.8125,-2.685546875,14.728374481201172,62.64920043945313,-81.01130676269531
-0.017578125,1.020263671875,0.11474609375,-10.92529296875,-7.9345703125,2.86865234375,13.977476119995115,62.97992324829102,-81.0380859375
-0.046875,1.0068359375,0.079345703125,-10.3759765625,-7.50732421875,4.69970703125,13.22244644165039,63.39860916137695,-81.07408905029297
-0.004150390625,1.0205078125,0.092041015625,-6.77490234375,-8.85009765625,5.126953125,12.405218124389648,63.91651916503906,-81.11458587646484
-0.033447265625,1.024658203125,0.087890625,-8.11767578125,-4.150390625,6.4697265625,11.715017318725586,64.41161346435547,-80.97471618652344
-0.0009765625,1.003662109375,0.07763671875,-4.0283203125,-4.8828125,8.4228515625,8.607342720031737,66.43703460693361,-80.48199462890625
0.020263671875,1.032958984375,0.101318359375,-10.25390625,-5.9814453125,5.37109375,7.947136878967285,66.70378875732422,-80.51338958740234
0.0107421875,1.037841796875,0.083984375,-14.0380859375,-8.48388671875,5.31005859375,7.297272682189941,66.83442687988281,-80.64348602294922
0.016357421875,1.037841796875,0.093017578125,3.173828125,-2.197265625,17.27294921875,3.6294217109680176,69.95030212402344,-80.89498138427734
0.020263671875,0.99755859375,0.06689453125,-7.14111328125,-0.06103515625,17.27294921875,2.795581579208374,70.30021667480469,-80.62447357177734
0.010986328125,0.9775390625,0.0625,-12.51220703125,-0.18310546875,14.6484375,2.11011290550232,70.42371368408203,-80.40559387207031
0.0,0.984375,0.06884765625,-15.625,-2.197265625,9.94873046875,1.690941333770752,70.36812591552734,-80.36188507080078
0.00537109375,1.009765625,0.05126953125,-16.54052734375,-5.18798828125,4.33349609375,1.3825666904449463,70.34490966796875,-80.48055267333984
0.022216796875,1.004150390625,0.04248046875,-14.09912109375,-5.43212890625,4.33349609375,1.0448523759841921,70.4387435913086,-80.61158752441406
0.012451171875,1.07470703125,0.079833984375,-6.7138671875,0.244140625,-4.150390625,1.3299050331115725,73.5985107421875,-81.28497314453125
0.064208984375,1.01220703125,0.060791015625,-7.26318359375,-2.44140625,-2.5634765625,1.2059756517410278,73.80118560791016,-81.39543151855469
0.052001953125,1.05224609375,0.0634765625,-7.01904296875,1.03759765625,-0.732421875,1.0865048170089722,74.00930786132812,-81.35298919677734
0.0146484375,0.9189453125,0.058349609375,1.52587890625,-12.02392578125,-10.92529296875,1.5563265085220337,75.96717834472656,-79.85416412353516
0.068359375,1.14404296875,0.0771484375,6.04248046875,-7.01904296875,-7.75146484375,1.5950111150741575,76.58649444580078,-80.18966674804688
-0.039794921875,1.152587890625,0.026611328125,-2.50244140625,2.01416015625,7.99560546875,1.3188211917877195,76.95293426513672,-80.0260238647461
0.024169921875,1.008056640625,-0.02734375,-6.89697265625,-4.0283203125,2.38037109375,0.24639853835105896,77.65454864501953,-80.43920135498047
0.005615234375,0.96630859375,0.1064453125,-8.97216796875,-4.21142578125,3.2958984375,0.059570815414190285,77.52091217041016,-80.5748519897461
-0.068603515625,0.964599609375,0.072998046875,-7.4462890625,-4.150390625,-0.6103515625,0.20643916726112368,77.53004455566406,-80.74246215820312
0.061767578125,0.9990234375,0.001953125,-8.1787109375,-4.94384765625,1.8310546875,-1.5959614515304563,78.45924377441406,-82.9117660522461
0.091064453125,1.015869140625,-0.024658203125,-7.14111328125,-3.96728515625,2.86865234375,-1.879980564117432,78.67130279541016,-83.05870056152344
0.069580078125,1.016845703125,-0.00341796875,-7.14111328125,-4.57763671875,2.50244140625,-2.094711780548096,78.83097076416016,-83.23362731933594
0.03076171875,1.008544921875,0.043701171875,-7.38525390625,-4.69970703125,1.89208984375,-2.774040699005127,79.13772583007812,-84.52516174316406
0.0,0.9921875,0.03515625,-8.7890625,-4.2724609375,2.197265625,-2.7825682163238525,79.12889862060547,-84.69366455078125
-0.03173828125,0.959716796875,0.076904296875,-8.48388671875,-4.08935546875,1.46484375,-2.685531616210937,79.03157806396484,-84.8558578491211
0.0224609375,0.971923828125,0.05029296875,-8.30078125,-5.0048828125,2.3193359375,-2.76023530960083,79.01074981689453,-85.04977416992188
-0.03125,0.973388671875,0.037109375,-8.056640625,-4.33349609375,1.28173828125,-2.6615149974823,79.03021240234375,-85.22736358642578
-0.003173828125,0.970458984375,0.06396484375,-9.82666015625,-4.69970703125,2.25830078125,-2.6726832389831543,78.9158706665039,-85.40830993652344
