-0.14306640625,1.0146484375,-0.030029296875,-11.962890625,7.26318359375,1.46484375,0.4177466928958893,79.67933654785156,150.07760620117188
-0.14501953125,1.031494140625,-0.0048828125,-6.40869140625,-10.7421875,3.72314453125,0.4971965849399567,79.82026672363281,149.68283081054688
-0.404541015625,0.77685546875,0.5107421875,-10.07080078125,-24.96337890625,-0.1220703125,1.2084537744522097,78.56871795654297,148.6804656982422
0.021240234375,1.03369140625,-0.15673828125,0.42724609375,-10.55908203125,-8.36181640625,1.3649909496307373,79.34276580810547,148.218505859375
-0.09130859375,0.96240234375,-0.205078125,0.9765625,-7.32421875,-1.89208984375,1.548115611076355,80.23509979248047,147.93807983398438
-0.1201171875,1.006591796875,0.006591796875,13.61083984375,-4.94384765625,-9.765625,2.1098785400390625,81.12540435791016,147.6912841796875
-0.287841796875,1.227294921875,-0.20166015625,16.2353515625,-1.40380859375,-16.29638671875,3.17900013923645,82.44764709472656,147.5732879638672
-0.367919921875,1.269775390625,-0.236083984375,-1.0986328125,-3.41796875,2.197265625,3.5810418128967285,83.06399536132812,147.4864044189453
-0.236083984375,1.226806640625,-0.18603515625,-17.39501953125,-7.32421875,17.9443359375,3.125054121017456,82.94329071044922,147.31570434570312
-0.101318359375,1.109375,-0.0830078125,-29.541015625,-6.34765625,10.8642578125,2.74805760383606,82.18429565429688,147.14117431640625
-0.110107421875,1.06494140625,-0.02197265625,-29.96826171875,-3.35693359375,-6.103515625,3.096360683441162,81.31782531738281,146.98878479003906
-0.189697265625,1.02392578125,-0.004150390625,-29.052734375,1.46484375,-18.9208984375,4.1444740295410165,80.48548889160156,146.94432067871094
-0.28466796875,1.01220703125,0.0478515625,-22.8271484375,-1.15966796875,-27.099609375,5.657383918762207,79.79914855957031,146.72940063476562
-0.361083984375,1.005126953125,0.0673828125,-14.70947265625,-7.62939453125,-30.82275390625,7.365653991699219,79.3758316040039,146.225341796875
-0.439697265625,1.041259765625,0.058837890625,-8.48388671875,-16.6015625,-33.26416015625,9.156696319580078,79.1638412475586,145.34996032714844
-0.372802734375,0.9560546875,0.02490234375,-8.23974609375,-39.9169921875,-35.82763671875,10.742243766784668,78.8456039428711,143.53573608398438
-0.258056640625,0.911376953125,0.06591796875,-6.591796875,-52.55126953125,-43.39599609375,12.232370376586914,78.35021209716797,141.1343536376953
-0.1513671875,0.86669921875,0.05859375,-13.61083984375,-63.232421875,-59.6923828125,13.948884963989258,77.40959930419922,138.15174865722656
-0.2158203125,0.895751953125,0.1123046875,-46.93603515625,-65.4296875,-94.90966796875,16.985671997070312,74.77852630615234,134.63131713867188
-0.294677734375,0.863525390625,0.16064453125,-62.80517578125,-72.08251953125,-109.9853515625,20.40633773803711,71.06563568115234,130.42034912109378
-0.393310546875,0.8759765625,0.219970703125,-55.35888671875,-76.2939453125,-109.9853515625,23.55802345275879,67.23896789550781,125.72579956054688
-0.43994140625,0.85205078125,0.231201171875,-34.3017578125,-80.810546875,-87.21923828125,25.53492546081543,64.14099884033203,121.0234375
-0.387451171875,0.7841796875,0.3271484375,-18.5546875,-78.91845703125,-68.115234375,26.48408317565918,61.5322380065918,116.56681823730469
-0.181640625,0.845703125,0.30029296875,6.34765625,-81.60400390625,-67.93212890625,26.69289970397949,60.067359924316406,112.0756378173828
-0.350341796875,0.9091796875,0.144287109375,11.474609375,-81.6650390625,-82.3974609375,27.71721649169922,59.053749084472656,107.41519165039062
-0.267333984375,0.789794921875,0.228759765625,9.09423828125,-79.9560546875,-74.0966796875,28.22356986999512,57.75368118286133,102.86449432373048
-0.446533203125,0.68798828125,0.482177734375,51.025390625,-72.08251953125,-57.0068359375,28.607580184936523,57.6824836730957,98.64766693115234
-0.151123046875,1.065673828125,-0.1044921875,68.42041015625,-68.54248046875,-44.49462890625,28.13636016845703,60.20185470581055,95.67449951171876
-0.3349609375,0.9296875,-0.047119140625,33.447265625,-68.42041015625,-49.49951171875,28.34789085388184,61.0289077758789,92.47958374023438
-0.041748046875,0.880126953125,-0.01611328125,7.6904296875,-81.23779296875,-60.546875,28.042619705200195,60.45787811279297,88.53695678710938
-0.135009765625,0.81494140625,0.0400390625,-2.99072265625,-79.2236328125,-86.42578125,28.828237533569336,59.04613876342773,83.99269104003906
-0.19140625,0.827880859375,0.068603515625,5.18798828125,-82.09228515625,-93.8720703125,29.800954818725586,57.68462371826172,79.07694244384766
-0.299072265625,0.840576171875,0.063232421875,8.60595703125,-68.29833984375,-89.17236328125,31.042638778686523,56.69602584838867,74.75668334960938
-0.4951171875,0.9013671875,0.0078125,12.3291015625,-53.3447265625,-66.22314453125,32.151092529296875,56.446144104003906,71.60478973388672
-0.40185546875,0.9091796875,0.018310546875,6.53076171875,-47.05810546875,-65.12451171875,33.11474609375,56.08405303955078,68.73159027099611
-0.276123046875,0.83251953125,0.014404296875,2.99072265625,-44.61669921875,-64.14794921875,33.846752166748054,55.66585922241211,66.00469970703125
-0.31005859375,0.82080078125,0.043212890625,-0.732421875,-38.75732421875,-82.275390625,35.31882095336914,54.79280090332031,62.93152618408203
-0.427001953125,0.866943359375,-0.057373046875,-5.37109375,-38.26904296875,-93.56689453125,37.36029815673828,53.6304931640625,59.59813690185547
-0.603515625,0.982421875,-0.10546875,-17.27294921875,-38.330078125,-95.3369140625,39.54255676269531,51.79275512695313,56.10713195800781
-0.692626953125,0.893798828125,0.058837890625,-36.0107421875,-39.306640625,-81.84814453125,41.19495010375977,48.86331558227539,52.61770248413086
-0.534912109375,0.805908203125,0.116455078125,-38.51318359375,-41.748046875,-76.59912109375,42.215240478515625,45.74645614624024,49.0986557006836
-0.520751953125,0.710693359375,0.198974609375,-33.63037109375,-36.2548828125,-84.47265625,43.40824508666992,42.417877197265625,45.22697830200195
-0.65869140625,0.659912109375,0.276611328125,-20.5078125,-29.052734375,-88.134765625,44.91120529174805,39.22613525390625,41.10820388793945
-0.76806640625,0.701904296875,0.1875,-8.23974609375,-21.1181640625,-79.833984375,46.4931755065918,37.07376480102539,37.67453002929688
-0.8603515625,0.7470703125,0.13330078125,-0.67138671875,-15.13671875,-61.1572265625,47.828651428222656,36.0211181640625,35.334007263183594
-0.747802734375,0.734375,0.12353515625,-2.3193359375,-13.36669921875,-44.86083984375,48.666297912597656,35.619606018066406,33.92588424682617
-0.69873046875,0.682373046875,0.12939453125,-11.8408203125,-20.3857421875,-52.18505859375,49.38459014892578,34.30599594116211,31.860240936279297
-0.735595703125,0.70166015625,0.090576171875,-23.86474609375,-27.587890625,-68.05419921875,50.22202682495117,31.739486694335934,28.7568473815918
-0.83447265625,0.643310546875,0.166015625,-31.73828125,-28.99169921875,-69.4580078125,50.97178268432617,28.35198974609375,25.208499908447266
-0.8076171875,0.5888671875,0.1826171875,-30.1513671875,-27.64892578125,-66.10107421875,51.5543212890625,25.09680938720703,21.80504035949707
-0.822998046875,0.579833984375,0.217529296875,-27.34375,-21.42333984375,-66.2841796875,52.197792053222656,21.990768432617188,18.49431037902832
-0.949951171875,0.57763671875,0.224609375,-20.751953125,-15.380859375,-57.55615234375,52.93234634399414,19.526519775390625,15.740697860717773
-0.92431640625,0.59423828125,0.184814453125,-20.93505859375,-16.11328125,-48.03466796875,53.46178817749024,17.657508850097656,13.69040298461914
-0.904052734375,0.5107421875,0.23681640625,-26.79443359375,-20.1416015625,-47.119140625,53.720947265625,15.29586696624756,11.431623458862305
-0.89111328125,0.42822265625,0.35595703125,-29.72412109375,-23.92578125,-57.7392578125,53.68302536010742,11.886977195739744,8.163825988769531
-0.946044921875,0.449951171875,0.28857421875,-23.5595703125,-23.4375,-59.2041015625,53.73193740844727,8.86058521270752,4.988180160522461
-0.9951171875,0.467529296875,0.24365234375,-21.3623046875,-15.9912109375,-49.37744140625,54.04219055175781,6.635536670684815,2.662436485290528
-0.997314453125,0.413330078125,0.322265625,-15.80810546875,-12.63427734375,-31.31103515625,54.24333572387695,5.481818675994873,1.4743328094482422
-0.887939453125,0.40087890625,0.271240234375,-13.671875,-10.498046875,-25.45166015625,54.50801086425781,4.90100622177124,0.8337411880493164
-0.867431640625,0.395751953125,0.235107421875,-16.66259765625,-13.24462890625,-28.6865234375,54.71902465820313,4.05269193649292,-0.003012657165527344
-0.82568359375,0.380615234375,0.22509765625,-30.70068359375,-26.0009765625,-49.01123046875,54.44025802612305,1.5019534826278689,-2.257201671600342
-0.91259765625,0.34619140625,0.3076171875,-36.865234375,-27.9541015625,-56.82373046875,53.93021774291992,-1.8607046604156492,-5.13338565826416
-0.9716796875,0.3291015625,0.3447265625,-28.6865234375,-21.728515625,-47.30224609375,53.5967025756836,-4.330729961395264,-7.30090856552124
-0.90869140625,0.310546875,0.340087890625,-15.625,-9.27734375,-25.32958984375,53.7685775756836,-5.026993274688722,-7.939369201660156
-0.87548828125,0.2919921875,0.35693359375,-10.6201171875,-4.638671875,-23.5595703125,54.05957412719727,-5.460920333862305,-8.489117622375487
-0.87841796875,0.306396484375,0.3115234375,-12.451171875,-6.9580078125,-24.84130859375,54.33675384521485,-5.967765808105469,-9.058469772338867
-0.885498046875,0.320068359375,0.290771484375,-21.91162109375,-16.7236328125,-34.5458984375,54.21821212768555,-7.276987075805664,-10.169519424438477
-0.943359375,0.263916015625,0.350830078125,-24.7802734375,-20.69091796875,-38.9404296875,53.822547912597656,-9.10050106048584,-11.685531616210938
-0.916748046875,0.284423828125,0.321533203125,-21.728515625,-18.73779296875,-34.97314453125,53.5630989074707,-10.421690940856934,-12.793405532836914
-0.90283203125,0.26025390625,0.3232421875,-18.98193359375,-12.51220703125,-32.89794921875,53.54032897949219,-11.59559726715088,-13.84089469909668
-0.95166015625,0.241943359375,0.3388671875,-16.2353515625,-9.94873046875,-32.5927734375,53.60628890991211,-12.73841667175293,-14.948959350585938
-0.936767578125,0.22900390625,0.343017578125,-11.71875,-9.82666015625,-28.86962890625,53.67672348022461,-13.494948387145994,-15.795417785644533
-0.888427734375,0.234619140625,0.279296875,-12.63427734375,-11.474609375,-35.0341796875,53.71458435058594,-14.53347110748291,-16.967308044433597
-0.970947265625,0.240478515625,0.332763671875,-17.578125,-15.380859375,-39.306640625,53.48698043823242,-15.932541847229006,-18.335346221923828
-0.98095703125,0.192626953125,0.399169921875,-15.31982421875,-13.427734375,-31.06689453125,53.28363037109375,-16.901140213012695,-19.241506576538086
-0.945068359375,0.199951171875,0.364013671875,-5.92041015625,-3.72314453125,-18.5546875,53.64063262939453,-16.931215286254886,-19.469512939453125
-0.94775390625,0.239013671875,0.29736328125,-7.01904296875,-1.708984375,-14.404296875,54.25390243530274,-16.739940643310547,-19.39786529541016
-0.97119140625,0.22216796875,0.311279296875,-12.0849609375,-3.72314453125,-13.97705078125,54.75437545776367,-16.769207000732422,-19.31221008300781
-0.930908203125,0.209228515625,0.306640625,-17.9443359375,-11.5966796875,-16.17431640625,54.8946647644043,-17.02867317199707,-19.21354103088379
-0.9697265625,0.220947265625,0.296875,-22.0947265625,-15.869140625,-18.6767578125,54.88476181030274,-17.515737533569336,-19.188514709472656
-0.956298828125,0.203125,0.31689453125,-23.13232421875,-15.44189453125,-15.19775390625,54.8805160522461,-17.87567710876465,-18.947843551635746
-0.943115234375,0.166259765625,0.358154296875,-22.8271484375,-12.02392578125,-11.65771484375,54.94481658935547,-18.159088134765625,-18.59890556335449
-0.91845703125,0.17822265625,0.332275390625,-24.658203125,-14.83154296875,-14.0380859375,54.91292190551758,-18.54082679748535,-18.299636840820312
-0.9404296875,0.13818359375,0.39892578125,-27.89306640625,-17.7001953125,-17.2119140625,54.6007080078125,-19.258628845214844,-18.21539306640625
-0.943603515625,0.14013671875,0.398681640625,-23.86474609375,-17.76123046875,-15.380859375,54.3265266418457,-19.684200286865234,-17.97960090637207
-0.9169921875,0.146484375,0.3779296875,-22.8271484375,-16.17431640625,-13.427734375,54.17232131958008,-19.95333480834961,-17.618877410888672
-0.913330078125,0.135498046875,0.3701171875,-27.28271484375,-18.00537109375,-18.5546875,53.89335632324219,-20.66420555114746,-17.570301055908207
-0.938232421875,0.117431640625,0.402099609375,-28.25927734375,-20.3857421875,-21.54541015625,53.44097518920898,-21.540287017822266,-17.665077209472656
-0.947265625,0.091064453125,0.440673828125,-23.98681640625,-15.68603515625,-16.6015625,53.17035293579102,-22.108545303344727,-17.576942443847653
-0.951416015625,0.09765625,0.429931640625,-17.4560546875,-7.32421875,-8.48388671875,53.36552047729492,-22.151145935058594,-17.170028686523438
-0.93798828125,0.113525390625,0.395751953125,-14.7705078125,-4.5166015625,-6.2255859375,53.75283432006836,-21.996862411499023,-16.663818359375
-0.9580078125,0.0947265625,0.392333984375,-16.7236328125,-8.36181640625,-7.01904296875,53.98198699951172,-21.96499252319336,-16.173770904541016
-0.929931640625,0.09326171875,0.4072265625,-18.98193359375,-14.58740234375,-11.1083984375,53.86349868774414,-22.071022033691406,-15.753952026367188
-0.864990234375,0.078125,0.39013671875,-22.4609375,-17.63916015625,-18.310546875,53.501243591308594,-22.63263320922852,-15.720605850219727
-0.92333984375,0.069580078125,0.41357421875,-21.1181640625,-14.404296875,-19.04296875,53.25545883178711,-23.27042961120605,-15.836395263671875
-0.985595703125,0.066162109375,0.450439453125,-19.6533203125,-9.765625,-11.8408203125,53.28064346313477,-23.581787109375,-15.620259284973145
-0.906005859375,0.068603515625,0.41162109375,-17.4560546875,-10.6201171875,-5.9814453125,53.37631607055664,-23.462890625,-14.989291191101074
-0.91845703125,0.05029296875,0.4326171875,-16.54052734375,-10.8642578125,-7.2021484375,53.39811325073242,-23.413389205932614,-14.467915534973145
-0.923095703125,0.044677734375,0.446044921875,-15.19775390625,-9.21630859375,-4.8828125,53.49030303955078,-23.238191604614254,-13.8534517288208
-0.882568359375,0.069580078125,0.3984375,-9.765625,-7.2021484375,-2.86865234375,53.75451278686523,-22.729284286499023,-13.118413925170898
-0.90966796875,0.066162109375,0.401123046875,-15.0146484375,-8.1787109375,-7.62939453125,53.91254043579102,-22.69312858581543,-12.691898345947266
-0.9296875,0.08154296875,0.3984375,-20.6298828125,-12.939453125,-10.3759765625,53.88018798828125,-22.88378715515137,-12.282389640808105
-0.9384765625,0.02001953125,0.46533203125,-18.00537109375,-9.70458984375,-5.4931640625,53.88592529296875,-22.924489974975586,-11.75969696044922
-0.9052734375,0.02978515625,0.41943359375,-13.5498046875,-7.2021484375,-2.8076171875,54.08579635620117,-22.700328826904297,-11.130636215209961
-0.887451171875,0.03759765625,0.403564453125,-16.9677734375,-8.97216796875,-7.75146484375,54.15775680541992,-22.81181716918945,-10.75397491455078
-0.947998046875,0.019287109375,0.457763671875,-19.47021484375,-12.02392578125,-14.0380859375,53.95733642578125,-23.313234329223636,-10.719566345214844
-0.938232421875,0.052734375,0.4150390625,-18.00537109375,-16.11328125,-13.18359375,53.72246932983398,-23.53395652770996,-10.445353507995604
-0.9296875,0.0654296875,0.387451171875,-20.93505859375,-17.39501953125,-14.22119140625,53.48774337768555,-23.871232986450195,-10.181266784667967
-0.935791015625,0.027587890625,0.45556640625,-22.88818359375,-15.07568359375,-12.8173828125,53.22237777709961,-24.30474281311035,-9.92314338684082
-0.926513671875,0.00341796875,0.4619140625,-18.37158203125,-12.939453125,-7.99560546875,53.0871467590332,-24.42064666748047,-9.469879150390623
-0.91162109375,0.021728515625,0.42626953125,-16.357421875,-11.23046875,-8.11767578125,53.08218765258789,-24.46963310241699,-9.04745388031006
-0.930908203125,0.01220703125,0.458251953125,-21.17919921875,-12.8173828125,-10.009765625,52.94137573242188,-24.77045822143555,-8.697945594787598
-0.95703125,-0.01416015625,0.490234375,-20.69091796875,-14.46533203125,-7.75146484375,52.73351287841797,-24.95858383178711,-8.206758499145508
-0.875,-0.0517578125,0.49169921875,-18.798828125,-11.90185546875,-4.638671875,52.56802368164063,-25.05315399169922,-7.659923076629639
-0.89794921875,-0.02880859375,0.476318359375,-14.2822265625,-8.1787109375,-4.8828125,52.6073112487793,-25.0136661529541,-7.194292068481445
-0.90673828125,-0.036865234375,0.46630859375,-12.87841796875,-5.9814453125,-4.33349609375,52.75331497192383,-24.9858341217041,-6.793489456176758
-0.912353515625,-0.0361328125,0.46142578125,-10.68115234375,-3.84521484375,-1.220703125,53.0367317199707,-24.773208618164066,-6.267706871032715
-0.87939453125,-0.019775390625,0.427734375,-11.41357421875,-8.1787109375,-6.2255859375,53.11266708374024,-24.71068954467773,-5.902499198913574
-0.890380859375,-0.021484375,0.416259765625,-17.63916015625,-10.8642578125,-12.02392578125,53.023109436035156,-25.14706039428711,-5.837651252746582
-0.92236328125,-0.0322265625,0.427978515625,-17.51708984375,-5.79833984375,-11.77978515625,53.1210823059082,-25.70303153991699,-5.9183855056762695
-0.948974609375,0.001708984375,0.408447265625,-14.58740234375,-0.3662109375,-4.5166015625,53.61833572387695,-25.823671340942386,-5.6404008865356445
-0.897216796875,-0.01806640625,0.419189453125,-17.9443359375,-3.0517578125,-4.2724609375,53.92678833007813,-26.01797103881836,-5.276904106140137
-0.934326171875,-0.033203125,0.44921875,-17.333984375,-4.82177734375,-7.2021484375,54.07655334472656,-26.312259674072266,-5.055092811584473
-0.92822265625,-0.076904296875,0.5,-18.37158203125,-8.1787109375,-5.79833984375,53.99846649169922,-26.557260513305664,-4.692534446716309
-0.93505859375,-0.084716796875,0.518798828125,-13.24462890625,-7.26318359375,-1.0986328125,54.0084342956543,-26.381948471069336,-4.064863204956056
-0.884521484375,-0.06982421875,0.491943359375,-11.71875,-6.34765625,0.42724609375,54.0818977355957,-26.0616397857666,-3.3465447425842285
-0.92822265625,-0.07421875,0.503173828125,-10.3759765625,-4.33349609375,-1.64794921875,54.207740783691406,-25.87082672119141,-2.842210292816162
-0.9130859375,-0.032958984375,0.445068359375,-11.962890625,-8.544921875,-4.82177734375,54.24288558959961,-25.73797416687012,-2.356175422668457
-0.9580078125,-0.04052734375,0.4580078125,-14.22119140625,-8.6669921875,-6.89697265625,54.24760055541992,-25.83235168457031,-2.024970531463623
-0.93408203125,-0.047119140625,0.460693359375,-15.380859375,-10.25390625,-3.84521484375,54.21750259399414,-25.78400230407715,-1.4588298797607422
-0.904052734375,-0.05810546875,0.476806640625,-15.44189453125,-10.6201171875,-1.220703125,54.1543960571289,-25.60073089599609,-0.7222089767456055
-0.8681640625,-0.05810546875,0.4892578125,-15.5029296875,-10.19287109375,-2.01416015625,54.03484344482422,-25.44400978088379,-0.02732753753662109
-0.890380859375,-0.07421875,0.493896484375,-13.00048828125,-9.8876953125,-3.72314453125,53.90326690673828,-25.350061416625977,0.4945230484008789
-0.875732421875,-0.050048828125,0.4541015625,-13.12255859375,-11.23046875,-3.72314453125,53.80400466918945,-25.198516845703125,1.0796957015991209
-0.88916015625,-0.073486328125,0.464111328125,-17.333984375,-12.5732421875,-9.33837890625,53.54159164428711,-25.543947219848636,1.2906103134155271
-0.89208984375,-0.092041015625,0.491943359375,-20.5078125,-15.80810546875,-13.5498046875,53.0410041809082,-26.155500411987305,1.3340845108032229
-0.911376953125,-0.10498046875,0.49365234375,-18.06640625,-13.36669921875,-12.63427734375,52.66957092285156,-26.702606201171875,1.346670150756836
-0.940673828125,-0.109619140625,0.517578125,-16.05224609375,-12.6953125,-6.65283203125,52.42973327636719,-26.874156951904297,1.7185935974121094
-0.873779296875,-0.095458984375,0.501953125,-13.36669921875,-16.11328125,-6.2255859375,52.05425262451172,-26.78445625305176,2.260562896728516
-0.8779296875,-0.09814453125,0.463134765625,-14.22119140625,-14.58740234375,-9.46044921875,51.75944137573242,-26.986572265625,2.507589340209961
-0.894775390625,-0.09423828125,0.487548828125,-18.12744140625,-13.12255859375,-10.498046875,51.4878158569336,-27.37590026855469,2.6905832290649414
-0.888427734375,-0.13818359375,0.519287109375,-13.48876953125,-11.8408203125,-7.26318359375,51.23477172851562,-27.543460845947266,2.9599199295043945
-0.86572265625,-0.088134765625,0.456787109375,-13.916015625,-14.58740234375,-8.36181640625,51.00133514404297,-27.628276824951172,3.3152475357055664
-0.858642578125,-0.099365234375,0.478759765625,-20.6298828125,-16.66259765625,-14.46533203125,50.5351448059082,-28.197755813598636,3.39040470123291
-0.866455078125,-0.119873046875,0.517578125,-23.62060546875,-17.7001953125,-18.5546875,49.89773178100586,-29.02005958557129,3.287522315979004
-0.91064453125,-0.14404296875,0.4990234375,-16.6015625,-11.23046875,-12.51220703125,49.68315887451172,-29.538311004638672,3.260209083557129
-0.903564453125,-0.148681640625,0.51123046875,-7.50732421875,-4.33349609375,-1.03759765625,49.908409118652344,-29.353553771972656,3.6649980545043945
-0.8984375,-0.131103515625,0.50927734375,-2.13623046875,0.48828125,7.9345703125,50.47605895996094,-28.63810920715332,4.455484390258789
-0.877197265625,-0.13037109375,0.47509765625,-3.41796875,-3.41796875,6.2255859375,50.88259506225586,-28.00718688964844,5.233521461486816
-0.857421875,-0.140869140625,0.49169921875,-9.521484375,-6.103515625,1.64794921875,51.03074645996094,-27.77496337890625,5.821379661560059
-0.85009765625,-0.129150390625,0.514404296875,-12.39013671875,-8.97216796875,-5.92041015625,50.89435577392578,-27.856576919555664,6.119792938232423
-0.872314453125,-0.12255859375,0.475830078125,-11.77978515625,-9.6435546875,-4.82177734375,50.85732650756836,-27.89153289794922,6.467447280883789
-0.87353515625,-0.135498046875,0.498291015625,-13.18359375,-6.2255859375,-2.44140625,50.93769454956055,-27.964445114135746,6.8411149978637695
-0.892333984375,-0.148193359375,0.50537109375,-13.36669921875,-7.01904296875,-3.72314453125,50.96159744262695,-28.11466789245605,7.141681671142577
-0.873291015625,-0.1455078125,0.511474609375,-13.61083984375,-8.056640625,-5.55419921875,50.88548278808594,-28.301063537597656,7.394390106201173
-0.889892578125,-0.14306640625,0.489990234375,-13.18359375,-5.43212890625,-3.90625,50.9918098449707,-28.482555389404297,7.642496109008789
-0.91064453125,-0.157958984375,0.511474609375,-9.3994140625,-3.662109375,-0.18310546875,51.20036697387695,-28.404888153076172,8.03706169128418
-0.88916015625,-0.150390625,0.505859375,-10.009765625,-5.55419921875,-1.3427734375,51.3050537109375,-28.3369255065918,8.441215515136719
-0.900146484375,-0.124755859375,0.4970703125,-11.65771484375,-5.859375,-2.5634765625,51.4201545715332,-28.31845474243164,8.835367202758789
-0.903564453125,-0.173828125,0.51708984375,-13.12255859375,-7.2021484375,-2.197265625,51.41997528076172,-28.43488311767578,9.19352912902832
-0.888671875,-0.148681640625,0.52197265625,-10.31494140625,-7.38525390625,-0.48828125,51.44272232055664,-28.264589309692386,9.729461669921877
-0.855712890625,-0.14501953125,0.472900390625,-10.07080078125,-8.1787109375,-0.30517578125,51.48856735229492,-28.11629867553711,10.253301620483398
-0.858642578125,-0.15869140625,0.495361328125,-11.65771484375,-4.8828125,-2.13623046875,51.5655746459961,-28.20690727233887,10.559333801269533
-0.8623046875,-0.1640625,0.5185546875,-12.3291015625,-6.4697265625,-3.41796875,51.52116012573242,-28.32239151000977,10.858428955078123
-0.87451171875,-0.17333984375,0.518798828125,-13.36669921875,-9.1552734375,-4.57763671875,51.3691291809082,-28.49502182006836,11.152032852172852
-0.8857421875,-0.18310546875,0.524658203125,-11.1083984375,-7.99560546875,-2.0751953125,51.3062515258789,-28.513601303100586,11.536712646484375
-0.8759765625,-0.1826171875,0.513427734375,-9.1552734375,-6.65283203125,0.244140625,51.34391403198242,-28.396976470947266,12.000789642333984
-0.867919921875,-0.1669921875,0.532470703125,-6.7138671875,-4.45556640625,3.35693359375,51.48712921142578,-28.01999282836914,12.635101318359375
-0.87744140625,-0.14599609375,0.503173828125,-2.99072265625,-3.2958984375,4.8828125,51.76762771606445,-27.442340850830078,13.331169128417967
-0.837646484375,-0.14990234375,0.49462890625,-5.37109375,-2.685546875,4.82177734375,52.01925277709961,-27.005084991455078,13.98354721069336
-0.869140625,-0.144287109375,0.496826171875,-7.4462890625,-3.7841796875,2.74658203125,52.21972274780274,-26.718433380126953,14.549802780151367
-0.875732421875,-0.14404296875,0.503662109375,-9.33837890625,-4.94384765625,0.9765625,52.33429718017578,-26.560970306396484,15.04793930053711
-0.873291015625,-0.159423828125,0.500732421875,-10.1318359375,-5.55419921875,1.28173828125,52.4170150756836,-26.46590805053711,15.534879684448242
-0.853515625,-0.18017578125,0.507568359375,-10.8642578125,-5.859375,2.197265625,52.4497299194336,-26.40759468078613,16.038932800292972
-0.863525390625,-0.185546875,0.529541015625,-9.521484375,-4.08935546875,-0.244140625,52.47142791748047,-26.439756393432614,16.355789184570312
-0.891357421875,-0.162841796875,0.51513671875,-8.544921875,-3.96728515625,0.30517578125,52.5804443359375,-26.36110877990723,16.740867614746097
-0.91064453125,-0.161376953125,0.521728515625,-8.11767578125,-5.67626953125,2.25830078125,52.66969680786133,-26.12561798095703,17.299013137817386
-0.874267578125,-0.1708984375,0.48974609375,-10.009765625,-5.79833984375,0.79345703125,52.73031616210938,-26.11042785644531,17.71026039123535
-0.845947265625,-0.16650390625,0.52099609375,-10.498046875,-5.7373046875,-0.8544921875,52.67923355102539,-26.12653923034668,18.07613182067871
-0.90087890625,-0.166259765625,0.516357421875,-9.765625,-3.35693359375,-1.46484375,52.77546310424805,-26.215728759765625,18.320932388305664
-0.88330078125,-0.16943359375,0.524658203125,-9.27734375,-6.591796875,-1.03759765625,52.724693298339844,-26.18044090270996,18.69466590881348
-0.8984375,-0.157470703125,0.529541015625,-10.498046875,-7.14111328125,-0.48828125,52.684349060058594,-26.11450958251953,19.14950561523437
-0.86865234375,-0.15673828125,0.5087890625,-11.23046875,-7.50732421875,0.79345703125,52.6562385559082,-26.031742095947266,19.67243766784668
-0.852294921875,-0.186767578125,0.5361328125,-9.033203125,-6.53076171875,0.244140625,52.56467819213867,-25.970661163330078,20.0852165222168
-0.85888671875,-0.163818359375,0.516357421875,-7.4462890625,-6.8359375,-2.38037109375,52.47926330566406,-25.92046165466309,20.38471221923828
-0.88720703125,-0.169677734375,0.5009765625,-7.14111328125,-5.4931640625,-1.64794921875,52.51133728027344,-25.904863357543945,20.64778709411621
-0.85595703125,-0.162841796875,0.506103515625,-6.9580078125,-6.103515625,2.0751953125,52.54558944702149,-25.655750274658203,21.17939567565918
-0.87109375,-0.160400390625,0.50146484375,-7.080078125,-6.77490234375,0.42724609375,52.552452087402344,-25.4854793548584,21.62263298034668
-0.857177734375,-0.161376953125,0.50146484375,-8.6669921875,-7.4462890625,-1.28173828125,52.48846817016602,-25.45149230957031,21.976816177368164
-0.875,-0.177734375,0.542236328125,-8.60595703125,-6.04248046875,-1.28173828125,52.41668701171875,-25.448055267333984,22.28958511352539
-0.873291015625,-0.173095703125,0.51708984375,-6.40869140625,-7.568359375,1.40380859375,52.38182067871094,-25.217533111572266,22.78835868835449
-0.837646484375,-0.146728515625,0.468994140625,-8.7890625,-8.4228515625,0.42724609375,52.3640022277832,-25.091930389404297,23.26586723327637
-0.83251953125,-0.177490234375,0.500244140625,-10.7421875,-5.9814453125,0.18310546875,52.343238830566406,-25.173946380615234,23.60837554931641
-0.836181640625,-0.199951171875,0.514404296875,-8.056640625,-3.72314453125,0.6103515625,52.37379455566406,-25.23175621032715,23.87067031860352
-0.83642578125,-0.165771484375,0.50048828125,-7.32421875,-1.89208984375,0.8544921875,52.52464294433594,-25.190303802490234,24.17534255981445
-0.876220703125,-0.152099609375,0.493408203125,-9.46044921875,-2.74658203125,0.30517578125,52.69911193847656,-25.21304130554199,24.493927001953125
-0.874267578125,-0.191650390625,0.52880859375,-11.474609375,-2.9296875,1.03759765625,52.77981567382813,-25.355558395385746,24.79902267456055
-0.86376953125,-0.18359375,0.536376953125,-7.62939453125,-1.953125,3.41796875,52.9140739440918,-25.20682716369629,25.25707244873047
-0.892333984375,-0.16650390625,0.516845703125,-2.74658203125,1.77001953125,8.6669921875,53.34174728393555,-24.670034408569336,25.94732666015625
-0.843505859375,-0.1630859375,0.500732421875,0.244140625,6.16455078125,14.16015625,53.96984100341797,-23.846006393432614,26.851600646972656
-0.85595703125,-0.158447265625,0.50537109375,2.685546875,9.58251953125,17.578125,54.7525405883789,-22.803482055664066,27.90203857421875
-0.857666015625,-0.11767578125,0.478759765625,5.18798828125,10.8642578125,22.27783203125,55.68721008300781,-21.312480926513672,29.33916091918945
-0.865478515625,-0.148193359375,0.49365234375,5.43212890625,14.22119140625,24.59716796875,56.68156433105469,-19.8331356048584,30.79328918457031
-0.889404296875,-0.15478515625,0.52099609375,10.80322265625,16.66259765625,29.6630859375,57.74300765991211,-17.84897232055664,32.595977783203125
-0.95556640625,-0.06982421875,0.441162109375,20.56884765625,18.49365234375,38.51318359375,59.142860412597656,-14.640742301940918,35.3102912902832
-0.9345703125,-0.063720703125,0.40576171875,20.01953125,13.671875,45.7763671875,60.33045959472656,-10.765138626098633,38.82874298095703
-0.84521484375,-0.048095703125,0.4072265625,14.70947265625,8.36181640625,43.9453125,61.05456161499024,-6.999269962310791,42.44771194458008
-0.823974609375,-0.049560546875,0.45703125,6.53076171875,5.43212890625,32.04345703125,61.36505508422852,-4.405053615570068,45.11151123046875
-0.826171875,-0.073974609375,0.48095703125,3.35693359375,5.43212890625,23.5595703125,61.54733276367188,-2.737837553024292,46.91006088256836
-0.861572265625,-0.074462890625,0.510498046875,2.25830078125,7.01904296875,16.90673828125,61.73801803588867,-1.646353840827942,48.11235427856445
-0.91015625,-0.057373046875,0.5078125,7.14111328125,7.6904296875,18.12744140625,61.99481201171875,-0.20459586381912231,49.47955703735352
-0.92236328125,-0.01416015625,0.4755859375,9.70458984375,7.8125,20.8740234375,62.29922866821289,1.7234250307083132,51.24544906616211
-0.94287109375,-0.00048828125,0.450439453125,9.09423828125,10.68115234375,26.7333984375,62.729454040527344,4.132509708404541,53.579505920410156
-0.9267578125,-0.00830078125,0.468994140625,14.09912109375,19.775390625,39.24560546875,63.34376907348633,7.745167255401611,57.06669616699219
-0.939453125,-0.001220703125,0.474609375,21.42333984375,29.72412109375,48.583984375,64.14021301269531,12.615114212036133,61.639732360839844
-0.929931640625,0.01123046875,0.45751953125,26.67236328125,36.0107421875,56.884765625,64.88551330566406,18.67814445495605,67.30413818359375
-0.919921875,0.047119140625,0.4638671875,28.50341796875,36.62109375,57.6171875,65.31251525878906,25.093765258789066,73.2635498046875
-0.92919921875,0.086669921875,0.43017578125,30.82275390625,36.2548828125,56.2744140625,65.49662780761719,31.64891815185547,79.25647735595703
-0.994384765625,0.087158203125,0.423583984375,31.92138671875,39.36767578125,59.99755859375,65.47803497314453,38.52690124511719,85.58323669433594
-0.972900390625,0.12255859375,0.388427734375,37.53662109375,44.61669921875,70.80078125,64.99529266357422,46.49228286743164,92.86701202392578
-0.977294921875,0.146484375,0.36669921875,40.83251953125,53.1005859375,79.89501953125,64.05110168457031,55.08401107788086,100.74808502197266
-0.99072265625,0.16552734375,0.369384765625,44.43359375,58.28857421875,87.70751953125,62.49569320678711,63.50941467285156,108.39412689208984
-0.98486328125,0.222412109375,0.297607421875,44.86083984375,55.96923828125,91.064453125,60.36246109008789,71.00545501708984,115.04695129394531
-0.958251953125,0.27978515625,0.258056640625,42.54150390625,55.5419921875,93.017578125,57.78105926513672,77.3674087524414,120.63714599609376
-1.0185546875,0.299560546875,0.28857421875,44.49462890625,64.75830078125,103.1494140625,54.67521667480469,83.25270080566406,125.81903076171876
-1.06103515625,0.302734375,0.243896484375,52.42919921875,72.57080078125,129.57763671875,50.42686080932617,88.95977783203125,130.61618041992188
-0.941650390625,0.34228515625,0.156494140625,55.35888671875,76.0498046875,145.93505859375,45.29679489135742,93.90758514404295,134.54057312011722
-0.92578125,0.408935546875,0.11279296875,52.06298828125,81.60400390625,155.029296875,39.642913818359375,97.97162628173828,137.75730895996094
-0.94140625,0.4208984375,0.020751953125,40.1611328125,78.79638671875,158.50830078125,33.916412353515625,100.91930389404295,140.18661499023438
-0.955078125,0.484130859375,0.00634765625,34.72900390625,74.21875,164.1845703125,28.028827667236328,102.99456024169922,141.83143615722656
-0.865478515625,0.530517578125,-0.00390625,36.9873046875,72.32666015625,176.20849609375,21.69231986999512,104.70575714111328,142.91134643554688
-0.854736328125,0.605712890625,-0.039794921875,39.85595703125,70.9228515625,187.255859375,14.998353958129885,106.27481079101562,143.56570434570312
-0.78662109375,0.646484375,-0.10107421875,40.58837890625,61.4013671875,190.24658203125,8.35505199432373,107.72542572021484,143.6251220703125
-0.635498046875,0.656494140625,-0.196533203125,37.04833984375,58.53271484375,185.24169921875,1.9089338779449463,109.15603637695312,143.48269653320312
-0.563720703125,0.7861328125,-0.2900390625,30.45654296875,66.46728515625,178.1005859375,-4.455351829528809,110.3976058959961,143.55970764160156
-0.640625,0.854248046875,-0.3115234375,23.3154296875,74.951171875,181.82373046875,-10.832362174987793,111.2781982421875,143.75917053222656
-0.6201171875,0.883056640625,-0.280517578125,11.23046875,70.86181640625,187.5,-17.213247299194336,111.61814880371094,143.65045166015625
-0.4365234375,0.9453125,-0.371337890625,-6.2255859375,55.6640625,186.70654296875,-23.45845603942871,111.60455322265624,142.89857482910156
-0.34814453125,1.0712890625,-0.4775390625,-27.16064453125,68.17626953125,177.734375,-29.572450637817386,110.62317657470705,142.79544067382812
-0.53173828125,1.03515625,-0.33251953125,-47.119140625,93.20068359375,189.75830078125,-36.04748916625977,107.98121643066406,143.9664764404297
-0.396728515625,0.88427734375,-0.02392578125,-43.39599609375,111.14501953125,244.56787109375,-44.68311309814453,104.19027709960938,146.3297119140625
-0.097412109375,0.76025390625,0.0390625,-25.93994140625,113.76953125,266.357421875,-54.22046279907226,99.53218841552734,150.35391235351562
0.170166015625,0.7392578125,0.01416015625,-11.41357421875,100.830078125,241.455078125,-62.6839714050293,93.59709930419922,156.33172607421875
0.249267578125,0.882568359375,-0.080810546875,-7.8125,66.83349609375,167.78564453125,-67.6614990234375,87.87400817871094,162.1595001220703
0.24755859375,0.951904296875,-0.082763671875,-22.8271484375,59.6923828125,130.92041015625,-70.76444244384766,80.14595031738281,169.4317626953125
0.23046875,0.960205078125,-0.068359375,-41.56494140625,58.89892578125,117.98095703125,-72.85322570800781,69.72846221923828,-181.2690734863281
0.22509765625,0.862060546875,0.043212890625,-55.17578125,62.255859375,110.04638671875,-73.8614501953125,55.96120834350586,-169.02879333496094
0.43408203125,0.68310546875,0.1455078125,-50.537109375,83.31298828125,105.712890625,-73.46469116210938,38.46157836914063,-152.6049041748047
0.40087890625,0.716796875,0.301025390625,-30.1513671875,81.298828125,95.15380859375,-71.48047637939453,24.944175720214844,-139.29298400878906
0.494140625,0.83056640625,0.13134765625,-9.46044921875,90.33203125,69.39697265625,-68.63874053955078,18.4964656829834,-132.23944091796878
0.260986328125,0.88525390625,0.088134765625,-13.18359375,97.412109375,49.37744140625,-65.01632690429689,15.923949241638185,-129.2127685546875
0.15869140625,0.913330078125,0.080322265625,-24.4140625,87.2802734375,31.31103515625,-61.49238967895508,15.345894813537598,-128.67059326171878
0.243896484375,0.842041015625,0.13623046875,-26.67236328125,56.15234375,8.36181640625,-58.930381774902344,16.645072937011722,-130.31454467773438
0.30078125,0.8134765625,0.1455078125,-19.83642578125,48.52294921875,-5.859375,-56.57066345214844,18.8421573638916,-132.70086669921878
0.18212890625,0.827392578125,0.136962890625,-12.20703125,42.29736328125,-16.78466796875,-54.110130310058594,21.84096336364746,-135.64581298828122
0.115966796875,0.819580078125,0.26611328125,19.53125,32.65380859375,-23.01025390625,-51.51396179199219,25.851003646850586,-138.446044921875
0.077392578125,1.08447265625,-0.13037109375,13.61083984375,26.7333984375,-29.11376953125,-49.48400497436523,30.38267517089844,-141.9037628173828
0.18896484375,1.04345703125,-0.202392578125,-10.498046875,12.0849609375,-34.11865234375,-47.98500442504883,34.18178939819336,-145.70550537109375
0.1337890625,1.018798828125,-0.0380859375,-32.04345703125,16.05224609375,-35.94970703125,-45.91038131713867,36.547996520996094,-148.95376586914062
0.05029296875,0.99365234375,-0.0224609375,-31.6162109375,14.404296875,-32.53173828125,-43.77784729003906,38.56210708618164,-151.78128051757812
-0.00244140625,0.946533203125,0.046142578125,-30.70068359375,5.55419921875,-26.91650390625,-41.86006164550781,40.28878784179688,-154.3219757080078
0.2490234375,0.957763671875,0.054443359375,-22.705078125,-15.5029296875,-39.97802734375,-40.64321517944336,42.8985710144043,-157.8671875
0.24072265625,0.99755859375,0.0419921875,-20.69091796875,-8.60595703125,-63.1103515625,-38.475486755371094,45.764076232910156,-161.81944274902344
-0.007080078125,1.0537109375,-0.012451171875,-15.380859375,2.25830078125,-66.71142578125,-35.42204284667969,48.45505142211914,-165.23129272460938
-0.04541015625,1.072998046875,-0.0576171875,-14.34326171875,5.55419921875,-55.72509765625,-27.03595733642578,55.174781799316406,-171.72723388671875
-0.136474609375,1.0068359375,-0.021728515625,-25.20751953125,3.5400390625,-51.69677734375,-24.1455135345459,56.12942123413086,-173.54669189453125
-0.06201171875,0.958251953125,0.025634765625,-22.216796875,5.126953125,-40.283203125,-21.76840209960937,56.8525390625,-174.8568878173828
-0.064208984375,1.0107421875,-0.003662109375,-11.90185546875,9.21630859375,-38.818359375,-19.422473907470703,57.89512252807617,-175.90243530273438
-0.1728515625,1.0517578125,0.00537109375,-13.671875,9.94873046875,-38.39111328125,-16.923494338989258,58.736572265625,-176.79881286621094
-0.211669921875,1.02001953125,0.021484375,-16.29638671875,6.591796875,-30.09033203125,-14.752071380615234,59.34565734863281,-177.53778076171875
-0.10986328125,0.984619140625,0.040283203125,-12.75634765625,4.150390625,-22.27783203125,-13.148058891296387,60.00410079956055,-178.12879943847656
-0.16845703125,1.023193359375,0.0263671875,-7.568359375,4.08935546875,-20.56884765625,-11.542171478271484,60.8447380065918,-178.64134216308594
-0.14697265625,0.957275390625,-0.00048828125,-5.67626953125,2.44140625,-15.869140625,-10.206750869750977,61.763343811035156,-179.08111572265625
-0.41259765625,1.828369140625,0.26953125,89.111328125,6.40869140625,9.1552734375,-9.560503959655762,66.00003814697266,-178.78912353515625
-0.27978515625,1.095458984375,-0.920654296875,-4.94384765625,1.64794921875,4.0283203125,-9.0840482711792,67.81081390380861,-178.99542236328125
0.122802734375,0.56689453125,0.46337890625,-36.865234375,-2.5634765625,4.08935546875,-9.303648948669434,65.66166687011719,-178.9171142578125
-0.06640625,1.101318359375,-0.12451171875,-1.46484375,-1.15966796875,0.91552734375,-8.902510643005371,66.77365875244139,-179.13198852539062
-0.108642578125,0.98095703125,0.10546875,-7.01904296875,3.84521484375,2.25830078125,-8.344629287719728,67.12483978271484,-179.0556640625
-0.126220703125,1.006103515625,-0.044921875,-5.9814453125,-3.2958984375,3.23486328125,-7.9364142417907715,67.86283874511719,-179.2683868408203
0.073486328125,0.939453125,0.087890625,-15.0146484375,-4.69970703125,2.5634765625,-5.460028171539307,71.65836334228516,-179.5860137939453
-0.052734375,0.966796875,0.033203125,-5.31005859375,-8.23974609375,1.28173828125,-5.278514862060547,72.10347747802734,-179.9451141357422
0.156982421875,0.947998046875,-0.03857421875,-16.78466796875,134.70458984375,-2.0751953125,-3.727227449417114,71.79497528076172,-174.89974975585938
0.1181640625,1.01513671875,-0.276123046875,-11.29150390625,276.2451171875,-5.37109375,-0.2855910658836365,72.22648620605469,-164.5527801513672
0.17822265625,1.068115234375,-0.275390625,-5.126953125,252.62451171875,4.57763671875,2.136492252349853,73.36476135253906,-154.8701171875
-0.269287109375,0.825927734375,0.016357421875,-19.83642578125,229.4921875,-8.11767578125,5.636390209197997,73.72991943359375,-146.12875366210938
0.12548828125,0.968017578125,-0.025390625,-5.92041015625,147.15576171875,-3.60107421875,6.844683170318604,74.78064727783203,-140.4041748046875
-0.209228515625,0.85986328125,0.408935546875,-5.79833984375,94.29931640625,10.80322265625,7.631704330444336,74.61476135253906,-136.6715087890625
-0.577880859375,1.233154296875,0.04345703125,-7.4462890625,31.8603515625,-5.615234375,8.864775657653809,74.95562744140625,-135.42434692382812
