-0.08251953125,1.031494140625,0.008056640625,-9.27734375,-4.8828125,5.55419921875,-2.8731560707092285,79.70144653320312,-27.7769775390625
0.01123046875,0.981201171875,-0.134521484375,-24.10888671875,35.82763671875,0.91552734375,-2.5713481903076167,79.36425018310547,-26.394268035888672
-0.177734375,0.983642578125,0.1904296875,3.60107421875,47.18017578125,10.07080078125,-2.128446102142334,79.40138244628906,-24.46414566040039
0.03173828125,1.042236328125,-0.09765625,-7.080078125,27.83203125,12.451171875,-2.406353712081909,79.6836929321289,-23.30189514160156
0.212158203125,0.94384765625,0.27880859375,-25.2685546875,-12.39013671875,-5.18798828125,-2.680366039276123,78.44354248046875,-23.811824798583984
0.03125,0.930908203125,0.15283203125,-5.37109375,0.30517578125,5.0048828125,-2.8420746326446533,78.30011749267578,-23.763710021972656
-0.020751953125,1.052978515625,0.177001953125,10.009765625,41.8701171875,15.31982421875,-2.955991506576538,78.6814956665039,-22.002614974975586
0.038330078125,1.349853515625,0.2685546875,6.103515625,42.54150390625,-6.9580078125,-2.304274082183838,78.83859252929688,-20.38372039794922
0.0419921875,1.49609375,0.378662109375,2.685546875,46.81396484375,-55.7861328125,0.26417797803878784,78.78487396240234,-18.96608161926269
-0.0107421875,1.518310546875,0.459716796875,10.8642578125,53.3447265625,-88.92822265625,4.226140022277832,79.01752471923828,-17.545101165771484
-0.181884765625,1.590576171875,0.492431640625,38.75732421875,56.94580078125,-105.52978515625,8.84213638305664,80.47606658935547,-16.049835205078125
-0.13330078125,1.543212890625,0.384765625,45.22705078125,60.60791015625,-107.48291015625,13.268991470336914,82.43241882324219,-14.275945663452148
-0.237060546875,1.4658203125,0.3271484375,37.29248046875,53.52783203125,-88.9892578125,16.863580703735348,84.16551208496094,-12.543633460998535
-0.30908203125,1.3779296875,0.30078125,34.36279296875,34.912109375,-50.9033203125,18.82745933532715,85.64969635009766,-11.347536087036133
-0.345458984375,1.27197265625,0.26025390625,35.33935546875,22.705078125,-39.306640625,20.29389190673828,87.0398178100586,-10.587522506713867
-0.33544921875,1.2060546875,0.14208984375,28.50341796875,4.08935546875,-36.56005859375,21.563039779663086,88.04704284667969,-10.534618377685547
-0.261474609375,1.15478515625,0.1064453125,7.6904296875,-1.708984375,-23.681640625,22.152780532836914,88.1593246459961,-10.694925308227539
-0.2587890625,0.963623046875,0.0146484375,-9.521484375,-6.34765625,-0.67138671875,21.886659622192386,87.69929504394531,-10.958741188049316
-0.296630859375,0.767822265625,-0.0498046875,-17.51708984375,-26.4892578125,18.49365234375,21.07346534729004,86.81777954101562,-11.977876663208008
-0.40185546875,0.60498046875,-0.145263671875,-23.01025390625,-56.884765625,41.80908203125,19.76155662536621,85.66009521484375,-14.09162712097168
-0.434814453125,0.57470703125,-0.1953125,-38.02490234375,-81.6650390625,53.03955078125,18.04117584228516,83.83961486816406,-17.091161727905273
-0.366943359375,0.672119140625,-0.25537109375,-59.5703125,-93.3837890625,63.65966796875,15.484617233276367,81.38150787353516,-20.344364166259766
-0.0791015625,0.636474609375,-0.23193359375,-79.9560546875,-94.23828125,65.24658203125,12.00985622406006,78.4915542602539,-23.401308059692386
-0.00439453125,0.616455078125,-0.18359375,-81.298828125,-86.3037109375,45.41015625,9.091382026672363,75.76847839355469,-26.183801651000977
-0.11572265625,0.706787109375,-0.135986328125,-74.27978515625,-89.53857421875,39.24560546875,6.679826259613037,73.32926940917969,-29.103200912475586
-0.14697265625,0.811767578125,-0.144287109375,-61.1572265625,-88.92822265625,52.978515625,3.772367238998413,71.63211059570312,-31.763561248779297
-0.05810546875,0.806640625,-0.155029296875,-53.52783203125,-84.16748046875,46.7529296875,0.9590196013450624,70.48344421386719,-34.278797149658196
0.000244140625,0.81640625,-0.131591796875,-48.4619140625,-80.2001953125,25.45166015625,-1.1106162071228027,69.62953186035156,-36.934173583984375
-0.064453125,0.923583984375,-0.05712890625,-38.9404296875,-78.9794921875,6.8359375,-2.2686712741851807,69.06681823730469,-39.81801223754883
-0.096923828125,0.977294921875,-0.013671875,-30.57861328125,-71.2890625,1.89208984375,-3.045142412185669,68.79359436035156,-42.4920654296875
-0.072021484375,0.932861328125,-0.00244140625,-17.15087890625,-57.06787109375,-9.82666015625,-3.2030653953552246,69.04770660400389,-44.81172943115234
-0.163330078125,0.931396484375,0.057861328125,11.41357421875,-37.9638671875,-26.30615234375,-2.2290947437286377,70.24652862548828,-46.634925842285156
-0.18603515625,1.0556640625,0.0830078125,15.9912109375,-42.17529296875,-23.13232421875,-1.4244964122772217,71.52311706542969,-48.55027770996094
-0.1474609375,1.051513671875,0.098876953125,21.30126953125,-46.20361328125,-13.916015625,-1.0832737684249878,72.914306640625,-50.48949813842773
-0.149658203125,1.141845703125,0.163818359375,40.95458984375,-53.22265625,-3.662109375,-1.1891262531280518,74.92808532714844,-52.57858276367188
-0.11181640625,1.219482421875,0.142822265625,42.05322265625,-64.51416015625,11.41357421875,-1.9938150644302368,76.99150848388672,-54.97781372070313
-0.0751953125,1.267333984375,0.177490234375,34.97314453125,-72.3876953125,26.30615234375,-3.4056551456451416,78.69738006591797,-57.59825897216797
0.035400390625,1.2099609375,0.207275390625,24.2919921875,-74.40185546875,30.3955078125,-5.067409038543701,79.91668701171875,-60.3117790222168
0.118408203125,1.2109375,0.20263671875,30.76171875,-70.73974609375,12.3291015625,-6.017219066619872,81.4183120727539,-63.0400505065918
0.084716796875,1.139892578125,0.125732421875,31.6162109375,-62.68310546875,-9.94873046875,-5.881977081298827,83.02342987060547,-65.59842681884766
-0.05712890625,1.0185546875,0.0908203125,15.44189453125,-55.23681640625,-30.1513671875,-4.570900917053223,83.91444396972656,-67.94134521484375
-0.115234375,1.028564453125,0.081298828125,-1.8310546875,-68.17626953125,-42.236328125,-2.738804340362549,84.07315826416016,-70.83502197265625
-0.201171875,1.0849609375,0.091064453125,-10.6201171875,-91.1865234375,-37.109375,-1.118681788444519,83.80549621582031,-74.619873046875
-0.20849609375,0.990966796875,0.052734375,-7.6904296875,-122.1923828125,-23.01025390625,-0.21106722950935364,83.66317749023438,-79.57905578613281
-0.242919921875,0.946044921875,0.003173828125,-3.5400390625,-131.89697265625,-13.5498046875,0.3397239148616791,83.7370376586914,-84.88119506835938
-0.27001953125,0.946533203125,0.005126953125,-8.4228515625,-136.71875,-3.173828125,0.4916934669017792,83.57308959960938,-90.32975769042969
-0.28857421875,0.983154296875,0.05859375,-27.03857421875,-146.91162109375,16.357421875,-0.22178956866264346,82.5787582397461,-96.09049987792969
-0.26904296875,0.966552734375,0.091552734375,-31.25,-150.390625,29.052734375,-1.5651828050613403,81.48243713378906,-101.89678955078124
-0.216796875,0.968017578125,0.150146484375,-23.86474609375,-150.87890625,36.68212890625,-3.3679091930389404,80.74989318847656,-107.64521026611328
-0.13134765625,0.956787109375,0.15576171875,-7.75146484375,-148.25439453125,28.80859375,-4.990672588348389,80.84065246582031,-113.3319091796875
-0.1171875,0.9013671875,0.095947265625,2.74658203125,-143.24951171875,13.73291015625,-5.897587299346924,81.59074401855469,-118.94416809082031
-0.22705078125,0.8955078125,0.114990234375,8.6669921875,-138.18359375,-2.50244140625,-5.761928081512451,82.52655792236328,-124.45811462402344
-0.26708984375,0.8525390625,0.0966796875,12.451171875,-129.57763671875,-3.60107421875,-5.336478233337402,83.55085754394531,-129.64035034179688
-0.27197265625,0.8681640625,0.031982421875,18.4326171875,-121.9482421875,0.1220703125,-4.9359450340271,84.87576293945312,-134.51803588867188
-0.217041015625,0.831787109375,-0.023681640625,15.31982421875,-114.80712890625,0.42724609375,-4.536403179168701,86.11405944824219,-139.124755859375
-0.2421875,0.86669921875,-0.045166015625,-2.99072265625,-111.328125,-2.25830078125,-3.9319367408752437,86.57398223876953,-143.60440063476562
-0.2177734375,0.891845703125,-0.0673828125,-7.568359375,-111.26708984375,0.79345703125,-3.5150024890899663,86.84620666503906,-148.07435607910156
-0.21044921875,0.813720703125,-0.052490234375,-0.79345703125,-106.75048828125,5.126953125,-3.220045328140259,87.31441497802734,-152.3500213623047
-0.167236328125,0.803955078125,-0.10595703125,7.99560546875,-93.68896484375,1.89208984375,-2.84652042388916,88.21389770507812,-156.11520385742188
-0.142578125,0.783203125,-0.142333984375,5.92041015625,-79.1015625,-5.859375,-2.1684067249298096,89.04535675048828,-159.30625915527344
-0.1376953125,0.831298828125,-0.116943359375,1.953125,-68.603515625,-24.10888671875,-0.7801821827888489,89.53038024902344,-162.071533203125
-0.155029296875,0.810546875,-0.098876953125,6.4697265625,-63.17138671875,-36.4990234375,1.1282734870910645,90.05587005615234,-164.60113525390625
-0.2021484375,0.793701171875,-0.114990234375,11.3525390625,-56.7626953125,-32.958984375,2.977309465408325,90.72888946533205,-166.8516387939453
-0.254638671875,0.819580078125,-0.12158203125,7.14111328125,-49.1943359375,-20.69091796875,4.3958845138549805,91.1667251586914,-168.79147338867188
-0.26904296875,0.874267578125,-0.08154296875,-4.33349609375,-47.66845703125,3.173828125,4.8094820976257315,90.98304748535156,-170.69801330566406
-0.225830078125,0.901611328125,-0.059814453125,-7.080078125,-45.41015625,16.357421875,4.553760528564453,90.6435546875,-172.5260772705078
-0.1689453125,0.87890625,-0.032470703125,2.3193359375,-37.65869140625,18.24951171875,4.098535060882568,90.66375732421876,-174.04473876953125
-0.194091796875,0.91748046875,-0.061279296875,17.2119140625,-22.76611328125,8.97216796875,4.0696210861206055,91.394775390625,-174.9564666748047
-0.221435546875,0.952880859375,-0.05322265625,15.80810546875,-12.451171875,0.30517578125,4.428818225860597,92.0449447631836,-175.45127868652344
-0.18408203125,1.021484375,-0.06005859375,7.14111328125,-9.33837890625,-5.92041015625,4.908348560333252,92.33737182617188,-175.81320190429688
-0.14599609375,1.078125,-0.03271484375,-2.99072265625,-1.953125,-12.63427734375,5.525460720062256,92.173095703125,-175.87379455566406
-0.17236328125,1.04833984375,-0.018310546875,-0.79345703125,4.94384765625,-18.00537109375,6.385191917419434,92.10296630859376,-175.6522216796875
-0.224609375,1.044677734375,-0.0322265625,4.39453125,9.3994140625,-22.216796875,7.481350421905518,92.30012512207031,-175.2399444580078
-0.256591796875,1.0439453125,-0.091064453125,8.30078125,27.4658203125,-24.47509765625,8.65070629119873,92.88424682617188,-174.07144165039062
-0.319091796875,1.0048828125,-0.092041015625,6.7138671875,50.78125,-32.3486328125,10.167880058288574,93.57762908935548,-171.92567443847656
-0.32470703125,0.97705078125,-0.115478515625,1.28173828125,78.06396484375,-46.08154296875,12.092743873596193,94.37603759765624,-168.5958251953125
-0.399169921875,0.8798828125,-0.11767578125,0.9765625,121.39892578125,-62.3779296875,14.601447105407715,95.72605895996094,-163.36856079101562
-0.32373046875,0.825439453125,-0.078369140625,4.69970703125,134.8876953125,-74.89013671875,17.190912246704098,97.5189437866211,-157.436279296875
-0.31201171875,0.837890625,-0.13232421875,5.79833984375,136.53564453125,-82.275390625,19.71088218688965,99.76807403564452,-151.20394897460938
-0.408203125,0.7236328125,-0.19140625,10.8642578125,150.32958984375,-60.9130859375,21.24850845336914,102.77010345458984,-144.33311462402344
-0.432861328125,0.719970703125,-0.23046875,11.65771484375,165.46630859375,-41.259765625,21.510334014892575,106.09385681152344,-136.94172668457028
-0.287841796875,0.787353515625,-0.187744140625,4.7607421875,165.4052734375,-28.076171875,20.505413055419922,108.7255859375,-129.87370300292972
-0.1865234375,0.830810546875,-0.182861328125,-18.61572265625,130.79833984375,-24.10888671875,19.36483192443848,109.61934661865234,-124.38333892822266
-0.240966796875,0.87158203125,-0.1865234375,-32.77587890625,105.16357421875,-11.29150390625,18.212270736694336,109.39253997802734,-120.1457977294922
-0.22216796875,0.8642578125,-0.15234375,-38.14697265625,91.30859375,10.80322265625,16.46047592163086,108.51024627685548,-116.80205535888672
-0.13134765625,0.945068359375,-0.115234375,-31.25,92.7734375,21.728515625,14.149344444274902,107.67010498046876,-113.56664276123048
-0.03173828125,0.927734375,-0.0771484375,-25.57373046875,95.15380859375,9.33837890625,12.185769081115724,106.93522644042969,-110.08252716064452
0.000732421875,0.9208984375,-0.0703125,-16.78466796875,80.87158203125,-17.4560546875,11.443581581115724,106.4336166381836,-106.82048797607422
-0.126708984375,0.97216796875,-0.12060546875,-1.15966796875,74.03564453125,-34.72900390625,11.763009071350098,106.66307067871094,-103.5948715209961
-0.17041015625,0.946044921875,-0.13720703125,-1.220703125,75.68359375,-37.353515625,12.24283504486084,106.97403717041016,-100.2605209350586
-0.2001953125,0.923583984375,-0.181884765625,1.40380859375,75.74462890625,-30.33447265625,12.484561920166016,107.49897003173828,-96.98206329345705
-0.216796875,0.93994140625,-0.159423828125,-4.7607421875,58.837890625,-18.98193359375,12.508674621582033,107.5313949584961,-94.52001953125
-0.222412109375,0.92578125,-0.150390625,-8.60595703125,35.21728515625,-9.8876953125,12.498299598693848,107.1687240600586,-93.09676361083984
-0.237548828125,0.95068359375,-0.154052734375,-7.8125,25.7568359375,3.35693359375,12.125120162963867,106.7337417602539,-92.2012939453125
-0.206298828125,0.953369140625,-0.126953125,-6.16455078125,28.74755859375,0.91552734375,11.764394760131836,106.3409194946289,-91.16587829589844
-0.2333984375,0.96826171875,-0.155517578125,-7.6904296875,26.55029296875,-5.9814453125,11.762288093566895,105.95994567871094,-90.11776733398438
-0.235595703125,0.96923828125,-0.147216796875,-11.53564453125,20.69091796875,-8.1787109375,11.922385215759276,105.37997436523438,-89.27564239501953
-0.261474609375,0.940185546875,-0.16357421875,-7.62939453125,16.17431640625,-8.056640625,12.196820259094238,104.9950180053711,-88.59906768798828
-0.27099609375,0.968017578125,-0.201171875,-10.8642578125,10.43701171875,-1.77001953125,12.281523704528807,104.5084991455078,-88.19884490966797
-0.25634765625,0.955810546875,-0.169921875,-22.76611328125,7.87353515625,3.41796875,12.172085762023926,103.46646881103516,-87.96232604980469
-0.258056640625,0.93408203125,-0.15478515625,-24.84130859375,5.55419921875,2.99072265625,12.127388954162598,102.33806610107422,-87.80722045898438
-0.260986328125,0.9169921875,-0.152587890625,-25.93994140625,2.685546875,1.15966796875,12.200048446655273,101.1913604736328,-87.73853302001953
-0.26171875,0.961181640625,-0.1357421875,-27.40478515625,3.11279296875,1.953125,12.214122772216795,99.9781723022461,-87.65948486328125
-0.239990234375,0.96630859375,-0.12548828125,-23.74267578125,3.96728515625,-0.8544921875,12.284473419189453,98.94552612304688,-87.51924133300781
-0.247802734375,0.95849609375,-0.141357421875,-18.85986328125,-0.79345703125,-4.21142578125,12.535564422607422,98.15164947509766,-87.53398895263672
-0.26416015625,0.978759765625,-0.17138671875,-15.7470703125,-4.57763671875,-0.42724609375,12.670105934143065,97.53581237792969,-87.70626831054688
-0.272705078125,0.985107421875,-0.129150390625,-15.9912109375,0.30517578125,-0.1220703125,12.778179168701172,96.88031768798828,-87.69818878173828
-0.2734375,0.984130859375,-0.166259765625,-7.2021484375,4.57763671875,-4.08935546875,13.017642974853516,96.72947692871094,-87.47150421142578
-0.289306640625,1.005126953125,-0.208251953125,1.03759765625,7.50732421875,-6.16455078125,13.332804679870605,97.02839660644531,-87.09351348876953
-0.34423828125,1.089599609375,-0.2138671875,9.27734375,3.5400390625,-11.474609375,13.921595573425293,97.59215545654295,-86.8537368774414
-0.31201171875,1.0625,-0.31787109375,24.169921875,10.31494140625,-9.033203125,14.291671752929688,99.01752471923828,-86.29469299316406
-0.282470703125,0.87841796875,-0.39208984375,41.44287109375,32.53173828125,-17.333984375,14.829716682434082,101.6148452758789,-84.69866943359375
-0.31640625,0.9296875,-0.491455078125,45.8984375,32.8369140625,-23.0712890625,15.51731014251709,104.4776840209961,-82.99390411376953
-0.30615234375,0.951904296875,-0.465576171875,21.30126953125,9.033203125,-8.72802734375,15.789496421813965,105.89785766601562,-82.41673278808594
-0.286376953125,0.881591796875,-0.416015625,4.57763671875,1.953125,11.23046875,15.366812705993652,106.42251586914062,-82.37334442138672
-0.164794921875,0.8681640625,-0.3125,-5.4931640625,1.52587890625,16.9677734375,14.49267292022705,106.28907012939452,-82.47965240478516
-0.150390625,0.90576171875,-0.316650390625,-13.3056640625,-3.173828125,3.662109375,14.16596794128418,105.82079315185548,-82.61962127685547
-0.166015625,0.857177734375,-0.34716796875,-17.4560546875,5.9814453125,-3.84521484375,14.09184455871582,105.42748260498048,-82.27989196777344
-0.204345703125,0.874755859375,-0.298095703125,-23.86474609375,13.671875,-10.498046875,14.28689670562744,104.7548828125,-81.59139251708984
-0.214111328125,0.8623046875,-0.278076171875,-26.0009765625,14.83154296875,-5.06591796875,14.293716430664062,103.98353576660156,-80.91867065429688
-0.22265625,0.893798828125,-0.2890625,-23.62060546875,16.29638671875,0.6103515625,14.076354026794435,103.3393783569336,-80.236328125
-0.29541015625,0.93896484375,-0.23681640625,-31.494140625,12.26806640625,3.5400390625,13.942350387573242,102.20708465576172,-79.77360534667969
-0.238037109375,0.92529296875,-0.21728515625,-35.400390625,18.12744140625,3.47900390625,13.662275314331055,100.9830551147461,-79.06600952148438
-0.2158203125,0.9296875,-0.20068359375,-35.58349609375,30.94482421875,-8.1787109375,13.718741416931152,99.90353393554688,-77.7435302734375
-0.26708984375,0.936279296875,-0.197998046875,-35.400390625,35.09521484375,-21.78955078125,14.414485931396484,98.93582916259766,-76.15189361572266
-0.30078125,0.9462890625,-0.17822265625,-39.00146484375,28.80859375,-22.3388671875,15.239140510559082,97.76461029052734,-74.82410430908203
-0.31640625,0.906982421875,-0.142333984375,-42.1142578125,25.57373046875,-19.95849609375,16.04671859741211,96.42131042480469,-73.65959167480469
-0.365478515625,0.8984375,-0.140380859375,-40.71044921875,30.57861328125,-24.658203125,17.125818252563473,95.2644500732422,-72.26319122314453
-0.40283203125,0.934326171875,-0.136474609375,-41.9921875,23.86474609375,-17.2119140625,17.96483612060547,94.00428009033205,-71.17811584472656
-0.387451171875,0.92431640625,-0.102294921875,-41.259765625,22.5830078125,-7.568359375,18.39251136779785,92.7293701171875,-70.18914031982422
-0.394775390625,0.927490234375,-0.057861328125,-39.1845703125,25.390625,-10.498046875,18.950153350830078,91.5270767211914,-69.09706115722656
-0.4150390625,0.958740234375,-0.085693359375,-35.33935546875,23.193359375,-7.01904296875,19.382076263427734,90.56079864501952,-68.07051086425781
-0.398681640625,0.946044921875,-0.095947265625,-30.21240234375,24.2919921875,3.23486328125,19.379791259765625,89.8822021484375,-66.98004150390625
-0.35498046875,0.931640625,-0.099365234375,-31.55517578125,27.7099609375,-1.3427734375,19.493701934814453,89.24063873291016,-65.72899627685547
-0.354736328125,0.916015625,-0.086181640625,-31.79931640625,29.6630859375,-4.2724609375,19.74625968933105,88.61710357666016,-64.39697265625
-0.350341796875,0.91357421875,-0.08642578125,-28.74755859375,29.4189453125,-0.48828125,19.842458724975586,88.14334106445312,-63.0618782043457
-0.289794921875,0.8974609375,-0.09619140625,-27.16064453125,29.84619140625,3.23486328125,19.674694061279297,87.79312896728516,-61.68504333496094
-0.26953125,0.90869140625,-0.077392578125,-27.77099609375,26.85546875,-1.15966796875,19.63799285888672,87.33677673339844,-60.45456314086914
-0.283203125,0.9404296875,-0.0712890625,-28.076171875,22.705078125,-0.732421875,19.59697151184082,86.80432891845703,-59.40188217163086
-0.256103515625,0.93896484375,-0.04833984375,-25.93994140625,27.03857421875,-4.7607421875,19.67524528503418,86.38346099853516,-58.18634796142578
-0.26904296875,0.888916015625,-0.077392578125,-20.56884765625,31.73828125,-9.6435546875,20.024600982666016,86.3421859741211,-56.75082015991211
-0.304443359375,0.8994140625,-0.11474609375,-23.5595703125,30.09033203125,-10.31494140625,20.459932327270508,86.25559997558594,-55.35181427001953
-0.292724609375,0.89697265625,-0.098388671875,-28.38134765625,21.42333984375,-0.8544921875,20.45964813232422,85.82637786865234,-54.304954528808594
-0.272705078125,0.894287109375,-0.109375,-27.587890625,15.9912109375,5.4931640625,20.155601501464844,85.40078735351562,-53.45403289794922
-0.239013671875,0.91357421875,-0.11962890625,-27.03857421875,13.7939453125,5.55419921875,19.77043914794922,85.00206756591797,-52.683998107910156
-0.24951171875,0.9248046875,-0.08544921875,-28.74755859375,11.23046875,6.40869140625,19.377464294433594,84.421875,-52.04714584350586
-0.220458984375,0.919921875,-0.0703125,-31.06689453125,7.38525390625,6.89697265625,18.90675926208496,83.68241882324219,-51.57453155517578
-0.197021484375,0.916259765625,-0.0302734375,-29.96826171875,4.08935546875,6.40869140625,18.40802383422852,82.87045288085938,-51.26518249511719
-0.197998046875,0.90771484375,-0.0263671875,-24.96337890625,3.90625,1.46484375,18.13330078125,82.26982116699219,-50.98326873779297
-0.19140625,0.914794921875,-0.04443359375,-22.94921875,2.5634765625,-1.28173828125,17.955930709838867,81.79640197753906,-50.752830505371094
-0.22119140625,0.89599609375,-0.029296875,-24.5361328125,-2.9296875,-1.15966796875,17.830249786376953,81.1676254272461,-50.7591438293457
-0.236572265625,0.918212890625,-0.032958984375,-22.27783203125,-6.28662109375,-0.91552734375,17.702547073364258,80.61795806884766,-50.8951301574707
-0.2333984375,0.94287109375,-0.04931640625,-26.0009765625,-6.4697265625,-3.11279296875,17.644268035888672,79.97250366210938,-51.03623962402344
-0.245849609375,0.95947265625,-0.04345703125,-28.1982421875,-6.4697265625,-2.0751953125,17.563613891601562,79.2501449584961,-51.16851043701172
-0.227294921875,0.952392578125,-0.00634765625,-26.9775390625,-5.2490234375,-5.7373046875,17.594654083251953,78.5257568359375,-51.297607421875
-0.23583984375,0.951416015625,-0.02685546875,-23.8037109375,-3.41796875,-8.544921875,17.77007484436035,78.0196533203125,-51.35401916503906
-0.2373046875,0.948974609375,-0.04150390625,-21.8505859375,-4.7607421875,-6.28662109375,17.8460636138916,77.63456726074219,-51.43038940429688
-0.234619140625,0.90625,-0.032958984375,-19.287109375,-7.8125,-4.94384765625,17.8579158782959,77.31489562988281,-51.62139892578125
-0.24462890625,0.86328125,-0.026611328125,-22.94921875,-8.4228515625,-3.35693359375,17.851818084716797,76.84198760986328,-51.82483291625977
-0.265625,0.8212890625,-0.023193359375,-25.81787109375,-8.11767578125,0.1220703125,17.79473876953125,76.27427673339844,-51.981689453125
-0.231689453125,0.78271484375,-0.00146484375,-29.78515625,-7.26318359375,14.70947265625,17.121280670166016,75.57222747802734,-51.96571350097656
-0.140869140625,0.7431640625,-0.023193359375,-29.541015625,-4.82177734375,24.71923828125,15.890119552612305,75.04792022705078,-51.71210098266602
-0.138671875,0.73095703125,-0.084716796875,-32.53173828125,-2.25830078125,33.69140625,14.403352737426758,74.6578369140625,-51.210533142089844
-0.051025390625,0.73876953125,-0.10595703125,-35.888671875,-3.0517578125,43.51806640625,12.329839706420898,74.22473907470703,-50.6253776550293
-0.02783203125,0.773681640625,-0.0732421875,-39.97802734375,-9.1552734375,50.47607421875,9.921667098999023,73.49264526367188,-50.23831558227539
0.007080078125,0.79541015625,-0.06494140625,-41.07666015625,-14.0380859375,51.08642578125,7.425253391265869,72.677978515625,-50.0417366027832
-0.048828125,0.7724609375,-0.06787109375,-35.21728515625,-11.71875,56.94580078125,4.989365100860597,72.1518325805664,-49.69449996948242
-0.02978515625,0.756591796875,-0.0830078125,-32.958984375,-5.79833984375,60.6689453125,2.524282217025757,71.7872314453125,-49.08976364135742
0.0244140625,0.731689453125,-0.07763671875,-34.72900390625,6.4697265625,57.55615234375,0.2594752013683319,71.34555053710938,-48.08093643188477
0.039794921875,0.75439453125,-0.112060546875,-44.00634765625,13.85498046875,31.67724609375,-0.8847227096557617,70.6046371459961,-47.14140701293945
-0.05126953125,0.80810546875,-0.038330078125,-52.91748046875,14.6484375,18.6767578125,-1.2106504440307615,69.31697845458984,-46.35208511352539
-0.026611328125,0.680908203125,0.08251953125,9.8876953125,60.791015625,-12.5732421875,-0.2685810327529907,68.05966949462889,-39.60965347290039
-0.196044921875,0.6767578125,0.031494140625,37.41455078125,70.61767578125,-43.51806640625,2.9869670867919917,70.31153106689453,-37.57307434082031
-0.234375,0.743408203125,-0.048828125,44.25048828125,75.68359375,-53.955078125,6.541606903076173,73.11697387695312,-35.30326843261719
-0.267578125,0.8193359375,-0.110107421875,29.23583984375,78.7353515625,-52.6123046875,9.86668300628662,75.53814697265625,-32.695022583007805
-0.302001953125,0.809326171875,-0.141845703125,-2.685546875,67.87109375,-36.43798828125,12.352227210998535,76.76881408691406,-30.20173263549805
-0.270751953125,0.840087890625,-0.135009765625,-14.83154296875,51.025390625,-8.36181640625,13.365694046020508,77.44844055175781,-28.054861068725586
-0.253662109375,0.857666015625,-0.088623046875,-10.31494140625,37.2314453125,23.62060546875,12.896421432495115,78.12002563476562,-26.19477462768555
-0.176513671875,0.8251953125,-0.135986328125,13.5498046875,28.13720703125,30.45654296875,11.905365943908693,79.76911926269531,-24.64594268798828
-0.2197265625,0.764892578125,-0.197509765625,25.2685546875,25.7568359375,10.31494140625,11.838539123535154,81.93144226074219,-23.34615898132324
-0.364501953125,0.81494140625,-0.2060546875,12.26806640625,14.7705078125,4.2724609375,12.228264808654785,83.34986877441406,-22.55620002746582
-0.389892578125,1.0,-0.114501953125,-17.88330078125,-20.69091796875,56.33544921875,10.266584396362305,83.00383758544922,-23.02951431274414
-0.23583984375,0.9677734375,-0.111572265625,-26.85546875,-52.24609375,115.478515625,5.583802700042725,82.23251342773438,-24.44845390319824
0.00927734375,0.7822265625,-0.0654296875,-15.31982421875,-69.03076171875,142.63916015625,-0.6564193367958069,82.01522064208984,-26.372636795043945
-0.0634765625,1.111083984375,0.025634765625,-4.94384765625,-69.15283203125,79.40673828125,-4.006904602050781,82.16117095947266,-28.69086837768555
-0.17041015625,1.3203125,0.045166015625,-18.98193359375,-59.87548828125,8.7890625,-4.232069969177246,81.7874526977539,-31.03954315185547
-0.363037109375,1.189208984375,0.0498046875,-20.32470703125,-60.72998046875,-3.41796875,-3.623095989227295,81.3489761352539,-33.489822387695305
-0.230712890625,1.127197265625,0.12109375,14.95361328125,-64.5751953125,81.787109375,-6.616299152374268,82.21794128417969,-35.60114288330078
0.05078125,1.17138671875,0.092529296875,24.96337890625,-59.38720703125,93.32275390625,-10.426807403564453,83.61653137207031,-37.54384231567383
0.205322265625,1.298828125,0.134765625,16.05224609375,-55.7861328125,30.76171875,-11.805486679077148,84.67400360107422,-39.6832275390625
-0.181884765625,1.44287109375,0.22509765625,8.48388671875,-59.02099609375,-31.005859375,-10.033811569213867,85.33128356933594,-42.150299072265625
-0.301513671875,1.46533203125,0.24462890625,13.427734375,-61.03515625,16.05224609375,-10.012980461120604,86.08576965332031,-44.53790664672852
-0.22998046875,1.4150390625,0.188720703125,21.91162109375,-40.1611328125,64.51416015625,-11.923293113708494,87.08057403564453,-45.991432189941406
-0.11328125,1.575439453125,0.125244140625,21.54541015625,-15.56396484375,-7.99560546875,-11.001100540161133,87.98966979980469,-46.61926651000977
-0.17822265625,1.6220703125,0.128173828125,8.48388671875,-9.09423828125,-50.048828125,-8.343171119689941,88.28630828857422,-47.02537155151367
-0.183837890625,1.49755859375,0.087646484375,0.54931640625,-7.75146484375,-17.76123046875,-7.04177188873291,88.2729721069336,-47.34759902954102
-0.074951171875,1.264404296875,0.060302734375,10.92529296875,-12.939453125,54.99267578125,-8.832693099975586,88.7184829711914,-47.812217712402344
0.017822265625,1.213623046875,0.002685546875,10.6201171875,-14.83154296875,83.43505859375,-11.848531723022461,89.27202606201172,-48.37155532836914
0.096923828125,1.228515625,0.015625,1.28173828125,-8.4228515625,83.92333984375,-14.903570175170898,89.37847900390625,-48.68659210205078
0.202880859375,1.19873046875,0.017578125,-11.5966796875,-0.91552734375,50.6591796875,-16.710756301879886,88.89180755615234,-48.6954574584961
0.206298828125,1.08984375,0.027587890625,-14.22119140625,0.244140625,20.5078125,-17.287654876708984,88.28417205810547,-48.6605339050293
0.17138671875,1.01611328125,0.013916015625,-11.16943359375,-5.9814453125,-6.28662109375,-16.736625671386722,87.93596649169922,-48.92701721191406
0.091552734375,0.928466796875,-0.042724609375,-8.85009765625,-8.60595703125,-24.23095703125,-15.344112396240234,87.8695068359375,-49.37150192260742
0.04248046875,0.91796875,-0.061767578125,-16.845703125,-6.77490234375,-30.33447265625,-13.64682388305664,87.5090560913086,-49.76168823242188
0.02734375,0.9560546875,-0.017822265625,-27.64892578125,-13.671875,6.2255859375,-11.163171768188477,84.10603332519531,-51.50749206542969
0.083984375,0.9765625,-0.030517578125,-34.912109375,-14.83154296875,8.056640625,-11.301492691040039,83.11494445800781,-52.13354110717773
0.101806640625,0.94677734375,-0.01904296875,-35.888671875,-14.83154296875,-2.5634765625,-11.072460174560547,82.10749816894531,-52.80970001220703
0.12646484375,0.974853515625,-0.02099609375,-34.48486328125,-21.42333984375,-15.625,-10.434752464294434,81.2572021484375,-53.83205795288086
-0.2578125,0.386474609375,0.651123046875,-93.20068359375,10.1318359375,-114.501953125,-4.909623146057129,75.92615509033203,-54.07133102416992
0.64697265625,1.6298828125,-0.405029296875,-8.85009765625,-44.73876953125,-61.82861328125,-3.5811274051666264,76.733154296875,-56.481727600097656
-0.48876953125,1.56884765625,-0.188720703125,-41.015625,-1.953125,-7.9345703125,-2.494592905044556,75.83854675292969,-56.687217712402344
-0.1171875,0.267333984375,0.023681640625,-9.1552734375,-14.16015625,-10.986328125,-1.20757794380188,75.81095123291016,-57.36074447631836
0.149658203125,0.886474609375,-0.050048828125,-2.685546875,-25.390625,14.0380859375,-2.3236453533172607,76.38919830322266,-58.22922134399414
0.130126953125,0.98974609375,0.083251953125,-12.6953125,-0.6103515625,-3.23486328125,-1.8358566761016848,76.2159652709961,-58.85905075073242
0.014892578125,0.98291015625,0.132568359375,-0.244140625,-4.8828125,8.72802734375,-2.1810011863708496,76.4372329711914,-58.97500228881836
0.044189453125,0.9619140625,-0.10302734375,3.41796875,-6.16455078125,6.16455078125,-2.497075319290161,77.3336181640625,-59.18919372558594
0.027587890625,0.992919921875,-0.055419921875,-18.798828125,-4.33349609375,-1.953125,-2.425922155380249,77.19839477539062,-59.40230941772461
-0.115478515625,0.846435546875,0.131103515625,-13.5498046875,-5.126953125,-0.79345703125,-2.0415239334106445,76.80770111083984,-59.61824035644531
-0.009521484375,0.928955078125,0.101806640625,1.28173828125,-6.28662109375,5.06591796875,-2.190164089202881,77.12699127197266,-59.82788467407226
