-0.0224609375,0.983154296875,-0.05859375,-9.6435546875,-5.31005859375,2.13623046875,-2.0878036022186284,83.28921508789062,87.89354705810547
-0.016357421875,0.992431640625,-0.05029296875,-9.6435546875,-5.43212890625,2.50244140625,-2.092216968536377,83.27664184570312,87.67511749267578
-0.02587890625,0.98974609375,-0.052734375,-9.82666015625,-5.31005859375,2.5634765625,-2.076535940170288,83.26280975341797,87.46150970458984
-0.017822265625,0.983642578125,-0.046875,-8.48388671875,-4.7607421875,2.50244140625,-2.0223543643951416,83.21430206298828,85.00418090820312
-0.013671875,0.98876953125,-0.059814453125,-8.9111328125,-5.31005859375,3.11279296875,-2.0592963695526123,83.25550842285156,84.79312896728516
-0.0302734375,0.982666015625,-0.04638671875,-8.48388671875,-4.57763671875,1.8310546875,-2.0019314289093018,83.2813949584961,84.60601806640625
-0.020263671875,0.984619140625,-0.051513671875,-9.09423828125,-5.2490234375,2.8076171875,-2.0383989810943604,83.10919189453125,81.6198959350586
-0.00927734375,0.9873046875,-0.056396484375,-9.6435546875,-4.8828125,2.38037109375,-2.05415940284729,83.11721801757812,81.4227294921875
-0.0234375,0.985107421875,-0.049560546875,-9.521484375,-4.8828125,2.197265625,-2.0293331146240234,83.11449432373047,81.22504425048828
-0.008056640625,0.981689453125,-0.04638671875,-9.21630859375,-4.8828125,2.62451171875,-2.057659864425659,83.11721801757812,81.0298843383789
-0.02001953125,0.9853515625,-0.0498046875,-10.07080078125,-4.7607421875,2.62451171875,-2.0569562911987305,83.09288787841797,80.83903503417969
-0.029541015625,0.989013671875,-0.057373046875,-9.033203125,-4.82177734375,1.953125,-2.0084774494171143,83.12775421142578,80.64197540283203
-0.025146484375,0.999267578125,-0.054931640625,-9.1552734375,-5.2490234375,2.62451171875,-2.0009407997131348,83.15000915527344,80.43164825439453
-0.020751953125,0.9892578125,-0.04736328125,-9.6435546875,-4.45556640625,2.44140625,-1.9921350479125977,83.13489532470703,80.25263214111328
-0.012939453125,0.97314453125,-0.053466796875,-8.48388671875,-4.7607421875,1.708984375,-1.973536252975464,83.18311309814453,80.05766296386719
0.2021484375,1.0439453125,0.07568359375,-7.62939453125,45.47119140625,-3.5400390625,-2.234816312789917,82.62393188476562,81.43399047851562
0.106201171875,0.988037109375,0.031494140625,-10.009765625,83.6181640625,-4.82177734375,-1.7727848291397097,82.31214904785156,84.72071838378906
-0.08837890625,0.99755859375,-0.119384765625,-9.94873046875,98.32763671875,-6.04248046875,-0.7578824758529663,82.38296508789062,88.57054138183594
-0.43603515625,0.96240234375,-0.08056640625,-9.8876953125,77.69775390625,-4.638671875,0.7876598238945007,82.42144775390625,91.6189422607422
-0.350341796875,0.962646484375,0.10107421875,-10.8642578125,4.8828125,2.8076171875,1.446705937385559,82.03607940673828,91.82298278808594
0.103515625,1.01611328125,-0.019775390625,-9.33837890625,-17.63916015625,3.90625,0.9101471304893494,81.99175262451172,91.15477752685548
0.0869140625,0.97119140625,-0.09912109375,-8.85009765625,-31.3720703125,4.8828125,0.28568845987319946,82.10344696044922,90.918701171875
0.116943359375,1.05078125,-0.17333984375,-8.85009765625,-11.65771484375,2.50244140625,-0.13346485793590546,82.40764617919922,90.47309112548828
0.079345703125,0.985595703125,-0.123291015625,-7.9345703125,1.5869140625,0.0,-0.3012058138847351,82.65258026123047,90.53495025634766
0.087158203125,1.04345703125,-0.14990234375,8.72802734375,-1.5869140625,-23.681640625,0.4531572759151459,83.59515380859375,90.35767364501952
0.07421875,0.991455078125,-0.22509765625,7.568359375,-3.0517578125,-39.0625,1.807915449142456,84.6255874633789,90.08587646484376
0.184326171875,1.158447265625,-0.2998046875,18.9208984375,-9.033203125,-38.4521484375,2.8951175212860107,86.1147689819336,89.62616729736328
0.2607421875,1.320068359375,-0.25341796875,12.0849609375,5.18798828125,-23.92578125,3.3166065216064453,87.16265869140625,89.80577850341797
0.233642578125,1.415283203125,-0.345703125,-15.13671875,16.90673828125,-3.0517578125,2.984296560287476,87.22293090820312,90.5146713256836
0.177490234375,1.282958984375,-0.340576171875,-48.40087890625,23.681640625,19.04296875,1.8662749528884888,86.00078582763672,91.54457092285156
0.119140625,1.160888671875,-0.3310546875,-51.20849609375,26.2451171875,20.99609375,0.8203988075256348,84.73806762695312,92.68538665771484
0.08544921875,1.115478515625,-0.2509765625,-32.28759765625,26.79443359375,16.66259765625,0.058494120836257935,84.14202117919922,93.82634735107422
0.11083984375,1.203857421875,-0.203857421875,-2.5634765625,30.029296875,-0.9765625,0.002650601090863347,84.63088989257812,95.0188217163086
0.102294921875,1.284423828125,-0.19873046875,9.94873046875,32.8369140625,-15.56396484375,0.5499438643455505,85.575927734375,96.27588653564452
0.01513671875,1.311767578125,-0.17431640625,11.8408203125,36.19384765625,-9.09423828125,0.9587321877479552,86.52687072753906,97.70088958740234
0.01953125,1.306640625,-0.1123046875,-13.916015625,51.33056640625,20.56884765625,0.18955908715724945,86.30863952636719,99.80467224121094
-0.038818359375,1.17626953125,-0.080078125,-31.3720703125,64.39208984375,32.65380859375,-0.8629878759384155,85.32403564453125,102.4645004272461
-0.016845703125,1.054931640625,-0.113525390625,-30.57861328125,74.70703125,40.46630859375,-2.144388198852539,84.43242645263672,105.57380676269531
-0.083740234375,1.092041015625,-0.10400390625,-15.869140625,74.40185546875,38.02490234375,-3.1093523502349854,84.07464599609375,108.66808319091795
-0.065185546875,1.061767578125,0.028564453125,-7.568359375,67.0166015625,22.88818359375,-3.480644702911377,83.7717514038086,111.42228698730469
0.006591796875,1.12646484375,-0.096435546875,0.9765625,61.03515625,-7.080078125,-2.8281428813934326,84.10396575927734,113.7991943359375
-0.112548828125,1.05126953125,-0.059326171875,-8.72802734375,35.7666015625,-33.5693359375,-1.0022494792938232,84.05693054199219,115.0708236694336
-0.12939453125,0.985595703125,-0.070068359375,-17.15087890625,29.60205078125,-32.5927734375,0.7453237771987915,83.74649047851562,116.1056671142578
-0.04052734375,0.85791015625,-0.064453125,-18.24951171875,21.91162109375,-23.98681640625,1.8682841062545776,83.43630981445312,116.8780288696289
-0.123291015625,0.828369140625,-0.011474609375,-4.39453125,27.099609375,-25.390625,3.254157304763794,83.57755279541016,117.8532943725586
-0.2099609375,0.865966796875,0.036376953125,-9.21630859375,22.705078125,-17.4560546875,4.454354763031006,83.40520477294922,118.68701171875
-0.192626953125,0.798095703125,0.067138671875,-17.27294921875,13.00048828125,-20.01953125,5.664874076843263,82.80582427978516,119.11280822753906
-0.150634765625,0.74951171875,0.075439453125,-9.8876953125,3.60107421875,-19.71435546875,6.685131072998048,82.45636749267578,119.16015625
-0.216796875,0.8447265625,0.029541015625,-7.568359375,5.92041015625,-15.19775390625,7.621058464050293,82.3729248046875,119.34014892578124
-0.211181640625,0.86376953125,0.03955078125,-16.78466796875,7.99560546875,-3.84521484375,8.057258605957031,81.92243957519531,119.66162109375
-0.23193359375,0.779541015625,0.079833984375,-24.59716796875,3.84521484375,-1.3427734375,8.464427947998049,81.03031158447266,119.8137664794922
-0.251953125,0.77294921875,0.05615234375,-11.1083984375,-0.42724609375,-6.16455078125,9.080953598022461,80.74622344970703,119.78077697753906
-0.287353515625,0.904296875,0.0224609375,5.7373046875,-1.15966796875,-7.32421875,9.701526641845703,81.24561309814453,119.73440551757812
-0.353759765625,1.091796875,-0.055908203125,2.0751953125,1.15966796875,7.4462890625,9.745482444763184,81.77519989013672,119.8979949951172
-0.400146484375,1.1162109375,-0.02880859375,-4.21142578125,-4.638671875,15.0146484375,9.524127960205078,81.9419937133789,119.85491943359376
-0.323974609375,1.12646484375,0.00341796875,1.52587890625,-11.16943359375,1.3427734375,9.671119689941406,82.21891021728516,119.46110534667969
-0.42578125,1.213623046875,-0.092041015625,12.451171875,-13.18359375,-16.66259765625,10.64949893951416,83.05152130126953,118.92147827148438
-0.40478515625,1.2724609375,-0.110107421875,2.9296875,-23.98681640625,-1.15966796875,10.866992950439453,83.42695617675781,118.02757263183594
-0.2890625,1.12353515625,-0.041259765625,-5.79833984375,-31.18896484375,4.82177734375,10.68027400970459,83.28663635253906,116.8482437133789
-0.215087890625,1.192626953125,-0.02392578125,11.77978515625,-36.62109375,-10.3759765625,10.915453910827637,83.76717376708984,115.37492370605469
-0.265869140625,1.28125,-0.0263671875,13.0615234375,-42.1142578125,-12.5732421875,11.27764892578125,84.22736358642578,113.6680145263672
-0.279052734375,1.208740234375,-0.01123046875,8.11767578125,-48.33984375,-16.4794921875,11.815767288208008,84.3775863647461,111.6847152709961
-0.2177734375,1.135009765625,-0.037353515625,20.5078125,-50.537109375,-22.0947265625,12.477420806884766,85.0291976928711,109.60304260253906
-0.1669921875,1.325927734375,-0.18408203125,20.263671875,-56.21337890625,-20.44677734375,12.915751457214355,85.81938934326172,107.34891510009766
-0.218505859375,1.40283203125,-0.241943359375,-5.4931640625,-60.60791015625,-22.705078125,13.491898536682127,85.55856323242188,104.92106628417969
-0.2744140625,1.054443359375,-0.10107421875,-43.0908203125,-66.71142578125,-5.9814453125,13.534347534179688,83.56526947021484,102.25276947021484
-0.101318359375,0.748046875,0.039794921875,-34.24072265625,-60.85205078125,6.04248046875,12.762354850769045,81.76022338867188,99.83653259277344
-0.06298828125,0.9208984375,-0.13720703125,-13.0615234375,-54.01611328125,0.244140625,12.112818717956545,81.42142486572266,97.79549407958984
-0.209716796875,1.08935546875,-0.095947265625,-23.4375,-67.68798828125,-1.953125,11.73552417755127,80.43939971923828,95.15998840332031
-0.030517578125,0.951904296875,-0.00146484375,-47.66845703125,-67.0166015625,2.50244140625,10.770787239074707,78.38749694824219,92.57520294189452
0.1376953125,0.811279296875,0.080322265625,-57.4951171875,-47.9736328125,7.26318359375,9.282429695129396,75.99465942382812,90.79949188232422
0.147705078125,0.690185546875,0.067138671875,-59.2041015625,-33.8134765625,12.63427734375,7.626269817352295,73.77346801757812,89.68036651611328
-0.052978515625,0.665771484375,0.06787109375,-40.22216796875,-31.494140625,8.9111328125,6.806338787078857,72.42521667480469,88.62255096435547
-0.293212890625,0.84814453125,0.052001953125,-29.11376953125,-36.7431640625,14.83154296875,6.284384250640869,71.63477325439453,87.45246124267578
-0.12890625,0.8720703125,0.087890625,-44.49462890625,-51.025390625,11.77978515625,5.268654823303223,70.15718841552734,85.71710968017578
-0.02001953125,0.838623046875,0.072265625,-13.61083984375,-17.15087890625,10.7421875,0.4436017572879791,69.62306976318361,60.95343780517578
-0.164306640625,0.8359375,0.06494140625,-12.8173828125,-10.92529296875,10.68115234375,0.31387221813201904,69.70883178710939,60.69400024414063
-0.12109375,0.8642578125,0.0947265625,-19.34814453125,-18.24951171875,7.99560546875,0.06466489285230638,69.46706390380861,60.120994567871094
-0.081787109375,0.8115234375,0.09912109375,-22.216796875,-21.1181640625,-7.50732421875,0.27302485704422,69.09391021728516,59.22377014160156
-0.17724609375,0.783447265625,0.095947265625,-15.869140625,-13.36669921875,-6.4697265625,0.8120630383491516,68.97470855712889,58.632484436035156
-0.251953125,0.822509765625,0.054443359375,-9.521484375,-7.01904296875,16.4794921875,0.7329084277153015,69.22594451904297,58.6114730834961
-0.194580078125,0.9140625,0.020751953125,-9.46044921875,-13.3056640625,14.6484375,0.4467629492282867,69.57453918457031,58.32642364501953
-0.149169921875,0.931396484375,0.0654296875,-13.85498046875,-20.08056640625,-4.8828125,0.6944734454154968,69.63438415527344,57.50911712646485
-0.145263671875,0.87841796875,0.068603515625,-15.869140625,-14.58740234375,-9.033203125,1.1750240325927734,69.59144592285156,56.8427734375
-0.196044921875,0.860107421875,0.055908203125,-10.80322265625,-6.16455078125,2.5634765625,1.454641580581665,69.77975463867189,56.658668518066406
-0.266357421875,0.9169921875,0.053466796875,-7.6904296875,-5.06591796875,15.93017578125,1.3678076267242432,70.094970703125,56.70042419433594
-0.2568359375,0.994873046875,0.087158203125,-8.72802734375,-9.94873046875,14.09912109375,1.2199716567993164,70.29570007324219,56.52748107910156
-0.248046875,0.970703125,0.08935546875,-11.41357421875,-18.98193359375,-0.3662109375,1.4954379796981812,70.35916137695311,55.81676483154297
-0.239013671875,0.927001953125,0.08740234375,-9.33837890625,-26.67236328125,-12.6953125,2.128068208694458,70.4780502319336,54.65403366088867
-0.168701171875,0.959716796875,0.11474609375,-3.7841796875,-31.79931640625,-8.97216796875,2.357497453689575,70.75431060791016,53.35148239135742
-0.1455078125,1.00537109375,0.096435546875,-6.2255859375,-25.0244140625,-3.35693359375,2.3935017585754395,70.98712158203125,52.38165664672852
-0.14990234375,0.99658203125,0.083251953125,-9.3994140625,-19.53125,1.953125,2.3142964839935303,71.12223052978516,51.68862915039063
-0.142333984375,0.96826171875,0.11669921875,-12.451171875,-17.88330078125,2.99072265625,2.210874080657959,71.0539321899414,51.0666389465332
-0.13427734375,0.91845703125,0.11083984375,-11.8408203125,-17.822265625,-1.28173828125,2.2714874744415283,71.01121520996094,50.391563415527344
-0.113525390625,0.921630859375,0.13134765625,-5.4931640625,-14.70947265625,-2.99072265625,2.3828697204589844,71.18038177490234,49.81156539916992
-0.16845703125,0.992919921875,0.0546875,-4.57763671875,-5.37109375,3.173828125,2.483892679214477,71.58318328857422,49.67260360717773
-0.174560546875,1.024658203125,0.06884765625,-9.09423828125,-2.8076171875,11.90185546875,2.2841832637786865,71.77320098876953,49.73771667480469
-0.21484375,1.01953125,0.111328125,-12.20703125,-3.60107421875,10.986328125,2.2018513679504395,71.73517608642578,49.75369262695313
-0.185546875,0.973388671875,0.112548828125,-14.95361328125,-10.92529296875,3.84521484375,2.2581284046173096,71.56168365478516,49.40147399902344
-0.15380859375,0.930908203125,0.13720703125,-9.3994140625,-11.474609375,-1.40380859375,2.446727752685547,71.54579162597656,48.96168518066406
-0.18212890625,0.9599609375,0.11181640625,-3.72314453125,-8.9111328125,1.3427734375,2.6115994453430176,71.82674407958984,48.65814590454102
-0.203125,1.019775390625,0.115478515625,-2.50244140625,-10.6201171875,6.591796875,2.5726897716522217,72.15217590332031,48.3541488647461
-0.21630859375,1.005615234375,0.1044921875,-2.0751953125,-15.625,2.197265625,2.678757667541504,72.4894027709961,47.80392456054688
-0.17578125,0.99169921875,0.122802734375,-3.662109375,-23.4375,-4.69970703125,2.870774984359741,72.68981170654297,46.8697395324707
-0.126953125,0.977783203125,0.1298828125,-2.86865234375,-21.3623046875,-11.41357421875,3.2342348098754883,72.89240264892578,45.93596649169922
-0.148681640625,0.9638671875,0.103515625,-3.96728515625,-14.2822265625,-3.0517578125,3.4047026634216313,73.11469268798828,45.37604904174805
-0.161376953125,0.99755859375,0.113525390625,-3.2958984375,-10.80322265625,3.90625,3.360733985900879,73.35301971435547,45.02896118164063
-0.1875,0.974365234375,0.1279296875,-7.99560546875,-12.63427734375,-2.44140625,3.606385946273804,73.34456634521484,44.53487396240234
-0.106201171875,0.931396484375,0.12255859375,-11.53564453125,-12.0849609375,-7.01904296875,3.851342678070069,73.1946029663086,44.01178359985352
-0.101318359375,0.85693359375,0.11572265625,-15.56396484375,-8.11767578125,-7.38525390625,4.153339862823486,72.88947296142578,43.63727569580078
-0.08544921875,0.729248046875,0.143310546875,-15.5029296875,0.8544921875,-0.06103515625,4.261212348937988,72.49443054199219,43.684837341308594
-0.103271484375,0.681396484375,0.16455078125,-7.38525390625,7.01904296875,1.52587890625,4.449719905853272,72.36138916015625,43.98160934448242
-0.11962890625,0.695068359375,0.12451171875,1.03759765625,11.65771484375,-1.46484375,4.84871768951416,72.71665954589844,44.43263244628906
-0.108642578125,0.70263671875,0.14306640625,1.46484375,12.939453125,-10.55908203125,5.551014423370361,73.02186584472656,44.82418823242188
-0.09423828125,0.680419921875,0.1630859375,-2.44140625,18.5546875,-13.36669921875,6.357886791229247,73.1060562133789,45.3956527709961
-0.05712890625,0.649169921875,0.153564453125,-1.46484375,25.45166015625,-13.671875,7.111691474914551,73.27214813232422,46.234764099121094
-0.07470703125,0.6171875,0.091064453125,5.126953125,33.26416015625,-12.75634765625,7.960165500640869,73.94290161132812,47.41920852661133
-0.060302734375,0.614501953125,0.08544921875,7.6904296875,35.94970703125,-12.451171875,8.726626396179201,74.7434310913086,48.72838973999024
-0.0380859375,0.68115234375,0.103271484375,9.6435546875,47.119140625,-13.97705078125,9.519712448120117,75.65028381347656,50.46991348266602
-0.078369140625,0.741455078125,0.0771484375,8.48388671875,67.07763671875,3.173828125,9.887913703918457,76.76217651367188,53.19807434082031
-0.1162109375,0.75048828125,0.012939453125,10.68115234375,74.76806640625,13.671875,9.95478057861328,78.19178771972656,56.36293029785156
-0.1748046875,0.7548828125,-0.04150390625,14.5263671875,68.7255859375,12.0849609375,10.12564754486084,79.83502197265625,59.296730041503906
-0.184326171875,0.99658203125,-0.064697265625,18.37158203125,59.814453125,-3.2958984375,10.65471649169922,81.53135681152344,61.77105712890625
-0.23486328125,1.102783203125,-0.052978515625,4.69970703125,58.7158203125,-2.197265625,11.115809440612793,82.59256744384766,64.20839691162111
-0.19140625,1.032958984375,-0.07373046875,-23.5595703125,60.05859375,6.53076171875,11.139726638793944,82.5675277709961,66.75601196289061
-0.175048828125,0.828125,-0.144287109375,-44.189453125,51.45263671875,2.99072265625,11.335135459899902,81.87275695800781,68.98012542724611
-0.24072265625,0.877197265625,-0.0126953125,-28.01513671875,40.1611328125,-4.82177734375,11.91527271270752,81.4092025756836,70.64051055908203
-0.269775390625,1.068603515625,0.043701171875,-12.51220703125,46.08154296875,9.8876953125,11.881074905395508,81.5372314453125,72.61066436767578
-0.21875,1.09423828125,-0.018798828125,-33.14208984375,56.70166015625,19.34814453125,11.434155464172365,81.06000518798828,75.09227752685547
-0.185791015625,0.9091796875,-0.09521484375,-44.3115234375,57.06787109375,18.310546875,11.08921718597412,80.33392333984375,77.62218475341797
-0.28759765625,0.9052734375,-0.046142578125,-26.79443359375,48.9501953125,20.20263671875,10.885649681091307,80.13243103027344,79.8147964477539
-0.32763671875,1.212158203125,0.01708984375,-4.5166015625,44.12841796875,28.80859375,10.211337089538574,80.65000915527344,81.84198760986328
-0.262939453125,1.166259765625,0.021240234375,-31.18896484375,38.818359375,23.193359375,9.655643463134766,80.0101089477539,83.60631561279297
-0.2392578125,0.83837890625,-0.0322265625,-57.7392578125,32.65380859375,19.4091796875,9.390191078186037,78.39631652832031,85.1249008178711
-0.227294921875,0.634033203125,-0.046875,-33.8134765625,12.26806640625,23.8037109375,8.978354454040527,77.73261260986328,85.8989486694336
-0.196533203125,0.876953125,0.037841796875,-1.5869140625,3.7841796875,19.1650390625,8.409626007080076,78.08462524414062,86.26640319824219
-0.2890625,1.054931640625,0.03662109375,-7.8125,-5.55419921875,10.55908203125,8.229290962219237,78.12164306640625,86.18644714355469
-0.392333984375,0.825439453125,0.111083984375,-46.20361328125,-22.88818359375,11.41357421875,8.250710487365723,76.2970962524414,85.391357421875
-0.339111328125,0.56787109375,0.244384765625,-43.212890625,-40.95458984375,31.55517578125,7.41902494430542,74.04442596435547,84.04472351074219
-0.191162109375,0.5361328125,0.27490234375,-2.685546875,-51.94091796875,16.6015625,6.612709999084473,73.27521514892578,82.15931701660156
-0.1103515625,0.85107421875,0.0986328125,40.95458984375,-60.97412109375,-20.1416015625,6.759829044342041,74.99486541748047,79.62140655517578
-0.25341796875,1.017578125,0.0087890625,26.7333984375,-56.5185546875,-16.90673828125,7.154531955718994,76.31912994384766,77.31368255615234
-0.2890625,1.02880859375,0.0419921875,1.28173828125,-58.04443359375,27.03857421875,5.912008285522461,76.5604248046875,75.34423065185547
-0.197265625,1.0263671875,0.048828125,-3.60107421875,-48.64501953125,54.6875,3.5468788146972656,76.70433807373047,73.9852523803711
-0.131591796875,1.063720703125,0.056640625,-11.23046875,-46.0205078125,59.6923828125,0.952747881412506,76.59471130371094,72.75938415527344
-0.138916015625,1.07958984375,0.086669921875,-18.37158203125,-40.22216796875,72.509765625,-1.97820508480072,76.20016479492188,71.87135314941406
-0.16796875,1.10205078125,0.06787109375,-5.55419921875,-34.5458984375,73.42529296875,-4.726873397827148,76.40435791015625,71.19879150390625
-0.1533203125,1.187744140625,0.0703125,-5.31005859375,-42.05322265625,65.97900390625,-7.198054790496826,76.68705749511719,70.12920379638672
-0.089599609375,1.143310546875,0.1025390625,-21.484375,-54.13818359375,59.5703125,-9.546781539916992,76.36981964111328,68.51040649414061
0.05224609375,1.13720703125,0.195068359375,-23.4375,-50.23193359375,35.0341796875,-11.101407051086426,75.87043762207031,66.83747100830078
0.021728515625,1.281982421875,0.063720703125,-11.16943359375,-40.46630859375,17.7001953125,-11.778018951416016,76.14761352539062,65.32050323486328
-0.02294921875,1.407470703125,0.000244140625,-16.90673828125,-37.7197265625,19.4091796875,-12.394027709960938,76.28998565673828,63.89476013183594
0.118408203125,1.189208984375,0.1337890625,-46.08154296875,-57.2509765625,26.611328125,-13.712957382202148,75.18405151367188,61.81641387939453
0.2744140625,1.107421875,0.245361328125,-38.818359375,-54.3212890625,12.451171875,-14.750032424926758,74.20960998535156,59.76774597167969
0.2490234375,1.197509765625,0.223876953125,-11.04736328125,-32.470703125,-15.2587890625,-14.383708953857422,74.33070373535156,58.255836486816406
0.037353515625,1.17236328125,0.130859375,2.99072265625,-21.78955078125,-17.333984375,-13.452803611755373,75.06816101074219,57.1133804321289
0.1171875,1.068359375,0.122802734375,4.08935546875,-26.18408203125,-5.7373046875,-13.206534385681152,75.80996704101562,55.93718719482422
0.093994140625,1.020263671875,0.085205078125,21.484375,-17.822265625,-1.03759765625,-13.018511772155762,77.19815826416016,55.13379287719727
0.093994140625,1.297607421875,0.03662109375,48.88916015625,5.55419921875,0.42724609375,-12.646299362182615,79.53688049316406,55.26784896850586
-0.006103515625,1.0556640625,-0.059814453125,-5.126953125,14.6484375,33.87451171875,-12.929088592529295,82.06127166748047,55.58961486816406
0.013916015625,1.111083984375,-0.05029296875,-4.2724609375,7.080078125,15.93017578125,-13.045764923095705,82.2181625366211,55.871299743652344
0.0400390625,1.144287109375,-0.594482421875,71.533203125,32.1044921875,-46.875,-10.70054531097412,86.17447662353516,56.69952392578125
0.047607421875,1.244140625,-0.328857421875,26.3671875,-25.7568359375,-32.65380859375,-9.126893043518066,88.14398956298828,55.463356018066406
-0.1044921875,1.22216796875,-0.053955078125,10.3759765625,-11.90185546875,-32.16552734375,-7.3057007789611825,88.79283142089844,54.92802429199219
-0.036865234375,1.120849609375,-0.108642578125,-19.04296875,0.42724609375,-22.8271484375,-6.0336341857910165,88.28661346435547,54.889625549316406
-0.13623046875,1.099853515625,-0.072265625,-38.6962890625,4.57763671875,10.43701171875,-5.927853107452393,86.9208755493164,55.060462951660156
-0.0888671875,0.986083984375,-0.04931640625,-48.64501953125,-0.244140625,24.23095703125,-6.456752300262451,85.19145965576172,55.08336639404297
-0.05126953125,0.761962890625,0.0576171875,-36.4990234375,-9.3994140625,2.86865234375,-6.198386669158936,83.7771224975586,54.71054458618164
0.067138671875,0.8291015625,0.007568359375,-5.9814453125,-11.04736328125,-8.6669921875,-5.838962078094482,83.7999267578125,54.20896530151367
0.0595703125,0.906982421875,-0.0068359375,17.76123046875,-10.986328125,-15.625,-5.1787190437316895,84.80725860595703,53.6843376159668
0.067138671875,0.95947265625,-0.038330078125,31.43310546875,-7.62939453125,-16.11328125,-4.514322280883789,86.37598419189453,53.30633544921875
-0.037841796875,1.39453125,-0.2685546875,-7.14111328125,-12.20703125,3.11279296875,-4.91591215133667,89.44967651367188,53.0904655456543
-0.03662109375,0.905517578125,-0.056884765625,-7.99560546875,-16.78466796875,3.0517578125,-4.755838394165039,89.3369369506836,52.40341186523438
0.077392578125,1.03466796875,-0.102294921875,-9.27734375,-10.3759765625,3.0517578125,-4.861874580383301,89.23646545410156,51.96833419799805
0.043212890625,1.01513671875,-0.0751953125,-8.97216796875,-1.03759765625,2.25830078125,-4.85595178604126,89.06502532958984,51.91160202026367
0.017578125,0.924560546875,-0.045654296875,-7.9345703125,6.591796875,1.40380859375,-4.758188724517822,88.86024475097656,52.16477584838867
-0.01806640625,0.97314453125,-0.066162109375,-9.82666015625,8.544921875,1.40380859375,-4.577482223510742,88.62431335449219,52.49203109741211
-0.005859375,1.054931640625,-0.0478515625,-8.72802734375,-4.69970703125,2.74658203125,-4.1179537773132315,87.78921508789062,52.11648178100586
-0.008544921875,1.013671875,-0.075927734375,-9.3994140625,-4.7607421875,2.99072265625,-4.062074661254884,87.66996002197266,51.91168975830078
-0.005126953125,1.02392578125,-0.033203125,-9.33837890625,-5.0048828125,3.35693359375,-4.030982494354248,87.4619140625,51.70473098754883
-0.02001953125,0.970703125,-0.039306640625,-9.3994140625,-4.638671875,2.44140625,-3.4575517177581787,86.44110870361328,50.308311462402344
-0.020263671875,1.001953125,-0.05517578125,-8.72802734375,-4.57763671875,2.0751953125,-3.36857533454895,86.35424041748047,50.11416244506836
-0.02001953125,0.990234375,-0.060791015625,-9.765625,-4.69970703125,1.953125,-3.2790396213531494,86.2435531616211,49.91434097290039
-0.02685546875,0.998779296875,-0.05517578125,-8.60595703125,-4.5166015625,2.25830078125,-3.1898417472839355,86.16893005371094,49.72375106811523
-0.013427734375,1.007080078125,-0.0517578125,-9.521484375,-4.638671875,2.50244140625,-3.1450316905975337,86.05207061767578,49.52988815307617
-0.012451171875,1.021484375,-0.063720703125,-9.33837890625,-4.33349609375,2.0751953125,-3.0872161388397217,85.97136688232422,49.34593200683594
