0.028076171875,0.977783203125,0.0263671875,-7.6904296875,-3.90625,1.5869140625,-3.845577955245972,80.53048706054688,45.36968994140625
0.08203125,0.973876953125,0.0595703125,-7.4462890625,-3.7841796875,1.28173828125,-3.958651304244995,80.46385955810547,45.21352005004883
0.276123046875,0.946044921875,0.144287109375,-5.126953125,38.39111328125,1.40380859375,-4.2383456230163565,80.16751098632812,46.74280166625977
-0.129150390625,1.04833984375,-0.079345703125,-6.53076171875,44.25048828125,1.953125,-3.5828957557678223,80.3265609741211,48.46418380737305
-0.1962890625,0.984130859375,-0.022216796875,-6.89697265625,18.6767578125,1.15966796875,-2.9257752895355225,80.41961669921875,49.18266296386719
-0.020751953125,0.986572265625,0.008544921875,-7.4462890625,-1.708984375,1.708984375,-2.8414061069488525,80.46976470947266,49.10809707641602
0.024169921875,0.906982421875,-0.06689453125,-12.75634765625,-102.9052734375,2.99072265625,-5.533686637878418,81.36611938476562,28.967914581298828
0.024169921875,0.8515625,-0.0234375,-11.90185546875,-100.28076171875,2.74658203125,-6.065366744995117,81.68360137939453,24.95758438110352
-0.027587890625,1.036865234375,-0.067626953125,-13.00048828125,-108.2763671875,3.11279296875,-6.486469745635986,82.09859466552734,20.611949920654297
0.083984375,1.1298828125,-0.104248046875,-14.6484375,-104.6142578125,-0.67138671875,-6.92038631439209,82.50920104980469,16.375341415405273
0.068115234375,1.1982421875,-0.152099609375,-35.7666015625,-95.947265625,-18.4326171875,-6.552549362182617,82.10910034179688,12.378849029541016
0.03076171875,1.02734375,-0.033447265625,-51.8798828125,-78.79638671875,-36.56005859375,-5.379623889923097,80.75798034667969,8.985239028930664
-0.0673828125,0.98974609375,-0.0185546875,-33.99658203125,-95.03173828125,-33.02001953125,-4.333956241607666,80.13067626953125,4.967002868652344
0.035400390625,1.1884765625,-0.071044921875,-19.83642578125,-102.05078125,-17.51708984375,-4.227919101715088,80.15892791748047,0.7764272689819336
-0.014404296875,1.142822265625,-0.06201171875,-17.63916015625,-100.09765625,22.39990234375,-5.5803399085998535,80.27808380126953,-3.0719308853149414
-0.04833984375,0.9765625,-0.03076171875,-9.82666015625,-103.57666015625,36.2548828125,-7.343738079071045,80.76473999023438,-6.992464065551758
-0.083740234375,1.02685546875,0.0205078125,5.37109375,-116.02783203125,27.64892578125,-8.643319129943848,81.90960693359375,-11.497579574584961
-0.171630859375,1.187255859375,0.046875,-3.72314453125,-133.48388671875,21.05712890625,-9.506112098693848,82.80704498291016,-16.774887084960938
-0.120361328125,1.04248046875,0.074951171875,-24.59716796875,-152.03857421875,29.9072265625,-10.787403106689453,82.98892974853516,-22.776058197021484
0.046142578125,0.8662109375,0.0166015625,-22.3388671875,-160.64453125,27.34375,-12.290193557739258,83.60017395019531,-29.20091438293457
0.268310546875,0.947021484375,0.01123046875,-8.6669921875,-136.16943359375,-12.63427734375,-12.464879989624025,84.66645050048828,-34.843170166015625
0.3388671875,0.989501953125,0.032958984375,-14.83154296875,-103.515625,-28.13720703125,-11.95457649230957,85.10720825195312,-39.18677520751953
0.017333984375,1.0458984375,-0.074951171875,1.46484375,-88.43994140625,2.8076171875,-11.888169288635256,86.2596435546875,-42.85370635986328
0.29833984375,0.95458984375,0.017333984375,25.146484375,-73.05908203125,60.48583984375,-14.645772933959961,88.0174560546875,-45.75772094726562
0.346435546875,0.96484375,0.000732421875,23.25439453125,-39.00146484375,48.095703125,-16.7913818359375,89.43629455566406,-47.35778045654297
0.309814453125,1.021484375,-0.0107421875,7.6904296875,-10.55908203125,25.0244140625,-17.790475845336914,89.904541015625,-47.80675506591797
0.15185546875,0.946044921875,0.0146484375,-13.36669921875,9.21630859375,12.39013671875,-17.937541961669922,89.20135498046875,-47.405433654785156
0.0693359375,0.863525390625,0.043212890625,-23.8037109375,14.5263671875,-1.89208984375,-17.32266616821289,87.96460723876953,-46.77351760864258
0.052490234375,0.84521484375,0.076171875,-24.90234375,15.68603515625,-5.92041015625,-16.516613006591793,86.63774871826172,-46.0938949584961
0.0849609375,0.824951171875,0.086181640625,-16.05224609375,20.56884765625,6.65283203125,-16.306371688842773,85.62590789794922,-45.1900634765625
0.086669921875,0.74560546875,0.097900390625,-7.9345703125,29.96826171875,2.5634765625,-15.927215576171875,84.81702423095703,-43.90104293823242
0.007080078125,0.761474609375,0.09326171875,5.37109375,36.1328125,-4.57763671875,-15.01186466217041,84.54761505126953,-42.40272903442383
-0.0478515625,0.833251953125,0.076904296875,22.3388671875,36.19384765625,-6.8359375,-13.900016784667967,85.06574249267578,-40.93464279174805
-0.048095703125,0.904052734375,0.091064453125,28.564453125,32.28759765625,-12.26806640625,-12.650857925415039,85.8626937866211,-39.63518524169922
-0.052734375,0.970458984375,0.110595703125,22.88818359375,25.93994140625,-29.296875,-10.80261516571045,86.46696472167969,-38.62781524658203
-0.045654296875,1.091796875,0.125,1.46484375,12.0849609375,-43.27392578125,-8.532574653625487,86.32548522949219,-38.21944427490234
-0.001708984375,1.099609375,0.115966796875,-10.19287109375,1.03759765625,-46.08154296875,-6.355069637298584,85.8195571899414,-38.285011291503906
0.074951171875,1.125244140625,0.062744140625,-18.1884765625,-3.662109375,-18.24951171875,-5.538596153259277,85.13764190673828,-38.490867614746094
0.13671875,1.099609375,0.059326171875,-31.6162109375,3.0517578125,-8.1787109375,-5.263194561004639,83.91979217529297,-38.403480529785156
0.01513671875,1.048583984375,0.077392578125,-35.58349609375,5.67626953125,-3.23486328125,-4.932523727416992,82.53740692138672,-38.20008850097656
0.02294921875,0.996337890625,0.059326171875,-34.423828125,-0.54931640625,6.7138671875,-5.05724048614502,81.3062973022461,-38.19962692260742
0.106689453125,0.992919921875,0.031982421875,-29.052734375,0.0,12.63427734375,-5.597984790802002,80.39334106445312,-38.14276885986328
0.18359375,0.9833984375,0.030029296875,-28.4423828125,12.14599609375,13.61083984375,-6.24769401550293,79.4891586303711,-37.59420776367188
0.15283203125,0.93994140625,-0.01171875,-26.30615234375,24.96337890625,21.30126953125,-7.01959753036499,78.73031616210938,-36.49254608154297
0.077392578125,0.927490234375,-0.00048828125,-15.07568359375,41.015625,25.81787109375,-7.6240782737731925,78.32816314697266,-34.72067642211914
-0.078369140625,0.89892578125,0.03955078125,-5.43212890625,39.48974609375,25.0244140625,-7.7930564880371085,78.22357940673828,-33.00566864013672
-0.024658203125,0.923828125,0.052978515625,2.99072265625,31.25,21.78955078125,-8.03037166595459,78.47306060791016,-31.63865089416504
0.07080078125,0.98681640625,0.0732421875,5.7373046875,34.72900390625,10.80322265625,-8.029379844665527,78.7732925415039,-30.21650314331055
0.029296875,0.973388671875,0.1142578125,2.25830078125,39.0625,6.89697265625,-7.751433849334718,78.80953979492188,-28.639013290405273
-0.16552734375,0.931884765625,0.145751953125,6.103515625,32.04345703125,16.11328125,-7.44787073135376,78.94487762451172,-27.25785255432129
-0.08056640625,0.974365234375,0.112060546875,16.29638671875,10.1318359375,18.85986328125,-7.635349750518799,79.68901824951172,-26.73715591430664
0.0087890625,1.0166015625,0.1279296875,11.8408203125,2.685546875,-1.64794921875,-7.268776893615723,80.260498046875,-26.65603446960449
0.06298828125,1.05419921875,0.107666015625,-3.11279296875,-0.67138671875,-24.47509765625,-6.157083511352539,80.2996826171875,-26.864246368408203
0.075439453125,1.1015625,0.104248046875,-14.6484375,-3.7841796875,-21.54541015625,-5.246110439300537,79.89990234375,-27.17765998840332
0.10595703125,1.029541015625,0.088134765625,-19.1650390625,-5.31005859375,-2.13623046875,-5.2239341735839835,79.34593200683594,-27.42016220092773
0.1259765625,0.9638671875,0.080810546875,-14.0380859375,-1.89208984375,8.6669921875,-5.664698600769043,79.00215148925781,-27.44986915588379
0.083740234375,0.96826171875,0.064453125,-4.08935546875,1.0986328125,5.18798828125,-5.83140754699707,79.10066223144531,-27.39441680908203
0.08251953125,1.05419921875,0.071044921875,-6.34765625,2.01416015625,-1.89208984375,-5.688887119293213,79.10552215576172,-27.35622215270996
0.059326171875,1.1015625,0.05810546875,-18.310546875,-1.708984375,-3.41796875,-5.465632915496826,78.6812515258789,-27.48012351989746
0.086181640625,1.05224609375,0.044677734375,-29.78515625,-4.638671875,4.45556640625,-5.647246837615968,77.8426742553711,-27.65957260131836
0.10888671875,0.9794921875,0.021484375,-31.18896484375,2.685546875,7.4462890625,-5.9449849128723145,76.99405670166016,-27.530601501464844
0.092041015625,0.932373046875,0.011474609375,-23.193359375,11.5966796875,6.89697265625,-6.100512027740479,76.48391723632812,-27.062610626220703
0.010009765625,0.899169921875,0.044677734375,-6.34765625,15.80810546875,4.150390625,-5.903228759765625,76.57107543945312,-26.449737548828125
-0.002685546875,0.9755859375,0.07080078125,4.21142578125,12.87841796875,3.11279296875,-5.670689105987549,77.03959655761719,-25.953468322753906
0.000732421875,1.023193359375,0.0869140625,4.57763671875,10.7421875,6.2255859375,-5.598016262054443,77.48358917236328,-25.50807762145996
0.03466796875,0.95703125,0.0869140625,0.18310546875,11.16943359375,11.04736328125,-5.795090198516847,77.71449279785156,-25.00260353088379
0.00634765625,0.9140625,0.071533203125,3.0517578125,11.474609375,6.40869140625,-5.737648963928223,78.08210754394531,-24.52812767028809
-0.03271484375,0.951904296875,0.10693359375,6.2255859375,7.38525390625,-2.99072265625,-5.2578768730163565,78.50988006591797,-24.28171730041504
-0.0283203125,1.03955078125,0.12060546875,1.8310546875,-4.638671875,-14.7705078125,-4.446228981018066,78.78767395019531,-24.595916748046875
0.015869140625,1.0732421875,0.121337890625,-9.09423828125,-13.5498046875,-13.427734375,-3.8817234039306636,78.6453628540039,-25.2470645904541
0.072021484375,1.056884765625,0.0986328125,-19.8974609375,-16.54052734375,-9.033203125,-3.659623861312866,78.1218490600586,-25.98395156860352
0.068359375,0.97412109375,0.105712890625,-23.37646484375,-11.5966796875,-7.75146484375,-3.467079401016236,77.43025207519531,-26.51663589477539
0.05126953125,0.9638671875,0.082763671875,-18.12744140625,-8.72802734375,-5.4931640625,-3.3126707077026367,77.01753997802734,-26.923587799072266
0.019287109375,1.00146484375,0.100830078125,-12.0849609375,-8.97216796875,0.0,-3.3051421642303467,76.8270492553711,-27.290264129638672
0.069580078125,1.04345703125,0.060546875,-10.8642578125,-14.0380859375,13.36669921875,-3.971526622772217,76.7950668334961,-27.739643096923828
0.134033203125,1.001708984375,0.032470703125,-14.83154296875,-10.19287109375,16.66259765625,-4.857306957244873,76.65192413330078,-28.01589393615723
0.142578125,0.98046875,0.0078125,-15.2587890625,-1.89208984375,12.0849609375,-5.482773780822754,76.52862548828125,-28.019962310791016
0.156494140625,0.948974609375,-0.013427734375,-13.5498046875,11.474609375,5.9814453125,-5.768836975097656,76.4798583984375,-27.567279815673828
0.107421875,0.937744140625,0.001953125,-7.8125,23.5595703125,3.90625,-5.7401084899902335,76.58419036865234,-26.661090850830078
0.0615234375,0.939208984375,0.038818359375,2.685546875,25.0244140625,11.3525390625,-5.880166530609131,77.00491333007812,-25.620519638061523
0.032958984375,0.94921875,0.05322265625,10.68115234375,27.099609375,13.73291015625,-6.0292091369628915,77.68289184570312,-24.47528076171875
-0.0634765625,1.002197265625,0.08837890625,11.04736328125,24.4140625,6.9580078125,-5.721662521362305,78.29438781738281,-23.48526763916016
-0.095703125,1.013427734375,0.1181640625,3.60107421875,10.498046875,-1.89208984375,-5.1282453536987305,78.58650970458984,-23.10566329956055
-0.093505859375,1.02001953125,0.132568359375,-10.986328125,-10.55908203125,-18.9208984375,-4.063847064971924,78.3372573852539,-23.685686111450195
-0.065673828125,1.050537109375,0.1357421875,-22.0947265625,-25.45166015625,-27.9541015625,-2.879093885421753,77.68487548828125,-24.926841735839844
0.0380859375,1.044189453125,0.13330078125,-28.80859375,-31.55517578125,-29.9072265625,-1.9574179649353027,76.7820816040039,-26.43012619018555
0.083984375,1.024169921875,0.14208984375,-30.82275390625,-26.91650390625,-18.4326171875,-1.6006145477294922,75.78395080566406,-27.655315399169922
0.075439453125,0.980712890625,0.126953125,-26.42822265625,-22.15576171875,-3.7841796875,-1.784003734588623,75.0098876953125,-28.557750701904297
0.08837890625,0.957763671875,0.12451171875,-20.99609375,-17.7001953125,5.92041015625,-2.332077980041504,74.4776840209961,-29.18804168701172
0.112060546875,0.95068359375,0.066162109375,-12.51220703125,-9.82666015625,10.498046875,-3.0140609741210938,74.42850494384766,-29.47341537475586
0.115966796875,0.944580078125,0.05517578125,-10.8642578125,-1.953125,10.55908203125,-3.600132942199707,74.45732879638672,-29.46084403991699
0.1494140625,0.923583984375,0.027099609375,-9.3994140625,7.26318359375,12.5732421875,-4.231912136077882,74.57925415039062,-29.07968521118164
0.079833984375,0.825439453125,0.010009765625,4.69970703125,20.44677734375,13.671875,-4.604712963104248,75.25817108154297,-28.18791007995605
-0.13623046875,1.020751953125,0.119873046875,22.64404296875,21.66748046875,5.06591796875,-4.615020751953125,80.69454956054688,-23.50580596923828
-0.173583984375,1.0537109375,0.1416015625,11.90185546875,5.55419921875,-9.46044921875,-3.661591053009033,81.20880126953125,-23.34754180908203
-0.09765625,1.082275390625,0.16357421875,-13.3056640625,-16.9677734375,-32.958984375,-2.1204097270965576,80.71401977539062,-24.22414779663086
-0.007568359375,1.078125,0.12451171875,-27.9541015625,-26.123046875,-37.4755859375,-0.7207291722297668,79.72065734863281,-25.50906181335449
0.01025390625,1.049560546875,0.150634765625,-33.87451171875,-27.89306640625,-30.517578125,0.2742000222206116,78.4406509399414,-26.833314895629886
0.044677734375,0.971923828125,0.125732421875,-29.1748046875,-29.84619140625,-12.02392578125,0.3840193450450897,77.41831970214844,-28.0983943939209
0.108154296875,0.974365234375,0.072509765625,-19.22607421875,-25.2685546875,-1.708984375,-0.034480243921279914,76.95970153808594,-29.095561981201172
0.123046875,1.020751953125,0.015869140625,-13.671875,-19.59228515625,5.7373046875,-0.7023656368255615,76.87944793701172,-29.807483673095703
0.138671875,1.017578125,-0.01416015625,-13.3056640625,-7.6904296875,10.55908203125,-1.4611717462539673,76.8802261352539,-30.01840209960937
0.112548828125,1.026611328125,-0.015380859375,-13.7939453125,2.38037109375,9.70458984375,-2.008407592773437,76.85639190673828,-29.8515625
0.05029296875,0.983154296875,0.02001953125,-15.380859375,5.55419921875,7.50732421875,-2.287829160690308,76.68840026855469,-29.583106994628906
0.067138671875,0.933837890625,0.0205078125,-11.962890625,11.29150390625,1.708984375,-2.325772285461426,76.6524658203125,-29.14557266235352
0.03466796875,0.912353515625,0.030029296875,-6.53076171875,17.4560546875,-1.8310546875,-2.0925447940826416,76.80426788330078,-28.49943351745605
-0.0224609375,0.98876953125,0.06884765625,-0.54931640625,19.83642578125,-2.99072265625,-1.6667176485061646,77.10755920410156,-27.7650146484375
-0.1025390625,0.997802734375,0.140869140625,-2.44140625,14.46533203125,3.47900390625,-1.3798240423202517,77.17115783691406,-27.17575263977051
-0.122802734375,0.933349609375,0.150390625,-0.30517578125,6.8359375,6.89697265625,-1.241718053817749,77.28150939941406,-26.85265350341797
-0.088134765625,0.939208984375,0.141845703125,5.18798828125,-0.8544921875,5.37109375,-1.1991078853607178,77.6370849609375,-26.84336853027344
-0.0654296875,0.93505859375,0.1767578125,6.8359375,-7.32421875,2.44140625,-1.1515607833862305,77.96658325195312,-27.11081695556641
-0.088134765625,0.92236328125,0.195556640625,7.38525390625,-12.14599609375,2.50244140625,-1.0901848077774048,78.2581787109375,-27.566303253173828
-0.03466796875,0.945068359375,0.180419921875,8.85009765625,-16.845703125,4.94384765625,-1.290521502494812,78.64688110351562,-28.18852615356445
-0.034912109375,1.00732421875,0.179931640625,3.96728515625,-14.7705078125,7.38525390625,-1.5635722875595093,78.85212707519531,-28.71281623840332
-0.040771484375,0.9931640625,0.160888671875,-2.13623046875,-16.11328125,4.33349609375,-1.7012016773223877,78.84607696533203,-29.315099716186523
-0.0126953125,1.007568359375,0.146728515625,-6.65283203125,-17.15087890625,-5.0048828125,-1.5402852296829224,78.69930267333984,-30.03044128417969
-0.006591796875,1.000244140625,0.149658203125,-10.009765625,-12.939453125,-3.7841796875,-1.416962504386902,78.4089584350586,-30.57081794738769
0.00634765625,1.00537109375,0.141845703125,-11.65771484375,-12.20703125,0.67138671875,-1.4986327886581419,78.08147430419922,-31.0473575592041
-0.0078125,1.002197265625,0.1318359375,-15.380859375,-12.8173828125,-0.67138671875,-1.5012081861495972,77.64073944091797,-31.55945014953613
0.02001953125,0.983154296875,0.14453125,-22.0947265625,-10.009765625,-12.0849609375,-1.1036901473999023,76.91261291503906,-32.059234619140625
0.0673828125,1.0126953125,0.11865234375,-27.9541015625,-7.568359375,-17.578125,-0.5977012515068054,76.04090118408203,-32.51946258544922
0.084716796875,0.9716796875,0.092041015625,-31.3720703125,1.03759765625,-17.15087890625,-0.0977385938167572,75.11024475097656,-32.64934539794922
-0.003662109375,0.9775390625,0.1083984375,-23.13232421875,6.53076171875,0.1220703125,-0.022744877263903614,74.50965881347656,-32.396419525146484
0.02685546875,0.939208984375,0.11376953125,-12.939453125,3.5400390625,14.70947265625,-0.6142057776451111,74.3161849975586,-32.103469848632805
0.036376953125,0.953369140625,0.0615234375,-7.2021484375,4.82177734375,15.07568359375,-1.2049925327301023,74.48120880126953,-31.76203536987305
0.125244140625,1.056396484375,0.017333984375,-10.6201171875,13.36669921875,4.21142578125,-1.448029398918152,74.5994644165039,-31.212980270385746
0.1640625,1.00927734375,-0.004638671875,-18.06640625,19.95849609375,4.0283203125,-1.7027801275253296,74.44815826416016,-30.41375160217285
0.044921875,0.96826171875,0.03173828125,-18.4326171875,31.8603515625,4.08935546875,-1.5600106716156006,74.198486328125,-29.156890869140625
-0.004150390625,0.90478515625,0.047607421875,-8.056640625,24.96337890625,10.1318359375,-1.6113250255584717,74.33716583251953,-28.099454879760746
0.063720703125,1.056396484375,-0.017578125,5.7373046875,3.90625,22.5830078125,-5.321183204650879,78.55036163330078,-21.17270278930664
0.08056640625,1.0107421875,0.000732421875,-3.90625,2.86865234375,15.31982421875,-5.87111759185791,78.80786895751953,-20.981416702270508
0.07080078125,0.927734375,-0.009033203125,-4.638671875,2.0751953125,1.64794921875,-5.863877296447754,79.06342315673828,-20.93334197998047
0.000244140625,1.058837890625,-0.025390625,3.0517578125,1.46484375,-25.634765625,-2.289414167404175,82.8243408203125,-21.16385841369629
0.035400390625,1.081298828125,-0.03759765625,-6.77490234375,3.84521484375,-29.6630859375,-1.0813465118408203,82.90167999267578,-21.168651580810547
0.15576171875,0.766357421875,0.315673828125,1.40380859375,-11.474609375,38.75732421875,-3.050015687942505,82.3614501953125,-21.41596984863281
0.1103515625,0.9326171875,0.006591796875,-7.62939453125,0.42724609375,-3.5400390625,-3.5372772216796875,82.13065338134766,-21.93415069580078
0.237060546875,1.5947265625,-0.1162109375,5.9814453125,5.615234375,-7.26318359375,-3.4176385402679443,82.81449890136719,-21.776897430419922
0.013427734375,0.922119140625,0.066162109375,-7.8125,6.34765625,1.15966796875,-3.329251527786255,82.594482421875,-21.52573776245117
-0.03662109375,0.958984375,0.087158203125,-7.50732421875,-1.40380859375,1.3427734375,-3.17104434967041,82.36991882324219,-21.58007049560547
0.033447265625,0.984130859375,0.02783203125,-6.77490234375,-3.72314453125,1.708984375,-3.209458351135254,82.33033752441406,-21.73168182373047
0.030517578125,1.0087890625,0.036376953125,-7.01904296875,1.46484375,2.197265625,-3.2301430702209477,82.25334930419922,-21.67389297485352
