-0.01123046875,0.99560546875,-0.0517578125,-7.6904296875,-4.2724609375,1.953125,-1.6485577821731567,85.75370025634766,122.34123229980469
-0.001708984375,0.990478515625,-0.07470703125,-7.75146484375,-4.2724609375,1.5869140625,-1.654859185218811,85.77266693115234,122.16558837890624
-0.007568359375,0.9853515625,-0.067626953125,-7.32421875,-3.84521484375,1.77001953125,-1.6533875465393066,85.79220581054688,122.00787353515624
-0.00439453125,0.97802734375,-0.072265625,-8.056640625,-4.7607421875,1.953125,-1.6690520048141482,85.7945556640625,121.81379699707031
-0.00732421875,0.980224609375,-0.069091796875,-7.50732421875,-4.57763671875,1.5869140625,-1.667802810668945,85.80538177490234,121.65098571777344
-0.007568359375,0.973388671875,-0.053955078125,-8.056640625,-4.21142578125,1.953125,-1.6737775802612305,85.76505279541016,121.47994995117188
-0.006103515625,0.9853515625,-0.075439453125,-7.080078125,-4.0283203125,1.52587890625,-1.6657941341400146,85.81273651123047,121.31361389160156
-0.009521484375,0.983154296875,-0.0732421875,-7.9345703125,-4.33349609375,2.13623046875,-1.6752386093139648,85.82003784179688,121.136962890625
0.003662109375,0.974365234375,-0.064697265625,-7.99560546875,-4.150390625,1.8310546875,-1.702051281929016,85.80628204345703,120.9673309326172
-0.0107421875,0.974853515625,-0.0576171875,-8.1787109375,-5.0048828125,2.197265625,-1.7112715244293213,85.77034759521484,120.7648468017578
-0.0205078125,0.98291015625,-0.06689453125,-7.50732421875,-3.96728515625,1.40380859375,-1.6635185480117798,85.78157806396484,120.60086059570312
-0.00732421875,0.98291015625,-0.06787109375,-7.75146484375,-4.45556640625,1.89208984375,-1.6687868833541868,85.78535461425781,120.41902160644531
0.0009765625,0.990234375,-0.078125,-7.62939453125,-4.21142578125,1.52587890625,-1.677755355834961,85.81573486328125,120.2453155517578
-0.015869140625,0.986572265625,-0.0654296875,-8.11767578125,-3.84521484375,1.64794921875,-1.6514015197753906,85.7966537475586,120.0872039794922
-0.008056640625,0.98388671875,-0.080078125,-7.26318359375,-4.2724609375,1.64794921875,-1.645271897315979,85.84680938720703,119.9112548828125
0.001708984375,0.976318359375,-0.054931640625,-7.6904296875,-4.08935546875,1.8310546875,-1.668399453163147,85.82119750976562,119.744873046875
-0.00341796875,0.982421875,-0.0537109375,-7.080078125,-4.21142578125,2.13623046875,-1.6912562847137451,85.81761932373047,119.57440185546876
-0.01416015625,0.9765625,-0.065673828125,-8.11767578125,-4.57763671875,1.708984375,-1.6724268198013306,85.80145263671875,119.3871078491211
-0.00634765625,0.982666015625,-0.05615234375,-8.11767578125,-4.21142578125,1.46484375,-1.661805272102356,85.76274108886719,119.21456909179688
-0.000732421875,0.975341796875,-0.064453125,-7.8125,-4.33349609375,1.8310546875,-1.679595112800598,85.75801849365234,119.03770446777344
-0.023193359375,0.98876953125,-0.060302734375,-8.4228515625,-4.69970703125,1.953125,-1.6511594057083132,85.71793365478516,118.84664916992188
-0.002197265625,0.99951171875,-0.061279296875,-7.4462890625,-4.33349609375,2.38037109375,-1.6880154609680176,85.7188491821289,118.6717300415039
0.001953125,0.98046875,-0.06787109375,-7.50732421875,-4.08935546875,1.8310546875,-1.7104252576828003,85.73491668701172,118.5042953491211
-0.00830078125,0.984619140625,-0.068115234375,-7.6904296875,-4.5166015625,1.8310546875,-1.7095139026641846,85.74347686767578,118.31959533691406
-0.005859375,0.992919921875,-0.05322265625,-7.62939453125,-4.39453125,1.5869140625,-1.7041894197463991,85.71891784667969,118.14015197753906
-0.015625,0.9716796875,-0.069091796875,-7.8125,-4.8828125,1.5869140625,-1.6776139736175537,85.72791290283203,117.93999481201172
-0.017333984375,0.981689453125,-0.0556640625,-8.1787109375,-4.2724609375,1.953125,-1.6612192392349243,85.68865966796875,117.7663345336914
-0.007080078125,0.97900390625,-0.0615234375,-8.9111328125,-5.0048828125,1.953125,-1.6714009046554563,85.63639068603516,117.563232421875
-0.005859375,0.986572265625,-0.0712890625,-7.26318359375,-3.90625,1.64794921875,-1.6689356565475464,85.67201232910156,117.40243530273438
-0.0087890625,0.973388671875,-0.067138671875,-7.26318359375,-4.150390625,1.77001953125,-1.665000081062317,85.69910430908203,117.2324447631836
0.006103515625,0.991455078125,-0.0595703125,-7.568359375,-4.33349609375,1.5869140625,-1.6887617111206057,85.69316864013672,117.05533599853516
-0.0048828125,0.977783203125,-0.077880859375,-8.056640625,-3.90625,1.8310546875,-1.6949758529663086,85.71145629882812,116.8944854736328
-0.008544921875,0.990966796875,-0.0693359375,-7.62939453125,-4.638671875,1.64794921875,-1.687381386756897,85.72525024414062,116.7044448852539
-0.009765625,0.988525390625,-0.065673828125,-8.1787109375,-4.69970703125,1.64794921875,-1.6773796081542969,85.7086410522461,116.51221466064452
-0.013671875,0.991455078125,-0.063232421875,-7.99560546875,-4.638671875,1.708984375,-1.6611878871917725,85.69388580322266,116.32281494140624
-0.00537109375,0.985107421875,-0.066650390625,-8.056640625,-4.7607421875,1.8310546875,-1.6698026657104492,85.6861343383789,116.12879180908205
-0.00830078125,0.9921875,-0.06201171875,-7.14111328125,-4.0283203125,1.64794921875,-1.6620357036590576,85.70285034179688,115.96375274658205
-0.009033203125,0.9658203125,-0.057373046875,-7.080078125,-3.96728515625,1.708984375,-1.6545344591140747,85.71426391601562,115.80154418945312
0.00244140625,0.988037109375,-0.071044921875,-7.26318359375,-4.33349609375,2.0751953125,-1.6897625923156738,85.74649047851562,115.62508392333984
-0.01318359375,0.98876953125,-0.076171875,-7.9345703125,-3.96728515625,1.77001953125,-1.6746349334716797,85.76173400878906,115.46170806884766
-0.008056640625,0.979248046875,-0.06103515625,-7.6904296875,-4.69970703125,1.5869140625,-1.6662704944610596,85.75392150878906,115.26966857910156
-0.000244140625,0.980224609375,-0.064697265625,-7.568359375,-4.2724609375,1.708984375,-1.6800075769424438,85.75908660888672,115.09487915039062
-0.005126953125,0.996337890625,-0.059326171875,-7.9345703125,-3.96728515625,2.0751953125,-1.6957745552062988,85.73448944091797,114.93363189697266
-0.0029296875,0.9775390625,-0.06494140625,-7.4462890625,-4.45556640625,1.8310546875,-1.707546591758728,85.74656677246094,114.75167846679688
-0.010009765625,0.9853515625,-0.055419921875,-7.26318359375,-4.57763671875,1.89208984375,-1.705283522605896,85.74266815185547,114.56559753417969
0.005126953125,0.993408203125,-0.07470703125,-7.6904296875,-4.21142578125,1.77001953125,-1.7320839166641235,85.76411437988281,114.39263153076172
-0.009521484375,0.97119140625,-0.067626953125,-7.6904296875,-4.21142578125,1.5869140625,-1.7165600061416626,85.77223205566406,114.21926879882812
-0.010009765625,0.97900390625,-0.059326171875,-7.62939453125,-4.39453125,1.8310546875,-1.7108216285705566,85.76229858398438,114.03997039794922
0.041259765625,0.950439453125,-0.074951171875,-7.38525390625,2.0751953125,0.8544921875,-1.6920183897018433,85.64073181152344,113.56448364257812
0.0185546875,0.986083984375,-0.05615234375,-9.21630859375,5.2490234375,0.1220703125,-1.657416582107544,85.5530014038086,113.76571655273438
0.058349609375,1.0517578125,-0.09619140625,-10.1318359375,5.0048828125,-2.0751953125,-1.62047278881073,85.51020050048828,113.94879150390624
0.090576171875,1.010009765625,-0.105224609375,-11.53564453125,-23.01025390625,-3.5400390625,-1.6874468326568604,85.47238159179688,113.00921630859376
0.183349609375,1.11962890625,-0.172119140625,-5.7373046875,-14.6484375,-4.08935546875,-1.866122484207153,85.76384735107422,112.39802551269531
0.09130859375,1.3642578125,-0.20166015625,-18.61572265625,-16.66259765625,-4.5166015625,-1.812540054321289,85.52481079101562,111.7044448852539
0.083984375,1.3623046875,-0.2275390625,-26.4892578125,-33.87451171875,-11.3525390625,-1.5359394550323486,85.0407485961914,110.30089569091795
0.10595703125,1.20166015625,-0.222412109375,-9.94873046875,-39.4287109375,-6.04248046875,-1.560657024383545,85.27632904052734,108.6931610107422
0.1337890625,1.076904296875,-0.2119140625,12.87841796875,-45.0439453125,-1.89208984375,-1.824521780014038,86.44939422607422,106.87191009521484
0.122802734375,1.038818359375,-0.24609375,27.9541015625,-52.1240234375,-0.48828125,-2.083911895751953,88.28285217285156,104.76427459716795
0.181884765625,0.947998046875,-0.213623046875,34.24072265625,-61.82861328125,-1.64794921875,-2.378865957260132,90.29268646240234,102.2648468017578
0.200927734375,1.01806640625,-0.151123046875,41.56494140625,-63.04931640625,-1.708984375,-2.587161064147949,92.36805725097656,99.72630310058594
0.169677734375,1.147705078125,-0.145751953125,50.84228515625,-57.18994140625,-0.6103515625,-2.642974376678467,94.68331146240234,97.43158721923828
0.00830078125,1.103759765625,-0.177001953125,35.46142578125,-65.00244140625,7.50732421875,-2.5939652919769287,96.38336944580078,94.80602264404295
0.040771484375,0.95751953125,-0.20556640625,12.14599609375,-81.787109375,16.4794921875,-2.8401567935943604,97.2405776977539,91.46619415283205
-0.005859375,0.908203125,-0.21337890625,-2.3193359375,-89.84375,27.9541015625,-3.3442211151123047,97.57203674316406,87.74089050292969
0.076416015625,0.810546875,-0.240478515625,0.0,-103.94287109375,40.58837890625,-4.43683385848999,98.20787811279295,83.36840057373047
0.024169921875,0.87890625,-0.256103515625,14.6484375,-96.86279296875,37.109375,-5.177344799041748,99.44200134277344,79.2738037109375
0.025634765625,0.853271484375,-0.221923828125,18.798828125,-99.67041015625,28.25927734375,-5.436015129089356,100.76895141601562,75.11717987060547
0.015869140625,0.890869140625,-0.22998046875,16.66259765625,-101.98974609375,24.10888671875,-5.3859381675720215,101.9674301147461,70.89881896972656
0.06494140625,0.905517578125,-0.249267578125,-1.40380859375,-114.31884765625,25.45166015625,-5.340208530426025,102.47441864013672,66.18463897705078
0.120361328125,0.86376953125,-0.23291015625,-19.8974609375,-117.5537109375,31.92138671875,-5.65629768371582,102.237060546875,61.29000854492188
0.0576171875,0.918212890625,-0.23486328125,-36.865234375,-112.548828125,39.1845703125,-6.166840553283691,101.3223114013672,56.53068542480469
0.045166015625,0.916748046875,-0.26220703125,-41.93115234375,-109.2529296875,42.17529296875,-6.847262859344482,100.34265899658205,51.87151718139648
0.0341796875,0.8544921875,-0.320068359375,-43.39599609375,-112.548828125,38.4521484375,-7.381760120391847,99.58743286132812,47.08651733398438
0.067138671875,0.701416015625,-0.310302734375,-36.376953125,-121.76513671875,33.38623046875,-7.7925705909729,99.35440826416016,41.94828796386719
0.06787109375,0.712646484375,-0.260986328125,-21.240234375,-121.03271484375,34.36279296875,-8.229126930236816,99.62471771240234,36.84217071533203
0.042724609375,0.830810546875,-0.24267578125,-4.82177734375,-117.12646484375,37.4755859375,-8.658298492431639,100.41030883789062,31.879413604736328
0.081787109375,0.846435546875,-0.2880859375,12.0849609375,-118.59130859375,50.23193359375,-9.551280975341797,102.0264663696289,26.72382354736328
0.111572265625,0.711669921875,-0.27880859375,25.7568359375,-117.1875,55.419921875,-10.573841094970703,104.31909942626952,21.516263961791992
0.08740234375,0.751708984375,-0.22314453125,28.80859375,-119.2626953125,45.41015625,-10.87010669708252,106.51238250732422,16.334810256958008
0.045166015625,0.920166015625,-0.11279296875,13.18359375,-119.81201171875,24.90234375,-10.090110778808594,107.54605865478516,11.459266662597654
0.103271484375,1.007568359375,-0.13232421875,8.4228515625,-110.16845703125,25.57373046875,-9.531603813171387,108.24803161621094,6.961475372314452
0.12939453125,0.919921875,-0.195068359375,6.591796875,-100.2197265625,34.7900390625,-9.491997718811037,108.96016693115234,2.704728126525879
0.20458984375,0.6171875,-0.20068359375,7.32421875,-106.26220703125,37.59765625,-9.795193672180176,109.97230529785156,-1.8600707054138184
0.20361328125,0.60498046875,-0.153076171875,8.9111328125,-105.16357421875,37.109375,-10.033174514770508,110.8763656616211,-6.347119331359862
0.0673828125,0.91064453125,-0.055419921875,-8.9111328125,-70.80078125,53.03955078125,-10.727872848510742,109.1465301513672,-20.91011047363281
0.069091796875,0.89892578125,0.002197265625,-5.67626953125,-74.27978515625,42.8466796875,-11.141146659851074,108.79109954833984,-24.19664192199707
0.067138671875,1.04296875,0.036865234375,-12.939453125,-69.091796875,31.1279296875,-11.17021369934082,108.02965545654295,-27.110729217529297
0.0673828125,0.956787109375,0.01611328125,-30.8837890625,-63.4765625,-24.7802734375,-9.287193298339844,102.52159118652344,-35.25020217895508
0.2119140625,1.017578125,0.06298828125,-24.10888671875,-53.1005859375,-36.0107421875,-7.551743030548097,101.18064880371094,-36.94064712524414
0.119873046875,1.01806640625,0.068115234375,-24.84130859375,-39.24560546875,-23.681640625,-6.30968713760376,99.74706268310548,-38.23857879638672
0.103515625,1.026123046875,0.098876953125,-33.14208984375,-37.841796875,-15.0146484375,-5.466054439544678,97.95001220703124,-39.57866668701172
0.01513671875,1.154541015625,0.064208984375,-45.5322265625,-36.19384765625,-19.8974609375,-4.317463874816895,95.78609466552734,-40.882545471191406
0.080322265625,1.1552734375,0.009765625,-29.6630859375,-41.93115234375,-13.61083984375,-3.609385251998901,94.4473114013672,-42.48605728149414
0.173828125,1.069091796875,-0.025634765625,-1.89208984375,-27.16064453125,4.57763671875,-3.927884340286255,94.30760955810548,-43.576332092285156
0.050537109375,1.0703125,-0.0634765625,19.04296875,-8.7890625,16.66259765625,-4.510674476623535,95.04752349853516,-43.98059463500977
0.041748046875,1.031494140625,-0.034912109375,5.615234375,-17.822265625,7.6904296875,-4.662759780883789,95.19200134277344,-44.71046829223633
0.051025390625,0.975830078125,-0.03369140625,-15.5029296875,-24.10888671875,-6.40869140625,-4.257226467132568,94.501708984375,-45.64031600952149
0.140380859375,0.987548828125,-0.05322265625,-33.63037109375,-23.13232421875,-11.1083984375,-3.9018459320068364,93.14871215820312,-46.52676391601562
0.128173828125,0.99560546875,-0.036865234375,-43.8232421875,-20.99609375,-8.11767578125,-3.677999258041382,91.39436340332031,-47.3471908569336
0.111083984375,1.111328125,-0.00732421875,-50.96435546875,-18.06640625,-8.1787109375,-3.4250283241271973,89.34485626220703,-48.06254959106445
0.05322265625,1.177734375,0.00927734375,-57.92236328125,-14.7705078125,-2.50244140625,-3.3081154823303223,87.0562515258789,-48.65719604492188
0.028076171875,1.100830078125,-0.0244140625,-48.15673828125,-5.0048828125,8.9111328125,-3.6018750667572017,85.29391479492188,-48.84493637084961
0.03955078125,0.939697265625,-0.056396484375,-24.84130859375,-14.2822265625,-12.5732421875,-0.6445088982582092,82.49632263183594,-52.01336669921875
0.0185546875,1.08203125,-0.110595703125,-10.498046875,-3.72314453125,-2.685546875,-0.570867657661438,82.58988952636719,-52.1804313659668
0.015625,0.94384765625,-0.063720703125,-10.009765625,-1.5869140625,-1.28173828125,-0.5433430671691895,82.62115478515625,-52.25410079956055
0.00830078125,1.01123046875,-0.073974609375,-7.2021484375,-4.33349609375,1.89208984375,-0.9390307068824768,82.97130584716797,-53.21462631225586
-0.00048828125,0.977294921875,-0.0703125,-7.50732421875,-4.57763671875,1.77001953125,-0.9927895665168762,83.09947204589844,-53.39521408081055
-0.00439453125,0.97412109375,-0.0625,-7.080078125,-4.57763671875,1.5869140625,-1.0276533365249634,83.22246551513672,-53.5768928527832
0.007568359375,0.978759765625,-0.064697265625,-8.1787109375,-4.69970703125,1.8310546875,-1.0988192558288574,83.3012924194336,-53.76264572143555
-0.01123046875,0.9677734375,-0.054931640625,-7.4462890625,-4.21142578125,1.52587890625,-1.1087535619735718,83.38519287109375,-53.93066024780274
-0.02099609375,0.97802734375,-0.057861328125,-7.75146484375,-4.45556640625,2.01416015625,-1.116166591644287,83.45909881591797,-54.10649871826172
-0.01220703125,0.9794921875,-0.079345703125,-7.4462890625,-4.150390625,1.708984375,-1.1301685571670532,83.5909423828125,-54.27257537841797
-0.015380859375,0.970703125,-0.064697265625,-7.4462890625,-4.33349609375,1.40380859375,-1.1241809129714966,83.68577575683594,-54.44681930541992
-0.01318359375,0.978515625,-0.07666015625,-7.6904296875,-4.2724609375,1.953125,-1.1451246738433838,83.7931900024414,-54.61682510375977
-0.00439453125,0.987060546875,-0.069091796875,-8.48388671875,-4.2724609375,2.197265625,-1.1950454711914062,83.84616088867188,-54.78562545776367
-0.012939453125,0.99365234375,-0.079345703125,-8.056640625,-4.08935546875,1.77001953125,-1.2057958841323853,83.93607330322266,-54.94982147216797
-0.0087890625,0.977294921875,-0.072265625,-8.11767578125,-4.39453125,1.708984375,-1.2237709760665894,84.00718688964844,-55.12624740600586
0.0,0.975341796875,-0.0732421875,-7.14111328125,-3.90625,2.01416015625,-1.2712998390197754,84.11677551269531,-55.282203674316406
-0.006103515625,0.9814453125,-0.07421875,-6.8359375,-4.21142578125,1.77001953125,-1.2940802574157717,84.23585510253906,-55.45175552368164
-0.010498046875,0.994873046875,-0.07080078125,-8.544921875,-4.5166015625,1.77001953125,-1.3070619106292725,84.27229309082031,-55.63347625732422
0.001708984375,0.982421875,-0.052978515625,-7.9345703125,-4.150390625,1.64794921875,-1.3408976793289185,84.29279327392578,-55.80022048950195
0.005126953125,0.9873046875,-0.076904296875,-7.9345703125,-4.57763671875,1.40380859375,-1.3732205629348757,84.36672973632812,-55.98638534545898
-0.000732421875,0.992919921875,-0.06396484375,-7.8125,-4.33349609375,2.01416015625,-1.4138379096984863,84.41232299804688,-56.16007614135742
0.00146484375,0.986083984375,-0.05224609375,-8.056640625,-4.57763671875,1.89208984375,-1.4537866115570068,84.4210433959961,-56.34357452392578
-0.008544921875,0.978515625,-0.05712890625,-7.50732421875,-4.45556640625,2.0751953125,-1.475777268409729,84.46347045898438,-56.52216339111328
0.017333984375,0.992431640625,-0.079345703125,-7.99560546875,-4.5166015625,2.01416015625,-1.5540721416473389,84.533203125,-56.70466232299805
-0.014404296875,0.9775390625,-0.061767578125,-7.75146484375,-4.7607421875,1.64794921875,-1.542380928993225,84.57286071777344,-56.89799118041992
-0.015625,0.974365234375,-0.06298828125,-7.38525390625,-4.150390625,1.77001953125,-1.5307035446166992,84.62815856933594,-57.06659698486328
-0.006103515625,0.995361328125,-0.068359375,-7.9345703125,-4.57763671875,2.0751953125,-1.5554636716842651,84.66885375976562,-57.251258850097656
-0.0126953125,0.977294921875,-0.078369140625,-8.30078125,-4.0283203125,1.708984375,-1.5472227334976196,84.71852111816406,-57.4162712097168
-0.0126953125,0.983642578125,-0.0654296875,-8.056640625,-4.69970703125,1.77001953125,-1.5440101623535156,84.74610137939453,-57.60695266723633
-0.011474609375,1.020263671875,-0.070556640625,-7.14111328125,-4.150390625,1.28173828125,-1.5231719017028809,84.81483459472656,-57.77760696411133
-0.002197265625,0.96484375,-0.064208984375,-8.544921875,-4.2724609375,2.197265625,-1.5601929426193235,84.81865692138672,-57.94958877563477
-0.00439453125,0.97021484375,-0.07275390625,-7.62939453125,-3.84521484375,1.708984375,-1.5697853565216064,84.87750244140625,-58.10700988769531
-0.004638671875,0.9755859375,-0.069580078125,-8.11767578125,-4.0283203125,1.64794921875,-1.5765297412872314,84.90653991699219,-58.27179336547852
-0.00732421875,0.971923828125,-0.06201171875,-7.75146484375,-4.39453125,1.5869140625,-1.5753759145736694,84.93262481689453,-58.45099639892578
-0.013427734375,0.988037109375,-0.06982421875,-7.26318359375,-4.39453125,1.77001953125,-1.5677610635757446,84.9925765991211,-58.630043029785156
0.005615234375,0.982421875,-0.071044921875,-7.26318359375,-4.21142578125,1.5869140625,-1.5961172580718994,85.0537338256836,-58.8023567199707
-0.00927734375,0.98193359375,-0.061279296875,-6.89697265625,-4.94384765625,1.52587890625,-1.5887186527252195,85.10572814941406,-59.00374221801758
-0.0009765625,0.98486328125,-0.06982421875,-7.8125,-4.45556640625,1.89208984375,-1.613666296005249,85.13760375976562,-59.18490600585938
-0.0087890625,0.997314453125,-0.063720703125,-7.75146484375,-4.57763671875,1.953125,-1.6225897073745728,85.15511322021484,-59.370521545410156
-0.012939453125,0.98095703125,-0.068115234375,-7.9345703125,-4.08935546875,2.0751953125,-1.624523401260376,85.17650604248047,-59.536705017089844
0.002685546875,0.970703125,-0.06396484375,-7.8125,-4.21142578125,1.953125,-1.6579774618148804,85.19417572021484,-59.70783996582031
-0.005126953125,0.980712890625,-0.07275390625,-7.8125,-4.150390625,1.52587890625,-1.6548367738723757,85.22978973388672,-59.87871170043945
0.000732421875,0.989013671875,-0.062744140625,-6.591796875,-4.5166015625,1.89208984375,-1.6808016300201416,85.28913116455078,-60.06227493286133
-0.00927734375,0.969970703125,-0.067138671875,-8.48388671875,-4.21142578125,2.0751953125,-1.6886892318725586,85.28311157226562,-60.23371124267578
-0.007080078125,0.97705078125,-0.063232421875,-7.26318359375,-4.150390625,1.5869140625,-1.6818283796310425,85.31602478027344,-60.40397644042969
-0.005126953125,0.9755859375,-0.0693359375,-7.75146484375,-4.33349609375,1.77001953125,-1.687577486038208,85.34257507324219,-60.58135223388672
-0.01171875,0.986083984375,-0.067626953125,-6.8359375,-4.08935546875,1.64794921875,-1.6723254919052124,85.3988265991211,-60.74928283691406
-0.00927734375,0.984375,-0.05908203125,-7.75146484375,-4.08935546875,1.40380859375,-1.6533674001693726,85.39695739746094,-60.91731262207031
