0.11767578125,0.951416015625,-0.08984375,14.34326171875,73.66943359375,-5.0048828125,6.268524169921875,92.02818298339844,7.408601760864258
0.105712890625,0.90234375,-0.135986328125,3.11279296875,82.70263671875,-0.91552734375,5.649750232696532,92.74364471435548,10.757417678833008
0.080810546875,0.7919921875,-0.15576171875,5.92041015625,86.181640625,1.3427734375,4.947455406188965,93.6175308227539,14.238630294799805
0.085205078125,0.756103515625,-0.1318359375,17.08984375,90.6982421875,4.45556640625,4.047767162322998,94.81891632080078,17.868871688842773
0.13134765625,0.846435546875,-0.119873046875,24.84130859375,103.02734375,15.9912109375,2.5032801628112797,96.1573257446289,21.914587020874023
0.127685546875,0.91748046875,-0.13525390625,19.22607421875,112.97607421875,30.94482421875,0.3344739079475403,97.10743713378906,26.25403594970703
0.095458984375,0.9091796875,-0.164794921875,15.31982421875,118.896484375,44.98291015625,-2.318378448486328,97.7528305053711,30.726375579833984
0.05419921875,0.87548828125,-0.208984375,20.08056640625,118.65234375,51.3916015625,-5.073431015014648,98.48120880126952,35.122493743896484
0.043212890625,0.96826171875,-0.236572265625,23.8037109375,112.79296875,48.095703125,-7.568460941314697,99.1653823852539,39.2825813293457
0.072021484375,1.00634765625,-0.216796875,24.169921875,104.98046875,40.6494140625,-9.721505165100098,99.6457748413086,43.18059539794922
0.078369140625,1.056396484375,-0.27001953125,20.69091796875,97.412109375,21.78955078125,-11.028539657592773,99.96961975097656,46.8969612121582
0.046630859375,1.0302734375,-0.293701171875,24.0478515625,92.041015625,6.16455078125,-11.595163345336914,100.43873596191406,50.50064086914063
-0.03125,1.0546875,-0.3037109375,22.8271484375,77.5146484375,2.3193359375,-11.748845100402832,100.93730926513672,53.54909133911133
-0.03369140625,1.1171875,-0.30029296875,6.2255859375,46.44775390625,11.90185546875,-12.043964385986328,100.97203826904295,55.28541564941406
0.013916015625,1.0927734375,-0.24609375,-7.26318359375,25.634765625,16.7236328125,-12.444022178649902,100.54439544677734,56.17096710205078
0.052734375,0.99169921875,-0.233642578125,-12.75634765625,12.51220703125,17.02880859375,-12.826613426208494,100.0460968017578,56.524818420410156
0.117919921875,0.953857421875,-0.188232421875,-10.43701171875,4.7607421875,16.7236328125,-13.280562400817873,99.641357421875,56.58936309814453
0.13720703125,0.945556640625,-0.174072265625,-7.080078125,3.2958984375,18.98193359375,-13.842565536499025,99.37345123291016,56.5864486694336
0.11474609375,0.96533203125,-0.16943359375,-6.16455078125,2.8076171875,19.71435546875,-14.350914001464846,99.13906860351562,56.56366729736328
0.12451171875,0.977294921875,-0.20849609375,-4.69970703125,1.52587890625,12.39013671875,-14.56016731262207,99.0586929321289,56.51649475097656
0.1181640625,0.962646484375,-0.2060546875,-5.43212890625,-0.732421875,5.7373046875,-14.475055694580078,98.96612548828124,56.42025756835938
0.12353515625,0.92041015625,-0.21923828125,-4.8828125,-4.0283203125,2.197265625,-14.257107734680176,98.98028564453124,56.1993408203125
0.126220703125,0.89013671875,-0.207763671875,-1.77001953125,-11.16943359375,4.33349609375,-14.101778984069824,99.18199157714844,55.677330017089844
0.15478515625,0.89599609375,-0.17822265625,-0.42724609375,-13.85498046875,5.859375,-14.061758995056152,99.38030242919922,55.05695343017578
0.19677734375,0.959716796875,-0.177978515625,-2.01416015625,-11.77978515625,3.0517578125,-13.996085166931152,99.45096588134766,54.54949569702149
0.184814453125,0.92041015625,-0.154052734375,-9.8876953125,-5.55419921875,3.35693359375,-13.979090690612793,99.10193634033205,54.30344009399414
0.17822265625,0.87939453125,-0.185546875,-12.3291015625,-6.28662109375,8.60595703125,-14.16718864440918,98.78235626220705,53.96670532226562
0.181396484375,0.885498046875,-0.17529296875,-11.04736328125,-11.53564453125,16.78466796875,-14.644617080688475,98.56584167480469,53.36833953857422
0.23828125,0.9287109375,-0.1357421875,-9.8876953125,-15.2587890625,23.74267578125,-15.471029281616213,98.34513092041016,52.60179138183594
0.29296875,0.986328125,-0.099609375,-12.20703125,-10.3759765625,23.193359375,-16.363960266113278,97.89332580566406,52.06698989868164
0.284912109375,0.969482421875,-0.0712890625,-14.09912109375,0.54931640625,18.9208984375,-17.112123489379886,97.1893539428711,52.02930068969727
0.221923828125,0.88916015625,-0.1474609375,-7.6904296875,8.23974609375,14.34326171875,-17.588682174682614,96.87549591064452,52.27352905273438
0.170166015625,0.85400390625,-0.173583984375,6.89697265625,3.35693359375,13.00048828125,-17.860048294067386,97.30252838134766,52.291770935058594
0.17236328125,0.863037109375,-0.1689453125,20.08056640625,-8.1787109375,10.92529296875,-17.976036071777344,98.3690948486328,51.84600448608398
0.231689453125,0.963623046875,-0.1171875,26.18408203125,-13.00048828125,0.244140625,-17.721338272094727,99.50857543945312,51.32922744750977
0.23291015625,0.958984375,-0.085693359375,22.705078125,-8.85009765625,-4.45556640625,-17.321714401245114,100.3232421875,51.05657196044922
0.218994140625,0.903564453125,-0.1025390625,19.1650390625,-6.40869140625,-0.91552734375,-17.087591171264652,100.9941864013672,50.85199356079102
0.192626953125,0.90771484375,-0.140869140625,18.6767578125,-9.46044921875,9.033203125,-17.155317306518555,101.77356719970705,50.41969680786133
0.175537109375,0.91015625,-0.117431640625,14.46533203125,-13.5498046875,15.13671875,-17.379695892333984,102.36007690429688,49.789024353027344
0.199462890625,0.904296875,-0.094482421875,11.5966796875,-14.09912109375,15.869140625,-17.676450729370114,102.76577758789062,49.14790344238281
0.197998046875,0.92333984375,-0.08935546875,6.591796875,-9.6435546875,13.24462890625,-17.884790420532227,102.87704467773438,48.72206115722656
0.182861328125,0.91845703125,-0.122314453125,6.8359375,-8.9111328125,12.0849609375,-18.007755279541016,103.06568145751952,48.31272888183594
0.189208984375,0.897216796875,-0.144287109375,7.01904296875,-12.26806640625,13.3056640625,-18.16233253479004,103.36583709716795,47.73532485961914
0.189208984375,0.929931640625,-0.14794921875,10.8642578125,-16.78466796875,12.87841796875,-18.232179641723636,103.8623504638672,46.98016738891602
0.197265625,0.97705078125,-0.170654296875,11.53564453125,-19.10400390625,9.6435546875,-18.13956069946289,104.42096710205078,46.15655136108398
0.22900390625,1.0146484375,-0.162841796875,6.53076171875,-18.73779296875,5.37109375,-17.936479568481445,104.70452117919922,45.40896606445313
0.259765625,1.0341796875,-0.1650390625,-6.7138671875,-12.6953125,4.45556640625,-17.821897506713867,104.3647918701172,44.91970443725586
0.230712890625,0.98681640625,-0.159423828125,-13.18359375,-10.07080078125,7.6904296875,-17.829408645629886,103.76041412353516,44.49789810180664
0.228759765625,0.966796875,-0.188232421875,-15.56396484375,-9.521484375,9.58251953125,-17.92118263244629,103.15894317626952,44.05132675170898
0.2666015625,0.98876953125,-0.199462890625,-18.61572265625,-8.48388671875,7.32421875,-18.004032135009766,102.45594787597656,43.659912109375
0.28271484375,0.9599609375,-0.193603515625,-20.1416015625,-4.45556640625,2.38037109375,-17.981637954711914,101.6548843383789,43.472740173339844
0.300048828125,1.000732421875,-0.194580078125,-25.5126953125,2.38037109375,-1.953125,-17.85902214050293,100.55651092529295,43.59919357299805
0.284423828125,0.98046875,-0.227783203125,-31.8603515625,11.23046875,-3.5400390625,-17.714696884155273,99.21703338623048,44.06221389770508
0.25,0.9345703125,-0.252685546875,-30.8837890625,15.31982421875,-5.18798828125,-17.47757911682129,98.00164794921876,44.66122817993164
0.248779296875,0.96142578125,-0.280517578125,-24.658203125,14.46533203125,-8.48388671875,-17.085737228393555,97.14010620117188,45.21264266967773
0.297119140625,1.0791015625,-0.298583984375,-19.47021484375,14.58740234375,-15.44189453125,-16.462575912475586,96.48180389404295,45.80196762084961
0.312255859375,1.1591796875,-0.29443359375,-24.59716796875,17.02880859375,-20.01953125,-15.674548149108887,95.57245635986328,46.51262283325195
0.324462890625,1.09765625,-0.3134765625,-33.447265625,20.93505859375,-18.73779296875,-15.022168159484865,94.38052368164062,47.34118270874024
0.324951171875,1.01171875,-0.35302734375,-43.9453125,20.44677734375,-3.60107421875,-15.02567195892334,92.96475219726562,48.05086135864258
0.301025390625,1.01220703125,-0.306640625,-46.93603515625,17.7001953125,5.859375,-15.338699340820312,91.42781066894531,48.63652801513672
0.254150390625,0.9560546875,-0.2958984375,-45.95947265625,15.68603515625,2.197265625,-15.414432525634766,90.02503204345703,49.12400436401367
0.18798828125,0.865966796875,-0.26513671875,-36.43798828125,9.58251953125,-13.3056640625,-14.760875701904295,89.12713623046875,49.34099960327149
0.211181640625,0.83984375,-0.264892578125,-26.30615234375,3.96728515625,-21.78955078125,-13.866277694702148,88.74606323242188,49.3101692199707
0.20654296875,0.86572265625,-0.24609375,-19.775390625,0.8544921875,-22.4609375,-12.954523086547852,88.6104736328125,49.16874694824219
0.209716796875,0.848876953125,-0.26953125,-15.7470703125,-1.46484375,-12.5732421875,-12.491010665893555,88.72380065917969,48.934959411621094
0.244140625,0.9306640625,-0.26416015625,-16.2353515625,0.8544921875,-0.30517578125,-12.563497543334961,88.71856689453125,48.82857131958008
0.276123046875,0.993408203125,-0.241943359375,-20.8740234375,7.6904296875,10.6201171875,-13.095657348632812,88.37960815429688,49.03013610839844
0.24365234375,0.994140625,-0.275390625,-29.11376953125,18.61572265625,14.22119140625,-13.667814254760742,87.68954467773438,49.66425704956055
0.191162109375,0.9169921875,-0.300048828125,-28.01513671875,19.95849609375,10.7421875,-13.996551513671875,87.15646362304688,50.31658172607422
0.1748046875,0.883056640625,-0.30859375,-17.4560546875,15.2587890625,3.84521484375,-14.02346134185791,87.15910339355469,50.74448013305664
0.185791015625,0.889892578125,-0.26611328125,-3.84521484375,10.68115234375,-12.87841796875,-13.412911415100098,87.66002655029297,50.97865295410156
0.190185546875,0.93017578125,-0.259521484375,1.03759765625,10.80322265625,-22.88818359375,-12.419276237487793,88.30091094970703,51.231178283691406
0.1708984375,0.943359375,-0.274169921875,3.662109375,9.8876953125,-27.03857421875,-11.253177642822266,89.05992889404297,51.46484756469727
0.158447265625,0.9375,-0.27294921875,-1.5869140625,5.18798828125,-21.1181640625,-10.346035957336426,89.62006378173828,51.53974533081055
0.20947265625,0.981201171875,-0.264404296875,-8.85009765625,2.0751953125,-13.0615234375,-9.889516830444336,89.84207916259766,51.51709747314453
0.22802734375,0.9677734375,-0.2041015625,-19.59228515625,2.99072265625,-4.94384765625,-9.821920394897461,89.49415588378906,51.56022262573242
0.185791015625,0.883544921875,-0.176025390625,-26.123046875,9.09423828125,-0.3662109375,-9.882841110229492,88.8337631225586,51.85333251953125
0.15087890625,0.8564453125,-0.16796875,-22.52197265625,11.23046875,-0.06103515625,-9.875393867492676,88.32415771484375,52.22834014892578
0.13916015625,0.870849609375,-0.167724609375,-15.93017578125,11.16943359375,-3.60107421875,-9.689276695251463,88.0937271118164,52.59418487548828
0.11865234375,0.86376953125,-0.16650390625,-7.50732421875,7.62939453125,-13.671875,-9.063885688781738,88.23922729492188,52.80406951904297
0.140625,0.85302734375,-0.1337890625,-5.18798828125,4.0283203125,-18.6767578125,-8.327468872070312,88.4170913696289,52.883277893066406
0.15185546875,0.869384765625,-0.091552734375,-2.9296875,5.0048828125,-20.751953125,-7.558034420013428,88.55965423583984,53.02487564086914
0.16845703125,0.861328125,-0.08447265625,-0.79345703125,9.82666015625,-13.427734375,-7.153152942657472,88.74022674560547,53.37594604492188
0.173095703125,0.9091796875,-0.08984375,-4.69970703125,15.56396484375,-4.2724609375,-7.1141510009765625,88.73092651367188,53.96852111816406
0.154296875,0.954833984375,-0.12451171875,-12.26806640625,19.34814453125,4.150390625,-7.344410419464111,88.46906280517578,54.71173477172852
0.09033203125,0.922607421875,-0.136962890625,-19.04296875,20.44677734375,1.40380859375,-7.309330463409424,87.98334503173828,55.488136291503906
0.05029296875,0.84765625,-0.142822265625,-16.11328125,17.333984375,-8.11767578125,-6.810018539428711,87.69984436035156,56.11742401123047
0.077880859375,0.827880859375,-0.13818359375,-11.23046875,9.27734375,-17.51708984375,-6.043217182159424,87.66314697265625,56.41059112548828
0.146484375,0.85986328125,-0.100830078125,-9.27734375,3.5400390625,-20.99609375,-5.344743728637695,87.620849609375,56.48561096191406
0.1669921875,0.841552734375,-0.078857421875,-13.85498046875,4.82177734375,-17.51708984375,-4.871356010437012,87.3392105102539,56.62506103515625
0.17431640625,0.832763671875,-0.049072265625,-17.76123046875,9.70458984375,-11.5966796875,-4.6659135818481445,86.8185043334961,56.97543334960938
0.1376953125,0.8515625,-0.044189453125,-15.9912109375,15.19775390625,-4.7607421875,-4.621505737304688,86.3572006225586,57.55645751953125
0.123046875,0.8896484375,-0.047119140625,-14.0380859375,16.54052734375,-5.4931640625,-4.490464687347412,85.99248504638672,58.18565368652344
0.131591796875,0.936767578125,-0.070556640625,-13.5498046875,14.7705078125,-8.6669921875,-4.2446041107177725,85.71983337402344,58.72909545898438
0.1298828125,0.8916015625,-0.04052734375,-16.845703125,10.7421875,-9.58251953125,-3.9922297000885014,85.27346801757812,59.1119384765625
0.13427734375,0.8203125,0.01025390625,-15.2587890625,9.33837890625,-8.7890625,-3.821896314620972,84.78219604492188,59.447349548339844
0.138427734375,0.803466796875,0.000732421875,-10.986328125,9.46044921875,-4.82177734375,-3.832197189331055,84.50616455078125,59.79650115966797
0.158447265625,0.92626953125,-0.042236328125,-11.962890625,12.5732421875,2.3193359375,-4.1103878021240225,84.29496765136719,60.28807067871094
0.18115234375,0.99267578125,-0.0595703125,-23.62060546875,16.2353515625,3.7841796875,-4.442105293273926,83.64286041259766,60.92898559570313
0.187744140625,0.983642578125,-0.052490234375,-33.203125,23.8037109375,0.30517578125,-4.596694469451903,82.5921630859375,61.85479736328125
0.168212890625,0.916259765625,-0.06787109375,-38.2080078125,31.18896484375,0.9765625,-4.698598384857178,81.40274047851562,63.06793975830078
0.118896484375,0.867431640625,-0.042724609375,-37.2314453125,31.982421875,1.89208984375,-4.699984550476074,80.24282836914062,64.3135986328125
0.124267578125,0.95263671875,-0.084716796875,-27.40478515625,34.423828125,-9.58251953125,-4.200829982757568,79.61217498779297,65.56266784667969
0.124267578125,1.065673828125,-0.185546875,-17.822265625,36.376953125,-39.24560546875,-2.5071790218353267,79.60420227050781,66.662109375
0.113525390625,1.020263671875,-0.2080078125,-23.3154296875,32.470703125,-45.47119140625,-0.6469986438751221,79.478515625,67.58023834228516
0.11328125,0.94091796875,-0.183349609375,-28.6865234375,25.20751953125,-30.33447265625,0.4823601841926575,79.14728546142578,68.34282684326172
0.138671875,1.054931640625,-0.112548828125,-33.63037109375,20.08056640625,-1.0986328125,0.3651842474937439,78.4535140991211,69.13127136230469
0.167236328125,1.094970703125,-0.072509765625,-32.8369140625,20.263671875,4.33349609375,0.0036027117166668172,77.72551727294922,69.96728515625
0.20166015625,1.20458984375,-0.145263671875,-31.494140625,28.01513671875,-8.48388671875,0.200340136885643,77.19149780273438,70.99234008789062
0.113525390625,1.03564453125,-0.171875,-38.818359375,31.18896484375,-25.32958984375,1.2114614248275757,76.49605560302734,71.9860610961914
0.055419921875,0.8876953125,-0.133056640625,-33.38623046875,27.40478515625,-17.08984375,1.9449676275253296,76.0266342163086,72.91108703613281
-0.02685546875,0.914794921875,-0.083984375,-22.8271484375,18.6767578125,10.43701171875,1.7125674486160278,75.87728118896484,73.76197814941406
-0.0791015625,0.9736328125,-0.022705078125,-6.591796875,13.85498046875,35.09521484375,0.6032560467720032,76.22206115722656,74.65203857421875
-0.043212890625,1.13134765625,-0.073974609375,-3.0517578125,13.36669921875,45.95947265625,-0.9931717514991759,76.76822662353516,75.60284423828125
-0.028564453125,1.251953125,-0.093017578125,-22.15576171875,5.615234375,43.8232421875,-2.553873062133789,76.5331039428711,76.20874786376953
0.07373046875,0.959228515625,0.01953125,-20.08056640625,-4.57763671875,15.869140625,-3.286418199539185,76.20162200927734,76.15763092041016
0.14453125,0.891845703125,0.135986328125,8.056640625,-7.14111328125,-10.986328125,-3.156338930130005,76.73188781738281,75.7666015625
0.20068359375,0.91845703125,0.180908203125,33.3251953125,-6.65283203125,-29.47998046875,-2.417980432510376,78.15709686279297,75.24656677246094
0.2373046875,1.052490234375,0.1142578125,31.43310546875,-2.01416015625,-29.11376953125,-1.6970220804214478,79.6290054321289,74.9342269897461
0.248046875,1.133056640625,0.022216796875,13.7939453125,1.15966796875,-14.58740234375,-1.5366665124893188,80.52542114257812,74.86918640136719
0.1708984375,1.049072265625,0.01416015625,-4.69970703125,0.18310546875,-0.67138671875,-1.8148977756500244,80.66331481933594,74.86399841308594
0.068359375,0.902587890625,0.0732421875,-5.43212890625,-0.42724609375,10.8642578125,-2.3444392681121826,80.61541748046875,74.91133880615234
0.0654296875,0.981689453125,0.0439453125,0.0,-0.30517578125,7.50732421875,-2.7001962661743164,80.8689193725586,74.93621826171875
0.020751953125,1.05615234375,-0.056396484375,-2.8076171875,-2.685546875,-1.64794921875,-2.5908589363098145,81.22918701171875,74.79777526855469
0.040771484375,0.994140625,-0.048095703125,-11.474609375,-12.75634765625,4.638671875,-2.8414430618286133,81.23397827148438,74.30032348632812
0.0927734375,0.9697265625,-0.00048828125,-13.12255859375,-16.6015625,13.3056640625,-3.570216178894043,81.07376098632812,73.70697021484375
0.108154296875,1.081787109375,-0.038818359375,-12.451171875,-17.2119140625,9.46044921875,-4.134106159210205,81.03638458251953,73.05683898925781
0.199462890625,1.145751953125,0.0869140625,-15.5029296875,-12.02392578125,-6.53076171875,-4.1780004501342765,80.62065124511719,72.52916717529297
0.2158203125,1.06396484375,0.208984375,-12.6953125,7.2021484375,-20.32470703125,-3.6113071441650386,80.01998901367188,72.68811798095703
0.292724609375,0.99658203125,0.185791015625,0.8544921875,40.8935546875,-33.0810546875,-2.5252764225006104,79.94282531738281,74.08020782470703
0.263671875,1.009765625,0.05517578125,-16.17431640625,86.73095703125,-0.48828125,-2.37420916557312,79.4014892578125,77.48667907714844
0.255615234375,1.100341796875,-0.045654296875,-57.0068359375,96.3134765625,54.3212890625,-4.159996509552002,77.36620330810547,81.68609619140625
0.260986328125,1.1337890625,-0.06591796875,-82.45849609375,103.69873046875,83.80126953125,-6.751516819000244,74.20519256591797,86.5068359375
0.08544921875,0.798583984375,0.10009765625,-19.10400390625,87.34130859375,-52.978515625,-3.7393202781677246,73.51434326171875,89.25487518310547
0.090087890625,0.90673828125,-0.12646484375,22.39990234375,88.37890625,-53.28369140625,-0.8407470583915709,75.22109985351562,92.0335693359375
0.001953125,1.10595703125,-0.2216796875,25.87890625,84.53369140625,-36.80419921875,1.4020652770996094,77.2594223022461,94.95922088623048
0.255126953125,1.083984375,-0.050048828125,-46.44775390625,74.3408203125,42.6025390625,-0.1486082375049591,76.013916015625,98.2640380859375
0.40087890625,0.834228515625,0.116943359375,-73.30322265625,101.6845703125,85.75439453125,-3.3514790534973145,73.13760375976562,103.11320495605469
0.180419921875,0.857421875,-0.12646484375,0.54931640625,124.93896484375,31.92138671875,-3.5143210887908936,73.79003143310547,108.21778106689452
-0.286376953125,0.816650390625,-0.2998046875,106.201171875,128.5400390625,-86.48681640625,1.8296475410461424,79.24594116210938,112.3731918334961
-0.15283203125,0.803955078125,-0.288818359375,118.7744140625,97.65625,-90.6982421875,6.251246452331543,85.35758209228516,115.82530212402344
0.242431640625,1.187255859375,-0.09228515625,76.35498046875,84.1064453125,-24.96337890625,6.702818393707275,89.1213607788086,119.17700958251952
0.294677734375,1.373291015625,0.119873046875,-34.97314453125,126.15966796875,19.6533203125,5.2929229736328125,88.08143615722656,124.25132751464844
-0.04052734375,1.0703125,-0.1767578125,-67.19970703125,137.87841796875,17.333984375,4.731354713439941,86.31531524658203,129.85057067871094
-0.409423828125,0.84326171875,-0.442626953125,-52.6123046875,102.84423828125,14.404296875,5.179419040679932,85.65473175048828,134.08993530273438
-0.145263671875,0.5693359375,-0.307861328125,-10.7421875,27.9541015625,24.0478515625,4.620558738708496,86.52198028564453,135.38203430175778
0.2783203125,0.7197265625,0.069091796875,28.25927734375,12.14599609375,37.353515625,2.1719753742218018,87.59635925292969,135.9266357421875
0.267333984375,1.147216796875,0.3857421875,40.6494140625,27.16064453125,31.67724609375,0.3715165853500366,88.61222076416016,137.02297973632812
0.243896484375,1.112548828125,-0.012939453125,37.78076171875,46.44775390625,6.9580078125,-0.3942880034446716,90.18777465820312,138.87763977050778
-0.205078125,0.908447265625,-0.34765625,-16.90673828125,56.0302734375,-2.13623046875,0.15733277797698975,90.28338623046876,141.11253356933594
-0.18310546875,0.666015625,-0.09326171875,-33.3251953125,18.6767578125,54.26025390625,-1.4131884574890137,89.22209930419922,141.8548126220703
0.563232421875,0.322509765625,0.618408203125,28.9306640625,35.400390625,-42.724609375,-1.0988661050796509,88.77857971191406,143.29600524902344
0.635986328125,0.8154296875,0.41162109375,75.0732421875,55.0537109375,-78.67431640625,0.7666240334510803,90.95471954345705,145.4964599609375
-0.173095703125,1.5419921875,-0.2529296875,58.53271484375,59.87548828125,-57.0068359375,3.15112853050232,93.69573974609376,147.9980010986328
-0.278564453125,1.129150390625,-0.273193359375,-10.68115234375,32.8369140625,-33.26416015625,4.794069290161133,93.733642578125,149.4213409423828
0.031982421875,1.137939453125,-0.087646484375,-47.42431640625,5.06591796875,-6.16455078125,4.7747416496276855,91.86634826660156,149.64329528808594
0.2255859375,0.744140625,0.037109375,-24.5361328125,15.0146484375,-27.03857421875,4.9991068840026855,90.74453735351562,150.26907348632812
-0.826171875,2.8515625,-0.19775390625,38.9404296875,46.69189453125,-73.8525390625,8.316980361938478,92.64044952392578,152.26058959960938
-0.046142578125,0.94482421875,0.170166015625,-24.35302734375,4.638671875,16.6015625,7.4350128173828125,91.16275024414062,152.35031127929688
0.294921875,0.4755859375,-0.001708984375,-14.22119140625,-20.44677734375,6.40869140625,5.753573894500732,90.45481872558594,151.53067016601562
0.16943359375,0.833984375,-0.061767578125,-14.7705078125,16.6015625,0.67138671875,5.048725128173828,90.06053161621094,152.2154541015625
-0.14990234375,0.8447265625,0.016845703125,-12.63427734375,10.7421875,1.3427734375,5.193287372589111,89.53093719482422,152.63975524902344
0.05322265625,0.996826171875,-0.227294921875,-9.94873046875,-5.9814453125,2.13623046875,4.788479804992676,89.62398529052734,152.4472198486328
-0.0419921875,0.9931640625,-0.053955078125,-8.30078125,-4.69970703125,2.197265625,4.605607032775879,89.40007019042969,152.26991271972656
0.013427734375,0.976318359375,-0.0439453125,-8.6669921875,-4.94384765625,2.25830078125,4.299838066101073,89.14944458007812,152.08255004882812
0.03173828125,0.9755859375,-0.052978515625,-7.4462890625,-4.08935546875,1.953125,2.4340379238128658,87.865478515625,150.82957458496094
0.02001953125,0.9853515625,-0.04345703125,-8.544921875,-4.7607421875,2.38037109375,2.189895868301392,87.68614196777344,150.6504364013672
0.0205078125,0.978759765625,-0.056396484375,-7.99560546875,-4.57763671875,1.77001953125,1.97824501991272,87.56747436523438,150.4785919189453
0.023193359375,0.9755859375,-0.054443359375,-8.1787109375,-4.5166015625,1.8310546875,1.7658618688583374,87.44279479980469,150.30873107910156
0.014404296875,0.98828125,-0.0458984375,-8.4228515625,-5.126953125,2.197265625,1.5666055679321291,87.29205322265625,150.11392211914062
0.021728515625,0.990478515625,-0.06787109375,-7.99560546875,-4.57763671875,1.89208984375,1.3714977502822876,87.21550750732422,149.94154357910156
0.017822265625,0.9873046875,-0.046875,-7.62939453125,-4.8828125,2.13623046875,1.1821666955947876,87.10939025878906,149.75563049316406
0.015869140625,0.978515625,-0.072021484375,-8.1787109375,-4.638671875,2.01416015625,1.0097264051437378,87.04530334472656,149.57994079589844
0.005615234375,0.978515625,-0.046875,-8.1787109375,-4.82177734375,2.38037109375,0.8524751663208008,86.92613983154297,149.39593505859375
0.016357421875,0.95947265625,-0.07275390625,-8.1787109375,-4.150390625,1.89208984375,-0.4479380548000336,86.00099182128906,147.62451171875
0.012451171875,0.98486328125,-0.080810546875,-8.11767578125,-4.2724609375,2.01416015625,-0.5503462553024292,86.00691986083984,147.45680236816406
0.047119140625,1.039794921875,-0.054931640625,-7.38525390625,-4.69970703125,2.13623046875,-0.7288737893104553,85.97686767578125,147.2726593017578
0.018310546875,0.971435546875,-0.0625,-8.72802734375,-4.39453125,1.708984375,-1.7982460260391235,85.13538360595703,144.84231567382812
0.001953125,0.982666015625,-0.047607421875,-8.9111328125,-4.82177734375,2.13623046875,-1.832440495491028,85.07276153564453,144.64768981933594
0.018798828125,0.98876953125,-0.05224609375,-8.1787109375,-4.638671875,2.25830078125,-1.9083266258239744,85.05165100097656,144.4604034423828
0.010986328125,0.991455078125,-0.0634765625,-7.568359375,-4.08935546875,1.953125,-1.9493882656097408,85.08050537109375,144.29269409179688
0.01904296875,0.978271484375,-0.056640625,-8.4228515625,-5.18798828125,1.8310546875,-2.0065371990203857,85.0618896484375,144.08106994628906
0.013916015625,0.984619140625,-0.046875,-8.056640625,-4.45556640625,1.77001953125,-2.0444886684417725,85.0346450805664,143.89891052246094
