0.158935546875,0.914794921875,-0.041748046875,-11.474609375,15.0146484375,-3.173828125,-13.860855102539062,87.16541290283203,-8.694069862365723
0.13818359375,0.952392578125,-0.034423828125,-9.21630859375,18.12744140625,-13.3056640625,-13.073570251464846,86.81237030029297,-8.021442413330076
0.162353515625,0.961181640625,-0.037353515625,-7.32421875,18.5546875,-18.37158203125,-12.164148330688475,86.56421661376953,-7.3493409156799325
0.1337890625,0.989501953125,-0.026611328125,-5.79833984375,20.08056640625,-19.34814453125,-11.17070198059082,86.36066436767578,-6.616444110870361
0.137451171875,0.97998046875,-0.014892578125,-5.67626953125,18.9208984375,-14.5263671875,-10.419567108154297,86.16157531738281,-5.9166669845581055
0.08935546875,0.98681640625,-0.013427734375,-8.48388671875,19.775390625,-11.3525390625,-9.70797634124756,85.8576431274414,-5.177637100219727
0.126220703125,0.9482421875,0.01025390625,-11.5966796875,17.15087890625,-7.4462890625,-9.277199745178224,85.40827178955078,-4.527661323547363
0.153076171875,0.9501953125,0.02001953125,-15.31982421875,13.48876953125,-4.69970703125,-9.04082489013672,84.8303451538086,-4.017797946929932
0.130615234375,0.934326171875,0.006591796875,-16.357421875,11.1083984375,-3.41796875,-8.82159423828125,84.28313446044922,-3.610409259796143
0.1474609375,0.911376953125,-0.0009765625,-15.380859375,7.2021484375,-2.685546875,-8.701471328735353,83.83959197998047,-3.3640947341918945
0.1435546875,0.905517578125,-0.0068359375,-10.31494140625,3.173828125,-4.45556640625,-8.524566650390625,83.65727233886719,-3.2927803993225098
0.1513671875,0.9140625,-0.012451171875,-5.18798828125,0.30517578125,-5.4931640625,-8.34152889251709,83.71851348876953,-3.343806266784668
0.134765625,0.9404296875,-0.052490234375,-1.220703125,-2.9296875,-7.080078125,-8.067851066589355,84.0511703491211,-3.5435762405395512
0.165771484375,0.965576171875,-0.07080078125,-2.0751953125,-3.84521484375,-8.544921875,-7.812514781951903,84.37855529785156,-3.785864353179932
0.15576171875,0.978759765625,-0.085205078125,-2.44140625,-1.953125,-10.986328125,-7.434723854064941,84.69940185546875,-3.959944725036621
0.176513671875,0.97802734375,-0.11181640625,-3.2958984375,-0.30517578125,-10.8642578125,-7.11725378036499,85.02235412597656,-4.068137645721436
0.154541015625,1.0234375,-0.113037109375,-3.662109375,4.08935546875,-8.72802734375,-6.817629337310791,85.2890853881836,-3.985762119293213
0.14013671875,1.02783203125,-0.081787109375,-3.662109375,7.080078125,-7.62939453125,-6.5315208435058585,85.46347045898438,-3.766965389251709
0.1337890625,1.041259765625,-0.082275390625,-5.859375,7.8125,-6.53076171875,-6.281129360198975,85.53961181640625,-3.5122127532958984
0.125244140625,1.033447265625,-0.055419921875,-8.30078125,10.986328125,-3.60107421875,-6.1307692527771,85.44440460205078,-3.1133108139038086
0.123046875,1.02197265625,-0.051513671875,-9.82666015625,10.43701171875,-0.1220703125,-6.1236114501953125,85.286376953125,-2.724904537200928
0.125244140625,1.0078125,-0.047607421875,-8.36181640625,9.27734375,-0.18310546875,-6.125734329223633,85.1907958984375,-2.3831048011779785
0.119384765625,0.994140625,-0.0341796875,-6.77490234375,8.4228515625,0.6103515625,-6.151998996734619,85.13670349121094,-2.0703821182250977
0.134033203125,0.9794921875,-0.03759765625,-6.591796875,7.50732421875,1.89208984375,-6.268368721008301,85.10363006591797,-1.7912483215332031
0.118408203125,0.97900390625,-0.044677734375,-8.1787109375,6.8359375,1.89208984375,-6.346751689910889,85.0278091430664,-1.5416107177734375
0.115234375,0.96142578125,-0.042236328125,-9.70458984375,6.53076171875,0.42724609375,-6.361955165863037,84.89185333251953,-1.3093757629394531
0.1298828125,0.9638671875,-0.04931640625,-9.21630859375,5.615234375,-0.732421875,-6.366600513458253,84.8010025024414,-1.120182991027832
0.1044921875,0.9755859375,-0.0322265625,-7.9345703125,3.84521484375,-0.48828125,-6.324485778808594,84.73294830322266,-0.9974069595336914
0.126220703125,0.96728515625,-0.039306640625,-6.65283203125,0.9765625,1.15966796875,-6.412007808685303,84.74725341796875,-0.9855275154113771
0.0986328125,0.974853515625,-0.0419921875,-5.4931640625,-0.91552734375,2.74658203125,-6.5001163482666025,84.82176971435547,-1.0452780723571775
0.11962890625,0.985595703125,-0.050537109375,-5.92041015625,-2.99072265625,4.21142578125,-6.695425510406494,84.90321350097656,-1.185394287109375
0.114013671875,0.979248046875,-0.0517578125,-6.77490234375,-2.13623046875,4.08935546875,-6.864105701446532,84.94750213623047,-1.2930335998535156
0.109130859375,0.970947265625,-0.043212890625,-6.34765625,-0.30517578125,3.7841796875,-6.998550891876222,84.97994995117188,-1.3268356323242188
0.123291015625,0.964111328125,-0.03662109375,-7.01904296875,-0.3662109375,3.35693359375,-7.145404815673827,84.96955108642578,-1.3631291389465332
0.118896484375,0.963134765625,-0.03173828125,-5.55419921875,0.9765625,0.8544921875,-7.17252779006958,85.00137329101562,-1.3533802032470703
0.125732421875,0.979736328125,-0.025634765625,-4.150390625,0.9765625,-1.5869140625,-7.1123619079589835,85.0736083984375,-1.3498334884643557
0.129150390625,0.99365234375,-0.02783203125,-5.43212890625,1.3427734375,-2.50244140625,-7.0207176208496085,85.09445190429688,-1.3344440460205078
0.13525390625,0.984130859375,-0.0126953125,-8.11767578125,-1.15966796875,-1.03759765625,-7.015467643737793,84.98431396484375,-1.409924030303955
0.11279296875,1.00048828125,-0.019775390625,-8.85009765625,-4.21142578125,0.3662109375,-7.021588802337647,84.8800277709961,-1.6059751510620115
0.140869140625,0.993408203125,-0.031005859375,-8.9111328125,-6.65283203125,1.64794921875,-7.152294635772705,84.81412506103516,-1.898921489715576
0.138916015625,0.995849609375,-0.048828125,-9.6435546875,-6.8359375,2.38037109375,-7.303134441375732,84.76317596435547,-2.202632427215576
0.13037109375,0.98583984375,-0.04150390625,-8.72802734375,-7.38525390625,2.8076171875,-7.450783729553223,84.73885345458984,-2.526085376739502
0.118896484375,0.987060546875,-0.043701171875,-8.72802734375,-8.48388671875,4.0283203125,-7.618772029876709,84.7269515991211,-2.8910865783691406
0.13720703125,0.975830078125,-0.057861328125,-7.99560546875,-9.3994140625,4.33349609375,-7.840662956237793,84.7839126586914,-3.297255516052246
0.131103515625,0.964111328125,-0.051513671875,-6.9580078125,-9.58251953125,5.2490234375,-8.079864501953125,84.86936950683594,-3.707298755645752
0.126708984375,0.97021484375,-0.07177734375,-7.26318359375,-9.27734375,3.84521484375,-8.240714073181152,84.98619842529297,-4.117940902709962
0.11962890625,0.980224609375,-0.0625,-9.033203125,-7.2021484375,2.25830078125,-8.30543327331543,84.9946517944336,-4.447883605957031
0.12744140625,0.983642578125,-0.06005859375,-10.31494140625,-6.4697265625,2.3193359375,-8.384390830993652,84.9411849975586,-4.747489929199219
0.125732421875,0.970458984375,-0.046630859375,-10.498046875,-6.28662109375,2.44140625,-8.464433670043945,84.8523941040039,-5.0356926918029785
0.116943359375,0.96142578125,-0.035400390625,-8.6669921875,-4.2724609375,2.44140625,-8.516654968261719,84.80350494384766,-5.239920616149902
0.128173828125,0.96826171875,-0.04931640625,-6.53076171875,-3.5400390625,0.244140625,-8.501407623291017,84.87037658691406,-5.427462100982666
0.130859375,0.972412109375,-0.03466796875,-7.01904296875,-2.50244140625,-0.67138671875,-8.451167106628418,84.8746337890625,-5.570762634277344
0.115966796875,0.97705078125,-0.03955078125,-7.75146484375,-3.47900390625,-0.18310546875,-8.39033317565918,84.86634063720703,-5.753246784210205
0.120849609375,0.999267578125,-0.042236328125,-8.85009765625,-4.8828125,0.244140625,-8.358845710754395,84.82637786865234,-5.991100311279298
0.121337890625,0.978271484375,-0.036376953125,-9.033203125,-4.638671875,0.6103515625,-8.349274635314941,84.76725769042969,-6.2161359786987305
0.112548828125,0.982421875,-0.028564453125,-8.6669921875,-5.18798828125,-0.18310546875,-8.289292335510254,84.71053314208984,-6.463803291320801
0.1181640625,0.985107421875,-0.03271484375,-8.9111328125,-4.69970703125,-1.8310546875,-8.176946640014647,84.6531753540039,-6.6990294456481925
0.120361328125,0.96826171875,-0.029541015625,-9.33837890625,-4.82177734375,-2.62451171875,-8.047914505004883,84.57536315917969,-6.940917015075684
0.1103515625,0.973876953125,-0.03076171875,-9.21630859375,-6.04248046875,-0.91552734375,-7.9719910621643075,84.51385498046875,-7.225926876068115
0.1142578125,0.9423828125,-0.025390625,-7.080078125,-9.58251953125,0.732421875,-7.99509334564209,84.54847717285156,-7.645591735839844
0.11279296875,0.937255859375,-0.018310546875,-3.11279296875,-12.20703125,1.40380859375,-8.050296783447267,84.73837280273438,-8.166104316711426
0.12158203125,0.954345703125,-0.036865234375,0.67138671875,-14.95361328125,1.5869140625,-8.133626937866211,85.13105773925781,-8.802271842956543
0.13134765625,0.978759765625,-0.070068359375,0.9765625,-15.44189453125,1.0986328125,-8.207091331481934,85.5984878540039,-9.469315528869627
0.14208984375,1.011962890625,-0.084716796875,-2.197265625,-13.00048828125,0.67138671875,-8.263307571411133,85.93474578857422,-10.041601181030273
0.126220703125,1.036865234375,-0.08447265625,-9.58251953125,-7.01904296875,-1.03759765625,-8.189944267272951,85.92440795898438,-10.375535011291504
0.104248046875,1.0302734375,-0.074462890625,-13.18359375,-2.25830078125,-0.732421875,-8.072796821594237,85.7225570678711,-10.51374053955078
0.07568359375,1.001220703125,-0.0537109375,-13.00048828125,0.91552734375,-0.30517578125,-7.91052770614624,85.4759292602539,-10.517796516418457
0.07275390625,1.006103515625,-0.018798828125,-8.6669921875,0.244140625,2.86865234375,-7.874434471130371,85.33513641357422,-10.528553009033203
0.083740234375,1.00341796875,-0.01171875,-6.65283203125,-4.150390625,5.06591796875,-7.965775489807129,85.28768157958984,-10.707298278808594
0.09765625,1.006591796875,-0.0068359375,-6.28662109375,-5.859375,6.77490234375,-8.157304763793945,85.25466918945312,-10.948204040527344
0.101806640625,1.007080078125,-0.014404296875,-8.1787109375,-6.77490234375,7.50732421875,-8.382866859436035,85.1701889038086,-11.22673797607422
0.078857421875,0.997314453125,0.021728515625,-10.19287109375,-7.9345703125,9.33837890625,-8.626383781433105,84.93328857421875,-11.534842491149902
0.09130859375,0.96337890625,0.023681640625,-12.51220703125,-10.1318359375,12.5732421875,-9.03310489654541,84.6197738647461,-11.919322967529295
0.120849609375,0.955078125,0.00048828125,-11.29150390625,-16.4794921875,14.2822265625,-9.588175773620604,84.46546936035156,-12.563018798828125
0.12841796875,0.935302734375,-0.009521484375,-10.31494140625,-20.01953125,15.625,-10.213221549987793,84.41100311279297,-13.351633071899414
0.13623046875,0.945068359375,-0.031982421875,-10.43701171875,-20.32470703125,15.380859375,-10.821499824523926,84.41845703125,-14.167189598083494
0.1513671875,0.9375,-0.037841796875,-7.568359375,-19.34814453125,17.51708984375,-11.524560928344727,84.55484771728516,-14.943195343017578
0.151611328125,0.9013671875,-0.04248046875,-5.92041015625,-19.287109375,18.6767578125,-12.258431434631348,84.77601623535156,-15.72249984741211
0.164794921875,0.89208984375,-0.029052734375,-4.94384765625,-20.56884765625,15.80810546875,-12.886449813842773,85.01729583740234,-16.564336776733402
0.17822265625,0.8701171875,-0.047119140625,-2.74658203125,-19.8974609375,12.5732421875,-13.399447441101074,85.39056396484375,-17.406509399414062
0.172119140625,0.84912109375,-0.041015625,0.54931640625,-21.728515625,9.6435546875,-13.769905090332033,85.89503479003906,-18.334617614746094
0.1748046875,0.85693359375,-0.066162109375,4.57763671875,-24.59716796875,8.6669921875,-14.087963104248047,86.6423110961914,-19.402050018310547
0.164794921875,0.842529296875,-0.0732421875,12.87841796875,-25.634765625,8.544921875,-14.356067657470705,87.7320556640625,-20.51995086669922
0.18603515625,0.841064453125,-0.071533203125,14.7705078125,-25.390625,7.38525390625,-14.601834297180176,88.85321807861328,-21.627296447753906
0.1611328125,0.827392578125,-0.058349609375,12.26806640625,-25.5126953125,4.45556640625,-14.644451141357422,89.80338287353516,-22.728689193725586
0.178466796875,0.823486328125,-0.03662109375,-1.28173828125,-26.4892578125,2.3193359375,-14.636062622070312,90.12418365478516,-23.84827423095703
0.155517578125,0.822509765625,-0.059814453125,-13.73291015625,-28.3203125,5.31005859375,-14.684819221496582,90.01957702636719,-25.05842399597168
0.083251953125,0.828369140625,-0.058349609375,-25.146484375,-35.21728515625,11.1083984375,-14.773633003234865,89.53372192382812,-26.55543708801269
0.108154296875,0.8076171875,-0.073974609375,-34.1796875,-44.37255859375,15.2587890625,-15.117454528808596,88.85676574707031,-28.44396209716797
0.095703125,0.740234375,-0.095458984375,-34.24072265625,-44.7998046875,14.5263671875,-15.42979907989502,88.30537414550781,-30.377595901489254
0.081298828125,0.708251953125,-0.1123046875,-27.16064453125,-40.22216796875,10.986328125,-15.566229820251465,88.08460235595703,-32.148422241210945
0.087158203125,0.6845703125,-0.115234375,-7.32421875,-29.11376953125,7.01904296875,-15.552083015441895,88.5663833618164,-33.470993041992195
0.12548828125,0.722900390625,-0.08642578125,1.15966796875,-19.34814453125,0.244140625,-15.349169731140135,89.14613342285156,-34.35922241210937
0.078369140625,0.785400390625,-0.069580078125,-3.84521484375,-13.97705078125,-10.1318359375,-14.569695472717285,89.36988067626953,-35.002552032470696
0.073486328125,0.860595703125,-0.0693359375,-17.822265625,-7.38525390625,-22.15576171875,-13.307188987731935,88.93240356445312,-35.37004852294922
0.085693359375,0.896728515625,-0.0771484375,-25.57373046875,-5.0048828125,-20.69091796875,-12.176711082458494,88.18755340576172,-35.64925765991211
0.060546875,0.895751953125,-0.044189453125,-25.634765625,-2.685546875,-17.76123046875,-11.144027709960938,87.36320495605469,-35.824546813964844
0.02001953125,0.924072265625,-0.045654296875,-16.17431640625,-0.6103515625,-19.71435546875,-9.969244003295898,86.93425750732422,-35.92919158935547
0.017333984375,0.968017578125,-0.063720703125,-8.056640625,-2.0751953125,-20.56884765625,-8.802589416503906,86.89262390136719,-36.101646423339844
-0.022705078125,0.994140625,-0.06396484375,-3.662109375,-4.08935546875,-18.85986328125,-7.662102699279785,87.03255462646484,-36.344810485839844
-0.033935546875,0.97216796875,-0.087158203125,0.1220703125,-9.8876953125,-9.70458984375,-6.914153099060059,87.39842987060547,-36.802093505859375
-0.01708984375,0.890869140625,-0.10888671875,5.37109375,-12.39013671875,-7.9345703125,-6.3016276359558105,88.0389175415039,-37.35591125488281
0.016845703125,0.91259765625,-0.138427734375,14.09912109375,-10.1318359375,-14.892578125,-5.511359214782715,89.05272674560547,-37.82003784179688
0.035888671875,0.9638671875,-0.1318359375,20.69091796875,-2.99072265625,-27.03857421875,-4.300593852996826,90.22307586669922,-37.974342346191406
0.022216796875,1.021484375,-0.127685546875,19.1650390625,0.3662109375,-26.85546875,-3.109296560287476,91.24723815917969,-37.9610481262207
-0.00244140625,1.053466796875,-0.124755859375,11.65771484375,2.25830078125,-27.40478515625,-1.8915472030639648,91.91228485107422,-37.847503662109375
0.0322265625,1.08154296875,-0.124267578125,-1.5869140625,4.82177734375,-27.28271484375,-0.8041468858718872,92.01284790039062,-37.61928176879883
0.019775390625,1.06201171875,-0.130615234375,-8.4228515625,8.72802734375,-25.5126953125,0.18913602828979487,91.8574447631836,-37.23503112792969
-0.0263671875,1.02783203125,-0.1025390625,-8.7890625,10.1318359375,-23.5595703125,1.1645976305007937,91.64844512939452,-36.79777908325195
-0.111083984375,1.03662109375,-0.0888671875,-2.74658203125,-2.8076171875,-27.89306640625,2.475016593933105,91.64948272705078,-36.87252426147461
-0.146484375,1.031982421875,-0.087158203125,-5.37109375,-11.90185546875,-39.00146484375,4.264566421508788,91.51917266845705,-37.29686737060547
-0.17138671875,1.00341796875,-0.136962890625,-11.23046875,-20.69091796875,-54.8095703125,6.683035373687744,91.22618865966795,-38.05162048339844
-0.037353515625,1.003173828125,-0.17333984375,-4.5166015625,-24.23095703125,-60.302734375,8.93023681640625,91.24729919433594,-38.92975997924805
-0.04296875,1.049072265625,-0.170166015625,8.6669921875,-20.5078125,-38.0859375,10.2116117477417,91.76724243164062,-39.66813659667969
-0.12158203125,1.074462890625,-0.14892578125,19.83642578125,-14.7705078125,-18.24951171875,10.812250137329102,92.68668365478516,-40.19683456420898
-0.0712890625,1.05517578125,-0.15673828125,25.7568359375,-18.49365234375,-10.009765625,10.97797966003418,93.7958755493164,-40.88528823852539
0.023193359375,1.063232421875,-0.1767578125,21.97265625,-16.4794921875,-9.09423828125,10.909402847290039,94.76543426513672,-41.48755645751953
0.040771484375,1.077880859375,-0.167236328125,13.671875,-10.25390625,-9.6435546875,10.815150260925293,95.38898468017578,-41.84024429321289
0.044189453125,0.990478515625,-0.17919921875,8.056640625,1.40380859375,-4.08935546875,10.447393417358398,95.90613555908205,-41.73297882080078
-0.009521484375,1.033935546875,-0.18994140625,9.8876953125,2.25830078125,-1.52587890625,10.105081558227539,96.48597717285156,-41.60520935058594
0.017822265625,1.095458984375,-0.199951171875,-0.1220703125,0.91552734375,-3.90625,9.81972599029541,96.63141632080078,-41.52398681640625
0.02587890625,1.056640625,-0.205810546875,-18.06640625,5.2490234375,-1.3427734375,9.406850814819336,96.10753631591795,-41.27494430541992
-0.049072265625,1.071044921875,-0.181640625,-19.71435546875,5.615234375,0.9765625,9.073987007141113,95.48130798339844,-41.02961349487305
-0.03662109375,1.108154296875,-0.18310546875,-22.27783203125,2.86865234375,2.01416015625,8.697700500488281,94.74888610839844,-40.89628219604492
-0.074951171875,1.09033203125,-0.14990234375,-28.6865234375,1.953125,3.0517578125,8.379348754882812,93.72013854980469,-40.80824661254883
-0.108642578125,1.117919921875,-0.14990234375,-25.08544921875,-2.13623046875,-1.52587890625,8.33077335357666,92.84608459472656,-40.86877059936523
-0.080810546875,1.1904296875,-0.18017578125,-20.99609375,-3.96728515625,-1.0986328125,8.204647064208983,92.1989288330078,-40.99392700195313
-0.041259765625,1.206787109375,-0.165283203125,-19.8974609375,-5.18798828125,13.671875,7.420028209686278,91.58126068115234,-41.19122695922852
-0.046630859375,1.1796875,-0.146728515625,-18.24951171875,-8.23974609375,21.8505859375,6.35324764251709,91.01409912109376,-41.51775741577149
-0.077392578125,1.16064453125,-0.140625,-14.95361328125,-11.962890625,20.44677734375,5.445250034332275,90.58486938476562,-41.98789978027344
-0.0380859375,1.156494140625,-0.1328125,-16.29638671875,-18.98193359375,14.16015625,4.746584415435791,90.08749389648438,-42.73311996459961
-0.022216796875,1.1435546875,-0.126220703125,-22.64404296875,-24.59716796875,18.12744140625,3.878484964370728,89.33990478515625,-43.69787216186523
-0.0595703125,1.16064453125,-0.118896484375,-29.35791015625,-26.2451171875,32.470703125,2.529425382614136,88.35160827636719,-44.71027755737305
-0.05908203125,1.14208984375,-0.0947265625,-31.8603515625,-29.052734375,55.5419921875,0.2939039468765259,87.2890625,-45.78441619873047
0.11083984375,1.069091796875,-0.072265625,-28.62548828125,-28.9306640625,62.5,-2.498936891555786,86.4087142944336,-46.80695724487305
0.27685546875,1.052734375,-0.119140625,-18.49365234375,-30.21240234375,57.373046875,-5.335534572601318,86.11282348632812,-47.886756896972656
0.2470703125,1.16796875,-0.123046875,-3.662109375,-34.36279296875,21.3623046875,-6.530587196350098,86.47437286376953,-49.24790954589844
0.239990234375,1.203125,-0.097412109375,20.263671875,-32.470703125,-6.53076171875,-6.519392013549805,87.73932647705078,-50.60223388671875
0.10693359375,1.320556640625,-0.046630859375,48.7060546875,-28.13720703125,-15.80810546875,-5.832417011260986,89.96582794189453,-51.76096725463867
-0.032958984375,1.419677734375,-0.032958984375,45.59326171875,-40.771484375,-8.85009765625,-5.162103652954102,91.9850616455078,-53.39136123657226
-0.007080078125,1.325439453125,-0.1025390625,20.93505859375,-56.0302734375,2.3193359375,-4.930542469024658,93.10321044921876,-55.64886856079102
-0.02294921875,1.21826171875,-0.135009765625,5.126953125,-54.8095703125,13.24462890625,-5.083882808685303,93.61671447753906,-57.88764190673828
0.032470703125,1.1201171875,-0.152099609375,0.06103515625,-37.90283203125,16.54052734375,-5.500633716583252,93.91301727294922,-59.46578979492188
0.14990234375,1.00537109375,-0.108642578125,5.859375,-9.21630859375,28.62548828125,-6.726822376251222,94.26969146728516,-59.92863845825195
0.125,0.89599609375,-0.036865234375,18.98193359375,10.19287109375,32.40966796875,-8.095451354980469,94.89791870117188,-59.617164611816406
0.173095703125,0.8662109375,0.054443359375,35.888671875,14.404296875,21.05712890625,-9.116206169128418,95.90887451171876,-59.07162475585938
0.244873046875,0.904541015625,0.060302734375,38.330078125,8.97216796875,11.8408203125,-9.86901569366455,96.99903106689452,-58.70491409301758
0.288330078125,1.049560546875,0.004638671875,23.681640625,1.953125,8.60595703125,-10.43950653076172,97.64275360107422,-58.62128067016602
0.33203125,1.02294921875,-0.026123046875,-17.27294921875,6.04248046875,20.32470703125,-11.573246955871582,96.67010498046876,-58.43337631225586
0.2900390625,0.89501953125,-0.00927734375,-31.31103515625,7.50732421875,25.81787109375,-12.881607055664062,95.12361145019531,-58.18520736694336
0.251220703125,0.88671875,-0.015625,-32.16552734375,0.79345703125,21.42333984375,-13.851001739501953,93.66655731201172,-58.18156433105469
0.40478515625,0.922607421875,-0.084228515625,-43.88427734375,-7.568359375,24.5361328125,-15.194761276245115,92.04358673095705,-58.551307678222656
0.4580078125,0.817626953125,-0.084716796875,-52.490234375,-0.67138671875,33.447265625,-17.073719024658207,90.08087921142578,-58.63125991821289
0.425537109375,0.728271484375,-0.052734375,-42.48046875,11.53564453125,30.82275390625,-18.81391143798828,88.35480499267578,-58.16189956665039
0.44091796875,0.78173828125,-0.014404296875,-4.33349609375,18.73779296875,16.54052734375,-19.868358612060547,87.99295043945312,-57.372047424316406
0.458984375,0.947998046875,-0.034912109375,11.962890625,14.404296875,24.84130859375,-21.076133728027344,88.38529205322266,-56.77565002441406
0.4052734375,0.9267578125,0.001708984375,-1.8310546875,8.544921875,43.15185546875,-22.883804321289066,88.19540405273438,-56.37323379516602
0.258544921875,0.6923828125,0.017578125,-14.09912109375,-12.0849609375,38.51318359375,-24.33324813842773,87.81757354736328,-56.84814834594727
0.0546875,0.802490234375,-0.004150390625,-8.7890625,-25.57373046875,13.0615234375,-24.09116554260254,88.01045989990234,-57.989906311035156
-0.00927734375,0.998779296875,-0.09375,-8.056640625,-45.0439453125,-4.638671875,-23.00708770751953,88.77894592285156,-60.08056640625
0.176025390625,1.096923828125,-0.207275390625,-36.31591796875,-71.8994140625,16.9677734375,-23.189638137817386,89.04232788085938,-63.38925552368164
0.288330078125,0.922119140625,-0.251708984375,-68.29833984375,-72.69287109375,36.80419921875,-24.49175453186035,88.23648834228516,-66.79541778564453
0.283935546875,0.775146484375,-0.194091796875,-81.60400390625,-54.62646484375,35.33935546875,-25.82514572143555,86.60482025146484,-69.40919494628906
-0.047607421875,0.835205078125,-0.072509765625,-68.115234375,-23.62060546875,12.75634765625,-25.305606842041016,84.67621612548828,-70.59085083007812
-0.036865234375,0.853759765625,-0.095458984375,-60.97412109375,-29.47998046875,5.37109375,-24.597736358642575,83.27676391601562,-72.09080505371094
0.149169921875,0.778564453125,-0.1328125,-50.537109375,-37.65869140625,12.02392578125,-24.74154853820801,82.59996032714844,-73.9634780883789
0.201904296875,0.79345703125,-0.11376953125,-30.6396484375,-29.11376953125,19.4091796875,-25.26618003845215,82.50695037841797,-75.40081787109375
0.096923828125,0.87646484375,-0.054931640625,-32.89794921875,-10.009765625,20.81298828125,-25.41683387756348,81.79505157470703,-75.92466735839844
0.11083984375,0.83935546875,-0.077392578125,-16.845703125,-35.09521484375,18.6767578125,-24.920818328857425,79.5844955444336,-79.98162841796875
0.1982421875,0.866943359375,-0.060302734375,-21.728515625,-25.5126953125,10.986328125,-25.07925796508789,79.74293518066406,-81.25765991210938
0.21484375,0.84423828125,-0.07763671875,-32.40966796875,-12.02392578125,2.99072265625,-24.88395118713379,79.2956314086914,-82.03038787841797
0.21826171875,0.840087890625,-0.056396484375,-35.58349609375,-2.62451171875,-8.1787109375,-24.20187950134277,78.54410552978516,-82.46640014648438
0.186279296875,0.811279296875,-0.0263671875,-36.62109375,1.46484375,-24.90234375,-22.79598617553711,77.68827819824219,-82.85161590576172
0.10498046875,0.81689453125,-0.00439453125,-29.1748046875,3.662109375,-41.44287109375,-20.56431198120117,77.12627410888672,-83.2860336303711
0.033447265625,0.902099609375,0.00537109375,-16.357421875,-2.685546875,-53.89404296875,-17.78864288330078,77.18476104736328,-84.07791137695312
0.079833984375,0.966064453125,-0.025634765625,-4.8828125,-17.9443359375,-46.08154296875,-15.650087356567385,77.89144134521484,-85.39300537109375
0.051513671875,0.990478515625,-0.015625,2.0751953125,-22.94921875,-38.9404296875,-13.82437801361084,78.80813598632812,-86.7801284790039
-0.03515625,1.0263671875,-0.033203125,-18.06640625,-1.220703125,-26.611328125,-4.087578773498535,80.999755859375,-93.22213745117188
-0.077392578125,1.016357421875,-0.00341796875,-6.89697265625,4.57763671875,-24.10888671875,-2.777608871459961,81.07098388671875,-93.21407318115234
-0.06787109375,1.06298828125,0.022216796875,0.48828125,9.27734375,-24.96337890625,-1.4841423034667969,81.37394714355469,-93.01043701171876
-0.071533203125,1.108154296875,0.03515625,0.732421875,11.41357421875,-22.8271484375,-0.31297582387924194,81.65306854248047,-92.69718933105469
-0.057861328125,1.158935546875,0.037109375,-6.103515625,7.38525390625,-13.97705078125,0.4060433208942413,81.65241241455078,-92.48583984375
-0.119384765625,1.175048828125,0.0234375,-10.43701171875,0.732421875,-4.2724609375,0.7925471663475037,81.50455474853516,-92.48038482666016
-0.08935546875,1.16650390625,0.010986328125,-15.93017578125,-13.61083984375,3.23486328125,0.7274648547172546,81.16035461425781,-92.99658966064452
-0.08984375,1.11572265625,-0.0068359375,-21.8505859375,-29.35791015625,14.34326171875,0.1352628618478775,80.62686920166016,-94.06458282470705
-0.056884765625,1.0166015625,-0.005615234375,-24.90234375,-34.5458984375,17.88330078125,-0.6733170747756958,80.00524139404297,-95.30963134765624
0.006103515625,0.75537109375,0.03125,-42.8466796875,-16.66259765625,-39.36767578125,0.039735499769449234,76.16571044921875,-99.50080871582031
0.12255859375,1.184326171875,-0.0419921875,202.880859375,-32.89794921875,-57.55615234375,1.852042555809021,84.84394836425781,-101.18345642089844
0.081298828125,1.136962890625,-0.05224609375,-47.36328125,-24.90234375,49.9267578125,-0.4625586569309234,83.22734069824219,-101.95975494384766
-0.091064453125,1.01708984375,0.037353515625,-7.50732421875,27.77099609375,1.46484375,0.6270915269851685,81.97517395019531,-97.83250427246094
-0.04736328125,0.99609375,0.033203125,-4.45556640625,26.67236328125,2.50244140625,0.7556183338165283,82.0372543334961,-96.75957489013672
-0.07421875,0.9921875,0.01171875,-5.2490234375,18.00537109375,2.25830078125,0.9026578664779664,82.11094665527344,-96.03044891357422
