0.000244140625,0.994140625,0.052734375,-8.48388671875,-4.8828125,2.13623046875,-3.208847522735596,78.59736633300781,72.74565124511719
-0.008544921875,0.979248046875,0.042236328125,-7.99560546875,-4.82177734375,1.953125,-3.17663311958313,78.62667846679688,72.55183410644531
0.010986328125,0.99169921875,0.055908203125,-8.6669921875,-4.638671875,2.0751953125,-3.1936402320861816,78.59767150878906,72.36815643310547
0.00927734375,0.982177734375,0.053955078125,-9.33837890625,-4.94384765625,2.13623046875,-3.2508091926574707,78.55087280273438,70.99597930908203
-0.00341796875,0.992431640625,0.053955078125,-8.30078125,-5.31005859375,2.25830078125,-3.244640350341797,78.545654296875,70.78654479980469
0.012451171875,0.990966796875,0.047607421875,-8.36181640625,-5.4931640625,2.0751953125,-3.269362688064575,78.55294799804688,70.56784057617188
-0.002685546875,0.98291015625,0.050537109375,-7.62939453125,-5.0048828125,2.01416015625,-3.252143859863281,78.58061218261719,70.36801910400389
-0.0009765625,0.982666015625,0.05078125,-8.30078125,-4.5166015625,1.953125,-3.2333180904388428,78.5786361694336,70.18704986572266
-0.00439453125,0.98583984375,0.0546875,-8.1787109375,-4.150390625,1.953125,-3.204488039016724,78.57218933105469,70.02104187011719
0.008544921875,0.9912109375,0.048583984375,-8.30078125,-4.69970703125,2.197265625,-3.2203383445739746,78.57672119140625,69.83480072021484
0.007080078125,0.974365234375,0.0498046875,-8.36181640625,-5.615234375,2.3193359375,-3.2443411350250244,78.57594299316406,69.61370086669922
0.000732421875,1.01025390625,0.09521484375,-9.09423828125,-4.5166015625,2.44140625,-3.2482540607452397,78.44649505615234,69.44205474853516
-0.03466796875,0.979248046875,0.050048828125,-9.58251953125,-5.37109375,4.150390625,-3.2448880672454834,78.40058135986328,69.24453735351561
-0.007080078125,0.99658203125,0.037353515625,-12.02392578125,-5.37109375,7.6904296875,-3.444450855255127,78.28837585449219,69.07379150390625
0.056884765625,0.9658203125,0.09326171875,-11.474609375,-4.5166015625,7.2021484375,-3.758647918701172,78.06793212890625,68.94073486328125
-0.014892578125,0.941650390625,0.06884765625,-11.77978515625,-5.4931640625,5.2490234375,-3.824232339859009,77.901611328125,68.74813079833984
0.069091796875,0.90576171875,0.13427734375,-9.70458984375,-5.18798828125,3.23486328125,-4.012626647949219,77.65641021728516,68.56307983398439
0.01953125,0.977294921875,0.056884765625,-0.06103515625,-4.7607421875,-9.765625,-3.5586459636688232,78.01425170898438,68.27104949951172
-0.150634765625,1.053466796875,-0.007080078125,-18.61572265625,-5.37109375,18.61572265625,-2.4839324951171875,78.71446228027344,66.75475311279297
0.0986328125,0.933349609375,0.082763671875,-29.6630859375,-5.37109375,35.21728515625,-4.042158603668213,77.75521850585938,66.81862640380861
0.19091796875,0.875,0.179931640625,2.62451171875,-2.62451171875,-9.521484375,-4.009394645690918,77.88249206542969,66.63638305664061
0.107421875,1.06103515625,-0.110107421875,18.37158203125,26.2451171875,-29.4189453125,-2.730874300003052,79.25947570800781,67.38887023925781
-0.592041015625,1.103271484375,-0.19482421875,2.62451171875,44.00634765625,-57.373046875,0.9785987734794616,80.04476928710938,68.68672943115234
0.1494140625,1.00634765625,0.0947265625,6.89697265625,21.8505859375,-65.85693359375,3.340848207473755,80.50146484375,69.11508941650389
-0.306640625,1.177734375,-0.0849609375,-1.52587890625,61.95068359375,-74.76806640625,7.114164352416992,81.12788391113281,71.13282012939453
-0.444580078125,1.17822265625,-0.092041015625,-26.123046875,47.05810546875,-68.603515625,10.63994312286377,80.78990173339844,72.64418029785156
-0.451171875,1.14453125,0.01025390625,-51.7578125,20.01953125,-48.52294921875,13.11325740814209,79.12691497802734,73.16124725341797
-0.47314453125,1.074462890625,0.08056640625,-50.59814453125,-5.4931640625,-18.6767578125,14.21759033203125,77.2442626953125,72.8291244506836
-0.44140625,1.011474609375,0.127197265625,-20.99609375,-28.25927734375,0.3662109375,14.313226699829102,76.3196792602539,71.73995971679688
-0.2880859375,1.13916015625,0.04150390625,36.7431640625,-40.95458984375,48.9501953125,12.053990364074707,77.95616149902344,70.64915466308594
-0.376708984375,1.23095703125,0.005615234375,36.43798828125,-59.87548828125,52.55126953125,9.74247932434082,79.4767837524414,68.76197052001953
-0.40380859375,1.23486328125,-0.049560546875,15.68603515625,-69.9462890625,49.37744140625,7.658469200134277,80.20623779296875,66.40184783935547
-0.335205078125,1.087890625,-0.038818359375,-10.68115234375,-80.13916015625,42.05322265625,5.843186855316162,79.87425994873047,63.56478118896485
-0.23681640625,0.964111328125,0.001953125,-13.0615234375,-83.06884765625,32.1044921875,4.317118167877196,79.45221710205078,60.544776916503906
-0.248046875,0.903564453125,0.00439453125,-5.9814453125,-83.55712890625,27.587890625,3.0720534324646,79.39168548583984,57.477577209472656
-0.304931640625,0.8916015625,-0.033203125,10.80322265625,-92.8955078125,21.97265625,2.1845166683197017,80.12470245361328,53.99653244018555
-0.23095703125,0.89404296875,-0.04833984375,22.15576171875,-111.51123046875,16.78466796875,1.3088043928146362,81.3606948852539,49.720069885253906
-0.15380859375,0.9599609375,-0.060302734375,29.72412109375,-121.4599609375,7.01904296875,0.6939451098442078,82.92725372314453,44.95886611938477
-0.136962890625,1.045166015625,-0.1220703125,36.7431640625,-123.71826171875,6.9580078125,0.1777678281068802,84.88142395019531,40.07861709594727
-0.02392578125,1.029541015625,-0.1923828125,47.2412109375,-115.53955078125,9.27734375,-0.4412026703357697,87.38349914550781,35.49660110473633
-0.041748046875,1.013671875,-0.30517578125,71.35009765625,-94.78759765625,20.56884765625,-1.1937644481658936,91.03250122070312,31.7141227722168
0.287841796875,1.142333984375,-0.398193359375,74.03564453125,-68.54248046875,6.7138671875,-1.7952200174331665,94.74412536621094,28.93479156494141
0.161376953125,1.2197265625,-0.4951171875,68.42041015625,-17.88330078125,-5.2490234375,-1.712996244430542,98.16366577148438,28.22225952148437
0.205078125,1.34521484375,-0.46923828125,49.9267578125,9.521484375,-21.240234375,-1.1986985206604004,100.56795501708984,28.72182464599609
0.126708984375,1.33349609375,-0.36962890625,12.8173828125,19.6533203125,-34.97314453125,-0.14157161116600034,101.2491683959961,29.758331298828125
0.0625,1.36083984375,-0.346435546875,-3.72314453125,7.26318359375,-38.02490234375,1.1912678480148315,101.21124267578124,30.344341278076172
-0.003662109375,1.400390625,-0.2724609375,-17.7001953125,-2.99072265625,-39.36767578125,2.712699174880981,100.48571014404295,30.528453826904297
0.078369140625,1.33447265625,-0.176513671875,-23.5595703125,-14.404296875,-23.13232421875,3.4816536903381348,99.38811492919922,30.120220184326172
0.086669921875,1.255615234375,-0.1259765625,-12.63427734375,-13.61083984375,-8.36181640625,3.604300975799561,98.69174194335938,29.62856292724609
-0.052978515625,1.209228515625,-0.153076171875,7.9345703125,-11.90185546875,2.74658203125,3.5256743431091313,98.90460205078124,29.13561248779297
0.018798828125,1.3134765625,-0.135498046875,29.6630859375,-23.4375,7.568359375,3.211633682250977,99.89855194091795,28.14986801147461
0.107421875,1.4267578125,-0.136474609375,22.64404296875,-35.2783203125,-1.15966796875,3.2142124176025386,100.53534698486328,26.75681304931641
0.070068359375,1.393798828125,-0.130859375,0.0,-41.19873046875,-10.25390625,3.676319360733032,100.22061920166016,25.198375701904297
0.025146484375,1.400390625,-0.14599609375,-31.18896484375,-51.57470703125,-13.12255859375,4.3491854667663565,98.6496124267578,23.23904228210449
-0.037109375,1.3564453125,-0.11962890625,-53.40576171875,-50.29296875,-8.85009765625,4.85344934463501,96.19596099853516,21.276885986328125
-0.042724609375,1.290771484375,-0.054931640625,-70.00732421875,-48.7060546875,9.6435546875,4.516012668609619,93.06818389892578,19.28689956665039
-0.013427734375,1.028564453125,-0.012451171875,-75.0732421875,-46.142578125,38.2080078125,2.896916627883911,89.83335876464844,17.391218185424805
-0.0556640625,0.81591796875,0.042724609375,-52.8564453125,-47.66845703125,48.9501953125,0.9484806060791016,87.5290756225586,15.515602111816404
0.04296875,0.79541015625,0.006103515625,-19.95849609375,-61.46240234375,49.74365234375,-1.3051574230194092,86.80351257324219,13.15483856201172
0.16748046875,0.835693359375,-0.071533203125,-8.23974609375,-66.7724609375,37.65869140625,-3.336442232131958,86.87886810302734,10.55836296081543
0.013427734375,0.839111328125,-0.015869140625,3.84521484375,-81.23779296875,33.87451171875,-6.325040340423584,86.72538757324219,0.4526700973510742
0.05029296875,0.859619140625,-0.058837890625,-5.92041015625,-87.46337890625,45.0439453125,-8.173760414123535,87.19408416748047,-3.0082497596740723
-0.03515625,0.7890625,-0.09375,-15.5029296875,-89.66064453125,59.326171875,-10.270086288452148,87.50845336914062,-6.586893558502197
0.000244140625,0.75048828125,-0.11962890625,-20.751953125,-88.37890625,76.72119140625,-13.058246612548828,87.83501434326172,-10.15680980682373
0.12158203125,0.77197265625,-0.146728515625,-37.2314453125,-80.01708984375,86.9140625,-16.475067138671875,87.66136932373047,-13.449792861938475
0.125732421875,0.690673828125,-0.05224609375,-65.73486328125,-56.94580078125,90.27099609375,-19.941259384155273,85.97687530517578,-15.724161148071287
0.08984375,0.675048828125,-0.153076171875,-48.2177734375,-118.5302734375,44.98291015625,-30.68646812438965,84.85001373291016,-30.84710121154785
0.186279296875,0.718994140625,-0.1123046875,-56.94580078125,-102.60009765625,22.3388671875,-31.284992218017575,85.60084533691406,-35.84805679321289
0.280029296875,0.708740234375,-0.0244140625,-48.40087890625,-70.9228515625,29.35791015625,-32.272998809814446,85.62913513183594,-39.21540832519531
0.276123046875,0.730712890625,-0.02734375,-30.029296875,-54.13818359375,41.68701171875,-33.62242889404297,86.0252914428711,-41.800392150878906
0.315185546875,0.77783203125,-0.073974609375,-20.08056640625,-38.2080078125,45.95947265625,-35.09048843383789,86.58818817138672,-43.73756790161133
0.263671875,0.799560546875,-0.043212890625,-17.9443359375,-7.8125,36.1328125,-35.888092041015625,86.31501007080078,-44.18552017211914
0.301513671875,0.844482421875,0.037353515625,-13.0615234375,8.36181640625,40.771484375,-36.84323120117188,85.49854278564453,-43.66157913208008
0.285888671875,0.87158203125,0.057861328125,-12.6953125,22.5830078125,42.41943359375,-37.713340759277344,84.20782470703125,-42.36636734008789
0.248291015625,0.822265625,0.1298828125,-19.04296875,32.1044921875,38.39111328125,-38.26215362548828,82.14178466796875,-40.43484497070313
0.1376953125,0.749755859375,0.168212890625,-24.7802734375,37.04833984375,36.7431640625,-38.40719985961914,79.56620025634766,-38.14695739746094
0.186767578125,0.745361328125,0.224609375,-13.0615234375,23.13232421875,34.5458984375,-38.62451553344727,77.7832260131836,-36.45782470703125
0.249755859375,0.79736328125,0.21240234375,-10.43701171875,0.6103515625,31.25,-38.98648452758789,76.98109436035156,-35.99719619750977
0.23779296875,0.78662109375,0.157958984375,-17.76123046875,-8.48388671875,16.66259765625,-38.83550262451172,76.48207092285156,-36.27582550048828
0.231201171875,0.774169921875,0.165283203125,-26.2451171875,-15.80810546875,0.1220703125,-38.111732482910156,75.97958374023438,-37.10118103027344
0.323974609375,0.8134765625,0.159423828125,-36.865234375,-33.02001953125,-15.80810546875,-37.15695571899414,75.73831176757812,-38.99201202392578
0.425537109375,0.846435546875,0.171142578125,-39.6728515625,-34.912109375,-26.06201171875,-36.05636978149414,75.46379852294922,-41.06715393066406
0.362060546875,0.78515625,0.1474609375,-39.55078125,-23.25439453125,-29.60205078125,-34.68651580810547,74.89732360839844,-42.63461685180664
0.212158203125,0.8291015625,0.142578125,-19.04296875,-8.6669921875,-25.0244140625,-33.01635360717773,74.76997375488281,-43.48450469970703
0.266357421875,0.93505859375,0.127197265625,-7.9345703125,-4.57763671875,-12.51220703125,-31.91280174255371,74.9703140258789,-44.02346420288086
0.3154296875,0.9921875,0.133056640625,-10.80322265625,3.2958984375,-5.43212890625,-31.10788154602051,74.80730438232422,-44.107093811035156
0.260009765625,0.93310546875,0.1767578125,-17.51708984375,9.765625,1.89208984375,-30.45838928222656,74.0552749633789,-43.74565505981445
0.230712890625,0.875244140625,0.159423828125,-14.34326171875,7.01904296875,9.33837890625,-30.115680694580078,73.49894714355469,-43.43751907348633
0.247802734375,0.831787109375,0.161376953125,-9.09423828125,2.197265625,15.56396484375,-30.14276123046875,73.21051025390625,-43.25338363647461
0.35107421875,0.87548828125,0.1689453125,-7.01904296875,-2.86865234375,4.8828125,-30.02007102966309,73.19489288330078,-43.4349250793457
0.30126953125,0.849365234375,0.14111328125,-15.869140625,0.06103515625,-8.97216796875,-29.25728988647461,72.92112731933594,-43.70487976074219
0.266845703125,0.829345703125,0.14453125,-19.71435546875,-3.47900390625,-20.01953125,-28.07903289794922,72.63091278076172,-44.27070999145508
0.2431640625,0.85986328125,0.1669921875,-17.578125,-6.89697265625,-20.93505859375,-26.87105369567871,72.45640563964844,-44.97264862060547
0.305908203125,0.892333984375,0.1748046875,-8.48388671875,-7.9345703125,-15.31982421875,-26.05615234375,72.61543273925781,-45.63098907470703
0.34619140625,0.89990234375,0.1279296875,-9.521484375,-2.685546875,-5.55419921875,-25.67735481262207,72.68287658691406,-45.97993087768555
0.303466796875,0.8515625,0.091796875,-13.61083984375,6.16455078125,-4.0283203125,-25.219919204711914,72.4950180053711,-45.96659851074219
0.2607421875,0.797607421875,0.141845703125,-14.6484375,12.87841796875,-5.37109375,-24.572982788085934,72.0052490234375,-45.62372970581055
0.267578125,0.7890625,0.125732421875,-8.056640625,12.939453125,-1.5869140625,-24.12118530273437,71.82178497314453,-45.2525634765625
0.37548828125,0.78515625,0.0517578125,-8.11767578125,13.7939453125,12.75634765625,-24.510967254638672,71.73353576660156,-44.727134704589844
0.4599609375,0.750732421875,0.016845703125,-18.24951171875,26.123046875,8.85009765625,-24.824504852294922,71.1047134399414,-43.76377868652344
0.36572265625,0.634033203125,0.039306640625,-28.13720703125,52.978515625,-11.23046875,-23.930479049682614,69.69892883300781,-41.96393585205078
0.21728515625,0.519287109375,0.16455078125,-16.66259765625,78.125,-27.03857421875,-21.72317886352539,68.06114196777344,-39.254974365234375
0.201416015625,0.55810546875,0.22705078125,8.056640625,79.16259765625,-24.658203125,-19.49490165710449,67.39617156982422,-36.50833129882813
0.210693359375,0.646240234375,0.214111328125,22.15576171875,67.81005859375,-17.822265625,-17.720661163330078,67.68315887451172,-34.197044372558594
0.259765625,0.679931640625,0.137451171875,14.46533203125,57.373046875,-23.193359375,-16.12892723083496,68.12533569335939,-32.457592010498054
0.212158203125,0.576171875,0.165283203125,1.708984375,68.84765625,-36.9873046875,-13.874031066894533,67.86882781982422,-30.438669204711914
0.177734375,0.5390625,0.240478515625,4.8828125,84.53369140625,-53.22265625,-10.751529693603516,67.46755981445311,-28.03323173522949
0.009521484375,0.599609375,0.247802734375,24.2919921875,76.84326171875,-59.6923828125,-7.005942344665527,68.12220001220703,-26.05341911315918
-0.0693359375,0.6494140625,0.183837890625,36.19384765625,57.67822265625,-45.95947265625,-3.968268632888794,69.65052795410156,-24.571706771850586
0.043212890625,0.706298828125,0.18505859375,45.2880859375,50.10986328125,-25.2685546875,-2.337131977081299,71.58436584472656,-23.02361488342285
0.103515625,0.789794921875,0.12451171875,38.63525390625,47.66845703125,-15.56396484375,-1.3795607089996338,73.4316635131836,-21.405147552490234
-0.114013671875,0.934326171875,0.109619140625,20.32470703125,57.9833984375,-49.1943359375,8.535965919494629,78.45008850097656,-16.174436569213867
-0.18603515625,0.957275390625,0.077392578125,1.5869140625,24.23095703125,-39.97802734375,10.38293743133545,78.87808227539062,-15.485148429870605
-0.176513671875,0.8564453125,-0.011962890625,-1.52587890625,-5.859375,-27.52685546875,11.473692893981935,79.18669128417969,-15.847002029418945
0.04736328125,0.925537109375,-0.0048828125,18.37158203125,-2.197265625,-5.4931640625,11.11383056640625,80.3280258178711,-15.891702651977539
0.174072265625,0.979736328125,-0.045654296875,14.83154296875,2.25830078125,15.2587890625,9.713817596435547,81.42694091796875,-15.618374824523926
0.0390625,0.958984375,-0.14404296875,-10.25390625,8.056640625,-25.2685546875,10.298555374145508,81.71278381347656,-15.32835292816162
-0.088134765625,0.920654296875,-0.070556640625,-13.73291015625,21.42333984375,-58.2275390625,12.531835556030273,81.76069641113281,-14.70722198486328
-0.114013671875,1.006103515625,0.064208984375,6.04248046875,30.94482421875,-46.7529296875,14.302567481994627,82.40441131591797,-13.667882919311525
-0.0361328125,1.064453125,0.07666015625,20.93505859375,10.498046875,2.50244140625,13.764981269836426,83.47506713867188,-13.197378158569336
0.0166015625,1.024658203125,-0.01123046875,21.78955078125,4.08935546875,13.24462890625,12.68075466156006,84.67267608642578,-12.914146423339846
-0.058837890625,0.995849609375,-0.0595703125,33.447265625,14.83154296875,1.5869140625,12.296550750732422,86.4804916381836,-12.23333740234375
-0.166015625,1.111083984375,-0.025634765625,69.51904296875,29.60205078125,-2.01416015625,12.260066986083984,89.69635772705078,-10.990352630615234
-0.139404296875,1.281982421875,-0.072021484375,78.125,21.97265625,14.2822265625,11.425141334533693,93.12762451171876,-10.089025497436523
-0.05322265625,1.32568359375,-0.109619140625,60.36376953125,8.6669921875,26.30615234375,9.990368843078613,95.64053344726562,-9.82005500793457
-0.042724609375,1.216796875,-0.125244140625,23.13232421875,0.6103515625,21.17919921875,8.831389427185059,96.54895782470705,-9.89208984375
-0.027099609375,1.162353515625,-0.176025390625,14.892578125,-5.43212890625,6.7138671875,8.294086456298826,97.17493438720705,-10.133782386779783
-0.03466796875,1.158447265625,-0.19287109375,15.625,-3.0517578125,-8.7890625,8.395129203796388,97.86524963378906,-10.198050498962402
-0.0703125,1.146240234375,-0.163330078125,20.81298828125,1.46484375,-21.240234375,9.027742385864258,98.7201156616211,-10.014223098754883
-0.179443359375,1.177734375,-0.141357421875,25.32958984375,2.5634765625,-20.93505859375,9.816751480102539,99.68256378173828,-9.787407875061037
-0.14453125,1.24658203125,-0.11865234375,22.4609375,-5.4931640625,-15.07568359375,10.31900405883789,100.3756103515625,-9.930481910705566
-0.054443359375,1.24658203125,-0.189453125,7.99560546875,-15.9912109375,-14.16015625,10.680075645446776,100.51213073730469,-10.478281021118164
-0.178955078125,1.218994140625,-0.2255859375,2.5634765625,-13.5498046875,-30.6396484375,11.881439208984375,100.53623962402344,-10.791683197021484
-0.317626953125,1.212646484375,-0.17431640625,6.04248046875,-2.197265625,-33.75244140625,13.323627471923828,100.70594024658205,-10.643098831176758
-0.272705078125,1.28662109375,-0.14892578125,6.65283203125,-3.662109375,-4.0283203125,13.452037811279295,100.76504516601562,-10.800971031188963
-0.174072265625,1.272216796875,-0.19287109375,-1.28173828125,-13.671875,9.1552734375,12.966992378234865,100.46876525878906,-11.445971488952635
-0.087890625,1.204833984375,-0.197509765625,-11.474609375,-17.08984375,-6.28662109375,12.984435081481935,99.80181884765624,-12.100812911987305
-0.33154296875,1.2451171875,-0.1630859375,-14.83154296875,-1.40380859375,-37.04833984375,14.519862174987793,99.14599609375,-11.926546096801758
-0.33935546875,1.335205078125,-0.09375,-22.15576171875,-3.84521484375,-33.38623046875,15.846704483032227,98.05135345458984,-11.927789688110352
-0.271240234375,1.291748046875,-0.078125,-35.5224609375,-14.6484375,-7.50732421875,16.0587158203125,96.27267456054688,-12.544427871704102
-0.26220703125,1.076904296875,-0.08056640625,-42.3583984375,-15.13671875,9.58251953125,15.638580322265625,94.30020904541016,-13.233789443969727
-0.326904296875,1.08251953125,-0.04736328125,-35.09521484375,-9.6435546875,0.6103515625,15.682827949523926,92.7000961303711,-13.65961742401123
-0.32861328125,1.086669921875,0.020263671875,-32.958984375,-12.14599609375,-15.13671875,16.347309112548828,91.08177185058594,-14.187498092651367
-0.365234375,1.0966796875,0.00341796875,-34.36279296875,-25.08544921875,-26.611328125,17.494815826416016,89.33578491210938,-15.24862289428711
-0.3671875,1.166259765625,0.01953125,-32.8369140625,-34.1796875,-23.5595703125,18.3977108001709,87.54192352294922,-16.717487335205078
-0.370361328125,1.133056640625,0.015380859375,-41.259765625,-41.9921875,-15.31982421875,18.895545959472656,85.36239624023438,-18.50887680053711
-0.304443359375,1.03955078125,0.004150390625,-48.2177734375,-55.11474609375,-7.26318359375,18.863601684570312,82.8344497680664,-20.8028621673584
-0.24755859375,0.98486328125,-0.0283203125,-45.71533203125,-53.5888671875,-8.11767578125,18.702611923217773,80.61035919189453,-22.97787475585937
-0.21240234375,0.94580078125,0.008056640625,-40.83251953125,-43.5791015625,-7.75146484375,18.469179153442386,78.72940826416016,-24.729738235473636
-0.28173828125,0.947509765625,0.029541015625,-36.9873046875,-38.330078125,-8.36181640625,18.412199020385746,77.09014892578125,-26.26738929748535
-0.242431640625,0.966796875,0.00634765625,-37.9638671875,-50.72021484375,-8.97216796875,18.12932586669922,75.38236236572266,-28.27518653869629
-0.158935546875,0.9228515625,-0.011962890625,-42.6025390625,-56.15234375,-12.20703125,17.70033836364746,73.54820251464844,-30.49079704284668
-0.119873046875,0.906982421875,-0.072509765625,-39.85595703125,-46.0205078125,-18.49365234375,17.513153076171875,72.16455078125,-32.30364227294922
-0.149169921875,0.9443359375,-0.055419921875,-42.96875,-31.25,-24.35302734375,17.750181198120114,70.81177520751953,-33.612049102783196
-0.19580078125,0.940185546875,-0.033203125,-49.560546875,-26.0009765625,-30.1513671875,18.338228225708008,69.21266937255861,-34.81217193603516
-0.17236328125,0.9228515625,-0.014892578125,-41.50390625,-25.69580078125,-21.728515625,18.51681327819824,67.98949432373047,-35.87840270996094
-0.220703125,1.0302734375,-0.04736328125,8.9111328125,-11.65771484375,26.67236328125,17.15998649597168,69.29224395751953,-35.6248893737793
-0.17626953125,1.03271484375,-0.095703125,29.296875,1.5869140625,48.40087890625,15.121129035949707,71.67768859863281,-34.59994506835937
-0.240478515625,1.18896484375,-0.028076171875,5.615234375,1.28173828125,18.6767578125,14.309898376464846,72.73737335205078,-34.116561889648445
-0.17333984375,1.15478515625,-0.041015625,-24.71923828125,-17.02880859375,-1.89208984375,13.980485916137695,72.33345031738281,-34.622055053710945
-0.1552734375,1.130615234375,-0.00146484375,-62.98828125,-28.50341796875,-20.1416015625,14.162160873413086,70.17639923095703,-35.82703399658203
-0.256103515625,0.98291015625,-0.03125,-100.4638671875,-26.123046875,-32.2265625,15.035414695739744,66.61168670654297,-37.11717224121094
-0.249755859375,0.824951171875,0.086181640625,-86.5478515625,-16.41845703125,-14.70947265625,15.389440536499025,63.58736801147461,-37.8203010559082
-0.217529296875,0.737060546875,0.153564453125,-47.119140625,-7.32421875,10.7421875,14.9214448928833,62.24621200561523,-37.74111557006836
-0.267578125,0.89697265625,0.195556640625,-1.64794921875,1.220703125,19.71435546875,14.314061164855955,62.874671936035156,-37.170326232910156
-0.21142578125,0.98193359375,0.192626953125,4.08935546875,-2.38037109375,17.08984375,13.58490753173828,63.712890625,-36.78962707519531
-0.283203125,1.07421875,0.166259765625,9.033203125,-5.859375,22.4609375,12.736388206481935,64.78227996826172,-36.45049285888672
-0.16162109375,0.948974609375,0.160400390625,15.31982421875,-10.68115234375,21.17919921875,11.679067611694336,65.99037933349611,-36.35680770874024
-0.185302734375,1.0107421875,0.1171875,14.58740234375,-8.9111328125,18.73779296875,10.815580368041992,67.23616027832031,-36.253753662109375
-0.203369140625,0.96826171875,0.08642578125,4.2724609375,-2.62451171875,19.04296875,10.12908172607422,68.11569976806639,-35.933326721191406
-0.19775390625,1.009033203125,0.090576171875,-3.60107421875,0.54931640625,19.8974609375,9.449058532714844,68.66600799560547,-35.50421905517578
-0.171630859375,1.006103515625,0.05126953125,-6.8359375,-3.41796875,15.869140625,8.834626197814941,69.11360168457031,-35.2875862121582
-0.147216796875,1.005126953125,0.069091796875,-9.70458984375,-3.90625,8.9111328125,8.439594268798826,69.37332916259766,-35.2083740234375
-0.13818359375,1.014892578125,0.04833984375,-24.96337890625,-2.44140625,7.14111328125,8.125818252563478,69.06434631347656,-35.09772491455078
-0.1953125,0.96826171875,0.072021484375,-36.07177734375,1.46484375,7.99560546875,7.990348815917969,68.28004455566406,-34.837474822998054
-0.302978515625,0.94775390625,0.1865234375,-41.68701171875,-0.9765625,12.451171875,7.891923427581787,67.02436828613281,-34.63525009155273
-0.23291015625,0.922119140625,0.18408203125,-18.98193359375,-14.16015625,22.64404296875,7.083399772644043,66.68134307861328,-34.745887756347656
-0.130859375,0.97802734375,0.170166015625,-11.77978515625,-17.578125,26.06201171875,5.875754833221436,66.69814300537111,-34.92079925537109
-0.094970703125,0.979736328125,0.156982421875,-10.19287109375,-11.53564453125,20.93505859375,4.917372703552246,66.82609558105469,-34.96175003051758
-0.154541015625,0.936767578125,0.17236328125,-10.68115234375,-5.0048828125,21.42333984375,4.226974487304688,66.89476013183594,-34.77008819580078
-0.179443359375,0.94384765625,0.17578125,-8.1787109375,-4.21142578125,27.83203125,3.3937282562255864,67.06003570556639,-34.45785903930664
-0.17529296875,0.958251953125,0.158935546875,-6.7138671875,-3.41796875,35.5224609375,2.3072984218597408,67.32331085205078,-34.006668090820305
-0.18994140625,0.93115234375,0.139404296875,-7.4462890625,-1.64794921875,51.025390625,0.7625652551651001,67.57743072509766,-33.269420623779304
-0.1318359375,0.949951171875,0.131591796875,-6.77490234375,-3.173828125,59.14306640625,-1.189386010169983,67.85562133789061,-32.489776611328125
-0.16064453125,0.94970703125,0.1376953125,-7.9345703125,-5.859375,74.21875,-3.6016666889190674,68.02639770507811,-31.6120719909668
-0.047119140625,0.95068359375,0.16162109375,-8.23974609375,-9.033203125,84.228515625,-6.602438449859619,68.08729553222656,-30.72570991516113
0.066162109375,0.991455078125,0.240966796875,1.03759765625,-8.6669921875,78.857421875,-9.5381498336792,68.32299041748047,-29.91456794738769
0.256591796875,0.887451171875,0.283935546875,29.541015625,-8.7890625,47.18017578125,-11.650250434875488,69.57666778564453,-29.58993911743164
0.059326171875,1.015869140625,0.03564453125,19.71435546875,-5.4931640625,30.8837890625,-12.574522972106935,71.03883361816406,-29.523088455200195
0.099853515625,1.016357421875,0.098876953125,8.9111328125,-4.0283203125,21.8505859375,-13.185257911682127,71.89044952392578,-29.51137542724609
0.05078125,1.035400390625,0.053466796875,3.7841796875,-4.0283203125,10.986328125,-13.256111145019533,72.64251708984375,-29.66854286193848
0.0498046875,1.024169921875,0.078125,-6.8359375,-4.0283203125,4.33349609375,-13.06543254852295,72.90425109863281,-29.89272880554199
-0.00244140625,0.987548828125,0.0673828125,-11.3525390625,-4.82177734375,1.89208984375,-12.685596466064453,73.0062026977539,-30.17854118347168
0.05908203125,0.96044921875,0.166748046875,-11.962890625,-5.37109375,3.23486328125,-12.509129524230955,72.84051513671875,-30.41301918029785
-0.000244140625,0.98876953125,0.10009765625,-6.28662109375,-4.57763671875,3.96728515625,-12.228222846984865,73.0626449584961,-30.642824172973636
0.020751953125,0.9580078125,0.15234375,-5.37109375,-4.5166015625,7.2021484375,-12.123883247375488,73.17259216308594,-30.8011531829834
0.02587890625,1.000732421875,0.11376953125,-3.60107421875,-5.06591796875,7.2021484375,-12.041940689086914,73.45562744140625,-31.001596450805664
0.037353515625,0.99462890625,0.11474609375,-1.0986328125,-4.08935546875,7.6904296875,-11.995800971984865,73.814208984375,-31.15589714050293
0.03173828125,0.99609375,0.111083984375,-2.13623046875,-5.2490234375,7.080078125,-11.927445411682127,74.13697814941406,-31.36333465576172
0.04248046875,0.9921875,0.0830078125,-4.0283203125,-5.2490234375,6.4697265625,-11.864049911499025,74.4356918334961,-31.58923530578613
0.051513671875,1.007080078125,0.0751953125,-6.89697265625,-4.82177734375,3.41796875,-11.69959831237793,74.63153076171875,-31.833999633789066
0.04345703125,1.00537109375,0.078857421875,-9.8876953125,-5.126953125,2.13623046875,-11.476808547973633,74.69618225097656,-32.100616455078125
0.040771484375,0.9833984375,0.08544921875,-11.3525390625,-5.0048828125,0.18310546875,-11.18153476715088,74.68245697021484,-32.37726593017578
0.025146484375,0.993896484375,0.109375,-12.02392578125,-4.57763671875,-0.8544921875,-10.815736770629883,74.58756256103516,-32.636062622070305
0.03759765625,0.978759765625,0.10205078125,-12.14599609375,-5.06591796875,0.06103515625,-10.534473419189453,74.50471496582031,-32.90465545654297
0.029296875,0.982421875,0.10791015625,-10.7421875,-5.2490234375,0.67138671875,-10.27022933959961,74.46756744384766,-33.17000961303711
0.01953125,0.972900390625,0.119384765625,-8.544921875,-4.94384765625,1.64794921875,-10.028059005737305,74.4855728149414,-33.406005859375
0.043701171875,0.9814453125,0.10009765625,-8.056640625,-5.37109375,3.7841796875,-9.937685012817383,74.56694793701172,-33.64211654663086
0.03369140625,0.989990234375,0.098876953125,-7.01904296875,-5.06591796875,3.5400390625,-9.814542770385742,74.68946075439453,-33.86879348754883
0.02978515625,0.980224609375,0.093994140625,-7.080078125,-5.55419921875,4.150390625,-9.716386795043944,74.81549072265625,-34.10842514038086
0.027587890625,1.00634765625,0.10009765625,-8.4228515625,-4.7607421875,3.0517578125,-9.564157485961914,74.87128448486328,-34.32611083984375
0.032958984375,0.98974609375,0.092529296875,-9.09423828125,-4.69970703125,2.197265625,-9.39785385131836,74.91175842285156,-34.551223754882805
0.030517578125,0.986083984375,0.100341796875,-9.82666015625,-5.2490234375,1.953125,-9.228363990783693,74.90601348876953,-34.796051025390625
0.033935546875,0.981201171875,0.09423828125,-10.68115234375,-4.8828125,0.79345703125,-9.025634765625,74.8780288696289,-35.039535522460945
0.037841796875,0.9814453125,0.101806640625,-9.46044921875,-5.0048828125,0.79345703125,-8.840503692626953,74.88248443603516,-35.283653259277344
0.03271484375,0.9873046875,0.099853515625,-8.9111328125,-4.638671875,1.89208984375,-8.689109802246094,74.90994262695312,-35.501625061035156
0.029296875,0.999267578125,0.11376953125,-8.1787109375,-5.31005859375,2.38037109375,-8.559834480285645,74.93974304199219,-35.735328674316406
0.02734375,0.978515625,0.11572265625,-7.9345703125,-4.45556640625,3.0517578125,-8.44939136505127,74.96166229248047,-35.92625427246094
0.029052734375,0.982421875,0.098876953125,-7.38525390625,-4.7607421875,3.0517578125,-8.350842475891112,75.04564666748047,-36.1341552734375
0.043701171875,0.99609375,0.10693359375,-7.62939453125,-5.0048828125,2.38037109375,-8.264113426208496,75.10336303710938,-36.35530090332031
0.045654296875,0.974365234375,0.103515625,-8.056640625,-5.31005859375,2.62451171875,-8.199869155883789,75.14521789550781,-36.58547973632813
0.02587890625,0.992919921875,0.09228515625,-9.58251953125,-4.82177734375,2.0751953125,-8.066070556640625,75.15234375,-36.806114196777344
0.026123046875,0.9970703125,0.107177734375,-9.1552734375,-5.06591796875,1.8310546875,-7.930011749267577,75.14476776123047,-37.0332260131836
0.028564453125,0.990478515625,0.10888671875,-9.33837890625,-4.8828125,1.89208984375,-7.805655479431152,75.12300872802734,-37.25094604492188
0.03271484375,0.999755859375,0.107421875,-9.27734375,-5.0048828125,1.77001953125,-7.691540241241455,75.11053466796875,-37.47468566894531
0.0322265625,0.989501953125,0.100341796875,-8.60595703125,-5.2490234375,1.953125,-7.591423034667969,75.13945770263672,-37.70716094970703
0.0185546875,0.989990234375,0.1123046875,-7.6904296875,-4.82177734375,2.9296875,-7.496836185455322,75.17302703857422,-37.90875244140625
0.037353515625,0.99560546875,0.093017578125,-8.11767578125,-4.7607421875,2.74658203125,-7.441268444061278,75.23259735107422,-38.114906311035156
0.041015625,0.991455078125,0.106201171875,-7.9345703125,-5.126953125,3.0517578125,-7.411070346832275,75.26763916015625,-38.32770919799805
0.033935546875,0.994140625,0.095947265625,-8.7890625,-4.69970703125,2.25830078125,-7.331371307373048,75.28976440429688,-38.53473663330078
0.03369140625,0.98486328125,0.09130859375,-9.6435546875,-4.8828125,2.25830078125,-7.256954669952393,75.28604125976562,-38.74943542480469
0.041015625,0.98291015625,0.086669921875,-8.97216796875,-5.92041015625,1.8310546875,-7.196408748626709,75.32476043701172,-39.0096549987793
0.025146484375,0.9853515625,0.100341796875,-9.21630859375,-5.37109375,2.44140625,-7.11909818649292,75.31798553466797,-39.23804473876953
0.04248046875,0.97802734375,0.090576171875,-8.60595703125,-5.37109375,1.89208984375,-7.064285755157472,75.35674285888672,-39.47388458251953
0.029052734375,0.98291015625,0.101806640625,-7.8125,-4.94384765625,2.13623046875,-6.984886646270753,75.39866638183594,-39.68718719482422
0.034912109375,0.985107421875,0.098388671875,-8.72802734375,-5.126953125,1.89208984375,-6.914285659790039,75.41144561767578,-39.91045379638672
0.03515625,0.99072265625,0.100341796875,-8.544921875,-5.126953125,2.50244140625,-6.8700032234191895,75.42694854736328,-40.12673950195313
0.035400390625,0.9814453125,0.094482421875,-8.72802734375,-4.69970703125,2.5634765625,-6.8270792961120605,75.44351196289062,-40.32676696777344
0.02978515625,0.98828125,0.094482421875,-8.36181640625,-5.126953125,2.13623046875,-6.760163307189941,75.47793579101562,-40.54763412475586
0.03125,1.0029296875,0.094482421875,-8.30078125,-4.33349609375,1.708984375,-6.673710346221924,75.51325988769531,-40.74163436889648
0.03369140625,0.99365234375,0.09912109375,-8.97216796875,-5.2490234375,2.25830078125,-6.6268086433410645,75.51103210449219,-40.96377944946289
0.030517578125,0.985107421875,0.109375,-9.09423828125,-5.55419921875,2.38037109375,-6.58243989944458,75.47982025146484,-41.19343185424805
0.027099609375,0.983154296875,0.102783203125,-7.9345703125,-5.37109375,1.953125,-6.514117240905763,75.51020050048828,-41.42166519165039
0.03125,0.997314453125,0.1044921875,-8.48388671875,-4.69970703125,2.13623046875,-6.457314968109131,75.51351928710938,-41.621315002441406
0.03466796875,0.98974609375,0.087158203125,-8.4228515625,-5.0048828125,2.685546875,-6.4359803199768075,75.5571060180664,-41.83124923706055
0.02880859375,0.996337890625,0.099853515625,-8.60595703125,-5.43212890625,2.01416015625,-6.379310607910156,75.56694793701172,-42.06126403808594
0.039794921875,0.98486328125,0.10205078125,-8.85009765625,-5.31005859375,2.74658203125,-6.37767505645752,75.55740356445312,-42.27795028686523
0.02587890625,0.99169921875,0.103515625,-8.60595703125,-5.37109375,2.0751953125,-6.318563461303711,75.55733489990234,-42.50358963012695
0.02978515625,0.9921875,0.10205078125,-8.72802734375,-5.126953125,2.13623046875,-6.270630836486816,75.55445098876953,-42.719085693359375
