0.027099609375,0.9765625,-0.0654296875,-8.30078125,-4.638671875,1.8310546875,-4.0223565101623535,86.12873077392578,-1.2144532203674316
0.035888671875,1.0,-0.0703125,-7.9345703125,-4.39453125,1.89208984375,-3.9927005767822266,86.13072204589844,-1.4074711799621582
0.038818359375,0.979248046875,-0.055419921875,-8.48388671875,-4.69970703125,1.953125,-4.014654636383057,86.07146453857422,-1.6094098091125488
0.041748046875,0.989501953125,-0.059326171875,-7.4462890625,-4.45556640625,1.89208984375,-4.038615703582764,86.06300354003906,-1.8024415969848635
0.02099609375,0.99169921875,-0.06005859375,-8.544921875,-4.638671875,2.01416015625,-4.0278873443603525,86.03816223144531,-2.0046367645263667
0.036376953125,0.981689453125,-0.074462890625,-7.62939453125,-4.7607421875,2.01416015625,-4.045663356781007,86.0604476928711,-2.212242126464844
0.014892578125,0.96142578125,-0.059814453125,-8.4228515625,-4.0283203125,1.708984375,-3.9996728897094727,86.01756286621094,-2.389430046081543
0.034912109375,0.987548828125,-0.068359375,-7.75146484375,-4.638671875,1.5869140625,-3.9665896892547607,86.00399780273438,-2.59105920791626
0.014892578125,0.98828125,-0.058349609375,-8.60595703125,-4.7607421875,2.25830078125,-3.9467086791992183,85.95054626464844,-2.7952446937561035
0.027099609375,0.982177734375,-0.072509765625,-7.75146484375,-4.69970703125,2.0751953125,-3.9488332271575928,85.96643829345703,-2.9996228218078613
0.019287109375,0.98291015625,-0.048828125,-7.38525390625,-4.5166015625,2.0751953125,-3.9271025657653813,85.95899963378906,-3.1942028999328613
0.042724609375,0.96044921875,-0.078857421875,-9.033203125,-4.82177734375,2.01416015625,-3.9662516117095943,85.94204711914062,-3.404638767242432
0.021240234375,0.984375,-0.057861328125,-7.9345703125,-4.5166015625,1.89208984375,-3.9460628032684326,85.9166488647461,-3.6000070571899414
0.020263671875,0.99853515625,-0.053466796875,-7.50732421875,-4.69970703125,1.708984375,-3.969874143600464,85.97047424316406,-3.8071498870849614
0.02001953125,0.970703125,-0.050048828125,-8.056640625,-4.69970703125,2.197265625,-3.959837675094605,85.9232177734375,-4.007882595062257
0.0390625,0.983154296875,-0.074951171875,-8.4228515625,-4.57763671875,2.0751953125,-3.988745927810669,85.91836547851562,-4.2077579498291025
0.033447265625,0.985595703125,-0.0556640625,-7.75146484375,-4.33349609375,2.3193359375,-3.9907321929931636,85.91089630126953,-4.3954715728759775
0.028564453125,0.9951171875,-0.049072265625,-7.32421875,-4.33349609375,1.46484375,-3.968178033828736,85.88932800292969,-4.583291053771973
0.020751953125,0.9892578125,-0.058837890625,-8.48388671875,-4.5166015625,1.89208984375,-3.946776151657105,85.84561920166016,-4.778850078582764
0.02880859375,0.97509765625,-0.0771484375,-7.62939453125,-4.0283203125,1.3427734375,-3.919690132141113,85.84549713134766,-4.95689582824707
0.02685546875,0.993408203125,-0.06787109375,-7.9345703125,-4.39453125,2.0751953125,-3.9210834503173833,85.84489440917969,-5.148172378540039
0.031982421875,0.98681640625,-0.070556640625,-7.6904296875,-4.2724609375,2.13623046875,-3.9367053508758554,85.86083984375,-5.334855079650879
0.016845703125,0.985107421875,-0.06005859375,-7.8125,-4.45556640625,1.8310546875,-3.920843601226807,85.84209442138672,-5.527789115905762
0.028076171875,0.974853515625,-0.067626953125,-9.1552734375,-4.69970703125,2.0751953125,-3.927140712738037,85.79598999023438,-5.731428146362305
0.0205078125,0.983154296875,-0.06201171875,-7.9345703125,-4.21142578125,1.3427734375,-3.8847169876098633,85.78516387939453,-5.9167656898498535
0.03076171875,0.99462890625,-0.07275390625,-8.36181640625,-4.150390625,2.01416015625,-3.8894071578979488,85.75230407714844,-6.09715461730957
0.025634765625,0.988037109375,-0.065673828125,-6.77490234375,-3.96728515625,1.708984375,-3.8739726543426514,85.79635620117188,-6.272022247314452
0.02685546875,0.989501953125,-0.06689453125,-7.4462890625,-4.7607421875,1.77001953125,-3.8664069175720215,85.81647491455078,-6.4784770011901855
0.03515625,0.98681640625,-0.072265625,-8.11767578125,-4.39453125,1.77001953125,-3.840299844741821,85.8216781616211,-6.671208381652832
0.038330078125,1.0146484375,-0.093505859375,-7.62939453125,-4.5166015625,1.953125,-3.8649048805236816,85.88796997070312,-6.870818138122559
0.0234375,0.993896484375,-0.096435546875,-8.30078125,-4.5166015625,1.5869140625,-3.8418643474578857,85.93567657470703,-7.072331428527832
0.2353515625,0.748046875,-0.18310546875,-7.6904296875,42.6025390625,21.240234375,-4.268526554107666,85.54016876220703,-5.312504291534424
-0.109375,1.117919921875,-0.012939453125,-13.0615234375,32.8369140625,-15.9912109375,-3.141517877578736,85.12438201904297,-4.067175388336182
0.225830078125,0.8603515625,-0.21923828125,-14.16015625,12.5732421875,-0.1220703125,-3.541651487350464,85.24231719970703,-3.603633403778076
0.061279296875,0.992431640625,-0.17333984375,-6.2255859375,23.86474609375,-0.9765625,-3.343903064727783,85.25466918945312,-2.6734871864318848
0.024169921875,0.994873046875,-0.08740234375,-7.50732421875,17.39501953125,-0.30517578125,-3.200690507888794,85.28666687011719,-2.001716136932373
0.135009765625,1.00390625,-0.039794921875,-6.4697265625,19.1650390625,-1.5869140625,-3.254057645797729,85.2449722290039,-1.255251407623291
0.2607421875,0.96875,0.020263671875,-13.85498046875,50.048828125,-7.99560546875,-3.110056638717652,84.8888931274414,0.7009572982788086
-0.22265625,1.36669921875,-0.03759765625,-46.81396484375,73.30322265625,-38.63525390625,-0.7978813648223877,83.1701889038086,3.4404430389404297
-0.108154296875,1.320556640625,-0.071533203125,-84.28955078125,48.7060546875,-62.98828125,2.1768364906311035,80.19621276855469,5.0003700256347665
-0.06689453125,1.1884765625,-0.088134765625,-100.5859375,43.15185546875,-99.365234375,6.439195156097412,76.83938598632812,5.937590599060059
-0.107177734375,0.990966796875,-0.051025390625,-106.4453125,43.76220703125,-132.4462890625,11.981619834899902,73.25994110107422,6.354493141174316
-0.1796875,0.906494140625,-0.00146484375,-115.66162109375,49.13330078125,-156.92138671875,18.51497459411621,69.25617980957031,6.353137969970702
-0.334228515625,0.94580078125,0.08984375,-131.34765625,29.60205078125,-166.07666015625,25.01827812194824,64.01493072509766,4.912910461425781
-0.13232421875,0.929443359375,0.094970703125,-149.7802734375,-14.70947265625,-144.95849609375,29.175859451293945,57.192161560058594,1.5681209564208984
-0.036376953125,0.800048828125,0.115966796875,-135.19287109375,-17.578125,-99.9755859375,31.10544395446777,51.21272659301758,-1.1994342803955078
-0.105712890625,0.77587890625,0.15576171875,-97.59521484375,1.46484375,-70.98388671875,32.742584228515625,47.32814025878906,-2.715034008026123
-0.348388671875,0.740966796875,0.2626953125,-48.76708984375,11.16943359375,-49.560546875,34.22232437133789,45.66336441040039,-3.425708770751953
-0.46484375,0.755859375,0.288330078125,-27.099609375,-0.18310546875,-55.0537109375,35.68772506713867,44.43562698364258,-4.7900214195251465
-0.50537109375,0.815673828125,0.364990234375,-22.4609375,-11.474609375,-65.673828125,36.95746612548828,42.78157806396485,-7.024874687194824
-0.387939453125,0.835205078125,0.406982421875,-29.60205078125,-17.88330078125,-61.58447265625,37.59062957763672,40.786094665527344,-9.35081386566162
-0.30712890625,0.85693359375,0.3544921875,-27.4658203125,-4.7607421875,-49.4384765625,38.10987854003906,39.642539978027344,-10.661073684692383
-0.314453125,0.904052734375,0.31298828125,-26.79443359375,6.7138671875,-40.1611328125,38.781959533691406,39.19333267211914,-11.108678817749023
-0.350830078125,0.8994140625,0.263916015625,-37.65869140625,7.99560546875,-30.029296875,39.298912048339844,38.63798522949219,-11.075135231018066
-0.36962890625,0.747314453125,0.287109375,-37.841796875,1.5869140625,-8.9111328125,39.171573638916016,38.27116012573242,-10.52816677093506
-0.367431640625,0.668701171875,0.2431640625,-26.3671875,-6.28662109375,20.20263671875,38.117088317871094,38.95843124389648,-9.057733535766602
-0.282958984375,0.739990234375,0.234375,0.06103515625,-7.75146484375,42.3583984375,36.2829704284668,41.25488662719727,-6.782074928283691
-0.362060546875,0.865966796875,0.270751953125,11.23046875,-5.126953125,40.0390625,34.643325805664055,43.77853012084961,-4.716984748840332
-0.3740234375,0.831787109375,0.297607421875,17.2119140625,-3.96728515625,41.1376953125,33.00923538208008,46.25378036499024,-2.8397741317749023
-0.364501953125,0.779296875,0.305908203125,40.52734375,6.7138671875,54.5654296875,31.257219314575195,49.83160018920898,-0.3878278732299805
-0.36279296875,0.716552734375,0.275634765625,63.96484375,13.671875,73.54736328125,29.074626922607425,54.44746017456055,2.5857105255126958
-0.326416015625,0.731689453125,0.25830078125,85.5712890625,15.9912109375,91.97998046875,26.01885414123535,59.83030700683594,5.73604679107666
-0.25439453125,0.948486328125,0.244873046875,106.50634765625,29.23583984375,107.48291015625,22.295766830444336,66.05538177490234,9.262842178344727
-0.322998046875,1.05029296875,0.21240234375,104.18701171875,40.1611328125,108.154296875,18.629892349243164,71.84144592285156,12.681621551513672
-0.362548828125,0.963623046875,0.16796875,92.46826171875,35.94970703125,105.224609375,15.069620132446287,76.58363342285156,15.401975631713867
-0.280029296875,0.8310546875,0.1201171875,85.0830078125,28.74755859375,110.2294921875,11.117321968078613,80.63593292236328,17.489765167236328
-0.139892578125,0.9287109375,0.06396484375,81.48193359375,32.65380859375,112.1826171875,6.747899055480957,84.388671875,19.411300659179688
-0.0625,1.210205078125,-0.071044921875,69.4580078125,30.57861328125,84.8388671875,3.3015346527099614,87.61990356445312,20.895654678344727
-0.071533203125,1.129638671875,-0.1142578125,47.607421875,20.08056640625,55.11474609375,1.1328085660934448,89.86510467529297,21.757970809936523
-0.08203125,0.9990234375,-0.144287109375,34.48486328125,7.38525390625,48.828125,-0.6782516837120056,91.56063842773438,22.030221939086914
-0.0537109375,0.881591796875,-0.155029296875,28.9306640625,-5.18798828125,58.04443359375,-2.908238887786865,93.02691650390624,21.71917724609375
0.097412109375,0.954833984375,-0.12109375,36.07177734375,-11.1083984375,79.04052734375,-6.13250207901001,94.6733627319336,21.042255401611328
-0.020751953125,1.2646484375,-0.07958984375,17.27294921875,-10.3759765625,48.64501953125,-7.745366096496582,95.37735748291016,20.45465087890625
-0.049072265625,1.0908203125,-0.026123046875,-12.939453125,-11.16943359375,30.45654296875,-8.527685165405272,94.77537536621094,19.91098022460937
0.13916015625,1.128662109375,-0.262451171875,-13.3056640625,25.08544921875,40.71044921875,-10.163969993591307,94.41622161865234,20.738920211791992
-0.08056640625,1.04345703125,-0.11279296875,-0.6103515625,12.26806640625,33.02001953125,-10.942005157470703,94.37508392333984,21.116994857788086
0.13818359375,0.98681640625,-0.083984375,-7.6904296875,-0.42724609375,27.099609375,-11.89804458618164,94.08985137939452,21.01297378540039
0.04296875,1.00537109375,-0.09375,-16.11328125,-4.2724609375,0.42724609375,-11.528030395507812,93.5160903930664,20.82729148864746
0.03125,0.9697265625,-0.0732421875,-8.97216796875,-5.0048828125,3.11279296875,-10.022414207458496,91.35430908203124,19.992185592651367
0.028076171875,0.998046875,-0.08203125,-7.9345703125,-4.5166015625,1.64794921875,-9.76023006439209,91.15312957763672,19.79078483581543
0.0283203125,0.994873046875,-0.098876953125,-8.60595703125,-4.638671875,1.8310546875,-9.5072603225708,91.00768280029295,19.57109832763672
0.02783203125,1.02001953125,-0.091552734375,-7.62939453125,-4.5166015625,2.01416015625,-9.268987655639648,90.88348388671876,19.360004425048828
0.02294921875,1.0087890625,-0.0703125,-7.99560546875,-4.7607421875,1.8310546875,-9.05111598968506,90.72771453857422,19.14298820495605
0.02001953125,0.96875,-0.048583984375,-7.50732421875,-4.08935546875,1.8310546875,-8.8096923828125,90.52428436279295,18.963563919067386
0.02978515625,0.983642578125,-0.044677734375,-8.36181640625,-3.90625,1.52587890625,-8.587948799133299,90.2820053100586,18.7928524017334
0.03955078125,0.981201171875,-0.069091796875,-8.30078125,-4.21142578125,1.8310546875,-8.409707069396973,90.10144805908205,18.60188865661621
0.022705078125,0.974365234375,-0.0478515625,-8.056640625,-4.45556640625,1.77001953125,-8.198938369750978,89.89884185791016,18.406370162963867
0.032470703125,0.979736328125,-0.0576171875,-7.99560546875,-4.21142578125,2.0751953125,-8.031570434570312,89.72686767578125,18.21726417541504
0.029052734375,0.996337890625,-0.063720703125,-7.99560546875,-3.90625,1.8310546875,-7.846901893615723,89.56587219238281,18.03927230834961
0.03466796875,0.98583984375,-0.0595703125,-7.8125,-4.57763671875,1.953125,-7.694281578063965,89.41905212402344,17.834543228149414
0.01904296875,0.97607421875,-0.06201171875,-7.9345703125,-4.8828125,1.77001953125,-7.5057716369628915,89.28143310546875,17.616233825683594
0.0234375,0.973876953125,-0.06591796875,-8.544921875,-4.7607421875,1.8310546875,-7.360687255859375,89.12820434570312,17.402471542358402
0.025146484375,0.988525390625,-0.053466796875,-8.4228515625,-4.5166015625,2.01416015625,-7.209218502044678,88.9579086303711,17.20182991027832
0.047607421875,0.992919921875,-0.06982421875,-8.11767578125,-4.638671875,1.5869140625,-7.098325729370117,88.84365844726562,16.991506576538086
0.033203125,0.986572265625,-0.069580078125,-8.1787109375,-4.33349609375,1.953125,-6.965221881866455,88.72294616699219,16.79437255859375
0.01806640625,0.986572265625,-0.0703125,-8.30078125,-4.45556640625,2.01416015625,-6.814896106719972,88.61119842529297,16.591279983520508
0.032958984375,0.989013671875,-0.059326171875,-8.23974609375,-4.69970703125,2.197265625,-6.7120771408081055,88.48121643066406,16.381948471069336
0.0341796875,0.987548828125,-0.073486328125,-8.544921875,-4.08935546875,2.13623046875,-6.580343246459961,88.38206481933594,16.192192077636722
0.026123046875,0.97802734375,-0.065673828125,-8.4228515625,-4.33349609375,2.01416015625,-6.465123653411865,88.2676773071289,15.995668411254885
0.04736328125,0.991455078125,-0.067626953125,-7.75146484375,-4.33349609375,1.5869140625,-6.385317802429199,88.18660736083984,15.798765182495115
0.0263671875,0.976318359375,-0.062744140625,-8.056640625,-5.06591796875,1.953125,-6.277647018432617,88.06742858886719,15.57624626159668
0.03271484375,0.996337890625,-0.0673828125,-8.60595703125,-4.0283203125,2.13623046875,-6.193760395050049,87.95689392089844,15.392425537109375
0.027587890625,0.9736328125,-0.07861328125,-8.056640625,-4.5166015625,2.01416015625,-6.099337577819824,87.90430450439453,15.185649871826172
0.0263671875,0.986083984375,-0.071533203125,-7.99560546875,-4.82177734375,1.64794921875,-6.010476589202881,87.82866668701172,14.969522476196287
0.025146484375,0.99560546875,-0.0673828125,-7.9345703125,-4.8828125,1.77001953125,-5.907328128814697,87.7573471069336,14.751306533813475
0.0244140625,0.98681640625,-0.059326171875,-7.2021484375,-4.57763671875,1.77001953125,-5.80673360824585,87.69934844970703,14.547401428222654
0.033203125,0.968017578125,-0.063232421875,-8.60595703125,-4.69970703125,1.5869140625,-5.7226200103759775,87.6231460571289,14.335041046142578
0.02880859375,0.989501953125,-0.07421875,-8.544921875,-4.57763671875,1.5869140625,-5.632704734802246,87.54987335205078,14.127925872802734
0.040283203125,0.98828125,-0.055419921875,-8.056640625,-3.96728515625,1.89208984375,-5.583789348602295,87.45330047607422,13.950382232666016
0.02734375,0.98193359375,-0.061767578125,-8.36181640625,-3.96728515625,1.77001953125,-5.492312431335449,87.36094665527344,13.77119255065918
0.021728515625,0.989501953125,-0.06103515625,-8.23974609375,-4.69970703125,2.3193359375,-5.425373554229736,87.27967071533203,13.563718795776367
0.033203125,0.97900390625,-0.05908203125,-8.36181640625,-4.39453125,2.25830078125,-5.3854146003723145,87.19226837158203,13.368927001953125
0.027099609375,0.992919921875,-0.068603515625,-8.1787109375,-4.638671875,1.708984375,-5.335921764373778,87.12985229492188,13.162113189697266
0.025390625,0.986083984375,-0.06494140625,-7.9345703125,-4.33349609375,1.708984375,-5.2595930099487305,87.0775375366211,12.967609405517578
0.03759765625,0.982177734375,-0.06103515625,-8.48388671875,-4.21142578125,2.01416015625,-5.2266812324523935,86.99609375,12.77971649169922
0.0234375,0.966064453125,-0.064208984375,-8.056640625,-4.638671875,1.64794921875,-5.175497531890869,86.99962615966797,12.568178176879885
0.03271484375,0.975341796875,-0.055908203125,-8.36181640625,-4.82177734375,2.3193359375,-5.1487226486206055,86.9171371459961,12.357585906982422
0.033447265625,0.95458984375,-0.070068359375,-7.9345703125,-4.69970703125,1.46484375,-5.092552185058594,86.89111328125,12.146869659423828
0.01904296875,0.941650390625,-0.044677734375,-9.27734375,-4.69970703125,2.0751953125,-5.066432476043701,86.8078384399414,11.938016891479492
0.0283203125,0.97216796875,-0.0498046875,-8.23974609375,-4.82177734375,1.64794921875,-5.0078558921813965,86.72370147705078,11.727352142333984
0.025634765625,0.976318359375,-0.074951171875,-8.85009765625,-4.7607421875,2.50244140625,-4.9797096252441415,86.67578125,11.516000747680664
0.022216796875,0.981689453125,-0.0634765625,-8.30078125,-4.57763671875,1.8310546875,-4.930417537689209,86.60234069824219,11.314842224121096
0.02490234375,0.977783203125,-0.06640625,-8.48388671875,-4.82177734375,1.5869140625,-4.8674960136413565,86.55390930175781,11.100942611694336
