0.0087890625,0.970947265625,0.054443359375,-9.033203125,-5.18798828125,2.25830078125,-2.0658082962036133,78.82435607910156,-120.16199493408205
-0.051513671875,0.995361328125,0.01318359375,-6.53076171875,-5.67626953125,1.5869140625,-1.9350025653839111,78.85352325439453,-120.3839111328125
-0.02490234375,0.98681640625,0.08544921875,-10.25390625,-16.90673828125,2.0751953125,-2.011617422103882,78.69688415527344,-121.04063415527344
-0.032470703125,1.0029296875,-0.0419921875,-9.21630859375,-19.22607421875,0.54931640625,-2.0284111499786377,78.87983703613281,-121.8105239868164
0.010009765625,1.150146484375,-0.064453125,-18.00537109375,0.3662109375,-0.6103515625,-2.152005434036255,78.84528350830078,-121.8246078491211
0.14501953125,1.33642578125,-0.136474609375,-43.64013671875,24.96337890625,-9.94873046875,-1.726937770843506,77.71810150146484,-120.94759368896484
0.08642578125,1.505859375,-0.1953125,-55.0537109375,28.3203125,-12.8173828125,-1.0427165031433103,76.24523162841797,-119.97843933105469
0.17919921875,1.654541015625,-0.200927734375,-56.0302734375,22.15576171875,5.31005859375,-1.2773820161819458,74.75709533691406,-119.07714080810548
0.34130859375,1.660400390625,-0.164794921875,-67.626953125,28.99169921875,32.1044921875,-2.596524477005005,72.78751373291016,-117.616455078125
0.458984375,1.502685546875,-0.11376953125,-87.09716796875,45.8984375,43.3349609375,-4.2252864837646475,69.95724487304689,-115.34336853027344
0.510009765625,1.31103515625,-0.111328125,-99.9755859375,68.603515625,49.37744140625,-5.768270015716553,66.58746337890625,-112.0994873046875
0.503173828125,1.10009765625,-0.123291015625,-92.34619140625,97.7783203125,46.5087890625,-6.571563720703125,63.45171356201172,-107.82684326171876
0.426025390625,1.00927734375,-0.125732421875,-74.0966796875,113.83056640625,41.07666015625,-6.5980401039123535,61.09688186645508,-103.11875915527344
0.419677734375,0.905029296875,-0.087158203125,-50.84228515625,121.4599609375,40.4052734375,-6.393898963928223,59.58163070678711,-98.17799377441406
0.457275390625,0.780029296875,-0.01708984375,-24.71923828125,138.3056640625,38.4521484375,-5.868743896484375,59.02413940429688,-92.71102142333984
0.449462890625,0.7607421875,0.01708984375,-12.75634765625,154.60205078125,27.9541015625,-4.639110088348389,58.93716430664063,-86.9045639038086
0.31201171875,0.75634765625,0.04931640625,-3.90625,165.71044921875,22.39990234375,-2.695392608642578,59.27432632446289,-80.81522369384766
0.2373046875,0.670654296875,0.117431640625,-0.9765625,169.37255859375,27.52685546875,-0.88787442445755,59.78598403930664,-74.45126342773438
0.257568359375,0.628662109375,0.087890625,-2.685546875,174.13330078125,33.50830078125,0.5696355104446411,60.44725799560547,-67.76034545898439
0.158447265625,0.611083984375,0.093994140625,-0.1220703125,179.6875,36.1328125,2.1884865760803223,61.38177108764648,-60.77290725708008
-0.00390625,0.654541015625,0.12646484375,7.87353515625,169.37255859375,33.38623046875,4.086349010467528,62.73739242553711,-54.12918472290039
0.0283203125,0.639892578125,0.16015625,11.41357421875,158.63037109375,31.92138671875,5.496315956115723,64.22452545166016,-47.82744216918945
0.039794921875,0.578857421875,0.174560546875,15.31982421875,153.076171875,30.09033203125,6.577584743499756,65.82576751708984,-41.70710754394531
-0.02099609375,0.629150390625,0.16357421875,21.1181640625,154.23583984375,16.4794921875,8.189875602722168,67.80733489990234,-35.6872444152832
-0.184814453125,0.744384765625,0.174072265625,24.7802734375,148.3154296875,12.02392578125,10.06438446044922,70.05433654785156,-29.853252410888672
-0.155517578125,0.755126953125,0.17724609375,22.52197265625,133.11767578125,18.9208984375,11.10042953491211,72.19535064697266,-24.433990478515625
-0.05908203125,0.685302734375,0.134521484375,9.58251953125,127.13623046875,19.71435546875,11.563675880432127,73.8563461303711,-19.192481994628906
-0.14697265625,0.72705078125,0.11962890625,6.9580078125,126.40380859375,14.6484375,12.306134223937988,75.45579528808594,-13.9991455078125
-0.347900390625,0.909423828125,0.132080078125,12.0849609375,119.44580078125,10.68115234375,13.39108657836914,77.23857116699219,-9.082682609558104
-0.33984375,0.91064453125,0.15283203125,3.2958984375,91.85791015625,8.1787109375,14.10090160369873,78.37787628173828,-5.28599739074707
-0.232421875,0.806640625,0.13720703125,-13.12255859375,83.67919921875,0.8544921875,14.784680366516113,78.7647705078125,-1.8739256858825684
-0.29736328125,0.799560546875,0.0908203125,-19.22607421875,83.8623046875,-2.9296875,15.747639656066895,79.05946350097656,1.560468673706055
-0.44140625,1.077392578125,0.09033203125,-6.8359375,60.4248046875,2.0751953125,16.357976913452152,79.69635772705078,4.110527992248535
-0.305908203125,1.012939453125,0.13916015625,-7.568359375,46.2646484375,5.67626953125,16.463056564331055,80.0266342163086,6.075432777404785
-0.19970703125,0.951416015625,0.154296875,-9.521484375,43.45703125,12.939453125,16.087860107421875,80.18889617919922,7.956228256225586
-0.2646484375,1.0478515625,0.10888671875,2.3193359375,46.142578125,17.333984375,15.62021255493164,80.9723129272461,10.004554748535156
-0.28662109375,1.089599609375,0.139404296875,13.36669921875,40.8935546875,18.24951171875,15.09376335144043,82.03557586669922,11.806846618652346
-0.294921875,1.031494140625,0.14453125,18.49365234375,31.55517578125,22.27783203125,14.39718532562256,83.11962127685547,13.213668823242188
-0.2060546875,1.05322265625,0.123779296875,24.4140625,20.751953125,31.31103515625,13.106797218322756,84.32298278808594,14.196880340576172
-0.163818359375,1.064697265625,0.120849609375,31.1279296875,18.6767578125,30.09033203125,11.79699420928955,85.7072982788086,15.049625396728516
-0.163818359375,1.087158203125,0.115478515625,37.59765625,13.73291015625,26.4892578125,10.650646209716797,87.23359680175781,15.649883270263672
-0.155029296875,1.13916015625,0.141357421875,32.53173828125,3.84521484375,18.1884765625,9.814194679260254,88.37911987304688,15.796121597290039
-0.0595703125,1.081787109375,0.129150390625,20.69091796875,0.06103515625,13.12255859375,9.026912689208984,88.98438262939453,15.770061492919922
-0.025146484375,1.051025390625,0.13037109375,9.27734375,2.38037109375,4.94384765625,8.528437614440918,89.1115493774414,15.828908920288086
-0.12548828125,1.0888671875,0.08447265625,7.080078125,3.72314453125,0.732421875,8.422033309936522,89.25952911376953,15.95651626586914
-0.162841796875,1.1630859375,0.11328125,10.43701171875,-7.2021484375,9.33837890625,8.028243064880371,89.42827606201172,15.637994766235352
-0.0712890625,1.14404296875,0.108642578125,6.9580078125,-16.29638671875,17.02880859375,7.167593002319336,89.41030883789062,14.956182479858398
-0.023681640625,1.04150390625,0.121337890625,-6.7138671875,-10.8642578125,7.9345703125,6.6138458251953125,88.83184051513672,14.491950988769533
-0.04248046875,1.0390625,0.10693359375,-12.3291015625,-8.23974609375,-5.18798828125,6.6428070068359375,88.09586334228516,14.133434295654295
-0.08447265625,1.085205078125,0.07958984375,-11.5966796875,-5.37109375,-15.625,7.169510364532472,87.49590301513672,13.88339614868164
-0.124267578125,1.074462890625,0.084228515625,-15.19775390625,-11.1083984375,-25.87890625,8.154714584350586,86.72660827636719,13.374870300292967
-0.107177734375,1.04150390625,0.08642578125,-21.8505859375,-14.70947265625,-31.8603515625,9.292892456054688,85.67501068115234,12.690313339233398
-0.07763671875,0.993408203125,0.074462890625,-25.69580078125,-19.47021484375,-35.888671875,10.461626052856444,84.4767837524414,11.782798767089846
-0.07763671875,0.919189453125,0.063232421875,-22.216796875,-20.1416015625,-33.0810546875,11.46654224395752,83.45475769042969,10.840932846069336
-0.11962890625,0.895751953125,0.056640625,-13.0615234375,-22.4609375,-25.81787109375,12.22990894317627,82.82144927978516,9.828390121459961
-0.13720703125,0.930908203125,0.02880859375,-5.18798828125,-27.16064453125,-22.216796875,12.822013854980467,82.55099487304688,8.655002593994139
-0.1083984375,0.993896484375,-0.010009765625,-3.96728515625,-36.865234375,-18.98193359375,13.12610912322998,82.34068298339844,7.124455451965332
-0.0927734375,1.02587890625,0.0205078125,-7.14111328125,-28.38134765625,-28.9306640625,14.504465103149414,80.95881652832031,1.4911088943481443
-0.05908203125,0.994140625,0.01708984375,-7.32421875,-30.33447265625,-14.46533203125,14.450745582580565,80.64606475830078,0.24118423461914065
-0.023681640625,0.9326171875,0.00146484375,-4.33349609375,-24.169921875,-0.06103515625,13.792868614196776,80.59557342529297,-0.6506056785583496
-0.1064453125,0.9794921875,-0.025146484375,-0.244140625,-18.310546875,3.7841796875,13.235636711120605,80.84152221679688,-1.268110275268555
-0.197998046875,1.081298828125,-0.019775390625,1.953125,-23.681640625,6.34765625,12.732755661010742,81.10516357421875,-2.0984344482421875
-0.0732421875,1.071533203125,0.001953125,-6.8359375,-33.50830078125,1.03759765625,12.142227172851562,80.8816146850586,-3.3711423873901367
-0.03857421875,1.000732421875,0.00634765625,-11.16943359375,-26.30615234375,-2.86865234375,11.701335906982422,80.55049896240234,-4.377722263336182
-0.071533203125,0.93359375,0.013916015625,-9.27734375,-20.93505859375,5.2490234375,11.072715759277344,80.35149383544922,-5.116884708404541
-0.129150390625,1.014892578125,0.005126953125,-4.45556640625,-19.287109375,15.68603515625,10.182334899902344,80.40887451171875,-5.7170958518981925
-0.11767578125,1.016845703125,0.004638671875,-7.9345703125,-20.32470703125,6.7138671875,9.646971702575684,80.31656646728516,-6.422511100769043
-0.10791015625,1.003173828125,-0.010986328125,-11.65771484375,-20.99609375,-1.953125,9.449737548828123,80.10478973388672,-7.208148956298827
-0.021484375,0.958984375,-0.017822265625,-8.23974609375,-19.53125,-0.48828125,9.019896507263184,80.07321166992188,-7.920668125152588
-0.02685546875,0.955322265625,-0.0283203125,-4.21142578125,-13.427734375,3.11279296875,8.520461082458496,80.2757568359375,-8.364197731018066
-0.07861328125,0.93115234375,-0.0322265625,-0.91552734375,-8.4228515625,5.2490234375,8.118023872375487,80.64656066894531,-8.598601341247559
-0.09326171875,0.9443359375,-0.018310546875,6.77490234375,-11.8408203125,15.869140625,7.325611114501952,81.26806640625,-8.915701866149902
-0.063720703125,0.972900390625,-0.0078125,6.2255859375,-12.6953125,16.41845703125,6.465668201446532,81.81829071044922,-9.282139778137207
-0.0498046875,0.987060546875,-0.024169921875,2.0751953125,-10.3759765625,5.43212890625,6.055645942687987,82.22529602050781,-9.624866485595703
-0.087158203125,0.927001953125,-0.008544921875,-0.6103515625,-6.7138671875,-0.79345703125,6.026519298553468,82.48685455322266,-9.863424301147461
-0.056640625,0.911865234375,0.00732421875,1.953125,-7.2021484375,2.0751953125,5.811218738555907,82.80221557617188,-10.11230754852295
-0.084228515625,0.895263671875,-0.00048828125,2.0751953125,-3.90625,0.3662109375,5.761634349822997,83.14166259765625,-10.238826751708984
-0.370361328125,0.956298828125,0.056640625,19.6533203125,-28.25927734375,55.7861328125,4.0308141708374015,83.96721649169922,-11.108673095703123
-0.064453125,2.57861328125,0.027587890625,-27.52685546875,-41.19873046875,66.7724609375,1.1022228002548218,83.00659942626953,-12.438069343566895
0.229248046875,1.354248046875,-0.2548828125,-12.3291015625,2.8076171875,-15.13671875,1.3000751733779907,83.1827163696289,-12.383634567260742
-0.088134765625,0.98046875,0.030029296875,-8.6669921875,-1.953125,3.72314453125,1.2954732179641724,83.0198974609375,-12.44036102294922
0.00048828125,1.001220703125,0.047607421875,-8.30078125,-1.0986328125,1.77001953125,1.1676462888717651,82.84120178222656,-12.471765518188475
-0.115966796875,0.979736328125,-0.008544921875,-8.97216796875,0.67138671875,2.197265625,1.305172562599182,82.76976013183594,-12.42940902709961
-0.038818359375,1.00244140625,0.0322265625,-10.3759765625,-5.4931640625,2.685546875,1.2078545093536377,82.54906463623047,-12.629756927490234
-0.03662109375,0.98974609375,0.041748046875,-8.72802734375,-4.94384765625,2.197265625,0.2837715446949005,80.7354965209961,-15.177999496459961
-0.03173828125,0.996826171875,0.05517578125,-8.544921875,-4.57763671875,2.44140625,0.2196613848209381,80.61981201171875,-15.342428207397461
-0.028564453125,0.983642578125,0.055419921875,-9.21630859375,-5.0048828125,2.685546875,0.13903015851974487,80.47978973388672,-15.522111892700195
-0.036376953125,0.98876953125,0.048828125,-9.46044921875,-5.67626953125,2.44140625,-0.8017239570617676,78.97803497314453,-20.268842697143555
-0.03271484375,0.9921875,0.0498046875,-9.21630859375,-5.615234375,2.197265625,-0.8236050009727478,78.92018127441406,-20.477622985839844
-0.034912109375,0.98876953125,0.054931640625,-8.9111328125,-5.55419921875,2.50244140625,-0.8510274291038513,78.86475372314453,-20.681564331054688
-0.0419921875,1.002685546875,0.04736328125,-9.09423828125,-5.18798828125,2.5634765625,-0.9354373216629028,78.70231628417969,-22.002864837646484
-0.035888671875,0.982666015625,0.0595703125,-9.033203125,-5.37109375,2.3193359375,-0.9479259848594666,78.63945007324219,-22.201068878173828
-0.036865234375,0.982666015625,0.0517578125,-8.7890625,-5.06591796875,2.197265625,-0.9507098197937012,78.60653686523438,-22.38851547241211
