0.063720703125,1.0009765625,0.101318359375,-13.18359375,-1.52587890625,20.08056640625,-4.835034370422363,77.83655548095703,-52.31465148925781
-0.078125,0.98974609375,0.103759765625,-13.3056640625,-11.5966796875,14.6484375,-5.135374069213867,77.56392669677734,-52.66814041137695
-0.138671875,0.805908203125,0.4384765625,1.03759765625,-30.94482421875,33.447265625,-6.685042381286621,77.41968536376953,-53.5257682800293
-0.28759765625,0.5166015625,0.0224609375,41.9921875,-44.5556640625,21.30126953125,-6.5392022132873535,79.6174545288086,-55.13529586791992
-0.226806640625,1.572509765625,0.37646484375,-17.822265625,-68.78662109375,-28.25927734375,-5.359257221221924,79.07301330566406,-58.05029678344727
0.647705078125,0.614990234375,0.125732421875,-27.4658203125,-65.185546875,-45.95947265625,-5.4412269592285165,78.67401885986328,-60.761512756347656
0.92822265625,0.15087890625,-0.620849609375,-5.126953125,-8.36181640625,-38.26904296875,-5.860750675201416,79.82865905761719,-61.51002883911133
-0.544677734375,2.005615234375,0.5205078125,-9.70458984375,2.50244140625,-23.01025390625,-4.1402974128723145,79.26371765136719,-61.5635757446289
0.067626953125,1.251953125,0.63232421875,-3.84521484375,12.39013671875,-21.17919921875,-3.1622848510742188,78.62909698486328,-60.95408248901367
0.10595703125,1.015380859375,0.1005859375,9.521484375,14.09912109375,-24.23095703125,-2.217272520065308,79.20335388183594,-60.59493637084961
0.044677734375,1.090087890625,0.08544921875,17.08984375,8.11767578125,-23.92578125,-1.2263762950897217,80.11775970458984,-60.45306396484375
0.087646484375,1.179931640625,0.283447265625,24.47509765625,15.93017578125,-18.24951171875,-0.602665901184082,80.96952819824219,-59.74294662475586
0.1162109375,1.185546875,0.36181640625,31.73828125,31.18896484375,-8.85009765625,-0.2610026001930237,81.90105438232422,-58.55772399902344
0.059326171875,1.125244140625,0.266357421875,30.70068359375,42.48046875,-2.13623046875,-0.06443305313587189,82.90135955810547,-56.8834342956543
-0.026611328125,1.1181640625,0.24853515625,22.64404296875,45.41015625,1.0986328125,0.2863806784152985,83.45770263671875,-55.20437622070313
-0.084716796875,1.07470703125,0.18994140625,11.3525390625,23.3154296875,-6.77490234375,0.8199306726455688,83.76691436767578,-54.30731582641602
-0.074462890625,0.94384765625,0.056640625,11.65771484375,16.41845703125,-12.75634765625,1.5374771356582642,84.34120178222656,-53.70331192016602
-0.05419921875,0.92431640625,-0.016845703125,17.4560546875,27.587890625,-16.4794921875,2.5256059169769287,85.36656951904297,-52.47804260253906
-0.123779296875,0.89404296875,-0.001708984375,19.83642578125,36.43798828125,-24.47509765625,3.8104989528656006,86.40861511230469,-51.08007049560547
-0.143310546875,0.8515625,0.00048828125,18.310546875,36.07177734375,-30.82275390625,5.337737560272217,87.37598419189453,-49.68804550170898
-0.149169921875,0.857666015625,0.017822265625,13.5498046875,27.77099609375,-37.109375,7.019279479980469,87.97245788574219,-48.77454376220703
-0.066650390625,0.86083984375,-0.00341796875,-1.0986328125,20.56884765625,-38.14697265625,8.460720062255861,88.10833740234375,-47.9826545715332
-0.048828125,0.807861328125,-0.021728515625,-14.46533203125,27.64892578125,-30.82275390625,9.525330543518066,87.82083129882812,-46.88432693481445
-0.068359375,0.765625,-0.06689453125,-22.216796875,36.31591796875,-23.01025390625,10.22451114654541,87.39610290527344,-45.29719924926758
-0.137939453125,0.78759765625,-0.140625,-32.71484375,36.4990234375,-12.6953125,10.789033889770508,86.84239959716797,-43.7510986328125
-0.119873046875,0.78076171875,-0.1669921875,-44.12841796875,24.47509765625,-5.2490234375,10.981315612792967,85.85161590576172,-42.65744400024414
-0.0966796875,0.8046875,-0.178955078125,-53.16162109375,16.11328125,3.11279296875,10.67047119140625,84.34953308105469,-41.96160507202149
-0.144287109375,0.78369140625,-0.197998046875,-59.63134765625,4.45556640625,12.51220703125,10.196759223937988,82.7674789428711,-41.58501434326172
-0.126220703125,0.78125,-0.2412109375,-57.06787109375,-3.90625,17.822265625,9.451022148132324,81.40572357177734,-41.47938919067383
-0.11669921875,0.7724609375,-0.216552734375,-56.57958984375,-4.69970703125,24.7802734375,8.309730529785156,80.11698150634766,-41.28590393066406
-0.09326171875,0.8359375,-0.2041015625,-55.23681640625,-5.31005859375,35.400390625,6.826594352722168,78.8169174194336,-41.10859680175781
-0.096435546875,0.9365234375,-0.18994140625,-57.0068359375,-13.97705078125,42.6025390625,5.029313564300537,77.38127136230469,-41.20777893066406
-0.109130859375,0.918701171875,-0.228271484375,-56.94580078125,-33.63037109375,46.81396484375,2.8522815704345703,76.06205749511719,-42.307395935058594
0.016357421875,0.854248046875,-0.223876953125,-55.0537109375,-52.3681640625,54.5654296875,0.08730369806289673,74.90228271484375,-43.740806579589844
0.0625,0.953857421875,-0.16845703125,-48.03466796875,-48.64501953125,67.87109375,-3.1840970516204834,73.964111328125,-44.89360427856445
0.06884765625,1.017578125,-0.141357421875,-42.48046875,-45.7763671875,80.6884765625,-6.877146244049072,73.2918701171875,-45.80848693847656
0.017333984375,1.03466796875,-0.1630859375,-41.3818359375,-58.349609375,87.0361328125,-10.659499168395996,72.81143188476562,-47.1733627319336
0.040771484375,0.9931640625,-0.1708984375,-39.36767578125,-71.4111328125,86.12060546875,-14.48909854888916,72.66239166259766,-49.12907791137695
0.112060546875,0.982666015625,-0.1171875,-37.17041015625,-73.6083984375,83.251953125,-18.27288627624512,72.66106414794922,-51.23548126220703
0.164794921875,1.036376953125,-0.0439453125,-31.982421875,-66.40625,79.89501953125,-21.7647762298584,72.75822448730469,-53.18916320800781
0.152099609375,1.03564453125,-0.027099609375,-26.79443359375,-67.626953125,76.72119140625,-24.98102569580078,73.19310760498047,-55.33070373535156
0.18798828125,1.01220703125,0.01123046875,-19.22607421875,-75.25634765625,71.2890625,-28.02832794189453,74.22221374511719,-58.08037567138672
0.299560546875,1.03125,0.09619140625,-14.6484375,-74.89013671875,70.80078125,-31.065298080444336,75.2955093383789,-60.767738342285156
0.337890625,1.0576171875,0.151611328125,-16.11328125,-59.4482421875,75.50048828125,-34.02816390991211,75.9217758178711,-62.7691535949707
0.328369140625,1.087890625,0.147216796875,-18.73779296875,-49.49951171875,76.7822265625,-36.77306747436523,76.22586059570312,-64.44065856933594
0.317138671875,1.029052734375,0.102294921875,-21.42333984375,-58.4716796875,69.15283203125,-39.21901321411133,77.02169036865234,-66.75534057617189
0.3974609375,0.99365234375,0.092529296875,-17.27294921875,-63.4765625,63.65966796875,-41.54220962524414,78.33326721191406,-69.53567504882811
0.4091796875,0.9765625,0.130859375,-17.02880859375,-55.908203125,63.17138671875,-43.61436080932617,79.34626770019531,-71.79165649414062
0.370361328125,1.0107421875,0.146728515625,-18.5546875,-47.66845703125,58.349609375,-45.30830764770508,80.14690399169922,-73.92697143554688
0.40283203125,0.994140625,0.126708984375,-20.8740234375,-49.98779296875,48.4619140625,-46.61441040039063,81.14762878417969,-76.4084243774414
0.408935546875,0.97021484375,0.0966796875,-21.728515625,-50.59814453125,37.17041015625,-47.35712814331055,82.31523895263672,-79.1352310180664
0.4306640625,0.909423828125,0.071044921875,-24.23095703125,-43.88427734375,26.611328125,-47.75812149047852,83.26020050048828,-81.6371841430664
0.40966796875,0.90087890625,0.099609375,-27.89306640625,-36.19384765625,24.4140625,-47.97032928466797,83.62102508544922,-83.6280746459961
0.431640625,0.947265625,0.083740234375,-30.8837890625,-28.99169921875,24.5361328125,-48.12778091430664,83.5330581665039,-85.09086608886719
0.423095703125,0.91748046875,0.056884765625,-30.82275390625,-21.78955078125,26.3671875,-48.35702514648438,83.28108978271484,-86.32785034179688
0.416259765625,0.930419921875,0.068359375,-30.82275390625,-21.8505859375,27.16064453125,-48.58793640136719,83.00833129882812,-87.5456314086914
0.44384765625,0.93408203125,0.067626953125,-33.0810546875,-22.15576171875,30.21240234375,-49.06402206420898,82.5581283569336,-88.69911193847656
0.39794921875,0.932861328125,0.046142578125,-32.1044921875,-22.705078125,37.65869140625,-49.66474914550781,82.34046936035156,-89.97836303710938
0.40234375,0.907470703125,0.0390625,-27.2216796875,-29.96826171875,43.0908203125,-50.52301406860352,82.68407440185547,-91.70699310302734
0.431640625,0.876220703125,0.051513671875,-16.66259765625,-28.076171875,48.40087890625,-51.66155624389648,83.3417739868164,-93.1752700805664
0.425048828125,0.89111328125,0.095947265625,-8.36181640625,-22.76611328125,52.55126953125,-52.81856155395508,83.88297271728516,-94.2931900024414
0.4384765625,0.8974609375,0.0927734375,-8.9111328125,-23.86474609375,51.8798828125,-53.92359924316406,84.51325988769531,-95.54107666015624
0.460693359375,0.8779296875,0.08837890625,-12.26806640625,-25.08544921875,49.6826171875,-54.92288208007813,85.07289123535156,-96.88883972167969
0.478515625,0.86181640625,0.11865234375,-13.73291015625,-20.263671875,45.47119140625,-55.77957153320313,85.27409362792969,-97.89373779296876
0.51953125,0.859375,0.099609375,-14.404296875,-13.0615234375,40.22216796875,-56.45063781738281,85.13972473144531,-98.49041748046876
0.52587890625,0.843017578125,0.08984375,-14.46533203125,-10.92529296875,33.26416015625,-56.73768615722656,84.90196228027344,-98.9762725830078
0.52880859375,0.815673828125,0.084228515625,-17.2119140625,-10.25390625,27.40478515625,-56.92718124389648,84.61943817138672,-99.4942626953125
0.674560546875,0.853271484375,0.055419921875,-19.95849609375,-12.0849609375,27.64892578125,-57.3250732421875,84.48116302490234,-100.26296997070312
0.403076171875,0.7080078125,0.15576171875,-28.74755859375,-18.310546875,29.47998046875,-57.19421005249024,84.0447769165039,-101.6903305053711
0.76904296875,0.798583984375,0.0625,-44.49462890625,-16.6015625,15.2587890625,-57.32934951782226,83.25524139404297,-102.8504638671875
0.557861328125,0.818115234375,0.0322265625,-37.59765625,-15.19775390625,1.3427734375,-56.560630798339844,82.93004608154297,-104.16390991210938
0.708251953125,0.83447265625,0.08203125,-22.15576171875,-28.564453125,8.1787109375,-56.11436462402344,83.70573425292969,-105.9824447631836
0.61181640625,0.78564453125,0.13525390625,-7.14111328125,-31.67724609375,8.23974609375,-55.82780456542969,85.0226058959961,-107.99480438232422
0.65625,0.895263671875,0.10888671875,9.09423828125,-6.77490234375,27.099609375,-56.14325714111328,85.51215362548828,-108.20700073242188
0.57080078125,0.936767578125,0.1015625,15.869140625,-12.26806640625,37.2314453125,-56.6773452758789,87.0403823852539,-109.3689422607422
0.59326171875,0.87939453125,0.077392578125,16.2353515625,-20.99609375,32.3486328125,-57.098899841308594,88.74418640136719,-110.6884536743164
0.629150390625,0.816162109375,0.083740234375,14.22119140625,-22.705078125,27.16064453125,-57.41262435913086,90.41351318359376,-112.10352325439452
0.606201171875,0.611328125,0.11083984375,13.00048828125,-10.07080078125,29.1748046875,-57.28693389892578,91.36785888671876,-112.82179260253906
0.30908203125,0.7158203125,0.075927734375,-4.69970703125,2.9296875,0.91552734375,-56.067848205566406,90.49524688720705,-112.18120574951172
0.68017578125,0.73828125,0.03955078125,-26.7333984375,0.244140625,-19.1650390625,-54.77548599243164,89.21166229248047,-111.99156951904295
0.58984375,0.733642578125,0.093994140625,-34.3017578125,-1.77001953125,-37.53662109375,-52.59968566894531,87.67597961425781,-111.90760803222656
0.703857421875,0.744873046875,0.15234375,-31.6162109375,-4.45556640625,-31.06689453125,-50.99814987182617,86.26854705810547,-111.93138885498048
0.748046875,0.786376953125,0.15380859375,-27.40478515625,9.6435546875,-16.845703125,-49.98798370361328,84.41548919677734,-111.13082885742188
0.606689453125,0.734375,0.141357421875,-18.00537109375,13.24462890625,-6.34765625,-49.44788360595703,82.85758209228516,-110.04297637939452
0.10009765625,0.2685546875,0.064697265625,-11.41357421875,12.0849609375,16.17431640625,-48.9053840637207,81.36888122558594,-108.90055084228516
0.650634765625,0.96875,0.044921875,-4.57763671875,-10.07080078125,13.916015625,-48.917930603027344,81.828369140625,-109.59685516357422
0.488037109375,0.875,0.0625,-7.75146484375,-3.47900390625,-12.6953125,-47.11946105957031,81.89559173583984,-110.0577392578125
0.699462890625,0.92041015625,0.137939453125,-11.1083984375,-3.47900390625,-65.4296875,-44.154090881347656,81.93108367919922,-110.73558044433594
0.62255859375,0.781982421875,0.167236328125,-14.5263671875,5.126953125,-67.32177734375,-41.22474670410156,81.33496856689453,-110.84410095214844
0.6083984375,0.764892578125,0.159912109375,-19.71435546875,3.7841796875,-34.3017578125,-40.282203674316406,80.39453887939453,-110.97899627685548
0.605224609375,0.76806640625,0.094970703125,-24.10888671875,-14.7705078125,18.798828125,-41.02179336547852,79.90837860107422,-111.63937377929688
0.54833984375,0.75341796875,0.04541015625,-15.44189453125,-23.13232421875,46.875,-42.81504821777344,80.08675384521484,-112.6164779663086
0.51513671875,0.763427734375,0.040771484375,-1.5869140625,-24.169921875,57.2509765625,-44.84560775756836,81.01316833496094,-113.67723846435548
0.536865234375,0.81982421875,0.07177734375,9.82666015625,-21.42333984375,47.05810546875,-46.35017776489258,82.15792846679688,-114.62435150146484
0.517578125,0.860595703125,0.10107421875,9.033203125,-14.0380859375,32.470703125,-47.08566284179688,82.96549224853516,-115.2224349975586
0.524169921875,0.838623046875,0.10498046875,1.52587890625,-14.58740234375,14.83154296875,-46.88268661499024,83.54087829589844,-116.01991271972656
0.5908203125,0.836669921875,0.119384765625,-5.79833984375,-13.00048828125,-7.8125,-46.15260314941406,83.79216003417969,-116.7465362548828
0.60400390625,0.838134765625,0.15673828125,-8.6669921875,0.42724609375,-17.63916015625,-45.02334976196289,83.2860336303711,-116.67037200927734
0.67822265625,0.50439453125,0.163818359375,-14.34326171875,10.31494140625,-22.15576171875,-44.38683700561523,82.01714324951172,-115.7979736328125
0.499755859375,0.768310546875,0.073974609375,4.150390625,6.8359375,-14.404296875,-43.32524871826172,82.09256744384766,-115.59420776367188
0.620361328125,0.842041015625,0.066650390625,-2.5634765625,-33.447265625,-26.123046875,-42.17102432250977,83.47022247314453,-117.66381072998048
0.624755859375,0.623046875,-0.033203125,3.47900390625,-15.9912109375,-32.8369140625,-40.98300552368164,84.83849334716797,-119.18114471435548
0.69287109375,0.692626953125,0.03857421875,10.1318359375,-4.39453125,-25.5126953125,-40.13628387451172,85.52203369140625,-119.5555191040039
0.335693359375,0.88525390625,0.18603515625,5.55419921875,5.126953125,-4.0283203125,-39.199256896972656,85.2096939086914,-119.06510162353516
0.659423828125,1.061279296875,0.230224609375,-23.193359375,-23.5595703125,5.18798828125,-39.11759567260742,84.20662689208984,-119.58983612060548
0.56005859375,0.87548828125,0.11962890625,-38.14697265625,-6.28662109375,-5.67626953125,-38.6472053527832,82.80192565917969,-119.88113403320312
0.535888671875,0.791259765625,0.0439453125,-35.7666015625,-8.23974609375,-2.01416015625,-38.425682067871094,81.79357147216797,-120.40961456298828
0.527587890625,0.7431640625,0.028564453125,-28.62548828125,-8.97216796875,11.04736328125,-39.01208114624024,81.24886322021484,-120.96698760986328
0.5498046875,0.773681640625,0.003173828125,-14.7705078125,-11.65771484375,30.76171875,-40.15294647216797,81.22393035888672,-121.54386901855469
0.52978515625,0.764892578125,0.015380859375,-5.18798828125,-16.17431640625,38.330078125,-41.54044723510742,81.68360900878906,-122.2989273071289
0.60107421875,0.81591796875,0.08544921875,0.48828125,-15.44189453125,36.7431640625,-42.83132934570313,82.02691650390625,-122.74822235107422
0.58837890625,0.856689453125,0.1337890625,0.3662109375,-0.732421875,31.6162109375,-43.73074722290039,81.8397216796875,-122.5103988647461
0.5478515625,0.576904296875,0.18017578125,1.77001953125,7.26318359375,20.81298828125,-44.45345306396485,81.11317443847656,-121.66641235351562
0.36376953125,0.8974609375,0.109375,10.7421875,1.52587890625,1.0986328125,-42.86872482299805,82.4966812133789,-123.28783416748048
0.29931640625,0.515625,0.12744140625,-7.4462890625,-12.51220703125,-35.82763671875,-40.99231719970703,82.49883270263672,-123.98394012451172
0.544921875,0.61767578125,0.033203125,24.10888671875,4.57763671875,-5.7373046875,-40.75465774536133,83.48361206054688,-123.8805923461914
0.63134765625,0.9619140625,0.1591796875,35.46142578125,-50.537109375,21.54541015625,-41.50859451293945,86.27775573730469,-126.29676055908205
0.788818359375,0.9462890625,0.259765625,1.40380859375,-36.4990234375,17.63916015625,-42.19862365722656,87.10749053955078,-127.87374114990234
0.689453125,0.85498046875,0.149658203125,-31.005859375,1.64794921875,0.30517578125,-42.059165954589844,85.49222564697266,-127.57308197021484
0.515869140625,0.760986328125,0.0068359375,-49.74365234375,28.1982421875,-14.2822265625,-40.90400314331055,82.60467529296875,-126.22889709472656
0.30126953125,0.740234375,-0.10009765625,-48.095703125,14.7705078125,-26.4892578125,-39.08845520019531,81.02559661865234,-126.12913513183594
0.505615234375,0.62890625,-0.0888671875,-33.8134765625,-21.17919921875,-19.287109375,-38.47555160522461,81.09795379638672,-127.76809692382812
0.636474609375,0.665771484375,0.058349609375,-18.06640625,-32.958984375,2.197265625,-39.30561828613281,81.57908630371094,-129.298828125
0.638916015625,0.7734375,0.15673828125,-11.1083984375,-18.61572265625,40.22216796875,-40.977195739746094,81.41468811035156,-129.871337890625
0.5693359375,0.807861328125,0.163818359375,-20.20263671875,-17.822265625,59.02099609375,-43.14680099487305,80.76828002929688,-130.24859619140622
0.626220703125,0.7744140625,0.115234375,-26.18408203125,-18.49365234375,64.0869140625,-45.51224136352539,79.91667175292969,-130.46501159667972
0.497802734375,0.745849609375,0.03125,-11.8408203125,7.2021484375,54.5654296875,-47.13400268554688,79.07659912109375,-129.7435302734375
0.612548828125,0.480712890625,0.299072265625,-15.56396484375,-7.6904296875,47.05810546875,-49.09180068969727,77.50923156738281,-129.00627136230472
0.6162109375,0.746826171875,-0.037109375,-7.32421875,-1.5869140625,25.87890625,-49.48558044433594,78.3075942993164,-129.78875732421878
0.716064453125,0.91015625,0.0439453125,11.474609375,-13.427734375,7.9345703125,-49.452415466308594,79.71674346923828,-130.81573486328122
0.70458984375,0.920166015625,0.14501953125,15.9912109375,-25.57373046875,3.90625,-49.27166748046875,81.54319763183594,-132.35516357421878
0.85986328125,0.80419921875,0.080322265625,6.8359375,-18.00537109375,11.53564453125,-49.83785629272461,82.1462173461914,-132.88247680664062
0.698486328125,0.890625,-0.061767578125,10.7421875,16.2353515625,16.9677734375,-49.9758415222168,82.24596405029297,-132.16142272949222
0.643798828125,0.888916015625,-0.099853515625,28.62548828125,4.69970703125,-2.62451171875,-49.3209457397461,83.85566711425781,-132.40158081054688
0.714111328125,0.884521484375,-0.103271484375,39.1845703125,-3.96728515625,-11.53564453125,-48.43923950195313,86.3563461303711,-133.14315795898438
0.744140625,0.83642578125,-0.07861328125,52.67333984375,-2.50244140625,-17.7001953125,-47.4698257446289,88.97801208496094,-133.60568237304688
0.85107421875,0.932861328125,-0.0419921875,70.4345703125,29.96826171875,-18.798828125,-46.51599502563477,90.633056640625,-131.93405151367188
0.65673828125,1.0458984375,0.01806640625,66.650390625,64.02587890625,-22.03369140625,-44.93888473510742,90.24329376220705,-128.00347900390622
0.742919921875,0.810302734375,-0.113525390625,37.2314453125,52.1240234375,-25.390625,-43.83980941772461,89.97422790527344,-125.27884674072266
0.71826171875,0.7333984375,-0.26953125,35.400390625,40.0390625,-4.82177734375,-43.67463302612305,90.6315689086914,-123.598388671875
0.603515625,0.81640625,-0.353759765625,53.77197265625,28.74755859375,3.11279296875,-43.55870056152344,93.14301300048828,-123.06970977783205
0.59912109375,0.903564453125,-0.315673828125,66.95556640625,-1.953125,1.3427734375,-43.18508911132813,96.60916137695312,-123.66471099853516
0.66796875,0.885986328125,-0.270263671875,61.03515625,-11.16943359375,-2.44140625,-42.7386474609375,99.88146209716795,-124.53829956054688
0.584716796875,0.821044921875,-0.261474609375,51.33056640625,9.033203125,-14.892578125,-41.7643928527832,101.52063751220705,-123.73347473144531
0.47265625,0.805419921875,-0.30419921875,48.52294921875,25.7568359375,-35.15625,-40.11695861816406,102.72474670410156,-122.2612762451172
0.4423828125,0.81494140625,-0.315673828125,48.2177734375,17.88330078125,-54.87060546875,-37.64944839477539,104.03972625732422,-120.93072509765624
0.501220703125,0.75439453125,-0.324951171875,49.1943359375,13.427734375,-70.4345703125,-34.76705551147461,105.4197769165039,-119.54255676269531
0.50732421875,0.636962890625,-0.280029296875,47.9736328125,29.35791015625,-73.73046875,-32.330230712890625,106.35218048095705,-117.37799072265624
0.365234375,0.621826171875,-0.274169921875,45.654296875,45.71533203125,-82.94677734375,-29.53877830505371,106.8394012451172,-114.36963653564452
0.292236328125,0.71044921875,-0.19677734375,34.85107421875,37.841796875,-95.03173828125,-25.919443130493164,106.81533813476562,-111.58333587646484
0.33984375,0.662109375,-0.246826171875,27.03857421875,11.1083984375,-102.6611328125,-22.135927200317386,107.29454040527344,-109.8401870727539
0.410400390625,0.61376953125,-0.220458984375,28.99169921875,20.01953125,-107.60498046875,-18.690746307373047,107.75894927978516,-107.65670013427734
0.329345703125,0.68603515625,-0.14990234375,28.4423828125,42.54150390625,-104.91943359375,-15.594766616821287,107.62704467773438,-104.39021301269531
0.263916015625,0.689453125,-0.12158203125,13.0615234375,44.86083984375,-101.86767578125,-12.46812915802002,107.10689544677734,-101.27655792236328
0.215576171875,0.753173828125,-0.098876953125,2.99072265625,26.123046875,-100.40283203125,-9.083802223205566,106.42487335205078,-98.9825439453125
0.29296875,0.744873046875,-0.070556640625,1.15966796875,-1.0986328125,-100.76904296875,-5.610142230987549,105.92498779296876,-98.0423355102539
0.412109375,0.871337890625,0.073974609375,-2.197265625,-7.9345703125,-90.75927734375,-2.81782341003418,105.03973388671876,-97.28399658203124
0.3779296875,0.967529296875,0.14306640625,-15.7470703125,8.7890625,-69.27490234375,-0.9549990892410278,103.51280212402344,-96.1966323852539
0.232421875,0.9912109375,0.0693359375,-36.62109375,-1.28173828125,-52.3681640625,0.5758761167526245,101.0968780517578,-96.05074310302734
0.110107421875,0.96826171875,-0.0244140625,-46.69189453125,-33.935546875,-48.4619140625,2.436044216156006,98.8068618774414,-97.04302978515624
0.268798828125,0.954345703125,-0.064208984375,-29.84619140625,-59.38720703125,-48.03466796875,3.962774991989136,97.29157257080078,-99.1182098388672
0.269287109375,1.01416015625,-0.0576171875,-3.84521484375,-41.1376953125,-38.87939453125,4.796720027923584,97.1731185913086,-100.22733306884766
0.192138671875,1.04248046875,-0.073486328125,10.19287109375,-23.74267578125,-30.517578125,5.528122901916504,97.37100982666016,-101.02423095703124
0.198486328125,1.014404296875,-0.092041015625,2.5634765625,-26.30615234375,-31.73828125,6.270625114440918,97.28141784667969,-101.91301727294922
0.1923828125,0.960693359375,-0.088134765625,-14.58740234375,-25.7568359375,-34.85107421875,7.142519474029541,96.2720947265625,-102.75773620605469
0.123779296875,0.96728515625,-0.08349609375,-31.55517578125,-23.62060546875,-42.66357421875,8.362420082092285,94.83623504638672,-103.53335571289062
0.08837890625,0.959716796875,-0.0908203125,-32.40966796875,-32.958984375,-54.6875,10.098953247070312,93.35948944091795,-104.68927764892578
0.15966796875,0.89892578125,-0.070556640625,-24.2919921875,-34.24072265625,-61.279296875,11.847182273864744,92.42278289794922,-105.77281188964844
0.1376953125,0.9541015625,-0.013916015625,-13.916015625,-14.16015625,-56.0302734375,13.320018768310547,91.6795425415039,-106.27111053466795
0.05224609375,0.97705078125,0.01025390625,-16.41845703125,-8.72802734375,-48.095703125,14.60292911529541,90.83881378173828,-106.5984878540039
0.0712890625,0.966796875,0.010498046875,-20.44677734375,-12.3291015625,-43.88427734375,15.587288856506348,89.78600311279297,-107.08029174804688
0.0849609375,0.96533203125,-0.0068359375,-24.96337890625,-7.26318359375,-40.0390625,16.378253936767578,88.71073913574219,-107.38533782958984
0.051025390625,0.927001953125,-0.0380859375,-27.7099609375,-0.8544921875,-38.4521484375,17.147939682006836,87.71582794189453,-107.41764831542969
0.061279296875,0.900634765625,-0.046875,-31.982421875,-1.5869140625,-35.21728515625,17.660926818847656,86.57154083251953,-107.47502899169922
0.05078125,0.937744140625,0.055419921875,-20.08056640625,-2.13623046875,-13.61083984375,18.1601505279541,82.6485824584961,-108.87490844726562
0.067626953125,0.993408203125,0.099609375,-18.5546875,-0.1220703125,-4.45556640625,17.481311798095707,81.95199584960938,-108.8798370361328
0.0361328125,1.029052734375,0.1083984375,-18.5546875,-5.55419921875,1.15966796875,16.530584335327152,81.156005859375,-109.16262817382812
0.047119140625,1.01806640625,0.126708984375,-22.0947265625,-3.0517578125,12.51220703125,15.270949363708494,80.32015991210938,-109.1816177368164
0.043701171875,1.0419921875,0.099609375,-23.4375,3.60107421875,20.6298828125,13.794927597045898,79.61680603027344,-108.84095001220705
0.019287109375,1.023193359375,0.047607421875,-23.0712890625,4.638671875,22.705078125,12.358105659484865,79.07611083984375,-108.40799713134766
1.27490234375,0.16259765625,2.181884765625,-87.21923828125,-33.02001953125,-0.67138671875,10.832773208618164,73.40113067626953,-110.07389068603516
0.632080078125,2.111572265625,0.310302734375,-16.05224609375,3.41796875,-15.625,10.427331924438477,73.05680847167969,-110.05785369873048
-0.007568359375,1.02685546875,0.00341796875,-7.8125,12.14599609375,-6.103515625,10.418578147888184,73.4707260131836,-109.53628540039062
0.065185546875,1.572509765625,0.0234375,-7.32421875,7.9345703125,12.14599609375,9.551639556884766,73.86537170410156,-108.9788589477539
-0.307373046875,1.20458984375,0.1669921875,-15.68603515625,19.775390625,20.20263671875,9.180675506591797,73.70723724365234,-107.93199157714844
-0.091552734375,1.019775390625,-0.062744140625,-15.0146484375,37.29248046875,11.53564453125,9.003741264343262,74.1224594116211,-106.22846221923828
-0.021484375,1.037353515625,0.002197265625,-26.85546875,13.7939453125,1.46484375,6.4213547706604,72.54866027832031,-96.35266876220705
0.0859375,0.95654296875,0.10498046875,-26.85546875,-0.732421875,-2.86865234375,6.0718650817871085,71.8971176147461,-96.36347198486328
0.284912109375,1.088623046875,-0.103271484375,-4.638671875,7.50732421875,4.33349609375,5.212360382080078,72.61650848388672,-95.93299102783205
0.25048828125,0.861328125,0.05029296875,-10.31494140625,9.765625,3.35693359375,4.374361038208009,72.75847625732422,-95.4696273803711
-0.068359375,0.97900390625,0.0556640625,-9.27734375,14.6484375,0.91552734375,4.498560428619385,72.96817779541016,-94.85562133789062
-0.0224609375,0.98681640625,0.031494140625,-9.09423828125,10.92529296875,1.64794921875,4.439608097076416,73.22328186035156,-94.3705825805664
