-0.012939453125,0.994384765625,-0.052734375,-7.75146484375,-4.57763671875,2.0751953125,-1.3376768827438354,83.81867218017578,-76.3248291015625
-0.058349609375,1.010986328125,-0.0732421875,-8.36181640625,-4.57763671875,2.3193359375,-1.2656216621398926,83.88125610351562,-76.50709533691406
0.29052734375,0.97412109375,-0.321533203125,-8.6669921875,35.7666015625,-1.3427734375,-1.6470118761062622,84.39197540283203,-75.10881042480469
-0.63720703125,0.95947265625,-0.484619140625,-14.16015625,90.39306640625,-5.859375,0.11817414313554765,84.81719207763672,-71.56008911132812
0.03271484375,1.126953125,-0.42529296875,-2.9296875,21.8505859375,-0.6103515625,0.14566856622695926,85.68244171142578,-70.68905639648438
0.23486328125,1.0478515625,0.26025390625,-7.8125,43.64013671875,-2.9296875,-0.09146837145090103,84.98283386230469,-68.95441436767578
-0.099609375,1.14013671875,0.080078125,-7.9345703125,-11.474609375,3.41796875,-0.06572728604078293,84.6905288696289,-69.40105438232422
0.11962890625,1.017333984375,0.22998046875,-9.09423828125,-5.4931640625,2.38037109375,-0.4376570880413056,84.01948547363281,-69.60800933837889
0.01220703125,1.08154296875,0.025146484375,-12.75634765625,28.13720703125,5.37109375,-0.5423793196678162,83.66927337646484,-68.46754455566406
0.034423828125,0.974609375,0.0888671875,-27.2216796875,38.14697265625,6.65283203125,-0.6872795820236206,82.5934066772461,-66.92067718505861
0.02734375,0.94091796875,0.052978515625,-25.08544921875,39.55078125,5.06591796875,-0.7162004709243774,81.72197723388672,-65.32717132568361
-0.007568359375,1.018310546875,0.085693359375,-20.8740234375,48.40087890625,6.65283203125,-0.6495670080184937,80.98673248291016,-63.3751220703125
0.031982421875,1.047607421875,0.046875,-20.69091796875,66.58935546875,15.31982421875,-0.8748162388801575,80.3641586303711,-60.65072250366211
0.069091796875,1.017822265625,0.0166015625,-4.8828125,66.58935546875,19.8974609375,-1.3431282043457031,80.44449615478516,-57.89765548706055
0.06982421875,1.0703125,0.04296875,12.5732421875,58.349609375,21.1181640625,-1.905156373977661,81.15037536621094,-55.46632385253906
-0.020263671875,1.0400390625,-0.043212890625,43.64013671875,59.08203125,27.2216796875,-4.975922107696533,85.98881530761719,-44.04695510864258
0.070556640625,1.1279296875,-0.16064453125,49.31640625,54.6875,12.39013671875,-5.312511444091797,88.22607421875,-41.86992263793945
0.023681640625,1.1513671875,-0.12109375,45.5322265625,56.396484375,-17.822265625,-4.414453029632568,90.14971923828124,-39.63958358764648
-0.109619140625,1.20751953125,-0.09375,25.146484375,66.650390625,-48.15673828125,-2.1557693481445312,91.15547943115234,-36.95198440551758
-0.13916015625,1.201171875,-0.06201171875,1.953125,62.1337890625,-54.87060546875,0.316604346036911,91.24870300292969,-34.41757583618164
-0.12353515625,1.116943359375,-0.1015625,-6.9580078125,50.72021484375,-45.8984375,2.3329222202301025,91.1592788696289,-32.34477996826172
-0.063720703125,1.036865234375,-0.086181640625,-2.0751953125,47.54638671875,-18.5546875,3.0717458724975586,91.2946548461914,-30.418066024780273
-0.040771484375,1.01953125,-0.136474609375,3.72314453125,48.88916015625,0.79345703125,2.949591398239136,91.78318786621094,-28.44915771484375
-0.005859375,1.195068359375,-0.155517578125,-11.71875,47.66845703125,12.26806640625,2.2923028469085693,91.61005401611328,-26.54656791687012
-0.003173828125,1.324951171875,-0.123291015625,-52.79541015625,34.1796875,3.11279296875,2.062729358673096,89.68265533447266,-25.17359733581543
-0.013427734375,1.2333984375,-0.07861328125,-63.90380859375,25.0244140625,-25.390625,3.0400795936584477,87.31304931640625,-24.1888427734375
-0.0361328125,1.17041015625,-0.006591796875,-52.91748046875,26.42822265625,-60.24169921875,5.449467182159424,85.36871337890625,-23.27052497863769
-0.16064453125,1.205078125,-0.020263671875,-28.6865234375,45.22705078125,-91.9189453125,9.335487365722656,84.62084197998047,-21.74567413330078
-0.082763671875,1.128173828125,0.015380859375,-37.17041015625,57.4951171875,-86.7919921875,12.798700332641602,83.68473052978516,-19.732845306396484
-0.119384765625,1.10400390625,0.04248046875,-55.23681640625,78.0029296875,-44.37255859375,14.659046173095705,82.33497619628906,-16.722679138183597
-0.059326171875,1.039306640625,-0.06640625,-53.03955078125,70.86181640625,33.14208984375,13.300666809082033,81.40853118896484,-13.523494720458984
0.007568359375,1.069091796875,-0.13330078125,-20.08056640625,45.71533203125,43.02978515625,11.34325885772705,81.67455291748047,-11.275209426879885
0.023193359375,1.133056640625,-0.14794921875,-26.42822265625,28.1982421875,11.77978515625,10.56212043762207,81.46464538574219,-9.94517707824707
-0.08203125,1.099609375,-0.030029296875,-74.89013671875,28.076171875,-30.57861328125,11.706067085266113,79.04119110107422,-8.945390701293945
-0.0986328125,0.862060546875,-0.028076171875,-65.5517578125,21.728515625,-22.216796875,12.555005073547365,77.06470489501953,-8.154428482055664
-0.08642578125,0.85400390625,-0.034912109375,-7.9345703125,3.5400390625,7.080078125,12.05662727355957,77.38796997070312,-7.819429397583008
0.064697265625,0.964599609375,0.048095703125,7.62939453125,1.46484375,50.4150390625,9.486408233642578,78.16168975830078,-7.256355285644531
0.090087890625,0.973388671875,0.058349609375,-13.85498046875,8.36181640625,70.6787109375,6.219685077667236,78.0536117553711,-6.291897773742676
0.146240234375,0.9248046875,0.073974609375,-24.0478515625,17.63916015625,82.03125,2.575342893600464,77.47449493408203,-4.878870010375977
0.158203125,0.921142578125,0.025634765625,-7.62939453125,17.333984375,54.01611328125,0.13456906378269196,77.60844421386719,-3.722558975219727
0.1484375,0.921142578125,0.03955078125,3.5400390625,12.451171875,15.68603515625,-0.7411902546882629,78.12041473388672,-3.1049904823303223
0.11279296875,0.8759765625,0.059814453125,5.79833984375,8.23974609375,-21.728515625,-0.08775428682565689,78.64994812011719,-2.958320140838623
0.090576171875,0.81640625,0.021484375,0.79345703125,12.3291015625,-36.9873046875,1.2062984704971311,79.0556869506836,-2.755986213684082
0.063232421875,0.778564453125,0.03955078125,-5.0048828125,16.54052734375,-26.123046875,2.1209745407104488,79.17135620117188,-2.2926840782165527
0.049560546875,0.771240234375,0.021240234375,-7.99560546875,19.83642578125,-4.2724609375,2.205267429351806,79.2308349609375,-1.530038356781006
0.044921875,0.767822265625,-0.026123046875,-0.30517578125,14.16015625,23.4375,1.169240951538086,79.72615814208984,-0.7858505249023438
0.052001953125,0.79052734375,-0.015869140625,2.74658203125,7.32421875,29.60205078125,-0.13838420808315274,80.27568054199219,-0.28684139251708984
0.053466796875,0.762451171875,0.0068359375,2.8076171875,3.173828125,24.35302734375,-1.229439377784729,80.7332992553711,-0.005006790161132813
0.037109375,0.860107421875,-0.059326171875,0.732421875,-15.380859375,8.30078125,-4.841228008270264,84.43466186523438,-0.5524697303771973
0.031494140625,0.848876953125,-0.082275390625,-1.708984375,-22.88818359375,-1.5869140625,-4.754707336425781,84.86865997314453,-1.5091943740844729
0.028564453125,0.883544921875,-0.07177734375,-1.708984375,-31.8603515625,-13.5498046875,-4.207593917846681,85.2769775390625,-2.8589978218078613
-0.019287109375,0.9658203125,-0.05859375,-5.06591796875,-30.029296875,-59.326171875,1.7407039403915403,85.63507080078125,-9.45783519744873
-0.042724609375,0.963623046875,-0.060546875,-6.77490234375,-28.62548828125,-63.232421875,4.202747821807861,85.59501647949219,-10.77703857421875
-0.052490234375,0.940673828125,-0.094482421875,-5.92041015625,-27.7099609375,-55.6640625,6.295982360839844,85.62822723388672,-12.021798133850098
-0.05029296875,0.97509765625,-0.0673828125,-8.1787109375,-25.20751953125,-31.06689453125,7.3254127502441415,85.48583221435547,-13.09170627593994
-0.0615234375,0.996337890625,-0.06494140625,-10.80322265625,-18.310546875,-11.23046875,7.566728591918945,85.26703643798828,-13.82223892211914
-0.06494140625,1.033203125,-0.044189453125,-14.16015625,-10.1318359375,-0.06103515625,7.379601001739503,84.91950225830078,-14.192893981933596
-0.06103515625,1.021240234375,-0.049560546875,-14.0380859375,-5.67626953125,7.87353515625,6.891579627990723,84.63184356689453,-14.353618621826172
-0.05712890625,1.019287109375,-0.04296875,-12.87841796875,-2.8076171875,9.521484375,6.358592510223389,84.40322875976562,-14.394533157348633
-0.04638671875,1.030029296875,-0.035888671875,-15.7470703125,0.67138671875,13.73291015625,5.667607307434082,84.06973266601562,-14.281147003173828
0.035400390625,0.990966796875,-0.09423828125,-7.9345703125,2.13623046875,15.44189453125,-9.19668197631836,86.3174819946289,-22.09149932861328
0.055419921875,0.977783203125,-0.067138671875,-12.5732421875,0.67138671875,4.5166015625,-9.140594482421877,86.09840393066406,-22.100608825683594
0.05859375,0.9892578125,-0.062255859375,-12.451171875,-1.40380859375,-1.0986328125,-8.874402046203613,85.8953628540039,-22.206966400146484
0.056640625,0.986572265625,-0.092041015625,-8.30078125,-2.99072265625,-3.41796875,-8.527995109558105,85.9452896118164,-22.39378929138184
0.05712890625,0.993408203125,-0.07421875,-10.986328125,-3.60107421875,-4.94384765625,-8.135661125183105,85.84690856933594,-22.6008243560791
0.04052734375,0.993896484375,-0.0625,-14.404296875,-3.96728515625,-4.33349609375,-7.746559143066406,85.58972930908203,-22.81628799438477
0.067138671875,0.970947265625,-0.0283203125,-7.4462890625,-6.53076171875,5.615234375,-7.5709471702575675,84.94865417480469,-23.828800201416016
0.052734375,0.963623046875,-0.028076171875,-8.056640625,-7.2021484375,0.18310546875,-7.427598476409912,84.91752624511719,-24.15183448791504
0.078125,0.91552734375,-0.029541015625,-8.30078125,-7.50732421875,-2.9296875,-7.236417293548584,84.88688659667969,-24.497886657714844
0.057373046875,0.8896484375,-0.0263671875,1.708984375,-9.46044921875,-7.99560546875,-6.809835433959961,85.26190948486328,-24.93692970275879
0.059814453125,0.9609375,-0.059814453125,9.27734375,-13.3056640625,4.638671875,-6.905287742614746,86.01055145263672,-25.495132446289066
-0.032470703125,0.910400390625,-0.073974609375,6.103515625,-23.13232421875,-3.23486328125,-6.480168342590332,86.69379425048828,-26.471782684326172
0.0419921875,0.955078125,-0.049560546875,11.90185546875,-28.1982421875,11.71875,-6.842665195465088,87.53429412841797,-27.6099910736084
0.035888671875,1.0234375,-0.05078125,11.962890625,-31.982421875,-1.03759765625,-6.650838851928711,88.3614501953125,-28.921661376953125
0.048828125,1.010498046875,-0.064208984375,4.82177734375,-30.33447265625,-13.671875,-5.976666450500487,88.8856430053711,-30.176006317138672
0.021484375,0.97314453125,-0.09033203125,10.1318359375,-30.33447265625,-9.46044921875,-5.424408435821533,89.65345764160156,-31.42339324951172
-0.017578125,0.957275390625,-0.088134765625,18.24951171875,-28.50341796875,5.31005859375,-5.372559547424316,90.6998291015625,-32.58820343017578
0.015869140625,0.98583984375,-0.071044921875,14.7705078125,-27.77099609375,7.9345703125,-5.486699104309082,91.51837921142578,-33.721710205078125
-0.01513671875,0.98046875,-0.09423828125,1.64794921875,-24.23095703125,2.3193359375,-5.295373916625977,91.8195571899414,-34.711692810058594
0.037841796875,0.997314453125,-0.1357421875,6.34765625,-27.28271484375,12.75634765625,-5.635376453399657,92.4012222290039,-35.84796905517578
0.046142578125,1.00927734375,-0.117431640625,7.8125,-33.02001953125,11.29150390625,-5.897717952728272,93.00337982177734,-37.21161651611328
0.0361328125,1.0029296875,-0.092529296875,3.35693359375,-28.86962890625,6.16455078125,-5.922507762908936,93.3341064453125,-38.39293670654297
0.01318359375,0.99609375,-0.084716796875,4.57763671875,-26.06201171875,14.22119140625,-6.215785503387451,93.67765045166016,-39.48082733154297
0.04296875,1.0224609375,-0.131591796875,-0.67138671875,-23.25439453125,15.13671875,-6.470335006713867,93.87828826904295,-40.47013473510742
-0.029541015625,1.019775390625,-0.10986328125,-0.8544921875,-11.77978515625,10.19287109375,-6.519845485687256,93.97667694091795,-40.98200988769531
0.051513671875,0.998291015625,-0.135009765625,-10.8642578125,-18.49365234375,7.2021484375,-6.611194610595702,93.76315307617188,-41.76130294799805
0.0283203125,0.982421875,-0.10302734375,-9.033203125,-17.333984375,1.64794921875,-6.439303398132324,93.53194427490234,-42.46891403198242
0.02294921875,1.00732421875,-0.098876953125,-14.16015625,-4.2724609375,-12.3291015625,-5.734004497528076,93.04835510253906,-42.619476318359375
0.029541015625,0.9599609375,-0.11474609375,-17.27294921875,2.3193359375,-20.263671875,-4.773984432220459,92.48028564453124,-42.4992790222168
0.002197265625,0.934326171875,-0.1142578125,-18.73779296875,3.41796875,-22.705078125,-3.68144154548645,91.9087142944336,-42.34189987182617
0.014892578125,0.931396484375,-0.117919921875,-19.59228515625,-1.15966796875,-18.6767578125,-2.8259143829345703,91.32259368896484,-42.37827682495117
-0.00830078125,0.9228515625,-0.117919921875,-18.1884765625,-7.9345703125,-13.5498046875,-2.146629810333252,90.83041381835938,-42.69584274291992
0.005859375,0.95947265625,-0.09716796875,-17.15087890625,-12.39013671875,-7.38525390625,-1.7914220094680786,90.34417724609376,-43.19493865966797
0.008056640625,0.94970703125,-0.09228515625,-11.474609375,-14.09912109375,-5.0048828125,-1.5360059738159182,90.09337615966795,-43.76398849487305
-0.00537109375,0.9365234375,-0.12109375,-6.53076171875,-15.9912109375,-5.92041015625,-1.222972393035889,90.12141418457031,-44.41015625
0.001220703125,0.91748046875,-0.1279296875,-1.03759765625,-20.3857421875,-4.7607421875,-1.0225138664245603,90.40476989746094,-45.23079681396485
-0.067626953125,0.845703125,-0.05322265625,-6.28662109375,-20.56884765625,0.42724609375,-0.8105103969573975,90.27798461914062,-46.0567626953125
0.024658203125,0.861328125,-0.162841796875,-6.8359375,-8.60595703125,17.88330078125,-1.5523624420166016,90.40965270996094,-46.4133415222168
0.06982421875,0.8193359375,-0.122802734375,-18.06640625,-18.6767578125,13.24462890625,-2.185715913772583,90.0052719116211,-47.17169952392578
0.031494140625,0.89599609375,-0.094482421875,-21.3623046875,-14.16015625,32.470703125,-3.473982572555542,89.402587890625,-47.74506759643555
0.09228515625,0.84130859375,-0.09423828125,-18.37158203125,-15.80810546875,42.96875,-5.302934646606445,88.97586059570312,-48.37571334838867
0.0732421875,0.8369140625,-0.092529296875,-14.2822265625,-18.1884765625,45.654296875,-7.163281440734862,88.79551696777344,-49.10701370239258
0.129150390625,0.911376953125,-0.11962890625,-25.5126953125,-22.39990234375,38.51318359375,-8.753616333007812,88.22437286376953,-50.01720428466797
0.03466796875,1.0380859375,-0.060302734375,-47.91259765625,-20.08056640625,23.681640625,-9.459332466125488,86.62100982666016,-50.82382583618164
0.138427734375,0.998779296875,-0.06640625,-83.49609375,-26.4892578125,7.99560546875,-9.612692832946776,83.87678527832031,-51.9449234008789
0.106201171875,0.609130859375,-0.0693359375,-77.7587890625,-11.5966796875,-3.60107421875,-9.545886993408203,81.33147430419922,-52.5102767944336
0.054931640625,0.6357421875,-0.08349609375,-37.4755859375,-22.76611328125,-28.9306640625,-8.375192642211914,80.62879180908203,-53.70658874511719
0.118896484375,0.8671875,-0.00830078125,-15.0146484375,-31.494140625,-49.25537109375,-6.588070869445801,80.56257629394531,-55.32684707641602
0.157470703125,0.98388671875,-0.027587890625,-22.88818359375,-39.0625,-43.64013671875,-5.228981971740723,80.2557373046875,-57.21051025390625
0.04052734375,0.94189453125,0.021240234375,-22.15576171875,-43.88427734375,-36.7431640625,-3.9736042022705083,79.8509750366211,-59.22573471069336
0.034912109375,0.87109375,0.029541015625,-17.822265625,-55.11474609375,-13.00048828125,-3.7878847122192383,79.55450439453125,-61.5108871459961
