0.094482421875,0.96630859375,0.00830078125,-11.5966796875,-4.57763671875,8.23974609375,-6.1866416931152335,80.93187713623047,-10.548171997070312
0.179931640625,0.937255859375,0.09326171875,-10.55908203125,-5.0048828125,4.94384765625,-6.479593753814697,80.76170349121094,-10.721687316894533
0.1220703125,0.972900390625,0.03564453125,-7.38525390625,-5.79833984375,-2.9296875,-6.427913188934326,80.76207733154297,-11.000982284545898
0.011962890625,0.984619140625,0.01318359375,-10.19287109375,-4.5166015625,7.6904296875,-5.924567222595215,80.79891967773438,-11.904016494750975
0.12255859375,0.9697265625,0.06396484375,-10.3759765625,-4.82177734375,8.30078125,-6.390328884124756,80.63643646240234,-12.05841827392578
0.17724609375,0.9560546875,0.060302734375,-7.568359375,-5.615234375,0.91552734375,-6.624434947967528,80.56935119628906,-12.298623085021973
0.006103515625,1.0048828125,0.009033203125,-8.544921875,-4.57763671875,7.62939453125,-6.069027900695801,80.65074920654297,-13.171163558959961
0.12890625,0.955810546875,0.0185546875,-10.25390625,-4.7607421875,8.23974609375,-6.459891319274902,80.58040618896484,-13.34052848815918
0.180908203125,0.962646484375,0.048583984375,-7.8125,-4.5166015625,0.79345703125,-6.685769081115723,80.5291748046875,-13.54151725769043
0.007080078125,1.002685546875,-0.0107421875,-9.6435546875,-4.5166015625,6.28662109375,-6.018106937408447,80.6795883178711,-14.452644348144533
0.07568359375,0.9482421875,0.01171875,-12.14599609375,-5.43212890625,7.568359375,-6.33126163482666,80.5549087524414,-14.634817123413086
0.15673828125,0.96142578125,0.082763671875,-8.4228515625,-4.82177734375,2.0751953125,-6.558485984802246,80.40142059326172,-14.830362319946287
-0.00732421875,0.998779296875,0.0185546875,-9.58251953125,-4.21142578125,4.8828125,-5.916165351867676,80.48689270019531,-15.736351013183596
0.037109375,1.010986328125,0.016845703125,-10.92529296875,-5.4931640625,7.87353515625,-6.227462291717528,80.28456115722656,-15.915514945983887
0.169189453125,0.957763671875,0.075439453125,-8.4228515625,-4.33349609375,5.55419921875,-6.6234798431396475,80.15269470214844,-16.070295333862305
0.14599609375,0.981689453125,0.034912109375,-6.53076171875,-5.0048828125,-0.1220703125,-6.7258262634277335,80.2079849243164,-16.303604125976562
0.053466796875,0.983154296875,-0.01416015625,-5.126953125,-4.94384765625,-3.2958984375,-6.409858703613281,80.41020202636719,-16.583934783935547
-0.0205078125,1.004638671875,-0.01220703125,-8.36181640625,-4.82177734375,0.244140625,-6.15399694442749,80.4909439086914,-16.818780899047848
-0.021484375,0.9765625,0.02587890625,-8.9111328125,-4.33349609375,3.84521484375,-6.041522979736327,80.45365905761719,-16.999441146850586
0.045654296875,0.941162109375,0.013427734375,-10.009765625,-5.06591796875,7.38525390625,-6.329438209533691,80.4247055053711,-17.19698143005371
0.156982421875,0.96484375,0.0341796875,-8.30078125,-4.82177734375,4.39453125,-6.649862766265869,80.39321899414062,-17.390417098999027
0.14306640625,0.957763671875,0.03955078125,-7.4462890625,-4.7607421875,-1.40380859375,-6.699512004852295,80.38939666748047,-17.620067596435547
0.0478515625,0.982421875,0.008544921875,-6.9580078125,-5.31005859375,-4.2724609375,-6.354428291320801,80.40111541748047,-17.90376853942871
-0.01611328125,0.98388671875,0.01708984375,-7.32421875,-4.82177734375,-0.8544921875,-6.065549850463867,80.45738220214844,-18.13803482055664
-0.001220703125,0.9931640625,0.015380859375,-8.11767578125,-4.638671875,3.60107421875,-5.99611234664917,80.47937774658203,-18.33438491821289
0.03076171875,1.02294921875,-0.00732421875,-9.70458984375,-5.43212890625,5.859375,-6.170693397521973,80.52497863769531,-18.524452209472656
0.130615234375,0.966552734375,0.0302734375,-9.70458984375,-4.39453125,5.7373046875,-6.486204147338867,80.44046020507812,-18.692455291748047
0.138671875,0.969482421875,0.0712890625,-9.765625,-5.31005859375,1.953125,-6.662518501281737,80.26929473876953,-18.91244506835937
0.08642578125,0.9716796875,0.039794921875,-7.01904296875,-5.37109375,-2.0751953125,-6.4707984924316415,80.31710815429688,-19.16825294494629
0.00732421875,0.99853515625,-0.012939453125,-6.77490234375,-5.67626953125,-0.48828125,-6.252223491668701,80.47137451171875,-19.442569732666016
0.001708984375,0.998046875,-0.0146484375,-7.9345703125,-4.5166015625,1.5869140625,-6.103123188018799,80.56977844238281,-19.65567398071289
0.00146484375,1.00927734375,-0.0048828125,-9.6435546875,-4.39453125,5.9814453125,-6.191366672515869,80.53821563720703,-19.85492706298828
-0.188232421875,1.401611328125,0.79150390625,3.11279296875,-7.14111328125,12.75634765625,-6.2482662200927725,79.89222717285156,-19.971343994140625
0.108154296875,1.036376953125,0.39111328125,6.53076171875,-3.5400390625,10.6201171875,-6.666313648223878,79.72649383544922,-19.990108489990234
0.079345703125,0.94091796875,0.127197265625,10.25390625,10.31494140625,5.06591796875,-6.776907920837402,80.22591400146484,-19.23192596435547
0.416748046875,0.828369140625,0.158935546875,-0.42724609375,15.19775390625,15.56396484375,-8.045600891113281,80.06299591064453,-18.512277603149414
0.01025390625,0.7685546875,0.149658203125,4.39453125,5.859375,10.986328125,-8.148312568664549,80.13627624511719,-18.19658088684082
0.1767578125,1.04931640625,0.132568359375,5.126953125,-10.68115234375,8.056640625,-8.820260047912598,80.79438018798828,-18.398983001708984
0.525634765625,0.98583984375,-0.109130859375,-0.6103515625,45.22705078125,-6.77490234375,-9.028529167175293,81.02755737304688,-16.713184356689453
0.00732421875,0.987060546875,0.1015625,-3.72314453125,94.482421875,-18.6767578125,-7.359670639038086,80.46656799316406,-13.082708358764648
-0.01171875,1.1650390625,-0.465087890625,-5.2490234375,98.7548828125,-26.55029296875,-5.565213680267334,80.42771911621094,-9.413830757141113
0.223876953125,1.610595703125,-0.27197265625,-29.296875,87.646484375,-40.58837890625,-3.480532169342041,79.73307800292969,-6.2940287590026855
0.05224609375,1.5947265625,-0.124755859375,-54.6875,72.509765625,-58.2275390625,-0.594849705696106,78.02619171142578,-3.92319917678833
0.284423828125,1.42333984375,0.0146484375,-70.6787109375,64.5751953125,-79.345703125,3.0130884647369385,75.52937316894531,-1.9926037788391116
0.16162109375,1.558837890625,-0.1533203125,-82.70263671875,84.89990234375,-107.2998046875,7.689871788024902,73.19026184082031,0.1926136016845703
0.114013671875,1.484375,-0.177490234375,-103.21044921875,67.19970703125,-131.28662109375,13.043810844421387,70.14499664306639,1.2615365982055664
-0.10693359375,1.2646484375,-0.046630859375,-122.98583984375,52.490234375,-155.82275390625,19.38247299194336,65.50245666503906,0.5080194473266602
-0.159912109375,1.005615234375,0.1435546875,-139.892578125,34.423828125,-178.40576171875,25.9451904296875,59.74056243896485,-1.448535442352295
-0.31103515625,0.85546875,0.27587890625,-145.3857421875,26.67236328125,-187.19482421875,32.486160278320305,52.6285629272461,-4.931633949279785
-0.29052734375,0.751708984375,0.336181640625,-144.1650390625,28.4423828125,-187.92724609375,38.43385314941406,44.60547637939453,-9.52904224395752
-0.4658203125,0.640380859375,0.377685546875,-144.34814453125,33.447265625,-181.57958984375,43.904205322265625,35.392520904541016,-15.331396102905273
-0.472900390625,0.56201171875,0.324462890625,-145.8740234375,26.0009765625,-171.630859375,48.082275390625,25.08026885986328,-22.32672119140625
-0.477783203125,0.57080078125,0.3173828125,-151.2451171875,8.6669921875,-158.75244140625,50.313453674316406,13.946667671203613,-30.037118911743164
-0.159423828125,0.711669921875,0.40576171875,-151.55029296875,1.77001953125,-133.11767578125,50.41346740722656,4.187723159790038,-36.21081924438477
-0.351318359375,0.651123046875,0.44091796875,-143.61572265625,26.91650390625,-110.65673828125,51.16125106811523,-4.352221965789795,-41.193336486816406
-0.494140625,0.560546875,0.34716796875,-138.427734375,37.59765625,-91.4306640625,52.31293487548828,-12.059477806091307,-45.18655014038086
-0.404296875,0.506591796875,0.438720703125,-137.02392578125,21.6064453125,-71.77734375,52.42588424682617,-18.60997009277344,-47.88261795043945
-0.4765625,0.57275390625,0.463623046875,-133.056640625,28.564453125,-56.7626953125,52.93916702270508,-24.28693389892578,-49.72813034057617
-0.489501953125,0.5068359375,0.484619140625,-129.638671875,32.958984375,-43.64013671875,53.73080062866211,-29.74205780029297,-51.2674674987793
-0.6083984375,0.449951171875,0.50537109375,-123.22998046875,37.53662109375,-29.4189453125,54.87271499633789,-34.41484832763672,-52.14706420898438
-0.70556640625,0.40869140625,0.502685546875,-118.7744140625,28.38134765625,-19.10400390625,55.95886993408203,-38.43342590332031,-52.31336975097656
-0.724365234375,0.2763671875,0.4814453125,-111.6943359375,17.39501953125,-7.75146484375,56.92513656616211,-41.36913299560547,-51.3961181640625
-0.7255859375,0.14599609375,0.521240234375,-97.16796875,-11.65771484375,11.90185546875,57.26403045654297,-42.07606506347656,-48.365989685058594
-0.593017578125,0.2412109375,0.54931640625,-74.5849609375,-21.8505859375,38.57421875,57.88168716430664,-39.49726104736328,-42.726470947265625
-0.524169921875,0.273681640625,0.498046875,-44.37255859375,-21.30126953125,69.9462890625,59.16767501831055,-33.75325393676758,-34.85793685913086
-0.565185546875,0.294189453125,0.38134765625,-1.0986328125,-21.728515625,111.9384765625,60.89936065673828,-23.28762435913086,-23.533954620361328
-0.598388671875,0.24853515625,0.360595703125,28.6865234375,-26.2451171875,139.5263671875,61.59319686889648,-9.310553550720217,-9.481677055358887
-0.525146484375,0.177734375,0.43701171875,59.9365234375,-18.06640625,161.0107421875,61.00049591064453,7.56908655166626,6.114060401916504
-0.627685546875,0.394287109375,0.36181640625,97.412109375,-1.0986328125,180.60302734375,58.6308822631836,25.26106834411621,21.594356536865234
-0.655029296875,0.572265625,0.31884765625,110.83984375,-7.38525390625,186.03515625,53.963584899902344,40.47440719604492,33.975231170654304
-0.509033203125,0.718994140625,0.41357421875,117.919921875,-18.98193359375,182.6171875,47.37518310546875,51.511207580566406,41.69790267944336
-0.474853515625,0.799560546875,0.43603515625,122.98583984375,-10.1318359375,167.8466796875,40.84977340698242,60.16286087036133,46.71780014038086
-0.436767578125,0.814208984375,0.4501953125,121.15478515625,-2.197265625,150.20751953125,34.834228515625,67.00979614257811,49.94541549682617
-0.322509765625,0.888671875,0.037841796875,122.13134765625,3.2958984375,135.009765625,29.90776634216309,72.50517272949219,52.02417755126953
-0.34228515625,0.872314453125,0.2021484375,124.755859375,-21.78955078125,113.1591796875,24.975740432739254,77.81346130371094,52.428627014160156
-0.295654296875,1.04150390625,0.080078125,121.76513671875,-53.16162109375,82.33642578125,21.026796340942386,82.32752990722656,50.873207092285156
-0.1552734375,1.10009765625,0.250244140625,116.2109375,-60.05859375,45.7763671875,18.47330474853516,85.7784194946289,48.37221145629883
-0.32666015625,1.072265625,0.26318359375,102.294921875,-40.4052734375,2.197265625,18.249059677124023,88.93218231201172,46.54638290405274
-0.29443359375,1.103271484375,0.2236328125,79.16259765625,-56.70166015625,-29.78515625,19.30917358398437,90.8860321044922,44.01430130004883
-0.2119140625,1.207763671875,0.148193359375,53.22265625,-68.359375,-54.50439453125,21.309457778930664,91.15766143798828,40.84543991088867
-0.140380859375,1.266357421875,0.178466796875,22.4609375,-63.1103515625,-70.3125,23.57626342773437,90.62132263183594,38.02860641479492
-0.1083984375,1.16552734375,0.249755859375,-1.708984375,-59.75341796875,-73.30322265625,25.79513931274414,88.88248443603516,35.181468963623054
-0.117919921875,1.08642578125,0.3701171875,-22.8271484375,-47.2412109375,-70.98388671875,27.744176864624023,86.24715423583984,32.65308380126953
-0.165283203125,1.022216796875,0.33642578125,-39.794921875,-24.4140625,-61.95068359375,29.400331497192386,83.35326385498047,31.014144897460934
-0.233642578125,0.9375,0.3447265625,-49.86572265625,-13.427734375,-53.28369140625,30.81196403503418,80.26545715332031,29.77277374267578
-0.29638671875,0.89501953125,0.359619140625,-55.6640625,-7.14111328125,-43.02978515625,31.758962631225586,76.95423126220703,28.8195915222168
-0.2646484375,0.833740234375,0.4658203125,-63.65966796875,0.3662109375,-27.34375,32.212574005126946,73.52012634277344,28.14517974853516
-0.35546875,0.86962890625,0.3994140625,-66.10107421875,13.85498046875,-18.49365234375,32.6182861328125,70.70077514648438,28.317119598388672
-0.404296875,0.873291015625,0.352294921875,-66.0400390625,13.24462890625,-15.2587890625,32.99216461181641,67.98985290527344,28.52460861206055
-0.4248046875,0.8447265625,0.3681640625,-63.720703125,13.24462890625,-13.85498046875,33.374011993408196,65.54279327392578,28.812114715576172
-0.45361328125,0.79248046875,0.318359375,-57.80029296875,13.427734375,-14.404296875,33.902305603027344,63.4874267578125,29.15618896484375
-0.438232421875,0.7802734375,0.30322265625,-52.24609375,8.97216796875,-12.39013671875,34.150508880615234,61.507568359375,29.30154800415039
-0.377197265625,0.735595703125,0.34814453125,-42.236328125,8.48388671875,-5.126953125,34.12175750732422,60.07991409301758,29.615421295166016
-0.365478515625,0.70361328125,0.347412109375,-34.11865234375,8.30078125,4.57763671875,33.765369415283196,59.11815643310547,30.15765380859375
-0.42041015625,0.688720703125,0.293212890625,-25.390625,4.94384765625,12.8173828125,33.24839401245117,58.5196418762207,30.750080108642575
-0.422607421875,0.60888671875,0.33056640625,-11.04736328125,2.74658203125,23.62060546875,32.42158889770508,58.5630111694336,31.50422286987305
-0.449462890625,0.607177734375,0.27099609375,0.1220703125,2.01416015625,33.447265625,31.38456153869629,59.312049865722656,32.54145050048828
-0.437744140625,0.611083984375,0.23876953125,11.16943359375,-1.89208984375,42.17529296875,29.95299530029297,60.78965377807617,33.70431900024414
-0.49755859375,0.59423828125,0.202392578125,24.90234375,-9.27734375,52.978515625,28.257192611694336,62.51935958862305,34.65755844116211
-0.4794921875,0.57763671875,0.235107421875,32.40966796875,-22.03369140625,60.546875,26.07070732116699,64.14344787597656,35.07211685180664
-0.37109375,0.57861328125,0.302001953125,46.44775390625,-31.18896484375,66.83349609375,23.06737327575684,66.02252960205078,35.06647109985352
-0.31005859375,0.66650390625,0.25341796875,65.4296875,-19.8974609375,77.45361328125,19.92596244812012,68.92240905761719,35.5836067199707
-0.3193359375,0.746337890625,0.145263671875,73.8525390625,-23.62060546875,83.06884765625,16.608816146850586,72.31417846679688,35.92439270019531
-0.2236328125,0.8330078125,0.130126953125,76.72119140625,-37.109375,85.44921875,12.732821464538574,75.60797119140625,35.40984344482422
-0.136474609375,0.883544921875,0.150634765625,81.11572265625,-33.87451171875,88.134765625,8.850348472595215,78.91763305664062,34.87750244140625
-0.211181640625,0.97119140625,0.095947265625,78.55224609375,-30.8837890625,87.2802734375,5.353134632110597,82.17440032958984,34.24944305419922
-0.033935546875,1.0341796875,0.101806640625,69.03076171875,-42.54150390625,81.48193359375,1.6820979118347168,84.17804718017578,32.867111206054695
-0.012939453125,1.0947265625,0.074951171875,60.36376953125,-36.7431640625,73.2421875,-1.380090355873108,86.64881134033203,31.6279411315918
0.015869140625,1.1552734375,0.094482421875,39.73388671875,-42.48046875,47.4853515625,-9.602983474731444,94.49054718017578,25.519683837890625
0.0341796875,1.153076171875,0.08349609375,39.12353515625,-43.212890625,43.02978515625,-10.853271484375,96.04442596435548,23.666706085205078
0.11083984375,1.107666015625,0.093017578125,34.97314453125,-42.1142578125,38.75732421875,-11.987984657287598,97.36754608154295,21.857526779174805
0.104736328125,1.105712890625,0.0751953125,29.96826171875,-32.958984375,38.75732421875,-13.07990264892578,98.43489074707031,20.396221160888672
0.109375,1.08251953125,0.08935546875,24.84130859375,-27.4658203125,38.57421875,-14.197863578796387,99.24005889892578,19.14707946777344
0.0986328125,1.080322265625,0.0595703125,17.08984375,-14.46533203125,37.17041015625,-15.218440055847168,99.61771392822266,18.428180694580078
0.055908203125,1.076416015625,0.05859375,10.8642578125,-9.521484375,32.40966796875,-15.956594467163086,99.68077850341795,17.94856834411621
2.987060546875,1.367919921875,1.158935546875,-44.12841796875,-6.9580078125,7.6904296875,-16.984838485717773,99.72762298583984,17.13663101196289
0.15087890625,0.7939453125,-0.0244140625,-0.30517578125,-31.8603515625,-0.6103515625,-16.499748229980472,99.75326538085938,15.928796768188475
0.496337890625,2.3134765625,0.516357421875,-22.4609375,-37.2314453125,-18.61572265625,-15.387377738952635,98.34489440917969,14.77787971496582
-0.711181640625,0.51806640625,0.00146484375,-14.83154296875,6.4697265625,-8.85009765625,-14.094769477844238,97.90670776367188,15.026180267333984
0.521484375,1.1533203125,0.031982421875,-15.80810546875,-20.6298828125,1.77001953125,-14.462969779968262,97.1153335571289,14.266839981079102
-0.009033203125,1.16650390625,0.01220703125,-12.39013671875,-0.244140625,4.33349609375,-14.051197052001953,96.296630859375,14.312232971191404
-0.004150390625,1.086669921875,-0.024658203125,-8.23974609375,-0.91552734375,6.2255859375,-13.67752170562744,95.39032745361328,14.385110855102539
0.174560546875,0.92919921875,0.473388671875,-8.23974609375,-1.03759765625,6.77490234375,-13.855588912963867,93.81993865966795,14.615610122680664
0.283203125,0.799560546875,0.03515625,-1.3427734375,5.06591796875,8.056640625,-14.413982391357422,93.45938873291016,14.865951538085938
0.096923828125,0.647216796875,0.31640625,-0.732421875,14.70947265625,0.30517578125,-13.784616470336914,92.78518676757812,15.589033126831055
-0.05224609375,0.84375,0.50390625,17.2119140625,-4.33349609375,11.90185546875,-13.681087493896484,92.21051025390624,15.696392059326172
0.070068359375,1.40771484375,-0.350830078125,20.01953125,0.91552734375,18.4326171875,-13.993903160095215,93.47470092773438,15.5870361328125
0.12646484375,1.16455078125,-0.475830078125,-25.2685546875,1.03759765625,12.26806640625,-14.232951164245605,93.78636169433594,15.27440071105957
0.22265625,2.144287109375,0.04248046875,-74.03564453125,16.41845703125,7.568359375,-14.23101043701172,90.4466323852539,15.981134414672852
-0.28515625,-0.124755859375,0.882568359375,-27.40478515625,32.5927734375,25.634765625,-14.618006706237793,86.79547119140625,17.873695373535156
0.137939453125,1.240234375,0.21923828125,39.0625,19.83642578125,35.33935546875,-16.527793884277347,87.29206848144531,18.975101470947266
0.35107421875,0.79443359375,-0.42138671875,0.1220703125,10.986328125,-3.41796875,-16.644603729248047,88.28382873535156,19.10828399658203
0.3017578125,1.12353515625,-0.525146484375,-19.71435546875,19.6533203125,-17.15087890625,-15.88762664794922,88.29640197753906,19.61346244812012
-0.35498046875,0.822021484375,0.240478515625,-33.50830078125,3.0517578125,-19.775390625,-14.157248497009276,86.3505859375,19.84619140625
-0.199462890625,0.879150390625,0.48681640625,2.3193359375,-5.67626953125,-4.2724609375,-13.077878952026367,85.505126953125,19.836217880249023
-0.030517578125,0.98193359375,-0.15966796875,18.49365234375,-7.32421875,6.103515625,-12.768620491027832,86.8467025756836,19.43442916870117
-0.047607421875,0.959716796875,-0.257080078125,-12.51220703125,-5.43212890625,10.1318359375,-12.913320541381836,86.9247817993164,19.113845825195312
0.001708984375,1.1064453125,-0.1337890625,-21.3623046875,-4.150390625,12.02392578125,-12.901644706726074,86.4930191040039,18.87926483154297
0.115966796875,0.903564453125,0.171142578125,-23.3154296875,-6.77490234375,18.24951171875,-13.420817375183105,85.30441284179688,18.7185001373291
0.164794921875,0.9140625,0.36083984375,-5.79833984375,-12.20703125,7.38525390625,-14.00914192199707,84.55226135253906,18.393400192260746
0.129638671875,0.953369140625,-0.076416015625,7.87353515625,-8.544921875,-6.34765625,-13.542337417602539,85.345458984375,17.926860809326172
0.069091796875,1.0869140625,-0.249755859375,-3.2958984375,-6.89697265625,-11.962890625,-12.713258743286133,85.97840881347656,17.446968078613278
0.01171875,1.160400390625,-0.152587890625,-13.48876953125,-3.47900390625,-10.498046875,-11.616363525390625,85.56290435791016,17.250808715820312
-0.09619140625,1.085693359375,0.21142578125,-15.13671875,-5.92041015625,-4.7607421875,-10.798113822937012,84.72792053222656,17.044214248657227
0.038818359375,1.117431640625,-0.089111328125,-19.10400390625,-3.173828125,14.0380859375,-10.638887405395508,84.86659240722656,16.230522155761722
0.148193359375,0.914794921875,0.233642578125,-23.13232421875,-4.8828125,15.68603515625,-11.262370109558105,83.38269805908203,16.20380973815918
0.240478515625,0.838623046875,0.2568359375,-2.99072265625,-11.71875,1.0986328125,-11.526745796203613,82.9349136352539,15.817773818969727
0.157470703125,0.885498046875,-0.03515625,3.41796875,-6.53076171875,-6.77490234375,-11.234395980834961,83.48686218261719,15.449851989746096
0.0390625,0.893310546875,-0.162109375,-4.57763671875,-6.103515625,-8.30078125,-10.47812557220459,83.97541046142578,15.046415328979492
-0.04150390625,0.96728515625,-0.00634765625,-14.892578125,-5.67626953125,-3.35693359375,-9.861217498779297,83.6661376953125,14.755374908447266
-0.081298828125,0.914306640625,0.155517578125,-14.46533203125,-5.126953125,2.9296875,-9.41561508178711,82.97215270996094,14.582130432128904
-0.074462890625,0.983154296875,0.146240234375,-7.4462890625,-4.45556640625,10.43701171875,-9.267602920532227,82.75162506103516,14.441654205322266
0.1826171875,0.944580078125,-0.036865234375,-5.859375,-5.43212890625,16.78466796875,-10.02731227874756,82.89845275878906,14.247770309448242
0.34326171875,0.98193359375,-0.09423828125,-7.01904296875,-4.33349609375,5.615234375,-10.63917350769043,83.10655975341797,14.019546508789062
0.2099609375,1.0009765625,0.0126953125,-13.0615234375,-5.0048828125,-7.568359375,-10.202993392944336,82.77198791503906,13.752927780151367
-0.080078125,0.9296875,0.1787109375,-10.1318359375,-5.615234375,-10.25390625,-9.235386848449707,82.25287628173828,13.498199462890625
0.004638671875,0.993896484375,-0.02587890625,-18.9208984375,-3.47900390625,8.7890625,-8.357154846191406,82.59349060058594,12.670307159423828
0.075927734375,0.8681640625,0.208984375,-18.85986328125,-4.69970703125,11.16943359375,-8.835142135620117,81.55017852783203,12.587839126586914
0.199462890625,1.005615234375,0.160400390625,-1.8310546875,-6.40869140625,3.2958984375,-9.089836120605467,81.47431945800781,12.356739044189453
-0.07421875,0.951416015625,0.11474609375,-10.6201171875,-4.2724609375,5.31005859375,-7.600101947784424,81.49213409423828,11.276145935058596
0.016357421875,0.980224609375,0.059814453125,-6.89697265625,-4.57763671875,12.451171875,-8.004054069519043,81.4349136352539,11.138715744018556
0.251708984375,0.9580078125,0.0185546875,-7.38525390625,-5.55419921875,9.1552734375,-8.66413688659668,81.43766021728516,10.933019638061523
0.2275390625,0.991943359375,-0.028564453125,-8.11767578125,-5.126953125,-3.23486328125,-8.738295555114746,81.53058624267578,10.651195526123047
0.035888671875,0.995361328125,0.011474609375,-10.7421875,-5.92041015625,-8.7890625,-8.061770439147951,81.3265609741211,10.332807540893556
-0.078857421875,0.9912109375,0.13916015625,-8.4228515625,-4.69970703125,-2.62451171875,-7.490995407104492,81.0298843383789,10.124658584594727
-0.046630859375,1.000244140625,0.052978515625,-2.62451171875,-5.4931640625,3.35693359375,-7.256169319152832,81.17274475097656,9.896203994750977
0.00732421875,1.006103515625,-0.1064453125,-4.08935546875,-4.8828125,7.4462890625,-7.441944599151611,81.67376708984375,9.663436889648438
0.102783203125,1.04443359375,-0.111572265625,-14.7705078125,-3.90625,7.6904296875,-7.701807498931885,81.65361022949219,9.478836059570312
0.156494140625,0.979736328125,0.14794921875,-17.39501953125,-5.615234375,5.126953125,-7.986295223236084,80.95955657958984,9.28900909423828
0.13818359375,0.931884765625,0.217041015625,-7.14111328125,-6.103515625,-0.91552734375,-7.919049263000487,80.58438873291016,9.056625366210938
0.03125,1.065185546875,-0.026123046875,0.732421875,-5.9814453125,-3.72314453125,-7.5663719177246085,81.06603240966797,8.737171173095701
0.080322265625,0.918212890625,0.136474609375,-11.29150390625,-4.69970703125,10.986328125,-7.381635665893555,80.61186981201172,7.8609619140625
0.211669921875,0.93994140625,0.077392578125,-5.06591796875,-5.31005859375,7.080078125,-7.950833797454834,80.69792175292969,7.6610755920410165
0.17431640625,0.9990234375,-0.057373046875,-3.72314453125,-5.06591796875,-4.5166015625,-7.886685371398926,81.06015014648438,7.364084243774414
0.050537109375,1.031494140625,-0.03662109375,-3.7841796875,-3.90625,9.58251953125,-6.913160800933838,81.10392761230469,6.524003028869629
0.16015625,1.043212890625,-0.084716796875,-8.30078125,-4.150390625,9.6435546875,-7.5040531158447275,81.26787567138672,6.358851432800293
0.183837890625,0.951416015625,0.061767578125,-12.51220703125,-3.662109375,-0.67138671875,-7.634666919708253,80.96949768066406,6.18559455871582
0.075439453125,0.93310546875,0.130126953125,-9.33837890625,-5.2490234375,-5.79833984375,-7.316689968109131,80.65668487548828,5.935335159301758
-0.028076171875,0.983642578125,0.09326171875,-4.82177734375,-5.43212890625,-4.21142578125,-6.8362693786621085,80.686279296875,5.666537284851074
-0.01611328125,1.015625,-0.063232421875,-2.86865234375,-5.18798828125,0.6103515625,-6.59149169921875,81.09180450439453,5.404622077941895
0.01904296875,1.039306640625,-0.109130859375,-9.09423828125,-4.7607421875,4.57763671875,-6.587860107421875,81.3224105834961,5.175992012023926
0.014404296875,0.99462890625,-0.004638671875,-15.5029296875,-4.638671875,7.62939453125,-6.73280668258667,80.96382904052734,5.00815486907959
0.119384765625,0.94091796875,0.16796875,-10.92529296875,-4.150390625,6.8359375,-7.042338848114014,80.48307800292969,4.893502235412598
0.1728515625,0.954833984375,0.12548828125,-4.21142578125,-5.18798828125,2.13623046875,-7.283185482025146,80.40343475341797,4.693661689758301
0.11474609375,1.015380859375,-0.0322265625,-2.50244140625,-5.18798828125,-2.50244140625,-7.069919109344482,80.8681411743164,4.4028358459472665
0.0185546875,0.9912109375,-0.06005859375,-9.033203125,-5.0048828125,-3.0517578125,-6.7484474182128915,81.01886749267578,4.124144554138184
