0.181640625,0.98828125,-0.10986328125,-20.01953125,2.8076171875,-4.638671875,-9.02329158782959,89.15072631835938,-121.76657104492188
0.1474609375,0.968017578125,-0.103759765625,-22.03369140625,-0.67138671875,-4.2724609375,-8.838630676269531,88.53555297851562,-121.8379135131836
0.135498046875,1.003173828125,-0.117431640625,-17.9443359375,1.03759765625,-2.99072265625,-8.673138618469237,88.12056732177734,-121.8469467163086
0.130859375,0.964599609375,-0.120849609375,-12.451171875,0.54931640625,-1.953125,-8.526196479797362,88.00012969970703,-121.885009765625
0.11083984375,1.009765625,-0.172607421875,-5.859375,1.52587890625,1.77001953125,-8.507067680358888,88.20623779296875,-121.8882827758789
0.10400390625,0.990966796875,-0.1962890625,-7.32421875,2.8076171875,6.591796875,-8.669559478759767,88.39607238769531,-121.84228515625
0.12841796875,0.976806640625,-0.162109375,-9.70458984375,2.5634765625,9.70458984375,-9.06353759765625,88.43125915527344,-121.7956771850586
0.155517578125,0.96484375,-0.1357421875,-14.2822265625,2.13623046875,7.62939453125,-9.369150161743164,88.20874786376953,-121.7586669921875
0.14013671875,0.96533203125,-0.115966796875,-16.05224609375,2.0751953125,4.94384765625,-9.520121574401855,87.8800277709961,-121.72229766845705
0.127197265625,0.952880859375,-0.113037109375,-16.66259765625,0.6103515625,5.55419921875,-9.670997619628906,87.52350616455078,-121.74211120605469
0.14501953125,0.9345703125,-0.100830078125,-15.93017578125,0.91552734375,7.99560546875,-9.955011367797852,87.20562744140625,-121.74668884277344
0.13916015625,0.9345703125,-0.08740234375,-13.24462890625,2.38037109375,8.60595703125,-10.23520278930664,86.96488952636719,-121.68743133544922
0.13427734375,0.942626953125,-0.0849609375,-9.521484375,1.5869140625,8.36181640625,-10.446160316467283,86.86785888671875,-121.65960693359376
0.13427734375,0.94921875,-0.084716796875,-6.65283203125,-3.2958984375,8.11767578125,-10.682280540466307,86.93649291992188,-121.83412170410156
0.15625,0.9609375,-0.106689453125,-6.34765625,-5.2490234375,7.14111328125,-10.921009063720703,87.0785903930664,-122.10030364990234
0.14501953125,0.978759765625,-0.12451171875,-6.28662109375,-5.31005859375,4.08935546875,-11.009736061096193,87.23077392578125,-122.37812042236328
0.11962890625,0.995849609375,-0.126708984375,-11.5966796875,-8.056640625,1.89208984375,-10.937305450439453,87.21487426757812,-122.77716064453124
0.129150390625,0.995361328125,-0.105712890625,-15.44189453125,-11.04736328125,3.11279296875,-10.943185806274414,87.02056884765625,-123.28607940673828
0.148681640625,0.964111328125,-0.09228515625,-17.9443359375,-11.1083984375,2.38037109375,-10.963794708251953,86.71739196777344,-123.79646301269531
0.129638671875,0.95947265625,-0.083740234375,-15.44189453125,-10.6201171875,-1.220703125,-10.810933113098145,86.4977035522461,-124.29209899902344
0.09521484375,0.96923828125,-0.057861328125,-13.36669921875,-10.8642578125,0.06103515625,-10.634198188781738,86.3082275390625,-124.78397369384766
0.1220703125,0.957763671875,-0.055419921875,-9.521484375,-11.41357421875,4.150390625,-10.699698448181152,86.25013732910156,-125.28201293945312
0.13232421875,0.977783203125,-0.0625,-5.55419921875,-13.0615234375,5.92041015625,-10.84929656982422,86.40557098388672,-125.85089874267578
0.136474609375,0.991943359375,-0.1015625,-6.7138671875,-13.24462890625,5.7373046875,-10.990715980529783,86.5986099243164,-126.44473266601562
0.16064453125,0.99658203125,-0.08642578125,-12.75634765625,-11.962890625,6.8359375,-11.180943489074707,86.49763488769531,-126.9771957397461
0.15576171875,0.931640625,-0.049072265625,-21.3623046875,-7.080078125,8.23974609375,-11.460078239440918,85.94078063964844,-127.29270935058594
0.177978515625,0.915771484375,-0.012451171875,-23.8037109375,-7.38525390625,6.9580078125,-11.73995590209961,85.222412109375,-127.60811614990234
0.156494140625,0.89599609375,0.025634765625,-23.01025390625,-9.46044921875,1.8310546875,-11.796815872192385,84.458740234375,-128.00341796875
0.155517578125,0.884521484375,0.03076171875,-17.2119140625,-16.2353515625,1.8310546875,-11.858582496643065,84.03128814697266,-128.68310546875
0.1708984375,0.865234375,0.04296875,-10.009765625,-20.93505859375,5.615234375,-12.137118339538574,83.91266632080078,-129.53421020507812
0.197998046875,0.867431640625,-0.012939453125,0.9765625,-20.1416015625,7.32421875,-12.532523155212402,84.38032531738281,-130.38021850585938
0.22216796875,0.87353515625,-0.05224609375,12.14599609375,-16.78466796875,8.1787109375,-12.98606777191162,85.35235595703125,-131.1119384765625
0.251220703125,0.89453125,-0.069091796875,14.0380859375,-14.6484375,6.4697265625,-13.39212417602539,86.38710021972656,-131.77157592773438
0.26025390625,0.93359375,-0.069091796875,12.3291015625,-9.033203125,0.48828125,-13.521424293518065,87.26717376708984,-132.2119140625
0.258544921875,0.924072265625,-0.072998046875,4.94384765625,-4.82177734375,-4.39453125,-13.437535285949707,87.78248596191406,-132.48063659667972
0.265625,0.926025390625,-0.041259765625,-2.38037109375,-1.89208984375,-10.80322265625,-13.110671043395994,87.88053131103516,-132.61337280273438
0.237548828125,0.940673828125,-0.029541015625,-6.8359375,-0.244140625,-15.869140625,-12.495832443237305,87.73851013183594,-132.674072265625
0.226318359375,0.9140625,-0.004638671875,-8.6669921875,-1.15966796875,-12.939453125,-12.036900520324707,87.49186706542969,-132.75994873046878
0.24853515625,0.917236328125,-0.027099609375,-5.2490234375,-1.953125,-11.65771484375,-11.698893547058105,87.45189666748047,-132.88987731933594
0.276611328125,0.953369140625,-0.094970703125,-3.662109375,-1.89208984375,-12.75634765625,-11.37248992919922,87.67298889160156,-133.05792236328122
0.275634765625,0.961181640625,-0.131591796875,-11.90185546875,4.08935546875,-13.97705078125,-10.992351531982422,87.54676818847656,-132.98703002929688
0.2822265625,0.95556640625,-0.12841796875,-17.76123046875,8.6669921875,-12.3291015625,-10.702322959899902,87.14974975585938,-132.72625732421878
0.30078125,0.928955078125,-0.0986328125,-20.8740234375,15.5029296875,-9.46044921875,-10.602999687194824,86.50797271728516,-132.17031860351562
0.359130859375,0.93408203125,-0.063232421875,-22.27783203125,19.83642578125,-6.34765625,-10.711108207702637,85.73268127441406,-131.42539978027344
0.37744140625,0.914306640625,-0.01123046875,-23.13232421875,19.47021484375,-9.521484375,-10.733088493347168,84.83599090576172,-130.69232177734378
0.361328125,0.904052734375,0.0224609375,-16.54052734375,15.13671875,-12.3291015625,-10.611190795898438,84.2007827758789,-130.14581298828122
0.36279296875,0.938232421875,-0.0009765625,-5.31005859375,11.71875,-10.25390625,-10.574078559875488,84.11425018310547,-129.74856567382812
0.362060546875,0.94677734375,-0.004150390625,5.79833984375,11.1083984375,-8.7890625,-10.591779708862305,84.48638153076172,-129.37277221679688
0.347412109375,0.952392578125,-0.016357421875,18.12744140625,10.92529296875,-8.72802734375,-10.585766792297363,85.4022216796875,-129.01083374023438
0.33056640625,1.0078125,-0.0888671875,33.14208984375,12.75634765625,-8.056640625,-10.533564567565918,86.99125671386719,-128.58203125
0.337646484375,1.034423828125,-0.1484375,34.66796875,19.287109375,-4.08935546875,-10.640729904174805,88.64816284179688,-127.88263702392578
0.347900390625,1.013671875,-0.16357421875,28.01513671875,29.96826171875,-2.8076171875,-10.834430694580078,89.87200164794922,-126.72732543945312
0.280517578125,0.946044921875,-0.090576171875,20.56884765625,41.259765625,-4.5166015625,-10.888823509216307,90.5787353515625,-125.08416748046876
0.269775390625,0.918701171875,-0.04736328125,14.5263671875,44.25048828125,-3.0517578125,-11.010869026184082,90.89266204833984,-123.29390716552734
0.276611328125,0.876708984375,-0.01416015625,7.6904296875,44.12841796875,-4.5166015625,-11.092206954956056,90.8865203857422,-121.49768829345705
0.27197265625,0.920654296875,-0.03857421875,0.244140625,43.9453125,-6.77490234375,-11.061538696289062,90.59336853027344,-119.709228515625
0.231689453125,0.94482421875,-0.02294921875,-6.77490234375,43.8232421875,-5.615234375,-10.958819389343262,89.9954833984375,-117.9235610961914
0.23193359375,0.92333984375,-0.01708984375,-7.50732421875,40.4052734375,-2.50244140625,-11.00841999053955,89.386962890625,-116.2772216796875
0.2490234375,0.92529296875,-0.0087890625,0.0,38.57421875,3.35693359375,-11.286662101745605,89.11112976074219,-114.70799255371094
0.26416015625,0.966064453125,-0.06396484375,5.7373046875,34.97314453125,2.685546875,-11.53551197052002,89.22438049316406,-113.31212615966795
0.26904296875,1.048095703125,-0.104736328125,4.0283203125,36.19384765625,0.79345703125,-11.645743370056152,89.27288055419922,-111.8708038330078
0.184814453125,1.080078125,-0.06787109375,-1.220703125,31.43310546875,9.3994140625,-11.929102897644045,89.11734771728516,-110.61455535888672
0.215087890625,1.0947265625,-0.068359375,-3.47900390625,23.98681640625,23.193359375,-12.806985855102539,88.92608642578125,-109.65320587158205
0.3056640625,1.062744140625,-0.037841796875,1.953125,17.7001953125,31.79931640625,-14.221115112304688,88.96410369873047,-108.93537139892578
0.451171875,1.1513671875,-0.137451171875,4.5166015625,14.83154296875,29.052734375,-15.652774810791016,89.26580810546875,-108.376953125
0.361083984375,1.21240234375,-0.14892578125,0.3662109375,18.98193359375,14.5263671875,-16.260408401489258,89.3509521484375,-107.66043090820312
0.22314453125,1.24560546875,-0.18359375,-9.765625,13.7939453125,5.37109375,-16.200695037841793,89.16063690185547,-107.18658447265624
0.1875,1.274169921875,-0.17578125,-22.64404296875,-1.5869140625,6.8359375,-16.16664695739746,88.61184692382812,-107.34571075439452
0.243896484375,1.176025390625,-0.10693359375,-32.28759765625,-12.0849609375,10.498046875,-16.422521591186527,87.70965576171875,-107.90887451171876
0.28076171875,1.0078125,-0.024658203125,-30.8837890625,-20.20263671875,11.53564453125,-16.891725540161133,86.87516021728516,-108.7777328491211
0.32421875,0.966552734375,-0.1279296875,-4.0283203125,-23.62060546875,1.220703125,-17.051057815551758,87.40559387207031,-109.88011932373048
0.2919921875,1.025390625,-0.271728515625,8.544921875,-8.30078125,-10.1318359375,-16.616802215576172,88.52629852294922,-110.43851470947266
0.214111328125,1.13330078125,-0.3642578125,1.708984375,15.869140625,-9.6435546875,-15.90139389038086,89.12628173828125,-109.9886474609375
0.02880859375,1.001708984375,-0.2275390625,-34.66796875,27.64892578125,6.53076171875,-15.592608451843262,87.97178649902344,-108.9910125732422
0.03369140625,0.8447265625,-0.111083984375,-55.0537109375,16.05224609375,13.0615234375,-15.564698219299315,85.96163940429688,-108.41087341308594
0.163330078125,0.805908203125,-0.0517578125,-55.419921875,5.7373046875,6.9580078125,-15.78905963897705,83.97171783447266,-108.22970581054688
0.222900390625,0.71435546875,-0.020751953125,-36.43798828125,12.02392578125,-7.38525390625,-15.506915092468262,82.6768798828125,-107.84532928466795
0.179443359375,0.70068359375,-0.006103515625,-18.98193359375,18.73779296875,-9.8876953125,-14.977274894714355,82.0253677368164,-107.20789337158205
0.176513671875,0.689453125,-0.011962890625,-5.55419921875,21.66748046875,-7.32421875,-14.533631324768065,81.9851303100586,-106.46421813964844
0.206787109375,0.7275390625,-0.068359375,1.3427734375,20.69091796875,-10.8642578125,-14.05702018737793,82.3529052734375,-105.80528259277344
0.199462890625,0.784423828125,-0.0830078125,-10.07080078125,19.8974609375,-21.17919921875,-13.134928703308105,82.30878448486328,-105.23399353027344
0.136474609375,0.7451171875,-0.020263671875,-26.42822265625,17.63916015625,-26.30615234375,-11.89090347290039,81.50350189208984,-104.75257873535156
0.145751953125,0.671142578125,-0.03564453125,-37.41455078125,8.48388671875,-15.19775390625,-11.262002944946287,80.3981704711914,-104.59649658203124
0.2158203125,0.614013671875,0.0478515625,-35.0341796875,10.92529296875,-6.04248046875,-11.267064094543455,79.10101318359375,-104.23162078857422
0.2666015625,0.60693359375,0.086669921875,-15.80810546875,16.6015625,-7.9345703125,-11.301419258117676,78.39793395996094,-103.63384246826172
0.254150390625,0.76953125,0.008544921875,10.43701171875,24.658203125,-17.9443359375,-10.69156551361084,79.05831146240234,-102.8685302734375
0.250732421875,0.8955078125,-0.068115234375,7.2021484375,28.80859375,-18.24951171875,-9.974980354309082,79.73802947998047,-101.95806884765624
0.275634765625,0.953369140625,-0.109375,-7.75146484375,30.2734375,-13.73291015625,-9.561156272888184,79.80326843261719,-100.94241333007812
0.36962890625,0.927490234375,-0.087890625,-20.44677734375,41.56494140625,-11.1083984375,-9.317209243774414,79.2894287109375,-99.45426177978516
0.39892578125,1.007568359375,-0.115966796875,-25.69580078125,51.3916015625,-16.4794921875,-8.779021263122559,78.58384704589844,-97.6327667236328
0.45068359375,1.071044921875,-0.125732421875,-37.2314453125,61.6455078125,-25.634765625,-7.790771484375,77.37104797363281,-95.49091339111328
0.335205078125,1.017822265625,0.026123046875,-42.3583984375,74.3408203125,-23.62060546875,-6.611781597137451,75.74665069580078,-92.84059143066406
0.268798828125,1.013916015625,-0.04345703125,-30.76171875,73.42529296875,-14.6484375,-5.648188591003418,74.85002899169922,-90.1974639892578
0.2958984375,1.12353515625,-0.13134765625,-32.77587890625,68.54248046875,-9.765625,-4.910160541534424,74.1129379272461,-87.72259521484375
0.368408203125,1.18505859375,-0.118896484375,-48.33984375,70.4345703125,-16.66259765625,-3.977275848388672,72.77518463134766,-85.2607421875
0.377685546875,1.07470703125,-0.004150390625,-43.9453125,75.0732421875,-17.51708984375,-3.0126018524169917,71.48910522460938,-82.6434555053711
0.28369140625,0.9970703125,-0.04443359375,-28.1982421875,90.02685546875,-5.615234375,-1.9646825790405276,71.12731170654297,-79.34397888183594
0.160888671875,1.00439453125,-0.297119140625,-33.447265625,81.4208984375,-3.47900390625,-1.0717157125473022,71.0020751953125,-76.34777069091797
0.298095703125,1.02197265625,-0.22509765625,-49.8046875,91.1865234375,-10.43701171875,-0.0676942840218544,70.1097412109375,-73.05792236328125
0.258544921875,0.90234375,-0.10986328125,-30.3955078125,102.783203125,-20.20263671875,1.4860934019088743,69.886962890625,-69.46342468261719
0.1826171875,0.925537109375,-0.13232421875,14.34326171875,112.60986328125,-26.18408203125,3.449601650238037,71.67449188232422,-65.52462768554689
0.0869140625,0.97509765625,-0.25146484375,11.65771484375,114.1357421875,-23.98681640625,5.392415046691895,73.67488098144531,-61.36597061157226
0.009521484375,0.978271484375,-0.251708984375,-20.99609375,103.45458984375,-26.2451171875,7.300450325012207,74.33367156982422,-57.54716110229492
0.11083984375,0.936767578125,-0.1552734375,-38.26904296875,79.77294921875,-44.98291015625,9.359015464782717,74.1393814086914,-54.80500030517578
0.12451171875,0.9404296875,-0.142578125,-38.2080078125,82.6416015625,-49.13330078125,11.510597229003904,74.0383071899414,-51.95581817626953
-0.007080078125,0.94140625,-0.044677734375,-28.6865234375,88.43994140625,-43.3349609375,13.793119430541992,74.17813873291016,-48.82058715820313
-0.095703125,0.822509765625,0.0361328125,7.38525390625,74.462890625,-21.8505859375,15.123814582824707,75.6799545288086,-45.95728302001953
-0.059814453125,0.888916015625,-0.0771484375,32.28759765625,66.40625,12.5732421875,14.799129486083984,78.4546127319336,-42.97020721435547
0.07568359375,0.977294921875,-0.185546875,24.2919921875,57.4951171875,32.8369140625,13.150367736816404,80.8729248046875,-40.201332092285156
0.13818359375,0.892822265625,-0.09619140625,5.06591796875,58.10546875,24.71923828125,11.674149513244627,82.20732879638672,-37.57246398925781
0.090576171875,0.871826171875,-0.069091796875,3.41796875,54.0771484375,13.12255859375,10.741013526916504,83.26156616210938,-35.225181579589844
0.085205078125,0.896240234375,-0.11279296875,-5.126953125,51.8798828125,12.20703125,9.826759338378906,84.03022003173828,-32.96722412109375
0.10986328125,0.8564453125,-0.00537109375,-28.86962890625,45.8984375,16.357421875,8.703372001647951,83.42459869384766,-31.000904083251953
0.043701171875,0.758056640625,0.205078125,-16.7236328125,34.7900390625,14.83154296875,7.814684867858888,82.61078643798828,-29.58318328857422
0.051025390625,0.891845703125,0.093017578125,27.28271484375,20.56884765625,21.484375,6.68058967590332,84.09807586669922,-28.62723159790039
0.046142578125,1.22509765625,-0.1943359375,39.4287109375,22.15576171875,37.04833984375,4.937830924987793,86.35095977783203,-27.559118270874023
-0.091552734375,1.0615234375,-0.181640625,22.5830078125,25.20751953125,39.85595703125,3.3991947174072266,87.8455581665039,-26.42972755432129
-0.02099609375,0.95361328125,-0.22509765625,20.93505859375,28.076171875,37.7197265625,1.854780316352844,89.50059509277344,-25.23132133483887
-0.006591796875,1.0390625,-0.39697265625,-14.83154296875,39.97802734375,23.86474609375,0.8527767658233643,89.76483917236328,-23.602375030517575
-0.11669921875,0.876708984375,-0.212158203125,-35.21728515625,40.771484375,0.3662109375,1.1107640266418457,88.91114807128906,-21.966323852539066
-0.228271484375,0.857421875,-0.130615234375,-3.0517578125,33.5693359375,-4.94384765625,1.8465818166732788,89.26250457763672,-20.617412567138672
-0.136962890625,0.985107421875,-0.417724609375,31.31103515625,33.5693359375,22.8271484375,1.1452759504318235,91.44723510742188,-19.250816345214844
0.02978515625,1.05029296875,-0.51953125,20.93505859375,41.44287109375,29.541015625,-0.20370933413505554,93.24362182617188,-17.629703521728516
0.158935546875,1.081787109375,-0.479736328125,2.0751953125,60.302734375,6.77490234375,-0.919251024723053,94.04730987548828,-15.245182991027832
-0.018310546875,1.0595703125,-0.430419921875,-15.44189453125,89.53857421875,-42.48046875,0.574779212474823,94.11155700683594,-11.559917449951172
-0.23095703125,1.01416015625,-0.37060546875,-26.18408203125,93.20068359375,-59.326171875,3.1193225383758545,93.78954315185548,-7.667378902435303
-0.290283203125,0.9970703125,-0.305908203125,-28.076171875,93.017578125,-51.025390625,5.477978229522705,93.48797607421876,-3.7844181060791016
-0.199462890625,1.111572265625,-0.28759765625,7.32421875,83.1298828125,-30.45654296875,6.6213579177856445,94.56035614013672,-0.31966686248779297
-0.2880859375,1.445068359375,-0.433349609375,-6.04248046875,89.41650390625,-20.6298828125,7.295016765594482,95.22332763671876,3.39544677734375
-0.2099609375,1.248779296875,-0.2890625,-40.95458984375,88.80615234375,-17.63916015625,7.7866291999816895,94.28842163085938,7.053046226501465
-0.24609375,1.035888671875,-0.0830078125,-23.25439453125,85.9375,-2.197265625,7.838591575622559,93.82698822021484,10.516691207885742
-0.134521484375,1.067626953125,-0.0849609375,-7.080078125,75.0732421875,-1.77001953125,7.667428016662598,93.96710205078124,13.546066284179688
0.015380859375,1.2109375,-0.193115234375,-13.48876953125,71.4111328125,-15.07568359375,7.753250122070312,93.94561767578124,16.482446670532227
-0.138916015625,1.024169921875,-0.041748046875,-32.16552734375,64.14794921875,-31.43310546875,8.838452339172363,92.96475982666016,19.139781951904297
-0.086181640625,1.068115234375,-0.105224609375,-28.62548828125,66.2841796875,-25.81787109375,9.56539821624756,92.34969329833984,21.889625549316406
-0.010498046875,1.05322265625,-0.111083984375,-42.29736328125,65.3076171875,-22.705078125,10.020674705505373,91.25414276123048,24.59838485717773
-0.103515625,0.912353515625,0.217041015625,-32.40966796875,68.115234375,-27.4658203125,10.942220687866213,89.86750793457031,27.280845642089844
-0.197021484375,0.98388671875,0.144287109375,1.03759765625,58.04443359375,-20.01953125,11.747847557067873,90.0348129272461,29.58588790893555
-0.217529296875,1.12060546875,0.031494140625,11.71875,44.73876953125,-12.451171875,12.214451789855955,90.74578857421876,31.391979217529297
-0.195556640625,1.034423828125,0.076416015625,22.5830078125,36.68212890625,-6.28662109375,12.36758804321289,91.7562026977539,32.85390472412109
-0.111572265625,1.215576171875,0.04296875,18.24951171875,41.07666015625,-4.0283203125,12.176849365234375,92.6766128540039,34.50326919555664
-0.04150390625,0.9541015625,-0.0234375,-1.28173828125,45.41015625,-10.43701171875,12.120001792907715,92.90847778320312,36.357688903808594
-0.114013671875,0.938720703125,0.047119140625,0.18310546875,44.3115234375,-34.66796875,13.195998191833494,93.08129119873048,38.198486328125
-0.143310546875,1.17333984375,-0.00537109375,-0.1220703125,33.203125,-59.4482421875,15.23474407196045,93.31646728515624,39.68191909790039
-0.32275390625,1.051513671875,-0.002197265625,-20.99609375,27.099609375,-65.36865234375,17.943740844726562,92.6622085571289,40.91449737548828
-0.31005859375,0.901123046875,0.0546875,-17.08984375,13.36669921875,-32.53173828125,19.256969451904297,91.91687774658205,41.45734405517578
-0.1513671875,0.932861328125,-0.07080078125,-19.4091796875,23.5595703125,-5.0048828125,19.02504539489746,91.5560531616211,42.49243927001953
-0.1005859375,0.87158203125,-0.070556640625,-27.587890625,29.6630859375,0.9765625,18.615798950195312,90.8595733642578,43.74846649169922
-0.702392578125,2.066162109375,0.939453125,-16.4794921875,25.93994140625,-2.9296875,18.730607986450195,89.55355072021484,44.52484893798828
-0.507080078125,1.117919921875,-0.04931640625,-17.63916015625,-1.46484375,63.65966796875,16.415502548217773,88.93659210205078,44.51839065551758
-0.162841796875,0.94189453125,0.198486328125,-23.74267578125,-6.04248046875,55.2978515625,13.789820671081545,87.48748016357422,44.209571838378906
-0.075439453125,0.870361328125,0.265869140625,-22.88818359375,-18.98193359375,35.09521484375,12.007641792297365,85.81941223144531,43.37395095825195
-0.103271484375,0.939208984375,0.187744140625,3.173828125,-24.59716796875,26.4892578125,10.65369701385498,85.46333312988281,42.38990783691406
-0.16748046875,0.98291015625,0.0830078125,4.5166015625,-36.62109375,41.19873046875,8.92615795135498,85.4331283569336,41.03831100463867
-0.104736328125,0.90380859375,0.060302734375,-13.00048828125,-43.27392578125,80.62744140625,5.488408088684082,84.74382019042969,39.57058334350586
0.07080078125,0.993408203125,-0.006591796875,-11.474609375,-31.25,92.46826171875,1.32884418964386,84.43977355957031,38.683197021484375
0.140869140625,1.061279296875,-0.047607421875,-18.49365234375,-10.80322265625,89.53857421875,-2.62994384765625,83.86046600341797,38.613040924072266
0.080078125,0.880615234375,0.157470703125,-20.93505859375,13.12255859375,65.91796875,-5.279774188995361,82.7918472290039,39.443172454833984
0.199462890625,0.83740234375,0.242431640625,41.259765625,11.04736328125,42.66357421875,-7.223735332489014,84.00941467285156,40.10762405395508
0.052490234375,1.0771484375,0.009765625,46.142578125,9.765625,19.6533203125,-7.712483882904053,86.09840393066406,40.53130340576172
0.166748046875,1.033447265625,-0.1015625,22.88818359375,0.91552734375,13.0615234375,-8.288751602172853,87.36534881591797,40.54743576049805
0.610595703125,1.017333984375,-0.19873046875,-11.41357421875,41.56494140625,3.23486328125,-9.20954704284668,87.1075439453125,42.17257308959961
0.141357421875,0.879150390625,0.064453125,-8.60595703125,52.3681640625,1.953125,-9.00039291381836,86.36629486083984,44.30310821533203
-0.060791015625,0.80859375,0.186767578125,-6.16455078125,69.091796875,-1.03759765625,-8.253379821777344,85.31189727783203,47.14301300048828
-0.022705078125,1.093017578125,0.030029296875,-0.8544921875,42.96875,-0.91552734375,-7.706296443939209,85.14730834960938,48.85243606567383
-0.01220703125,0.940673828125,0.360595703125,-7.38525390625,6.591796875,-6.34765625,-7.272575378417969,85.15442657470703,49.05121612548828
0.09716796875,0.985595703125,0.067626953125,-7.99560546875,-2.62451171875,1.15966796875,-7.260733604431152,84.86882781982422,48.946571350097656
0.052734375,0.988037109375,0.051025390625,-8.4228515625,-3.47900390625,2.0751953125,-7.187737464904785,84.62033081054688,48.80420303344727
0.060302734375,0.98681640625,0.02978515625,-9.033203125,-5.0048828125,1.89208984375,-7.1583595275878915,84.39967346191406,48.595069885253906
0.06982421875,0.992919921875,0.042236328125,-8.60595703125,-4.150390625,1.8310546875,-7.121849060058594,84.18647766113281,48.42106628417969
0.053466796875,0.998046875,0.03271484375,-7.9345703125,-4.33349609375,2.01416015625,-7.057746410369872,84.03173065185547,48.23686981201172
0.07080078125,0.9912109375,0.031982421875,-8.72802734375,-4.8828125,2.685546875,-7.0535030364990225,83.85199737548828,48.03342056274414
0.07470703125,1.001953125,0.02978515625,-8.30078125,-4.69970703125,2.0751953125,-7.044543743133545,83.70428466796875,47.83332061767578
0.065185546875,0.986083984375,0.041015625,-8.30078125,-5.0048828125,2.01416015625,-7.0160179138183585,83.53689575195312,47.62353134155274
0.065185546875,0.975830078125,0.025146484375,-8.544921875,-4.5166015625,1.89208984375,-6.967877388000487,83.34526062011719,47.43453979492188
0.0732421875,0.976318359375,0.02880859375,-8.97216796875,-5.31005859375,1.52587890625,-6.946149826049805,83.1942138671875,47.20619201660156
0.070068359375,0.9755859375,0.02587890625,-8.7890625,-5.0048828125,1.89208984375,-6.931804656982423,83.06155395507812,46.9904899597168
0.07177734375,0.999267578125,0.0224609375,-8.48388671875,-5.126953125,1.89208984375,-6.886815071105957,82.94217681884766,46.76997756958008
0.0615234375,0.99755859375,0.031494140625,-9.09423828125,-4.82177734375,2.38037109375,-6.871175289154053,82.79456329345703,46.56470108032226
0.05810546875,0.99267578125,0.040283203125,-8.4228515625,-4.638671875,1.64794921875,-6.819432735443115,82.65857696533203,46.365211486816406
0.068115234375,0.98486328125,0.02880859375,-8.4228515625,-4.57763671875,1.8310546875,-6.782808780670166,82.55046844482422,46.1661376953125
0.062255859375,0.976806640625,0.023681640625,-8.60595703125,-5.0048828125,1.64794921875,-6.7494263648986825,82.45543670654297,45.94723129272461
0.053955078125,0.981689453125,0.02734375,-8.36181640625,-4.57763671875,1.64794921875,-6.6955928802490225,82.36367797851562,45.74612045288086
0.05908203125,0.985595703125,0.04296875,-8.9111328125,-4.7607421875,2.0751953125,-6.6619224548339835,82.2230224609375,45.54351425170898
0.061767578125,0.996826171875,0.0361328125,-8.9111328125,-4.5166015625,1.89208984375,-6.637295722961426,82.09860229492188,45.34811019897461
0.064453125,0.980224609375,0.0400390625,-9.33837890625,-4.57763671875,1.8310546875,-6.620427131652832,81.95175170898438,45.15095138549805
0.069091796875,0.995361328125,0.03125,-8.23974609375,-4.7607421875,2.197265625,-6.605224609375,81.8691635131836,44.94648361206055
0.064453125,0.988037109375,0.038330078125,-8.11767578125,-4.5166015625,2.0751953125,-6.598495006561278,81.78433990478516,44.752052307128906
0.07177734375,0.992431640625,0.02685546875,-8.48388671875,-4.7607421875,1.77001953125,-6.598006725311278,81.71609497070312,44.54296112060547
0.056640625,0.998779296875,0.032958984375,-7.99560546875,-4.57763671875,2.13623046875,-6.5915727615356445,81.6404800415039,44.346275329589844
0.0498046875,0.98828125,0.028076171875,-9.1552734375,-4.7607421875,2.01416015625,-6.551973819732666,81.54812622070312,44.138328552246094
0.0576171875,1.002685546875,0.037841796875,-8.23974609375,-4.69970703125,1.64794921875,-6.515077590942383,81.47459411621094,43.93313980102539
0.068359375,0.984130859375,0.033935546875,-8.544921875,-4.82177734375,2.50244140625,-6.516465187072754,81.35372161865234,43.732383728027344
0.064697265625,0.98291015625,0.0341796875,-7.6904296875,-4.57763671875,1.8310546875,-6.50710391998291,81.31563568115234,43.53206634521485
0.04833984375,0.973876953125,0.039794921875,-8.4228515625,-4.45556640625,1.953125,-6.465649604797362,81.23545837402344,43.33868789672852
0.066162109375,0.986328125,0.049560546875,-8.48388671875,-4.638671875,2.13623046875,-6.44965934753418,81.12993621826172,43.142173767089844
0.05029296875,0.988525390625,0.03125,-8.4228515625,-5.18798828125,1.52587890625,-6.401735782623291,81.08148193359375,42.91447448730469
0.052001953125,0.9775390625,0.040771484375,-8.60595703125,-4.57763671875,2.50244140625,-6.395625114440918,81.00113677978516,42.71973037719727
0.0673828125,0.984619140625,0.031982421875,-8.97216796875,-4.638671875,2.01416015625,-6.377717018127441,80.90325927734375,42.52016067504883
0.07080078125,0.9951171875,0.0263671875,-9.1552734375,-5.18798828125,2.01416015625,-6.398745536804199,80.84520721435547,42.29415893554688
0.069091796875,0.99658203125,0.03076171875,-8.7890625,-4.8828125,1.89208984375,-6.408186912536621,80.79299926757812,42.08035278320313
0.0673828125,1.003662109375,0.022705078125,-8.60595703125,-4.7607421875,2.13623046875,-6.415595054626465,80.72049713134766,41.87596893310547
0.0439453125,0.971923828125,0.033203125,-8.30078125,-4.8828125,1.953125,-6.372612953186035,80.68558502197266,41.66273880004883
0.0576171875,0.990478515625,0.031982421875,-7.75146484375,-4.7607421875,2.44140625,-6.379189491271973,80.6771011352539,41.45726776123047
0.0673828125,0.988525390625,0.032470703125,-8.544921875,-4.7607421875,1.953125,-6.3754639625549325,80.6235122680664,41.25022888183594
0.060791015625,0.985595703125,0.040771484375,-7.8125,-4.638671875,1.953125,-6.369790077209473,80.59418487548828,41.04865646362305
0.069580078125,0.996826171875,0.03173828125,-7.8125,-4.57763671875,2.197265625,-6.392307758331299,80.5870361328125,40.84870147705078
0.064453125,0.994873046875,0.02685546875,-8.1787109375,-4.57763671875,1.953125,-6.3828678131103525,80.55625915527344,40.64802169799805
0.0654296875,0.995361328125,0.036376953125,-8.97216796875,-4.94384765625,2.13623046875,-6.395686626434326,80.49534606933594,40.43411636352539
0.0625,0.984375,0.03564453125,-8.4228515625,-5.0048828125,1.953125,-6.396322727203369,80.46005249023438,40.21626663208008
0.064697265625,0.991455078125,0.025634765625,-8.544921875,-5.126953125,2.13623046875,-6.395533561706543,80.43958282470703,39.992637634277344
0.0546875,0.9814453125,0.0380859375,-8.9111328125,-4.69970703125,2.0751953125,-6.381600379943848,80.37974548339844,39.78815460205078
0.065673828125,1.004638671875,0.03662109375,-8.85009765625,-4.69970703125,2.13623046875,-6.392657279968263,80.32988739013672,39.58348846435547
0.05908203125,0.976318359375,0.0390625,-8.11767578125,-4.5166015625,2.50244140625,-6.3793768882751465,80.30116271972656,39.38923645019531
0.0634765625,0.987548828125,0.04150390625,-8.11767578125,-5.0048828125,1.89208984375,-6.3805298805236825,80.27250671386719,39.172061920166016
0.056396484375,0.9775390625,0.03173828125,-8.056640625,-4.638671875,1.77001953125,-6.35997200012207,80.26764678955078,38.96606063842773
0.04736328125,0.990966796875,0.0361328125,-8.48388671875,-4.82177734375,2.38037109375,-6.375131607055664,80.22346496582031,38.75952911376953
0.05029296875,0.984375,0.03515625,-9.033203125,-5.06591796875,2.25830078125,-6.362034797668457,80.1757583618164,38.54049682617188
0.060302734375,0.981689453125,0.032958984375,-8.4228515625,-4.638671875,2.197265625,-6.367760181427003,80.15715789794922,38.33753204345703
0.072265625,0.991455078125,0.050048828125,-8.4228515625,-5.0048828125,2.50244140625,-6.3706955909729,80.13470458984375,38.12262725830078
0.06884765625,0.994873046875,0.017822265625,-7.9345703125,-4.5166015625,2.13623046875,-6.3910889625549325,80.17206573486328,37.92007064819336
0.062744140625,0.974853515625,0.05517578125,-8.23974609375,-5.18798828125,1.77001953125,-6.3884034156799325,80.11151885986328,37.6981086730957
0.05615234375,0.978271484375,0.02783203125,-8.544921875,-4.7607421875,2.01416015625,-6.433732032775879,80.07630920410156,37.49060440063477
0.062744140625,0.98193359375,0.038818359375,-8.60595703125,-5.18798828125,2.13623046875,-6.443663120269775,80.04351043701172,37.26632308959961
0.062744140625,0.978515625,0.038818359375,-8.23974609375,-4.57763671875,2.0751953125,-6.447276592254639,80.02367401123047,37.06574630737305
0.059326171875,0.99755859375,0.035888671875,-8.85009765625,-5.55419921875,2.685546875,-6.4603352546691895,79.9985122680664,36.82884216308594
0.05419921875,0.989013671875,0.0322265625,-8.7890625,-5.2490234375,2.25830078125,-6.454435348510742,79.97763061523438,36.60077667236328
0.0693359375,0.984619140625,0.02783203125,-8.48388671875,-4.8828125,1.953125,-6.46976900100708,79.97782897949219,36.38417434692383
0.05810546875,0.986572265625,0.0302734375,-8.36181640625,-4.94384765625,2.38037109375,-6.48732328414917,79.9522476196289,36.171424865722656
0.0712890625,0.9814453125,0.03076171875,-8.4228515625,-5.0048828125,2.0751953125,-6.511969566345215,79.94947814941406,35.95136642456055
0.067626953125,0.98681640625,0.041259765625,-8.23974609375,-4.638671875,1.8310546875,-6.513909339904785,79.92911529541016,35.74665451049805
0.057861328125,0.989013671875,0.025146484375,-8.056640625,-4.57763671875,1.77001953125,-6.485090255737305,79.92891693115234,35.542396545410156
0.05029296875,0.992431640625,0.032958984375,-8.23974609375,-4.82177734375,2.01416015625,-6.456596374511719,79.92972564697266,35.32941055297852
0.055419921875,0.985107421875,0.041259765625,-8.4228515625,-4.8828125,2.0751953125,-6.444355487823486,79.90357208251953,35.11686325073242
0.065185546875,0.99951171875,0.033447265625,-8.11767578125,-4.57763671875,2.01416015625,-6.4399166107177725,79.90789794921875,34.91394424438477
0.05322265625,0.982421875,0.025634765625,-8.1787109375,-4.5166015625,1.52587890625,-6.400164604187013,79.9268569946289,34.70812225341797
0.063720703125,0.99169921875,0.028076171875,-8.056640625,-4.8828125,1.953125,-6.403872489929199,79.9459457397461,34.491683959960945
