-0.057861328125,0.912353515625,0.207763671875,21.42333984375,-4.82177734375,-25.81787109375,-4.696378707885742,70.50059509277344,19.315258026123047
-0.038330078125,1.039306640625,0.15380859375,32.40966796875,1.46484375,-11.3525390625,-3.9821083545684814,72.22663116455078,19.195098876953125
0.0712890625,1.150390625,0.08056640625,27.03857421875,10.55908203125,5.615234375,-4.060318470001222,73.80205535888672,19.628751754760746
0.078857421875,1.26708984375,-0.044677734375,15.19775390625,19.47021484375,16.845703125,-4.452144145965576,74.82247924804688,20.555870056152344
0.09521484375,1.22607421875,-0.059326171875,-9.1552734375,17.08984375,8.72802734375,-4.620616912841797,75.08438873291016,21.25486183166504
0.092041015625,1.076904296875,-0.015380859375,-21.6064453125,11.53564453125,1.3427734375,-4.570821285247803,74.78748321533203,21.66732406616211
0.1416015625,0.88232421875,0.038818359375,-19.95849609375,11.474609375,-6.8359375,-4.270269870758057,74.562255859375,22.033185958862305
0.078125,0.8310546875,0.04638671875,-1.64794921875,15.07568359375,-18.24951171875,-3.4577596187591557,74.93719482421875,22.39171028137207
-0.006103515625,0.910400390625,-0.000244140625,11.16943359375,8.97216796875,-30.45654296875,-2.044310569763184,75.96084594726562,22.402944564819336
-0.047607421875,0.92138671875,-0.007080078125,14.7705078125,-0.91552734375,-39.61181640625,-0.29209715127944946,77.15069580078125,21.878664016723636
-0.112060546875,0.90576171875,0.007080078125,13.427734375,-12.8173828125,-40.0390625,1.4510066509246826,78.15028381347656,21.039386749267575
-0.1318359375,0.904296875,0.019287109375,10.498046875,-20.32470703125,-30.029296875,2.738276958465576,78.93377685546875,20.017974853515625
-0.1162109375,0.897705078125,0.043701171875,5.615234375,-24.10888671875,-14.34326171875,3.0572502613067627,79.31491088867188,18.957597732543945
-0.094970703125,0.927978515625,0.049072265625,-2.62451171875,-28.86962890625,7.080078125,2.682089805603028,79.44329071044922,17.887001037597656
-0.054443359375,0.98046875,0.052978515625,-9.27734375,-32.71484375,20.1416015625,1.6762155294418335,79.30955505371094,16.758283615112305
0.0322265625,0.955810546875,0.111328125,-16.6015625,-34.1796875,30.45654296875,-0.03683984652161598,78.6907958984375,15.695262908935547
0.10791015625,0.98974609375,0.1318359375,-18.00537109375,-26.42822265625,42.1142578125,-2.1332664489746094,78.1162338256836,14.994121551513672
0.1474609375,1.052001953125,0.13427734375,-20.44677734375,-16.29638671875,48.2177734375,-4.377364158630371,77.47875213623047,14.753427505493164
0.116455078125,1.055419921875,0.121826171875,-24.96337890625,-5.7373046875,45.166015625,-6.078089714050293,76.66249084472656,14.916690826416016
0.072509765625,1.0087890625,0.123779296875,-23.5595703125,-6.9580078125,24.5361328125,-7.0152106285095215,75.96304321289062,14.84882354736328
0.0869140625,0.961669921875,0.147216796875,-12.87841796875,-11.90185546875,5.9814453125,-7.2855286598205575,75.69647216796875,14.41681671142578
0.118408203125,0.974609375,0.139892578125,-1.3427734375,-7.75146484375,-5.67626953125,-7.024231433868407,76.02174377441406,14.199462890625
0.043701171875,1.00146484375,0.143798828125,7.9345703125,7.87353515625,-7.99560546875,-6.4607014656066895,76.52840423583984,14.405982971191404
-0.037353515625,1.0166015625,0.12060546875,10.55908203125,10.92529296875,-3.72314453125,-5.8808937072753915,77.16041564941406,14.772941589355467
0.087646484375,1.07958984375,0.050048828125,3.11279296875,-13.427734375,-6.16455078125,-4.21876859664917,79.82554626464844,12.873495101928713
0.063232421875,1.0224609375,0.061767578125,-5.2490234375,-4.5166015625,-1.89208984375,-4.148782253265382,79.8814697265625,12.663274765014648
0.031494140625,0.976806640625,0.049560546875,-6.53076171875,-0.8544921875,-1.220703125,-4.015974998474121,79.8949203491211,12.601062774658205
-0.017578125,0.9482421875,0.04052734375,-7.99560546875,-4.2724609375,-4.57763671875,-3.6417078971862793,79.90186309814453,12.243988037109375
-0.02587890625,0.897705078125,0.064697265625,-6.8359375,-14.95361328125,-10.25390625,-3.132164478302002,79.89051055908203,11.56808853149414
0.002685546875,0.87890625,0.0595703125,-4.0283203125,-16.11328125,-6.2255859375,-2.8805689811706543,79.99794006347656,10.876436233520508
-0.00537109375,0.921630859375,0.0517578125,-3.0517578125,-12.51220703125,1.5869140625,-3.029288053512573,80.1008071899414,10.404916763305664
-0.023193359375,0.93115234375,0.072265625,-9.27734375,-11.23046875,13.5498046875,-3.46113920211792,79.95201873779297,10.042196273803713
0.017822265625,0.917724609375,0.058837890625,-14.7705078125,-11.16943359375,21.484375,-4.288988590240479,79.6199722290039,9.736074447631836
0.0693359375,0.8984375,0.10498046875,-17.2119140625,-9.21630859375,26.0009765625,-5.364161968231201,79.03925323486328,9.589387893676758
0.10107421875,0.878662109375,0.121826171875,-22.88818359375,0.1220703125,28.1982421875,-6.5104570388793945,78.20726776123047,9.804637908935547
0.090576171875,0.85693359375,0.1669921875,-28.25927734375,12.75634765625,30.6396484375,-7.572309017181396,76.99877166748047,10.56611442565918
-0.064453125,0.80029296875,0.2568359375,-32.28759765625,22.52197265625,32.28759765625,-8.127957344055176,75.30925750732422,11.836708068847654
-0.186767578125,0.7294921875,0.32568359375,-22.88818359375,20.263671875,33.50830078125,-8.382781028747559,73.85223388671875,13.023263931274414
-0.201904296875,0.759033203125,0.362060546875,-0.79345703125,5.4931640625,29.541015625,-8.608537673950195,73.36192321777344,13.619041442871096
-0.0654296875,0.957763671875,0.321044921875,22.0947265625,-7.8125,23.681640625,-9.16331672668457,74.36824035644531,13.490201950073242
0.0859375,1.175537109375,0.2421875,35.58349609375,-9.58251953125,36.4990234375,-10.465612411499023,75.9345474243164,13.467697143554688
0.201416015625,1.392333984375,0.1474609375,27.2216796875,2.3193359375,56.396484375,-12.543279647827148,77.20304870605469,14.031827926635742
0.193115234375,1.431396484375,0.09130859375,2.25830078125,11.16943359375,59.4482421875,-14.411893844604492,77.06804656982422,14.922706604003904
0.149169921875,1.162109375,0.163818359375,-26.7333984375,10.1318359375,38.818359375,-15.541277885437012,75.98239135742188,15.650436401367188
0.1123046875,0.92138671875,0.25146484375,-28.25927734375,10.43701171875,27.2216796875,-16.13589859008789,74.59420776367188,16.366796493530273
0.09130859375,0.830322265625,0.25927734375,-17.27294921875,15.44189453125,18.85986328125,-16.162744522094727,73.73316192626953,17.27499008178711
0.05322265625,0.846923828125,0.2646484375,-4.7607421875,21.484375,5.126953125,-15.614665985107422,73.23188781738281,18.20558738708496
0.027587890625,0.8486328125,0.251708984375,1.220703125,20.751953125,-2.99072265625,-14.717488288879395,73.06969451904297,18.992982864379886
0.0419921875,0.943359375,0.21630859375,7.568359375,19.53125,-4.2724609375,-13.802531242370605,73.40582275390625,19.709941864013672
0.05029296875,1.011962890625,0.165771484375,11.04736328125,18.4326171875,-10.1318359375,-12.778841972351074,73.98805236816406,20.255611419677734
0.056884765625,1.041015625,0.136962890625,13.3056640625,11.8408203125,-15.44189453125,-11.680511474609375,74.78630065917969,20.482887268066406
0.117431640625,1.14013671875,0.08740234375,15.869140625,6.2255859375,-18.5546875,-10.678242683410645,75.79319763183594,20.40121841430664
0.14013671875,1.178466796875,0.0556640625,9.1552734375,4.7607421875,-19.59228515625,-9.725689888000488,76.602783203125,20.31989860534668
0.09375,1.1708984375,0.03955078125,-1.40380859375,4.33349609375,-20.01953125,-8.710847854614258,76.99132537841797,20.233278274536133
0.05859375,1.10107421875,0.056396484375,-10.31494140625,2.9296875,-17.76123046875,-7.801249980926514,76.88002014160156,20.11748695373535
0.039306640625,1.03369140625,0.090576171875,-16.78466796875,0.1220703125,-15.5029296875,-6.976938724517822,76.53636932373047,19.93696403503418
0.035888671875,1.01611328125,0.084228515625,-16.11328125,-3.2958984375,-16.05224609375,-6.190488815307617,76.25753021240234,19.616195678710934
0.015869140625,1.016845703125,0.103759765625,-13.36669921875,-4.8828125,-16.4794921875,-5.401857852935791,76.0641098022461,19.162761688232425
0.011962890625,1.030517578125,0.092529296875,-9.21630859375,-12.26806640625,-17.9443359375,-4.636794567108153,76.08830261230469,18.48086166381836
0.014404296875,1.05810546875,0.1025390625,-5.4931640625,-19.22607421875,-19.22607421875,-3.920651197433472,76.25675964355469,17.523462295532227
0.0712890625,1.089599609375,0.0859375,0.48828125,-25.57373046875,-20.3857421875,-3.3751378059387207,76.7292709350586,16.285028457641598
0.095703125,1.09326171875,0.066650390625,5.67626953125,-26.79443359375,-19.53125,-2.9168779850006104,77.39511108398438,15.0433349609375
0.054931640625,1.11474609375,0.06298828125,5.18798828125,-27.099609375,-12.39013671875,-2.657410144805908,78.0157241821289,13.859977722167967
0.01953125,1.115966796875,0.065673828125,0.1220703125,-27.89306640625,-4.69970703125,-2.745086193084717,78.31443786621094,12.688501358032227
0.061767578125,1.091796875,0.06640625,-9.21630859375,-32.04345703125,5.0048828125,-3.2150723934173584,78.31987762451172,11.455877304077148
0.134033203125,1.072509765625,0.055908203125,-15.5029296875,-31.494140625,9.46044921875,-3.9925191402435294,78.10108947753906,10.278024673461914
0.239990234375,1.05859375,0.02587890625,-20.01953125,-26.42822265625,7.50732421875,-4.758506774902344,77.65668487548828,9.380819320678713
0.2451171875,1.00732421875,0.01806640625,-32.28759765625,-10.1318359375,2.74658203125,-5.3085665702819815,76.82034301757812,8.976377487182617
0.18310546875,0.9033203125,0.037353515625,-38.9404296875,0.3662109375,-2.86865234375,-5.440315246582031,75.67137908935547,8.929166793823242
0.1025390625,0.78125,0.074951171875,-36.9873046875,3.23486328125,-12.63427734375,-4.846388816833496,74.63197326660156,8.844585418701172
0.06982421875,0.691650390625,0.091796875,-17.333984375,-3.90625,-34.0576171875,-3.613919734954834,74.27159881591797,8.306922912597656
0.035888671875,0.703369140625,0.093994140625,7.38525390625,-10.80322265625,-47.119140625,-1.886727333068848,74.91788482666016,7.37490177154541
0.11376953125,1.220947265625,-0.09912109375,-3.72314453125,-9.765625,6.53076171875,0.5891050696372986,80.46976470947266,4.201597213745116
0.12255859375,1.0498046875,-0.025146484375,-41.015625,3.35693359375,24.47509765625,-0.6352056264877319,79.24365234375,4.511330604553223
0.0576171875,0.8916015625,0.055419921875,-52.490234375,14.46533203125,35.400390625,-2.02437424659729,77.39591979980469,5.359824180603027
-0.03076171875,0.732177734375,0.140869140625,-49.9267578125,18.49365234375,36.7431640625,-3.0219874382019043,75.571533203125,6.386626243591309
-0.067138671875,0.703369140625,0.1591796875,-28.6865234375,11.41357421875,21.91162109375,-3.420029401779175,74.43934631347656,7.045915603637695
-0.050048828125,0.75341796875,0.148193359375,-9.3994140625,3.35693359375,7.4462890625,-3.3875501155853267,74.21244049072266,7.244069099426269
-0.047607421875,0.90087890625,0.0986328125,2.197265625,2.197265625,1.220703125,-3.13752555847168,74.68395233154297,7.334883689880371
-0.066162109375,0.9541015625,0.07861328125,0.54931640625,6.16455078125,3.72314453125,-2.9387006759643555,75.09528350830078,7.589750289916992
-0.100830078125,0.99560546875,0.079833984375,-8.60595703125,8.11767578125,9.765625,-2.8908004760742188,75.12201690673828,7.982276916503906
-0.087646484375,0.941162109375,0.124267578125,-16.41845703125,8.4228515625,14.16015625,-3.0991628170013428,74.66924285888672,8.424224853515625
-0.07666015625,0.931884765625,0.134765625,-15.7470703125,10.19287109375,19.1650390625,-3.4221570491790767,74.27245330810547,9.004646301269531
-0.050537109375,0.94189453125,0.130859375,-11.77978515625,12.8173828125,18.4326171875,-3.7367060184478764,74.05357360839844,9.679533004760742
-0.007568359375,1.009521484375,0.1328125,-10.68115234375,16.05224609375,17.15087890625,-4.000407695770264,73.89544677734375,10.499601364135742
-0.00341796875,1.00244140625,0.1298828125,-11.8408203125,22.88818359375,12.75634765625,-4.072288990020752,73.68150329589844,11.498842239379885
0.0068359375,1.009765625,0.120849609375,-18.4326171875,27.4658203125,9.94873046875,-3.9998493194580083,73.22440338134766,12.641069412231445
-0.038818359375,0.97802734375,0.18408203125,-24.7802734375,31.494140625,5.2490234375,-3.5581583976745605,72.38054656982422,13.900423049926758
-0.056884765625,0.970703125,0.215576171875,-21.42333984375,34.36279296875,6.04248046875,-3.0984506607055664,71.63172149658203,15.270885467529295
-0.009033203125,1.050048828125,0.22705078125,-18.6767578125,35.82763671875,6.591796875,-2.7531843185424805,71.04222869873047,16.701751708984375
-0.00634765625,1.099365234375,0.219970703125,-17.39501953125,37.41455078125,3.662109375,-2.1998159885406494,70.60302734375,18.126977920532227
-0.025390625,1.067626953125,0.230224609375,-11.53564453125,37.04833984375,-4.0283203125,-1.4196488857269287,70.3719482421875,19.46137809753418
0.02783203125,1.03515625,0.196044921875,1.28173828125,37.41455078125,-2.685546875,-0.8305926322937012,70.73433685302734,20.83047103881836
0.140625,1.2802734375,0.065673828125,19.71435546875,39.55078125,2.685546875,-0.6349356770515442,72.20687866210938,22.390182495117188
0.164794921875,1.460205078125,-0.034912109375,16.66259765625,36.80419921875,-4.82177734375,-0.2550193667411804,73.59129333496094,23.732234954833984
0.186767578125,1.430908203125,-0.03564453125,-0.48828125,32.04345703125,-14.09912109375,0.3508658707141876,74.25074005126953,24.80673217773437
0.1884765625,1.2607421875,-0.001220703125,-14.46533203125,33.14208984375,-16.11328125,1.0007022619247437,74.1316909790039,25.966541290283203
0.15185546875,1.0673828125,0.0205078125,-28.25927734375,39.12353515625,-16.9677734375,1.7212642431259155,73.59503936767578,27.29770278930664
0.0908203125,0.875,0.055908203125,-31.6162109375,39.9169921875,-22.64404296875,2.7399678230285645,72.86740112304688,28.587879180908203
0.01025390625,0.71240234375,0.110107421875,-24.0478515625,36.7431640625,-28.74755859375,4.211865425109863,72.41494750976562,29.55725860595703
0.00341796875,0.69189453125,0.131103515625,-7.8125,25.7568359375,-37.4755859375,5.766849994659424,72.4074935913086,30.113677978515625
-0.0146484375,0.744384765625,0.121337890625,5.92041015625,17.4560546875,-38.330078125,7.248696327209473,72.98552703857422,30.36284255981445
0.118408203125,1.08203125,0.052490234375,-15.380859375,8.1787109375,13.00048828125,6.919482707977295,75.38554382324219,31.618915557861328
0.146484375,1.032470703125,0.06884765625,-17.822265625,2.25830078125,9.521484375,5.990853786468506,75.10565185546875,31.85644149780273
0.168701171875,1.0078125,0.057861328125,-12.87841796875,-0.732421875,2.74658203125,5.274771690368652,75.03121185302734,31.90460205078125
0.1640625,1.011474609375,0.0234375,-10.80322265625,0.06103515625,-3.72314453125,4.905521869659424,75.10572052001953,31.927776336669922
0.0888671875,0.9365234375,0.0224609375,-14.7705078125,3.2958984375,-5.0048828125,4.728856563568115,75.03993225097656,32.05069351196289
0.00146484375,0.830810546875,0.0703125,-19.34814453125,3.96728515625,-2.62451171875,4.68170166015625,74.66395568847656,32.21063232421875
-0.05859375,0.77685546875,0.098388671875,-17.7001953125,2.74658203125,3.7841796875,4.47874927520752,74.32367706298828,32.379173278808594
-0.06396484375,0.767822265625,0.114013671875,-14.0380859375,-3.173828125,10.19287109375,4.0631799697875985,74.03339385986328,32.388015747070305
-0.0712890625,0.79931640625,0.125732421875,-11.77978515625,-6.8359375,11.962890625,3.5688996315002437,73.8171615600586,32.274276733398445
-0.044921875,0.8486328125,0.134521484375,-10.19287109375,-9.33837890625,14.95361328125,2.83554744720459,73.67092895507812,32.08994674682617
-0.05078125,0.878173828125,0.129638671875,-10.6201171875,-11.5966796875,18.85986328125,2.002510070800781,73.53623962402344,31.869731903076172
-0.048095703125,0.924560546875,0.145263671875,-11.962890625,-12.5732421875,23.86474609375,0.9860462546348572,73.3365707397461,31.666095733642575
0.000244140625,0.959716796875,0.1328125,-13.61083984375,-14.58740234375,24.35302734375,-0.15311944484710693,73.125732421875,31.35367202758789
0.0263671875,1.005126953125,0.116455078125,-12.939453125,-16.9677734375,17.39501953125,-1.065240502357483,73.00456237792969,30.90344619750977
0.051513671875,1.01953125,0.140380859375,-13.427734375,-18.00537109375,6.34765625,-1.5877351760864258,72.82979583740234,30.28181457519531
-0.07421875,0.954833984375,0.185302734375,-11.53564453125,-19.04296875,-5.9814453125,-1.2730565071105957,72.70186614990234,29.376361846923828
-0.11572265625,0.97705078125,0.19189453125,1.953125,-27.4658203125,-11.77978515625,-0.8309136033058167,73.0309066772461,28.18271255493164
-0.082763671875,1.0751953125,0.159912109375,11.53564453125,-37.59765625,-11.5966796875,-0.6047710180282593,73.83344268798828,26.60512542724609
-0.004150390625,1.218017578125,0.11669921875,13.24462890625,-44.3115234375,-8.9111328125,-0.8065212368965149,74.70968627929688,24.82126235961914
0.025634765625,1.2138671875,0.116455078125,4.638671875,-41.3818359375,5.126953125,-1.4418022632598877,75.29877471923828,23.26791000366211
0.039306640625,1.22900390625,0.12841796875,-2.197265625,-35.5224609375,19.8974609375,-2.5770723819732666,75.58338165283203,22.08003044128418
0.030517578125,1.10986328125,0.172119140625,-10.68115234375,-29.6630859375,27.587890625,-3.867106676101685,75.38607788085938,21.291454315185547
0.06494140625,1.06201171875,0.17431640625,-3.662109375,-20.56884765625,27.587890625,-5.119532108306885,75.47624206542969,20.753658294677734
0.095947265625,1.13232421875,0.10302734375,3.2958984375,-14.16015625,22.03369140625,-6.098582267761231,75.99559783935547,20.38516998291016
0.146240234375,1.159423828125,0.04150390625,1.28173828125,-10.43701171875,10.498046875,-6.4658026695251465,76.35092163085938,20.055992126464844
0.111572265625,1.079345703125,0.056884765625,-17.02880859375,-3.41796875,-5.18798828125,-6.277340412139893,76.09703826904297,19.827123641967773
0.046630859375,0.905029296875,0.09619140625,-23.25439453125,-0.1220703125,-14.7705078125,-5.575945854187012,75.48053741455078,19.644630432128906
-0.00146484375,0.80859375,0.15283203125,-16.4794921875,0.0,-20.751953125,-4.4812350273132315,75.20215606689453,19.365922927856445
-0.017578125,0.802978515625,0.097900390625,2.197265625,-7.080078125,-30.45654296875,-3.149705410003662,75.62535858154297,18.76425170898437
0.017822265625,0.952880859375,0.0126953125,20.99609375,-15.56396484375,-31.55517578125,-1.991386890411377,77.02711486816406,17.835630416870114
0.096435546875,1.2080078125,-0.10546875,21.91162109375,-27.40478515625,-37.41455078125,-0.7879615426063538,78.46698760986328,16.31174659729004
0.060791015625,1.11865234375,-0.068603515625,-0.8544921875,-34.1796875,-38.9404296875,0.3810492157936096,79.01507568359375,14.663057327270508
0.050048828125,0.997802734375,-0.04052734375,-15.5029296875,-29.541015625,-21.78955078125,0.8838885426521301,78.88967895507812,13.342355728149414
0.0107421875,0.89501953125,-0.01171875,-27.34375,-23.4375,-4.82177734375,0.6970324516296387,78.09696960449219,12.473793029785154
-0.0380859375,0.766357421875,0.019775390625,-37.17041015625,-21.66748046875,0.91552734375,0.5633835792541504,76.99878692626953,11.638395309448242
-0.138427734375,0.628173828125,0.07275390625,-33.14208984375,-27.7099609375,-8.36181640625,1.096131443977356,75.89045715332031,10.478940963745117
-0.203857421875,0.63525390625,0.10693359375,-16.9677734375,-36.62109375,-14.09912109375,1.8963371515274048,75.53617858886719,8.796819686889648
-0.18212890625,0.755615234375,0.111083984375,-0.67138671875,-44.3115234375,-9.6435546875,2.288733720779419,75.66387176513672,6.989212989807129
-0.1337890625,0.8759765625,0.11083984375,-1.46484375,-40.8935546875,3.96728515625,1.989773869514465,75.81244659423828,5.450307846069336
-0.03271484375,1.034423828125,0.084228515625,-8.1787109375,-32.3486328125,21.6064453125,0.6440194249153137,75.62837982177734,4.602000236511231
0.02734375,1.05615234375,0.08251953125,-24.59716796875,-17.39501953125,39.794921875,-1.1492115259170532,75.02375030517578,4.3315277099609375
0.048828125,1.042724609375,0.092041015625,-29.72412109375,-6.40869140625,41.56494140625,-2.8759357929229736,74.20724487304688,4.513087272644043
0.059326171875,0.980712890625,0.102294921875,-30.6396484375,2.74658203125,34.48486328125,-4.037996292114259,73.39906311035156,5.046697616577148
0.04736328125,0.9462890625,0.1318359375,-23.5595703125,11.8408203125,17.15087890625,-4.510321140289307,72.73788452148438,5.675992012023926
-0.040283203125,0.896240234375,0.16552734375,-16.7236328125,15.7470703125,0.8544921875,-4.0778541564941415,72.27946472167969,6.267006874084473
-0.1015625,0.886474609375,0.19384765625,-9.8876953125,16.357421875,-8.9111328125,-3.070411205291748,72.09492492675781,6.735869407653809
-0.097900390625,0.969482421875,0.1962890625,-2.197265625,16.2353515625,-10.6201171875,-2.1266062259674072,72.22547912597656,7.212672233581543
-0.08740234375,1.041259765625,0.19287109375,-0.6103515625,16.29638671875,-10.07080078125,-1.2778691053390503,72.45967102050781,7.703184127807617
-0.107666015625,1.074951171875,0.192138671875,2.01416015625,17.7001953125,-7.9345703125,-0.5396892428398132,72.8433609008789,8.255672454833983
-0.017822265625,1.107177734375,0.130126953125,12.02392578125,15.56396484375,0.79345703125,-0.3359131217002869,73.71819305419922,8.857994079589844
0.085693359375,1.36474609375,0.03076171875,19.34814453125,12.39013671875,9.46044921875,-0.697483241558075,75.05988311767578,9.431886672973633
0.06298828125,1.465087890625,0.015380859375,6.34765625,6.53076171875,0.244140625,-0.6197341680526733,75.58792877197266,9.565227508544922
0.072265625,1.283203125,0.066650390625,-4.82177734375,-1.03759765625,0.42724609375,-0.7496756315231323,75.83185577392578,9.524513244628906
0.168212890625,1.33056640625,0.02783203125,-3.41796875,-0.18310546875,4.82177734375,-1.194040060043335,76.18732452392578,9.556983947753906
0.18212890625,1.29541015625,-0.01513671875,-16.6015625,7.568359375,4.8828125,-1.5392844676971436,75.76036834716797,9.988378524780273
0.09716796875,1.059814453125,0.033203125,-42.48046875,17.76123046875,2.5634765625,-1.6066800355911257,74.51788330078125,10.691125869750977
0.02294921875,0.80078125,0.118896484375,-50.78125,20.81298828125,0.6103515625,-1.3997159004211426,72.73153686523438,11.490184783935547
-0.014892578125,0.67822265625,0.159912109375,-43.27392578125,19.10400390625,-3.41796875,-0.8626897931098938,71.24232482910156,12.103204727172852
0.000244140625,0.654052734375,0.19482421875,-23.8037109375,11.71875,-14.83154296875,-0.11799726635217668,70.36079406738281,12.351621627807615
-0.000732421875,0.728515625,0.217041015625,-7.9345703125,8.72802734375,-20.20263671875,0.7642573714256287,70.15065002441406,12.409761428833008
0.03515625,0.813720703125,0.20703125,3.7841796875,6.89697265625,-20.32470703125,1.4608081579208374,70.66184997558594,12.409130096435547
0.01171875,0.845458984375,0.182373046875,17.578125,4.5166015625,-14.34326171875,1.9715641736984253,71.63340759277344,12.403078079223633
0.078125,0.944091796875,0.107421875,24.59716796875,1.52587890625,-4.08935546875,1.882455825805664,73.06946563720703,12.425422668457033
0.18212890625,1.16015625,0.010498046875,27.64892578125,0.30517578125,7.99560546875,1.0044611692428589,74.79417419433594,12.543539047241213
0.307373046875,1.391845703125,-0.08642578125,7.38525390625,-1.8310546875,9.70458984375,0.08524330705404283,75.7916259765625,12.57945442199707
0.297119140625,1.252197265625,-0.0517578125,-20.01953125,-0.42724609375,3.7841796875,-0.5922290682792664,75.60942840576172,12.60328483581543
0.2216796875,1.018798828125,0.029541015625,-31.005859375,5.37109375,2.0751953125,-1.0438357591629028,74.85100555419922,12.870820999145508
0.08740234375,0.835205078125,0.0625,-25.08544921875,8.1787109375,-1.8310546875,-1.0827215909957886,74.25550842285156,13.161312103271484
0.022216796875,0.778076171875,0.069091796875,-16.4794921875,3.7841796875,-7.01904296875,-0.794748842716217,74.00254821777344,13.223548889160154
-0.046630859375,0.77294921875,0.048095703125,-9.94873046875,-2.86865234375,-10.43701171875,-0.15762104094028473,74.13489532470703,12.940046310424805
-0.12060546875,0.800537109375,0.0625,-7.26318359375,-11.04736328125,-4.39453125,0.23592084646224976,74.27482604980469,12.465265274047852
-0.12744140625,0.850341796875,0.059326171875,-8.6669921875,-17.578125,7.38525390625,0.09190278500318527,74.37049102783203,11.867626190185547
-0.097900390625,0.860107421875,0.097412109375,-14.2822265625,-19.71435546875,18.1884765625,-0.7264122366905212,74.06069946289062,11.30776596069336
-0.057373046875,0.907958984375,0.100830078125,-17.578125,-21.17919921875,29.6630859375,-1.9240474700927732,73.73451232910156,10.812654495239258
-0.03857421875,0.923095703125,0.1201171875,-17.4560546875,-24.71923828125,32.3486328125,-3.267949104309082,73.39962768554688,10.212427139282227
-0.004150390625,0.93603515625,0.12353515625,-12.451171875,-30.517578125,26.79443359375,-4.4923295974731445,73.45563507080078,9.226419448852539
0.044677734375,1.009765625,0.117919921875,-1.64794921875,-37.65869140625,13.427734375,-5.34728479385376,73.87882995605469,7.8944435119628915
0.060302734375,1.08984375,0.088134765625,0.79345703125,-39.24560546875,2.8076171875,-5.79250431060791,74.49646759033203,6.364761352539063
0.02587890625,1.11083984375,0.0869140625,-2.01416015625,-40.4052734375,-0.91552734375,-6.001658439636231,74.95464324951172,4.733991622924805
-0.002685546875,1.093017578125,0.09423828125,-9.21630859375,-41.8701171875,-0.79345703125,-6.155482769012451,75.14802551269531,3.0560598373413086
-0.006103515625,1.064208984375,0.11279296875,-13.12255859375,-44.00634765625,1.89208984375,-6.4175286293029785,75.14561462402344,1.325113296508789
0.028564453125,1.05029296875,0.116943359375,-13.18359375,-46.142578125,4.21142578125,-6.843152046203612,75.17134094238281,-0.4856500625610352
0.077880859375,1.065673828125,0.1240234375,-11.5966796875,-47.4853515625,2.685546875,-7.31865930557251,75.2447738647461,-2.348050594329834
0.09912109375,1.050048828125,0.111083984375,-13.48876953125,-45.47119140625,0.18310546875,-7.7055420875549325,75.27009582519531,-4.1646156311035165
0.06884765625,1.0068359375,0.1474609375,-17.88330078125,-40.34423828125,-0.42724609375,-7.936757564544678,74.94334411621094,-5.723912239074707
0.005859375,0.968994140625,0.17138671875,-20.08056640625,-35.33935546875,-1.15966796875,-7.95838451385498,74.52010345458984,-7.142214775085449
-0.042724609375,0.9267578125,0.201904296875,-19.10400390625,-36.7431640625,-6.16455078125,-7.696914672851562,74.07415771484375,-8.656989097595215
-0.07958984375,0.8935546875,0.236328125,-9.1552734375,-42.66357421875,-14.70947265625,-7.0007972717285165,74.18533325195312,-10.599995613098145
-0.123291015625,0.99853515625,0.21044921875,6.103515625,-50.4150390625,-20.08056640625,-6.213108539581299,74.82036590576172,-12.787272453308105
-0.1279296875,1.075927734375,0.181396484375,10.19287109375,-55.17578125,-15.80810546875,-5.648455619812013,75.67436218261719,-15.114904403686525
-0.01611328125,1.21826171875,0.09521484375,12.3291015625,-58.2275390625,-0.42724609375,-6.1243953704833975,76.80895233154297,-17.43156623840332
0.131103515625,1.344482421875,0.033447265625,-5.0048828125,-59.814453125,4.21142578125,-6.795804500579834,77.31989288330078,-19.790706634521484
0.1669921875,1.162353515625,0.070068359375,-25.57373046875,-54.87060546875,-1.15966796875,-7.287793159484862,76.91358184814453,-21.999408721923828
0.08984375,0.92822265625,0.1123046875,-29.96826171875,-44.86083984375,-2.38037109375,-7.386225700378418,76.2142105102539,-23.73752593994141
-0.018310546875,0.788818359375,0.1396484375,-21.97265625,-40.71044921875,-13.00048828125,-6.928022384643555,75.68600463867188,-25.4765682220459
-0.035888671875,0.778076171875,0.157958984375,-13.12255859375,-43.64013671875,-22.15576171875,-6.1233086585998535,75.47930908203125,-27.41259765625
-0.019775390625,0.8076171875,0.144775390625,-4.0283203125,-45.8984375,-27.4658203125,-5.157499313354492,75.71536254882812,-29.4947452545166
-0.03271484375,0.879638671875,0.1455078125,0.1220703125,-45.7763671875,-26.7333984375,-4.2745580673217765,76.06867218017578,-31.552255630493164
-0.03662109375,0.91796875,0.135009765625,1.3427734375,-45.47119140625,-23.01025390625,-3.5484604835510254,76.46497344970703,-33.55591583251953
0.001708984375,0.958740234375,0.10986328125,0.9765625,-45.95947265625,-16.9677734375,-3.2373628616333012,76.85891723632812,-35.47179412841797
0.00390625,1.014892578125,0.116455078125,-1.52587890625,-45.83740234375,-5.0048828125,-3.3283965587615967,77.15045928955078,-37.321044921875
0.077880859375,1.0595703125,0.08203125,-2.13623046875,-45.8984375,1.220703125,-3.80655837059021,77.49523162841797,-39.12490463256836
0.143798828125,1.144775390625,0.04638671875,-4.0283203125,-44.189453125,2.74658203125,-4.468535900115967,77.74901580810547,-40.81495666503906
0.196044921875,1.14990234375,0.03271484375,-15.13671875,-36.62109375,4.82177734375,-5.170913696289063,77.66226196289062,-42.24219131469727
0.1923828125,1.069580078125,0.0537109375,-22.39990234375,-25.93994140625,6.34765625,-5.8403072357177725,77.21528625488281,-43.23649597167969
0.15380859375,0.962158203125,0.08251953125,-25.08544921875,-15.13671875,6.65283203125,-6.23961877822876,76.50804901123047,-43.68766784667969
0.03369140625,0.81982421875,0.104736328125,-20.1416015625,-7.6904296875,2.38037109375,-6.2496018409729,75.96607208251953,-43.99265670776367
-0.026611328125,0.790771484375,0.128173828125,-11.04736328125,-7.4462890625,-3.11279296875,-5.878647804260254,75.7363052368164,-44.33469772338867
-0.0654296875,0.772216796875,0.137939453125,-2.685546875,-9.1552734375,-6.8359375,-5.212144374847412,75.95990753173828,-44.79911422729492
-0.114013671875,0.85400390625,0.1376953125,5.2490234375,-10.009765625,-6.40869140625,-4.557265758514403,76.38639068603516,-45.26633834838867
-0.109130859375,0.91357421875,0.116455078125,8.60595703125,-9.33837890625,-1.5869140625,-4.134100914001465,76.99545288085938,-45.66357803344727
-0.077880859375,0.9638671875,0.11474609375,6.89697265625,-7.62939453125,2.3193359375,-4.005663871765137,77.4982681274414,-45.9333610534668
-0.06201171875,0.998779296875,0.123291015625,3.5400390625,-2.99072265625,7.50732421875,-4.0255327224731445,77.8455581665039,-46.00157165527344
-0.034423828125,1.001708984375,0.12939453125,2.13623046875,1.46484375,10.1318359375,-4.172103404998778,78.09650421142578,-45.87337875366211
-0.0244140625,1.0263671875,0.10791015625,0.732421875,7.2021484375,11.962890625,-4.356132984161377,78.29296112060547,-45.4403190612793
-0.03271484375,1.04736328125,0.1162109375,1.15966796875,13.00048828125,13.00048828125,-4.5184760093688965,78.49068450927734,-44.84138488769531
-0.07568359375,1.098876953125,0.140380859375,0.732421875,14.7705078125,11.962890625,-4.5376625061035165,78.61978149414062,-44.179290771484375
-0.02294921875,1.08642578125,0.109619140625,-0.9765625,14.95361328125,15.19775390625,-4.924718379974365,78.81378173828125,-43.45303726196289
0.10302734375,1.238037109375,0.04296875,-4.45556640625,16.41845703125,16.6015625,-5.445046901702881,78.91470336914062,-42.70914077758789
0.1103515625,1.152099609375,0.052001953125,-14.892578125,16.7236328125,6.2255859375,-5.562966346740723,78.57328033447266,-42.03224182128906
-0.105224609375,0.880126953125,0.04248046875,-9.8876953125,-5.859375,-29.84619140625,-0.7835255265235901,78.02531433105469,-42.34560775756836
-0.124267578125,0.890380859375,0.066650390625,-14.22119140625,-11.65771484375,-18.798828125,0.19783838093280792,77.74760437011719,-42.96313095092773
-0.1044921875,0.909423828125,0.08056640625,-17.39501953125,-14.16015625,-5.2490234375,0.5331368446350098,77.31720733642578,-43.56208038330078
-0.05517578125,0.9462890625,0.08837890625,-21.8505859375,-12.26806640625,8.97216796875,-0.025934301316738132,76.62506103515625,-43.87908554077149
-0.00537109375,0.977294921875,0.105712890625,-24.47509765625,-5.126953125,27.03857421875,-1.1082373857498171,75.91677856445312,-43.82548904418945
0.056396484375,0.9853515625,0.10302734375,-24.10888671875,-1.40380859375,33.02001953125,-2.483311176300049,75.25072479248047,-43.56034469604492
0.0732421875,0.995849609375,0.1162109375,-22.4609375,3.662109375,30.1513671875,-3.5827958583831787,74.63992309570312,-43.08835983276367
0.0517578125,0.961181640625,0.13720703125,-16.66259765625,8.72802734375,19.4091796875,-4.215934753417969,74.20899200439453,-42.56172180175781
0.00634765625,0.93603515625,0.14990234375,-10.31494140625,10.6201171875,10.6201171875,-4.357384204864502,74.00888061523438,-42.05566787719727
-0.038330078125,0.91064453125,0.158447265625,-2.50244140625,9.1552734375,2.25830078125,-4.0213985443115225,74.25360107421875,-41.752891540527344
-0.05419921875,0.958740234375,0.13671875,2.01416015625,6.65283203125,-3.23486328125,-3.5417943000793457,74.60711669921875,-41.550479888916016
-0.076416015625,0.982177734375,0.144287109375,1.15966796875,7.4462890625,0.9765625,-3.188848733901977,74.89968872070312,-41.26879119873047
-0.05517578125,0.991943359375,0.16259765625,-3.2958984375,7.26318359375,7.50732421875,-3.2126784324646,74.9306411743164,-40.91304016113281
-0.041015625,1.003173828125,0.134033203125,-7.38525390625,7.080078125,13.61083984375,-3.4458816051483154,74.89246368408203,-40.51528930664063
-0.01611328125,1.029052734375,0.14111328125,-9.033203125,4.57763671875,14.58740234375,-3.7891674041748047,74.78593444824219,-40.204345703125
