0.058349609375,0.97998046875,0.019287109375,-7.9345703125,-4.82177734375,1.89208984375,-5.222767353057861,80.06554412841797,113.32657623291016
0.046142578125,1.0068359375,-0.000244140625,-8.30078125,-4.57763671875,1.5869140625,-5.215047359466553,80.12905883789062,113.12107849121094
0.05029296875,0.993408203125,0.0146484375,-8.4228515625,-4.94384765625,2.01416015625,-5.237098693847656,80.15225982666016,112.90726470947266
0.0517578125,0.981201171875,0.024658203125,-8.23974609375,-4.638671875,2.0751953125,-5.416696071624756,80.10328674316406,109.66411590576172
0.04345703125,0.99853515625,0.019775390625,-9.033203125,-4.69970703125,2.25830078125,-5.422682285308838,80.0914306640625,109.46131134033205
0.060791015625,0.98486328125,0.035400390625,-8.056640625,-4.57763671875,1.953125,-5.456287384033203,80.08207702636719,109.26483917236328
0.285400390625,0.976806640625,-0.008056640625,-9.09423828125,-30.45654296875,3.23486328125,-6.577420234680176,80.33309936523438,94.35191345214844
0.089599609375,0.98828125,0.03125,-8.056640625,-4.57763671875,2.5634765625,-6.654082775115968,80.32701110839844,94.15274047851562
0.140380859375,1.015380859375,-0.00146484375,-9.27734375,-4.8828125,-5.126953125,-6.535391330718994,80.35256958007812,93.88190460205078
0.04296875,0.927978515625,-0.063720703125,-7.8125,-36.62109375,1.40380859375,-6.2349772453308105,81.16754150390625,91.2744369506836
0.1123046875,1.022216796875,-0.01953125,8.1787109375,-27.89306640625,-9.21630859375,-6.181980609893799,82.03499603271484,90.06489562988281
0.224609375,1.0048828125,-0.043212890625,19.71435546875,-12.75634765625,-11.65771484375,-6.0403313636779785,83.27435302734375,89.45320892333984
0.14013671875,1.0263671875,-0.112548828125,24.0478515625,-8.11767578125,-14.2822265625,-5.577890396118164,84.77051544189453,89.017578125
0.14404296875,1.107421875,-0.176513671875,15.07568359375,-1.46484375,-11.29150390625,-5.208100318908691,85.9284896850586,88.86986541748047
0.026123046875,1.114013671875,-0.268310546875,-9.21630859375,-6.89697265625,-14.83154296875,-4.489664554595947,86.26483917236328,88.49321746826172
-0.026611328125,1.087890625,-0.193359375,-24.23095703125,-13.12255859375,-15.56396484375,-3.6764948368072514,85.86778259277344,87.88407897949219
-0.091796875,1.0634765625,-0.198486328125,-29.84619140625,-14.5263671875,-12.26806640625,-2.8984570503234863,85.27348327636719,87.22823333740234
-0.216552734375,1.020751953125,-0.10302734375,-23.5595703125,-28.74755859375,-23.681640625,-1.4730174541473389,84.77057647705078,85.97816467285156
-0.186279296875,1.0576171875,-0.0712890625,-12.87841796875,-37.29248046875,-24.47509765625,-0.1828613132238388,84.61856079101562,84.39429473876953
-0.12451171875,1.059326171875,-0.061767578125,-9.94873046875,-39.24560546875,-18.73779296875,0.712157130241394,84.52393341064453,82.76054382324219
-0.18115234375,1.052001953125,-0.053955078125,-13.48876953125,-44.12841796875,-17.9443359375,1.6162673234939575,84.26139068603516,80.93727111816406
-0.194580078125,1.047119140625,-0.02880859375,-11.8408203125,-57.12890625,-14.83154296875,2.331489562988281,83.97795867919922,78.60914611816406
-0.134033203125,1.033447265625,0.048828125,-8.11767578125,-71.1669921875,-27.34375,3.318709135055542,83.6231460571289,75.66423034667969
-0.10009765625,1.02001953125,0.0732421875,-9.6435546875,-74.0966796875,-41.56494140625,4.72304105758667,83.09110260009766,72.52923583984375
-0.102783203125,1.032470703125,0.1650390625,-10.07080078125,-67.2607421875,-26.67236328125,5.48182487487793,82.33550262451172,69.70830535888672
-0.030517578125,1.04248046875,0.187255859375,-8.97216796875,-57.06787109375,-14.2822265625,5.583571434020996,81.63353729248047,67.34872436523439
0.056884765625,1.031494140625,0.258056640625,-16.17431640625,-46.93603515625,-11.90185546875,5.427290439605713,80.5592041015625,65.39284515380861
0.15576171875,0.9970703125,0.2607421875,-21.97265625,-33.87451171875,-20.6298828125,5.4549832344055185,79.319580078125,63.89678955078125
0.18017578125,0.912109375,0.349609375,-25.146484375,-24.10888671875,-39.36767578125,6.101069927215576,77.65682983398438,62.59774780273438
0.1435546875,0.869140625,0.274169921875,-15.31982421875,-4.57763671875,-41.68701171875,7.092173099517822,76.76283264160156,62.03494262695313
0.135986328125,0.9306640625,0.212158203125,-1.5869140625,3.72314453125,-24.71923828125,7.4890499114990225,76.69003295898438,61.957984924316406
0.11279296875,1.0361328125,0.100341796875,-8.23974609375,15.07568359375,-14.892578125,7.667387008666992,76.71560668945312,62.45447540283203
0.0703125,0.971923828125,0.06640625,-28.4423828125,21.54541015625,-5.0048828125,7.59968090057373,76.04402923583984,63.30564880371094
-0.05712890625,0.8603515625,-0.005615234375,-31.8603515625,26.18408203125,7.87353515625,5.760893821716309,72.91056060791016,68.62400817871094
-0.095458984375,0.913818359375,-0.056640625,-27.28271484375,22.76611328125,7.6904296875,5.786373615264893,72.74896240234375,69.67333221435547
-0.204833984375,0.950439453125,-0.08837890625,-28.564453125,17.51708984375,7.50732421875,5.972829818725586,72.53044891357422,70.51970672607422
-0.229736328125,0.97412109375,-0.081787109375,-27.64892578125,17.02880859375,13.36669921875,5.969759464263916,72.34120178222656,71.41930389404297
-0.303466796875,0.971435546875,-0.06982421875,-26.67236328125,13.85498046875,14.16015625,6.059951305389403,72.14669799804688,72.2036361694336
-0.33349609375,0.951904296875,-0.032470703125,-18.1884765625,5.4931640625,15.68603515625,6.062655925750732,72.1812515258789,72.68025207519531
-0.33203125,1.017822265625,0.00634765625,-12.0849609375,-1.77001953125,15.380859375,5.938929080963135,72.35107421875,72.86603546142578
-0.2783203125,1.0478515625,0.075439453125,-13.671875,-6.4697265625,15.2587890625,5.638218402862549,72.30250549316406,72.8534164428711
-0.19921875,1.018798828125,0.211181640625,-11.8408203125,-6.28662109375,13.671875,5.249202251434326,72.0423355102539,72.79976654052734
-0.177490234375,1.0126953125,0.28173828125,-3.84521484375,-8.4228515625,2.01416015625,5.24110746383667,71.94172668457031,72.50911712646484
-0.11669921875,1.0634765625,0.272216796875,4.08935546875,-13.18359375,-13.7939453125,5.648730754852295,72.23345947265625,71.8534164428711
-0.06884765625,1.03564453125,0.238525390625,7.568359375,-18.61572265625,-37.7197265625,6.784121513366699,72.58511352539062,70.70223999023438
-0.01220703125,1.071533203125,0.2392578125,5.67626953125,-14.83154296875,-39.36767578125,7.866473197937013,72.8572998046875,69.68532562255861
0.028076171875,1.08935546875,0.193359375,0.79345703125,-7.568359375,-33.38623046875,8.68525218963623,73.05880737304688,69.03878784179689
0.006591796875,1.046630859375,0.140625,-9.94873046875,-0.1220703125,-28.99169921875,9.435697555541992,72.96439361572266,68.75037384033203
-0.028564453125,0.970947265625,0.14208984375,-16.41845703125,4.21142578125,-33.87451171875,10.471715927124023,72.6013412475586,68.56819152832031
-0.0869140625,0.858154296875,0.161865234375,-12.3291015625,6.103515625,-43.88427734375,12.025036811828613,72.30517578125,68.319580078125
-0.127685546875,0.83984375,0.066650390625,-2.01416015625,5.9814453125,-45.5322265625,13.702957153320312,72.66230773925781,68.10448455810547
-0.18896484375,0.853515625,0.005126953125,-1.220703125,10.68115234375,-36.2548828125,15.18016529083252,73.26602172851562,68.2491455078125
-0.216552734375,0.83544921875,-0.029052734375,-7.01904296875,11.41357421875,-19.53125,16.100210189819336,73.76986694335938,68.66726684570311
-0.289306640625,0.793701171875,-0.02783203125,-9.3994140625,13.12255859375,-4.5166015625,16.596696853637695,74.21145629882812,69.33305358886719
-0.359375,0.82666015625,-0.041259765625,-5.92041015625,8.4228515625,1.40380859375,16.930473327636722,74.76161193847656,69.88494110107422
-0.3896484375,0.9033203125,-0.0537109375,-3.41796875,-0.244140625,-1.708984375,17.273052215576172,75.30170440673828,70.05776214599611
-0.436767578125,0.91552734375,0.054931640625,-4.5166015625,-10.7421875,0.67138671875,17.472259521484375,75.39881896972656,69.74909210205078
-0.43212890625,0.982421875,0.1494140625,-5.43212890625,-15.93017578125,10.43701171875,17.149877548217773,75.2337875366211,69.27492523193361
-0.2939453125,1.02001953125,0.22216796875,-7.50732421875,-17.578125,12.75634765625,16.420934677124027,74.85176086425781,68.72554016113281
-0.119384765625,1.058837890625,0.27099609375,-6.89697265625,-14.892578125,-0.18310546875,15.86783218383789,74.4266357421875,68.13254547119139
-0.075927734375,1.03173828125,0.285888671875,-5.859375,-7.14111328125,-10.80322265625,15.738174438476562,74.06998443603516,67.72573852539061
-0.1015625,1.040283203125,0.251953125,0.6103515625,0.6103515625,-14.6484375,15.867011070251465,74.24932098388672,67.63935852050781
-0.155029296875,1.063232421875,0.1337890625,2.3193359375,6.591796875,-14.6484375,16.200897216796875,74.70482635498047,67.83457183837889
-0.18115234375,1.051025390625,0.053466796875,-0.9765625,5.2490234375,-9.6435546875,16.382061004638672,75.1826171875,68.07921600341797
-0.08984375,1.052490234375,0.0087890625,-2.62451171875,4.69970703125,-10.31494140625,16.38941764831543,75.67198181152344,68.32369995117189
-0.056884765625,0.976318359375,0.005615234375,-11.65771484375,10.31494140625,-14.70947265625,16.56071662902832,75.84022521972656,68.75141143798828
-0.10595703125,0.949951171875,-0.03076171875,-12.75634765625,14.83154296875,-13.18359375,16.831256866455078,76.10228729248047,69.40416717529297
-0.154052734375,0.92333984375,-0.062744140625,-11.16943359375,16.41845703125,-12.5732421875,17.206073760986328,76.5186996459961,70.15404510498047
-0.281982421875,0.817138671875,-0.039306640625,-12.3291015625,15.5029296875,-8.11767578125,17.75486183166504,76.80937194824219,70.8931884765625
-0.34423828125,0.825439453125,-0.05712890625,-15.80810546875,11.65771484375,3.2958984375,17.946928024291992,76.97124481201172,71.59677124023438
-0.43310546875,0.808837890625,-0.0205078125,-14.83154296875,8.48388671875,13.61083984375,17.927715301513672,76.98485565185547,72.21269226074219
-0.4306640625,0.810791015625,0.043701171875,-6.34765625,-2.74658203125,21.3623046875,17.474498748779293,77.1077880859375,72.4056396484375
-0.38232421875,0.923583984375,0.07275390625,0.9765625,-10.8642578125,21.3623046875,16.7486572265625,77.38020324707031,72.24833679199219
-0.348388671875,1.077880859375,0.09521484375,0.30517578125,-17.27294921875,20.6298828125,15.84415340423584,77.5296630859375,71.81057739257812
-0.228271484375,1.16796875,0.14453125,-16.66259765625,-19.8974609375,24.71923828125,14.517410278320312,76.91549682617188,71.28620910644531
-0.12939453125,1.1298828125,0.17431640625,-25.146484375,-14.5263671875,31.06689453125,12.859810829162598,76.00423431396484,71.04347229003906
-0.049560546875,1.0830078125,0.218994140625,-23.37646484375,-11.3525390625,20.5078125,11.548452377319336,75.10888671875,70.82426452636719
0.00732421875,1.06787109375,0.183837890625,-12.6953125,-3.60107421875,-2.86865234375,11.15168571472168,74.76068878173828,70.69396209716797
0.008544921875,1.01513671875,0.13525390625,-12.51220703125,5.79833984375,-13.36669921875,11.270246505737305,74.57164001464844,70.83927154541016
-0.0205078125,0.948974609375,0.096923828125,-11.04736328125,15.869140625,-11.1083984375,11.47655963897705,74.69071197509766,71.43692779541016
-0.1181640625,0.89697265625,-0.020263671875,-10.92529296875,29.11376953125,-5.4931640625,11.844950675964355,75.11979675292969,72.65731811523438
-0.221923828125,0.838134765625,-0.095703125,-11.5966796875,29.052734375,-5.43212890625,12.48522663116455,75.69588470458984,73.92061614990234
-0.3359375,0.75341796875,-0.10888671875,-9.21630859375,21.6064453125,-2.99072265625,13.283197402954102,76.31863403320312,74.92847442626953
-0.509521484375,0.77978515625,-0.07568359375,-3.23486328125,11.65771484375,4.7607421875,13.994043350219727,76.94540405273438,75.58879852294922
-0.615234375,0.803955078125,-0.045166015625,-2.50244140625,-1.220703125,14.892578125,14.320507049560547,77.37706756591797,75.79866790771484
-0.577392578125,0.898193359375,0.02197265625,-2.685546875,-18.06640625,26.3671875,13.864354133605955,77.52062225341797,75.39422607421875
-0.36181640625,1.0400390625,0.14404296875,-11.1083984375,-29.35791015625,43.64013671875,12.116355895996096,77.06211853027344,74.64334869384766
-0.154052734375,1.166748046875,0.22509765625,-18.73779296875,-31.18896484375,50.72021484375,9.67615032196045,76.23528289794922,73.8925552368164
0.129638671875,1.272705078125,0.281982421875,-25.5126953125,-24.23095703125,46.0205078125,6.986051082611084,75.1939697265625,73.41232299804688
0.177734375,1.19384765625,0.2587890625,-30.21240234375,-1.52587890625,16.357421875,5.742260456085205,74.08746337890625,73.5438003540039
0.08447265625,1.03857421875,0.225830078125,-21.97265625,7.2021484375,-9.8876953125,5.794014930725098,73.35704040527344,73.72889709472656
0.03515625,0.98193359375,0.134033203125,-8.72802734375,14.22119140625,-20.93505859375,6.447413921356201,73.37926483154297,74.0744400024414
-0.081298828125,0.887451171875,0.0380859375,-7.8125,27.40478515625,-19.95849609375,7.4750752449035645,73.7130355834961,74.97080993652344
-0.16259765625,0.80908203125,-0.0126953125,-8.7890625,31.79931640625,-13.7939453125,8.515624046325684,74.1640625,76.13922882080078
-0.28076171875,0.724365234375,-0.036865234375,-4.82177734375,30.2734375,-8.544921875,9.674328804016113,74.82152557373047,77.33269500732422
-0.477294921875,0.682861328125,-0.0107421875,7.62939453125,14.404296875,0.06103515625,10.795267105102539,75.74081420898438,77.99148559570312
-0.446044921875,0.7880859375,-0.002685546875,12.14599609375,2.197265625,11.962890625,11.090801239013672,76.75663757324219,78.28948211669922
-0.3515625,0.91455078125,0.025634765625,8.72802734375,-4.7607421875,28.3203125,10.341141700744627,77.47238159179688,78.42337036132812
-0.23828125,1.051513671875,0.0859375,-5.18798828125,-8.11767578125,53.52783203125,8.284168243408201,77.58187866210938,78.61598205566406
-0.10546875,1.085205078125,0.124267578125,-13.24462890625,-7.38525390625,58.9599609375,5.816184043884277,77.29972076416016,78.86659240722656
-0.060546875,1.048095703125,0.149169921875,-11.41357421875,-3.7841796875,46.875,3.8589046001434326,77.03453826904297,79.14789581298828
-0.13623046875,0.982666015625,0.124267578125,3.0517578125,-1.220703125,31.005859375,2.79941725730896,77.38156127929688,79.385498046875
-0.17236328125,0.973876953125,0.0849609375,14.0380859375,-4.57763671875,26.611328125,2.0088269710540767,78.22796630859375,79.44291687011719
-0.172119140625,0.955322265625,0.05908203125,19.95849609375,-7.75146484375,27.2216796875,1.2082889080047607,79.32950592041016,79.35973358154297
-0.180419921875,1.23779296875,-0.0234375,14.34326171875,-8.30078125,37.7197265625,-0.04910986870527268,80.34675598144531,79.30494689941406
0.091064453125,0.97412109375,0.0947265625,-9.3994140625,6.2255859375,62.56103515625,-2.6749818325042725,80.10192108154297,79.96818542480469
-0.070556640625,0.969970703125,0.03857421875,0.48828125,12.75634765625,40.771484375,-3.945958614349365,80.35526275634766,80.7306137084961
-0.064208984375,0.884033203125,0.071044921875,12.451171875,-5.37109375,4.7607421875,-3.8471770286560063,81.05097198486328,80.53624725341797
-0.10693359375,0.955810546875,-0.0146484375,1.89208984375,-11.41357421875,5.4931640625,-7.35626220703125,82.24102020263672,79.35791015625
-0.1259765625,1.046630859375,-0.1005859375,-0.06103515625,-14.95361328125,21.17919921875,-7.760834693908691,82.80823516845703,78.80352020263672
-0.05517578125,1.0380859375,-0.09423828125,-21.3623046875,-15.07568359375,35.70556640625,-8.827977180480957,82.4937744140625,78.31114196777344
0.111328125,0.995849609375,-0.00634765625,10.43701171875,-31.43310546875,26.4892578125,-12.48034954071045,82.92643737792969,74.30963134765625
0.05810546875,1.032470703125,-0.044921875,1.3427734375,-28.076171875,30.3955078125,-13.449822425842285,83.57734680175781,73.22694396972656
0.116455078125,0.949951171875,0.009033203125,-13.671875,-28.86962890625,38.57421875,-14.848387718200685,83.50040435791016,72.16344451904297
0.135009765625,0.946533203125,-0.00634765625,-12.14599609375,-25.69580078125,42.05322265625,-16.36178970336914,83.51285552978516,71.22496032714844
0.13232421875,0.94580078125,-0.022705078125,-2.685546875,-26.55029296875,32.3486328125,-17.386632919311527,83.99243927001953,70.17660522460939
0.07666015625,0.95751953125,-0.03125,2.86865234375,-34.423828125,3.90625,-17.16939353942871,84.83960723876953,68.66506958007811
0.081298828125,0.954345703125,-0.039306640625,2.9296875,-38.57421875,-11.04736328125,-16.369571685791016,85.7265396118164,66.93689727783203
0.73779296875,1.22900390625,-0.5361328125,1.15966796875,-34.423828125,-8.72802734375,-16.651262283325195,87.14926147460938,65.20480346679689
0.342041015625,0.9267578125,0.195556640625,-48.583984375,-24.169921875,-10.986328125,-16.406620025634766,85.13355255126953,64.27783966064453
0.049072265625,1.030029296875,0.035400390625,-33.02001953125,-22.27783203125,-6.591796875,-15.685409545898438,84.18201446533203,63.29363250732422
0.072021484375,0.95849609375,0.036865234375,-21.78955078125,-22.0947265625,-3.84521484375,-15.1731538772583,83.69227600097656,62.32556915283203
0.11669921875,0.975341796875,0.035888671875,-8.056640625,-20.32470703125,-6.65283203125,-14.664426803588867,83.74974822998047,61.41777801513672
0.09130859375,0.98388671875,0.026611328125,-9.94873046875,-18.06640625,-16.2353515625,-13.727046966552734,83.72848510742188,60.559608459472656
0.0888671875,0.99365234375,0.02978515625,-14.34326171875,-23.0712890625,-27.03857421875,-11.596231460571287,82.92562866210938,59.59376525878906
0.0625,1.078857421875,0.0146484375,-5.92041015625,-9.6435546875,6.34765625,-11.566373825073242,83.0009765625,59.18441009521485
0.065673828125,0.97265625,-0.0087890625,-9.27734375,-12.6953125,-1.0986328125,-11.280231475830078,83.02133178710938,58.605674743652344
0.10400390625,0.948974609375,-0.05078125,-8.60595703125,-10.80322265625,1.953125,-11.213211059570312,83.14851379394531,58.10082244873047
0.019775390625,0.9892578125,0.0224609375,-8.7890625,-14.2822265625,1.89208984375,-10.95743465423584,83.1160659790039,57.489234924316406
0.037353515625,0.982177734375,0.01416015625,-8.72802734375,-15.869140625,2.62451171875,-10.788935661315918,83.11547088623047,56.814735412597656
0.06005859375,1.00390625,0.009033203125,-8.544921875,-15.2587890625,2.74658203125,-10.678030014038086,83.12802124023438,56.16437530517578
0.10205078125,0.9833984375,0.014404296875,-8.60595703125,-7.2021484375,2.01416015625,-10.60364055633545,83.0629653930664,55.83985900878906
0.0380859375,0.97802734375,0.029541015625,-8.7890625,-4.7607421875,2.5634765625,-10.39681625366211,82.93922424316406,55.6224365234375
0.11328125,0.987548828125,0.00634765625,-8.7890625,-3.41796875,1.8310546875,-10.350947380065918,82.88955688476562,55.44240188598633
0.088134765625,0.948486328125,0.0771484375,-9.6435546875,20.44677734375,2.01416015625,-10.127659797668457,82.43879699707031,56.260780334472656
