-0.076416015625,1.013427734375,-0.02294921875,-13.18359375,-1.89208984375,0.1220703125,-0.7022730112075806,82.7422866821289,-48.86467742919922
-0.06103515625,0.98193359375,-0.03515625,-13.36669921875,-0.54931640625,1.5869140625,-0.5994036793708801,82.56077575683594,-48.883750915527344
-0.04736328125,0.961181640625,-0.0244140625,-8.85009765625,-0.67138671875,-0.30517578125,-0.4136207103729248,82.5728759765625,-48.91950607299805
-0.00927734375,0.984619140625,0.052978515625,-10.6201171875,-4.21142578125,-2.13623046875,-0.666304886341095,81.5942153930664,-50.43360900878906
0.0078125,0.984619140625,0.043701171875,-10.986328125,-5.06591796875,-3.96728515625,-0.5306737422943115,81.37490844726562,-50.65967559814453
-0.02490234375,1.008544921875,0.053466796875,-9.09423828125,-7.99560546875,-5.92041015625,-0.2699284851551056,81.30864715576172,-51.03812789916992
-0.028076171875,1.00927734375,0.041015625,-4.150390625,-11.04736328125,-7.080078125,0.018247051164507862,81.38113403320312,-51.51821517944336
-0.03662109375,0.99951171875,0.07080078125,-0.54931640625,-11.04736328125,-8.4228515625,0.3687017858028412,81.52361297607422,-52.00450134277344
-0.03466796875,0.996826171875,0.047607421875,-0.42724609375,-10.92529296875,-10.07080078125,0.8148005604743958,81.68560028076172,-52.53937149047852
-0.048095703125,1.004638671875,0.066650390625,-4.08935546875,-12.8173828125,-11.962890625,1.290770411491394,81.67562103271484,-53.11257934570313
-0.062255859375,1.00927734375,0.07568359375,-7.26318359375,-13.61083984375,-13.12255859375,1.819334626197815,81.513427734375,-53.72377014160156
-0.068359375,0.9609375,0.08203125,-8.544921875,-15.19775390625,-13.18359375,2.3474879264831543,81.28177642822266,-54.40732955932617
-0.06201171875,0.940673828125,0.077880859375,-5.43212890625,-16.54052734375,-15.44189453125,2.9136583805084233,81.17322540283203,-55.14883041381836
-0.04443359375,0.908447265625,0.072021484375,-1.220703125,-14.70947265625,-18.310546875,3.5426788330078125,81.2408447265625,-55.83325576782226
-0.03564453125,0.919677734375,0.091796875,-0.91552734375,-14.404296875,-22.15576171875,4.2993831634521475,81.25345611572266,-56.53862762451172
-0.0087890625,0.907958984375,0.090087890625,-4.21142578125,-15.80810546875,-28.4423828125,5.176829814910889,81.12641906738281,-57.32822036743164
0.0126953125,0.94873046875,0.08837890625,-9.82666015625,-18.49365234375,-32.40966796875,6.104144096374513,80.76776885986328,-58.25031661987305
0.001220703125,0.98779296875,0.0302734375,-16.05224609375,-19.4091796875,-32.958984375,6.948176860809326,80.22244262695312,-59.19499588012695
-0.110595703125,1.100341796875,0.005859375,-6.8359375,17.27294921875,15.80810546875,8.026662826538086,79.59602355957031,-55.78661727905274
-0.126953125,1.10009765625,-0.005859375,-6.77490234375,15.80810546875,21.91162109375,7.22373628616333,79.83951568603516,-54.94604110717773
-0.132080078125,1.07177734375,0.0029296875,-4.69970703125,14.70947265625,24.96337890625,6.357271671295166,80.26396179199219,-54.14067077636719
-0.12548828125,1.06494140625,-0.02197265625,2.01416015625,13.97705078125,20.20263671875,5.6696062088012695,80.83326721191406,-53.40872192382813
-0.138427734375,1.090576171875,-0.037841796875,4.57763671875,12.6953125,14.5263671875,5.238046646118164,81.49772644042969,-52.77436828613281
-0.183837890625,1.19677734375,-0.01708984375,-2.99072265625,10.68115234375,10.1318359375,5.0578274726867685,81.63105010986328,-52.25020980834961
-0.2353515625,1.22900390625,-0.019287109375,-21.78955078125,9.82666015625,17.27294921875,4.6646928787231445,81.14842987060547,-51.72951889038086
-0.21923828125,1.084716796875,-0.0009765625,-21.66748046875,11.1083984375,28.01513671875,3.8992586135864262,80.6604232788086,-51.09033203125
-0.13427734375,0.88330078125,-0.025390625,-4.82177734375,12.5732421875,33.38623046875,2.973677158355713,81.26748657226562,-50.36652755737305
-0.0908203125,0.776123046875,-0.0283203125,26.67236328125,14.6484375,19.8974609375,2.4146440029144287,82.77682495117188,-49.65464401245117
-0.078857421875,0.853271484375,-0.05322265625,32.28759765625,18.73779296875,7.14111328125,2.3260517120361333,84.51043701171875,-48.85951232910156
-0.132080078125,0.98095703125,-0.0546875,17.822265625,21.42333984375,1.89208984375,2.5378425121307373,85.30024719238281,-47.93411636352539
-0.177490234375,1.084228515625,-0.04833984375,-17.76123046875,20.8740234375,9.82666015625,2.4836325645446777,84.89752960205078,-47.05876922607422
-0.19580078125,1.07958984375,-0.029296875,-42.6025390625,16.17431640625,20.56884765625,2.0397329330444336,83.46813201904297,-46.32802200317383
-0.21044921875,1.029052734375,-0.014404296875,-53.64990234375,7.6904296875,26.18408203125,1.3591251373291016,81.59748077392578,-46.02087783813477
-0.1728515625,0.88671875,-0.0205078125,-38.0859375,-6.65283203125,29.60205078125,0.5350995659828186,80.43712615966797,-46.09941482543945
-0.16064453125,0.885986328125,-0.033447265625,-10.1318359375,-15.31982421875,25.08544921875,-0.16590674221515656,80.47212219238281,-46.53799438476562
-0.146484375,0.829833984375,-0.02734375,17.76123046875,-22.52197265625,15.93017578125,-0.4951151311397553,81.90744018554688,-47.40112686157226
-0.122802734375,0.859130859375,-0.037841796875,38.9404296875,-26.55029296875,13.18359375,-0.8036417365074158,83.87632751464844,-48.39055252075195
-0.11962890625,0.84912109375,-0.044189453125,40.71044921875,-27.83203125,15.13671875,-1.1522132158279421,85.86431121826172,-49.44750213623047
-0.0966796875,0.876708984375,-0.04541015625,34.3017578125,-32.1044921875,18.06640625,-1.662012219429016,87.4447021484375,-50.73556900024414
-0.06689453125,0.882080078125,-0.066650390625,18.24951171875,-36.4990234375,19.04296875,-2.2304069995880127,88.48074340820312,-52.177101135253906
-0.06298828125,0.888916015625,-0.070068359375,5.0048828125,-38.9404296875,19.47021484375,-2.7872204780578613,88.97261047363281,-53.72966003417969
-0.05419921875,0.888671875,-0.08203125,-3.7841796875,-40.6494140625,23.3154296875,-3.6162137985229488,89.09846496582031,-55.37606430053711
-0.013916015625,0.838623046875,-0.08154296875,-5.0048828125,-42.54150390625,26.3671875,-4.505308628082275,89.26007843017578,-57.08584976196289
-0.010009765625,0.826416015625,-0.1005859375,-0.8544921875,-46.32568359375,20.08056640625,-5.111793041229248,89.67213439941406,-58.96331024169922
-0.005126953125,0.8857421875,-0.1396484375,1.953125,-49.560546875,8.4228515625,-4.927974224090576,90.2120590209961,-61.03667449951172
-0.08837890625,1.012939453125,-0.145751953125,8.4228515625,-65.61279296875,-23.74267578125,-3.55538010597229,91.04450988769531,-63.67824172973633
-0.05029296875,1.02685546875,-0.178466796875,9.765625,-68.42041015625,-36.43798828125,-1.7749000787734983,91.895751953125,-66.39341735839844
0.011474609375,1.077880859375,-0.19384765625,9.8876953125,-66.7724609375,-27.64892578125,-0.7597318887710571,92.61572265625,-68.98204040527344
-0.010498046875,0.96826171875,-0.1533203125,15.13671875,-70.556640625,-5.31005859375,-0.3347745835781097,93.48641204833984,-71.79017639160156
-0.073486328125,0.86328125,-0.220458984375,22.76611328125,-80.078125,-6.34765625,0.3593522906303406,94.80953216552734,-74.96459197998047
-0.0390625,0.88623046875,-0.2119140625,25.634765625,-77.392578125,-9.58251953125,1.1193292140960691,96.16657257080078,-77.82750701904297
-0.08544921875,0.82666015625,-0.207763671875,26.30615234375,-59.14306640625,-15.44189453125,2.200486183166504,97.45189666748048,-80.09339141845703
-0.182861328125,0.84228515625,-0.1865234375,37.841796875,-63.65966796875,-28.1982421875,4.070098876953125,99.01807403564452,-82.43865203857422
-0.1640625,0.976318359375,-0.158935546875,47.2412109375,-82.09228515625,-31.494140625,5.867697715759277,100.52516174316406,-85.66287231445312
-0.08203125,1.0498046875,-0.1435546875,28.38134765625,-88.80615234375,-7.8125,6.7931809425354,101.15414428710938,-89.12249755859375
-0.0556640625,0.9140625,-0.139404296875,13.0615234375,-84.716796875,13.24462890625,6.806369304656982,101.15179443359376,-92.5857391357422
-0.04736328125,0.746826171875,-0.1728515625,12.6953125,-80.810546875,26.0009765625,6.281230926513673,101.4241943359375,-95.9389877319336
-0.10595703125,0.768798828125,-0.177734375,18.310546875,-78.55224609375,33.14208984375,5.683708190917969,101.85318756103516,-99.29820251464844
-0.213134765625,0.865234375,-0.198974609375,11.23046875,-75.927734375,36.9873046875,5.187150478363037,102.01737213134766,-102.59011840820312
-0.27880859375,0.984130859375,-0.133544921875,0.3662109375,-87.34130859375,28.80859375,5.22533130645752,101.16014099121094,-106.49365997314452
-0.215087890625,1.096923828125,-0.116943359375,-23.8037109375,-103.94287109375,24.90234375,5.240127086639403,99.60009002685548,-110.80281066894531
-0.19580078125,0.959716796875,-0.1396484375,-28.13720703125,-104.91943359375,38.63525390625,4.617651462554932,98.02725219726562,-115.2140121459961
-0.18896484375,0.94384765625,-0.144287109375,-15.07568359375,-101.5625,49.1943359375,3.3871254920959477,97.34893035888672,-119.41417694091795
-0.22265625,0.9287109375,-0.168701171875,0.42724609375,-84.1064453125,47.54638671875,2.336292028427124,97.28572082519531,-122.99698638916016
-0.177001953125,0.924560546875,-0.13232421875,10.07080078125,-72.1435546875,35.888671875,1.6324365139007568,97.60132598876952,-126.0483856201172
-0.1298828125,0.926025390625,-0.09423828125,8.60595703125,-60.60791015625,16.845703125,1.6995041370391846,97.74750518798828,-128.41842651367188
-0.091064453125,1.017578125,-0.1181640625,-2.685546875,-54.3212890625,3.96728515625,1.9715198278427124,97.5101089477539,-130.59602355957028
-0.13671875,1.121826171875,-0.12109375,-18.37158203125,-49.6826171875,9.70458984375,2.033925294876098,96.6352767944336,-132.62197875976562
-0.148193359375,1.125,-0.114990234375,-26.4892578125,-47.4853515625,16.66259765625,1.7656126022338867,95.37982177734376,-134.58270263671878
-0.13330078125,0.967529296875,-0.097900390625,-23.8037109375,-45.41015625,16.54052734375,1.5077601671218872,94.374267578125,-136.45391845703122
-0.100830078125,0.887451171875,-0.100341796875,-16.845703125,-43.0908203125,4.33349609375,1.6581292152404783,93.7191925048828,-138.18617248535156
-0.121337890625,1.016357421875,-0.11962890625,-10.498046875,-39.9169921875,-5.615234375,2.2558248043060303,93.42996215820312,-139.57772827148438
-0.177490234375,1.07275390625,-0.125732421875,-10.31494140625,-22.76611328125,-3.47900390625,2.7292723655700684,93.09071350097656,-140.47650146484378
-0.1884765625,0.994873046875,-0.119384765625,-0.732421875,-18.4326171875,-0.244140625,3.0949339866638184,93.15560150146484,-141.20753479003906
-0.178955078125,1.027099609375,-0.086181640625,10.19287109375,-20.3857421875,-0.42724609375,3.4503514766693115,93.625244140625,-142.0391387939453
-0.16748046875,1.0595703125,-0.0751953125,12.3291015625,-20.3857421875,0.9765625,3.6869654655456543,94.0692367553711,-142.8566436767578
-0.15625,1.07177734375,-0.10595703125,6.7138671875,-17.333984375,1.46484375,3.8626432418823238,94.33876037597656,-143.55113220214844
-0.20361328125,1.11328125,-0.08544921875,-0.91552734375,-17.7001953125,5.4931640625,3.799890756607056,94.2264404296875,-144.2690887451172
-0.16357421875,1.010498046875,-0.110107421875,4.2724609375,-14.2822265625,23.92578125,3.105362892150879,94.42169952392578,-144.91131591796875
-0.0966796875,0.94189453125,-0.139404296875,18.49365234375,-11.71875,28.6865234375,2.1140096187591557,95.27898406982422,-145.47145080566406
-0.099609375,1.0166015625,-0.14208984375,22.94921875,-9.27734375,22.52197265625,1.4203495979309082,96.1795654296875,-145.8404998779297
-0.115478515625,1.10595703125,-0.174072265625,-0.42724609375,0.67138671875,26.7333984375,0.5355881452560425,96.25531768798828,-145.93133544921875
-0.099609375,0.986572265625,-0.174072265625,-25.7568359375,10.68115234375,38.26904296875,-0.8222391605377197,95.3573760986328,-145.66749572753906
-0.034423828125,0.9248046875,-0.13623046875,-45.47119140625,14.46533203125,36.865234375,-2.0800309181213383,93.45988464355469,-145.12770080566406
-0.03955078125,0.920654296875,-0.155029296875,-53.28369140625,20.93505859375,20.263671875,-2.747454166412353,91.52203369140624,-144.3405303955078
-0.140869140625,0.977783203125,-0.18896484375,-35.0341796875,18.9208984375,12.87841796875,-2.851512908935547,90.43915557861328,-143.61610412597656
-0.058837890625,0.9248046875,-0.1826171875,-11.23046875,11.474609375,20.69091796875,-3.6175148487091056,90.69500732421876,-143.2184295654297
0.07666015625,0.825927734375,-0.108642578125,13.48876953125,6.591796875,20.751953125,-4.515822887420653,91.47110748291016,-142.98902893066406
0.05126953125,0.864990234375,-0.03466796875,12.14599609375,4.150390625,-5.92041015625,-4.240156173706056,91.96109008789062,-142.8160400390625
-0.106201171875,1.238525390625,-0.049072265625,-4.21142578125,-3.84521484375,-31.1279296875,-2.460906982421875,91.55091094970705,-143.13462829589844
-0.125732421875,1.302978515625,-0.162841796875,-32.71484375,-26.123046875,-13.73291015625,-1.5781627893447876,90.48443603515624,-144.18106079101562
0.00390625,1.073486328125,-0.17138671875,-37.53662109375,-30.6396484375,25.69580078125,-2.5460798740386963,89.35320281982422,-145.41905212402344
0.032470703125,0.864990234375,-0.087890625,-23.62060546875,-22.4609375,43.27392578125,-4.0952205657958975,88.97393035888672,-146.19699096679688
-0.123291015625,0.99072265625,-0.0234375,1.0986328125,-22.8271484375,8.72802734375,-4.0135345458984375,89.16145324707031,-147.11422729492188
-0.1318359375,1.12109375,-0.0712890625,0.3662109375,-32.89794921875,-16.9677734375,-2.9260799884796143,89.41871643066406,-148.45037841796875
-0.01904296875,1.08740234375,-0.10693359375,-9.765625,-32.53173828125,-12.02392578125,-2.714385986328125,89.21845245361328,-149.67593383789062
0.069580078125,1.0517578125,-0.007568359375,-41.3818359375,-30.6396484375,22.27783203125,-5.808634281158447,85.74363708496094,-154.60919189453125
0.0673828125,0.865478515625,-0.0302734375,-39.97802734375,-16.9677734375,17.76123046875,-6.516533851623535,84.44581604003906,-155.25538635253906
0.115234375,0.847900390625,0.051513671875,-25.45166015625,-16.2353515625,6.34765625,-5.056176662445068,82.65290832519531,-155.96435546875
0.039794921875,0.977294921875,-0.0078125,-7.38525390625,-31.8603515625,-21.8505859375,-4.241765022277832,82.7647705078125,-157.36782836914062
0.0634765625,1.111572265625,-0.12890625,-13.85498046875,-30.70068359375,-24.47509765625,-3.387312650680542,82.83209991455078,-158.74859619140625
0.0126953125,1.069091796875,-0.130615234375,-32.958984375,-17.822265625,-2.8076171875,-3.53066635131836,81.92515563964844,-159.34666442871094
0.078857421875,0.685791015625,-0.0751953125,-9.1552734375,-45.83740234375,0.42724609375,-2.609350204467773,81.30303955078125,-164.99911499023438
0.04443359375,0.819091796875,-0.032470703125,-13.48876953125,-33.5693359375,4.8828125,-3.021417617797852,81.24604797363281,-166.318603515625
0.099609375,0.897705078125,-0.0576171875,-8.11767578125,-24.84130859375,3.84521484375,-3.1005256175994877,81.58588409423828,-167.06536865234375
-0.220703125,0.8984375,-0.013671875,-7.568359375,-8.36181640625,2.50244140625,-2.586387634277344,81.642578125,-167.40309143066406
-0.152099609375,1.031982421875,-0.06982421875,-6.40869140625,-10.986328125,1.89208984375,-2.2920968532562256,81.86822509765625,-167.849609375
-0.054931640625,1.00927734375,-0.01416015625,-8.60595703125,-3.41796875,1.89208984375,-1.91706657409668,81.74549102783203,-167.87120056152344
-0.064453125,1.079833984375,-0.149658203125,-4.39453125,-4.0283203125,0.0,-1.7313377857208252,82.19397735595703,-168.05157470703125
-0.10107421875,1.07421875,-0.131591796875,-5.31005859375,-4.39453125,0.3662109375,-1.4904518127441406,82.55204010009766,-168.2412872314453
-0.0556640625,1.007568359375,-0.10791015625,-7.14111328125,-4.0283203125,1.46484375,-1.5608807802200315,82.55255889892578,-168.39295959472656
-0.03564453125,0.976318359375,-0.04248046875,-7.01904296875,-4.150390625,1.64794921875,-0.609843373298645,84.29359436035156,-179.81568908691406
-0.044921875,0.98779296875,-0.047119140625,-7.2021484375,-3.90625,1.953125,-0.5751821994781494,84.32600402832031,-179.96755981445312
-0.042236328125,0.98095703125,-0.062744140625,-7.50732421875,-4.08935546875,2.197265625,-0.6035751104354858,84.33086395263672,-180.15185546875
-0.036865234375,0.98046875,-0.062744140625,-7.14111328125,-4.08935546875,2.197265625,-0.522430956363678,84.33369445800781,-184.2874298095703
-0.05126953125,0.9775390625,-0.050537109375,-7.9345703125,-3.96728515625,2.197265625,-0.4853339791297913,84.3438949584961,-184.4404754638672
-0.030517578125,0.992431640625,-0.049560546875,-7.26318359375,-4.39453125,2.44140625,-0.4708216488361359,84.3340072631836,-184.61712646484372
