0.01904296875,0.9931640625,0.05859375,-9.21630859375,-4.94384765625,2.01416015625,-4.225938796997069,78.1478271484375,-187.5637664794922
0.023681640625,0.991455078125,0.0673828125,-8.48388671875,-4.69970703125,2.01416015625,-4.230004787445068,78.12242889404297,-187.7547149658203
0.0322265625,0.9794921875,0.05712890625,-7.568359375,-4.150390625,1.77001953125,-4.240598678588866,78.15481567382812,-187.92767333984372
0.02197265625,0.99169921875,0.07666015625,-8.85009765625,-4.5166015625,1.77001953125,-4.228965759277344,78.09310913085938,-188.1119537353516
0.015625,0.9931640625,0.055419921875,-8.7890625,-4.45556640625,2.3193359375,-4.2248802185058585,78.08421325683594,-188.2930145263672
0.02490234375,0.993896484375,0.072021484375,-8.6669921875,-5.18798828125,2.197265625,-4.242856979370116,78.0451889038086,171.4990692138672
0.024658203125,0.978759765625,0.05859375,-8.23974609375,-4.94384765625,1.708984375,-4.239795207977295,78.05274963378906,171.2944793701172
0.01171875,0.982177734375,0.05517578125,-9.27734375,-3.90625,2.38037109375,-4.224745750427246,78.02349090576172,171.13543701171875
0.0322265625,0.991455078125,0.056396484375,-8.60595703125,-4.7607421875,1.77001953125,-4.240005493164063,78.02330780029297,170.93820190429688
0.020263671875,1.000244140625,0.057861328125,-7.9345703125,-4.8828125,2.3193359375,-4.24930477142334,78.04798889160156,170.74063110351562
0.01220703125,0.989990234375,0.06298828125,-9.09423828125,-4.638671875,1.953125,-4.22390079498291,78.0118637084961,170.55050659179688
0.021484375,0.984619140625,0.0693359375,-7.62939453125,-4.7607421875,2.01416015625,-4.224201679229736,78.02062225341797,170.35743713378906
0.023193359375,0.996337890625,0.068603515625,-9.46044921875,-4.57763671875,1.89208984375,-4.221662998199463,77.95890045166016,170.17031860351562
0.026611328125,0.989990234375,0.0537109375,-8.48388671875,-4.69970703125,1.953125,-4.2312355041503915,77.9718017578125,169.97645568847656
0.0087890625,0.981201171875,0.055419921875,-8.30078125,-5.2490234375,2.01416015625,-4.206631660461427,77.9881591796875,169.76170349121094
0.0166015625,1.001953125,0.05859375,-8.4228515625,-4.638671875,2.197265625,-4.20226526260376,77.99256896972656,169.57298278808594
0.02490234375,0.98779296875,0.0771484375,-8.11767578125,-4.33349609375,2.01416015625,-4.207519054412842,77.96395111083984,169.39808654785156
0.02490234375,0.9833984375,0.0654296875,-9.1552734375,-4.82177734375,2.3193359375,-4.2291412353515625,77.92228698730469,169.20457458496094
0.016357421875,0.988525390625,0.070556640625,-8.4228515625,-4.94384765625,1.77001953125,-4.2096219062805185,77.90141296386719,169.00230407714844
0.017822265625,0.968017578125,0.06591796875,-8.7890625,-4.39453125,1.5869140625,-4.183595657348634,77.87252044677734,168.81964111328125
0.02685546875,0.9951171875,0.0595703125,-8.97216796875,-4.94384765625,2.44140625,-4.216143608093262,77.85699462890625,168.62132263183594
0.028564453125,0.989013671875,0.068115234375,-8.4228515625,-4.8828125,2.13623046875,-4.239086151123047,77.84384155273438,168.4241943359375
0.013916015625,0.994873046875,0.064208984375,-8.30078125,-4.69970703125,1.8310546875,-4.214163303375243,77.84559631347656,168.23072814941406
0.01904296875,0.9833984375,0.073974609375,-8.056640625,-4.39453125,1.89208984375,-4.2019782066345215,77.83200073242188,168.0516815185547
0.01611328125,1.000244140625,0.04931640625,-9.033203125,-4.8828125,2.25830078125,-4.201927661895752,77.83943176269531,167.852294921875
0.007568359375,0.9931640625,0.04736328125,-9.521484375,-5.37109375,2.685546875,-4.203415870666504,77.83184814453125,167.63694763183594
0.058837890625,0.958740234375,0.092041015625,-8.36181640625,-4.21142578125,2.0751953125,-4.291632652282715,77.75884246826172,167.4705047607422
0.027099609375,1.003662109375,0.053955078125,-8.60595703125,-4.638671875,2.3193359375,-4.313156127929688,77.7757568359375,167.2813720703125
0.022705078125,0.998779296875,0.052978515625,-8.48388671875,-4.57763671875,2.50244140625,-4.3307881355285645,77.79823303222656,167.0959014892578
-0.06201171875,0.968994140625,0.101318359375,-7.8125,-4.69970703125,1.708984375,-4.121806144714356,77.73098754882812,166.906982421875
-0.11279296875,0.985595703125,0.103515625,-6.8359375,-21.8505859375,4.45556640625,-4.059573173522948,77.7493667602539,166.06932067871094
-0.05419921875,1.00732421875,0.048828125,-2.8076171875,-32.40966796875,13.24462890625,-4.561639785766602,78.08523559570312,164.8809051513672
0.052734375,1.044189453125,0.073974609375,-9.27734375,-32.77587890625,21.05712890625,-5.583069324493408,78.11084747314453,163.73983764648438
-0.002685546875,1.009765625,0.020751953125,-10.3759765625,-16.29638671875,42.3583984375,-7.143874168395996,78.13961029052734,163.40191650390625
0.044677734375,0.975341796875,0.08837890625,-6.89697265625,-1.0986328125,59.4482421875,-9.294161796569824,78.05145263671875,163.81387329101562
0.0712890625,0.979736328125,0.05615234375,-1.77001953125,2.13623046875,66.34521484375,-11.665363311767578,78.1968002319336,164.39097595214844
0.095947265625,0.984130859375,0.05029296875,-3.7841796875,-2.99072265625,64.63623046875,-13.974813461303713,78.29554748535156,164.7317352294922
0.10546875,0.9326171875,0.06640625,-2.9296875,-10.1318359375,62.255859375,-16.190519332885742,78.44627380371094,164.75914001464844
0.197509765625,0.903564453125,0.04443359375,14.2822265625,-9.8876953125,66.46728515625,-18.715429306030273,79.3167724609375,164.78565979003906
0.26513671875,0.850830078125,0.060302734375,25.390625,-14.2822265625,60.60791015625,-21.134679794311523,80.63402557373047,164.5462188720703
0.090576171875,0.957763671875,-0.021484375,35.2783203125,-21.484375,43.51806640625,-22.363882064819336,82.7154312133789,163.74700927734375
0.192626953125,0.943115234375,0.012939453125,41.015625,-30.94482421875,36.07177734375,-23.49348258972168,85.06710052490234,162.48037719726562
0.189208984375,1.011962890625,-0.03662109375,36.0107421875,-26.0009765625,33.50830078125,-24.3846492767334,87.20817565917969,161.3332977294922
0.186767578125,1.01025390625,-0.00341796875,29.541015625,-28.80859375,30.029296875,-25.06446647644043,89.01203918457031,160.064697265625
0.26025390625,1.0478515625,-0.03466796875,21.8505859375,-21.240234375,29.23583984375,-25.78840637207031,90.3929214477539,159.08456420898438
0.25,1.054931640625,-0.046142578125,20.93505859375,-16.05224609375,22.8271484375,-26.1893367767334,91.62433624267578,158.32032775878906
0.2548828125,1.06982421875,-0.078857421875,22.4609375,-17.88330078125,13.0615234375,-26.1697940826416,92.97844696044922,157.4610137939453
0.2861328125,1.119873046875,-0.084228515625,27.9541015625,-11.90185546875,30.70068359375,-26.88605690002441,94.4120635986328,156.82366943359375
0.3095703125,1.145751953125,-0.115966796875,32.958984375,-22.39990234375,38.330078125,-27.848838806152344,96.30744934082031,155.6392364501953
0.375244140625,1.137939453125,-0.14111328125,40.58837890625,-33.38623046875,50.537109375,-29.27524185180664,98.81224060058594,153.8212432861328
0.388916015625,1.081787109375,-0.161376953125,56.82373046875,-37.53662109375,71.59423828125,-31.410837173461914,102.22406768798828,151.51998901367188
0.391845703125,1.101806640625,-0.154541015625,65.673828125,-33.203125,76.171875,-33.551990509033196,105.93592071533205,149.22499084472656
0.410888671875,1.05322265625,-0.16259765625,69.2138671875,-42.54150390625,64.453125,-34.980850219726555,110.0105972290039,146.49935913085938
0.3916015625,1.0078125,-0.220947265625,74.89013671875,-41.56494140625,53.16162109375,-35.76399230957031,114.30191040039062,143.8522186279297
0.408203125,1.015380859375,-0.282470703125,74.03564453125,-36.07177734375,47.42431640625,-36.25596618652344,118.3966293334961,141.4733123779297
0.408935546875,0.934326171875,-0.305908203125,72.32666015625,-28.62548828125,50.6591796875,-36.90040588378906,122.2991714477539,139.26786804199222
0.40478515625,0.901123046875,-0.30859375,70.1904296875,-27.03857421875,61.09619140625,-37.79307556152344,126.21334075927734,136.80221557617188
0.444091796875,0.871826171875,-0.32080078125,67.56591796875,-29.60205078125,64.63623046875,-38.65437698364258,130.17636108398438,134.04444885253906
0.435791015625,0.8427734375,-0.352294921875,63.53759765625,-26.7333984375,69.2138671875,-39.528846740722656,134.06655883789062,131.14692687988278
0.442138671875,0.781982421875,-0.38525390625,59.38720703125,-23.8037109375,68.2373046875,-40.30460739135742,137.82014465332028,128.26060485839844
0.444091796875,0.71240234375,-0.384033203125,59.63134765625,-24.169921875,70.86181640625,-41.01487731933594,141.71881103515625,125.1703643798828
0.4736328125,0.72900390625,-0.3984375,54.38232421875,-25.390625,68.78662109375,-41.49382400512695,145.33331298828125,122.11572265625
0.44873046875,0.6865234375,-0.41162109375,43.64013671875,-18.4326171875,70.1904296875,-42.04755401611328,148.43798828125,119.16529083251952
0.435546875,0.639404296875,-0.40673828125,35.7666015625,-14.5263671875,68.66455078125,-42.58363342285156,151.1260986328125,116.35491180419922
0.430419921875,0.647705078125,-0.38720703125,26.67236328125,-13.85498046875,62.92724609375,-42.94713973999024,153.13157653808594,113.89952087402344
0.439208984375,0.568603515625,-0.406982421875,26.79443359375,-23.01025390625,54.6875,-42.79898452758789,155.18826293945312,111.50386810302734
0.43994140625,0.55078125,-0.431396484375,30.2734375,-28.50341796875,53.22265625,-42.3423080444336,157.42015075683594,109.05543518066406
0.44189453125,0.564697265625,-0.435302734375,28.6865234375,-29.6630859375,52.67333984375,-41.77788925170898,159.43601989746094,106.71052551269531
0.43798828125,0.520263671875,-0.452880859375,17.63916015625,-22.15576171875,52.8564453125,-41.44893646240234,160.95431518554688,104.46929931640624
0.4453125,0.524658203125,-0.461669921875,9.70458984375,-18.06640625,49.560546875,-41.20890426635742,161.9336395263672,102.5019073486328
0.455810546875,0.52001953125,-0.473388671875,6.34765625,-19.04296875,39.48974609375,-40.805572509765625,162.44273376464844,101.03034973144531
0.46630859375,0.506591796875,-0.464599609375,7.32421875,-18.24951171875,25.81787109375,-40.320987701416016,162.52235412597656,100.25973510742188
0.474365234375,0.503173828125,-0.49072265625,9.94873046875,-17.9443359375,18.310546875,-39.7524299621582,162.51304626464844,99.82770538330078
0.470458984375,0.53076171875,-0.4833984375,11.41357421875,-15.93017578125,10.19287109375,-39.175254821777344,162.1957244873047,99.87583923339844
0.4580078125,0.550048828125,-0.507568359375,0.244140625,-10.498046875,3.7841796875,-38.67329788208008,161.1826629638672,100.3058624267578
0.46435546875,0.51416015625,-0.52099609375,-8.97216796875,-5.37109375,6.9580078125,-38.42784118652344,160.0040740966797,100.55408477783205
0.498291015625,0.50927734375,-0.5185546875,-12.6953125,-2.5634765625,10.009765625,-38.41236877441406,158.81256103515625,100.6541519165039
0.50341796875,0.51513671875,-0.532470703125,-11.65771484375,-0.48828125,5.2490234375,-38.39031982421875,157.5555419921875,100.98361206054688
0.5146484375,0.53466796875,-0.5244140625,-8.7890625,-0.48828125,-2.0751953125,-38.27273941040039,156.19129943847656,101.66297912597656
0.52783203125,0.557373046875,-0.520263671875,-10.3759765625,0.9765625,-5.67626953125,-38.15886688232422,154.64248657226562,102.53643035888672
0.53515625,0.5615234375,-0.532958984375,-16.66259765625,1.03759765625,-6.9580078125,-38.00540161132813,152.8865203857422,103.4159927368164
0.541748046875,0.5361328125,-0.531982421875,-19.8974609375,1.03759765625,-5.67626953125,-37.89290618896485,151.16871643066406,104.15310668945312
0.546142578125,0.557861328125,-0.528076171875,-19.71435546875,0.6103515625,-6.591796875,-37.733970642089844,149.4562225341797,104.90711212158205
0.53857421875,0.57373046875,-0.527099609375,-19.59228515625,-2.13623046875,-10.55908203125,-37.364158630371094,147.7226104736328,105.7347640991211
0.526611328125,0.586181640625,-0.52783203125,-19.10400390625,-3.60107421875,-10.55908203125,-36.90834426879883,146.0862579345703,106.47946166992188
0.540283203125,0.56787109375,-0.5283203125,-19.34814453125,-3.5400390625,-8.48388671875,-36.54447937011719,144.6141815185547,107.05520629882812
0.536865234375,0.595703125,-0.5263671875,-18.85986328125,-3.90625,-8.72802734375,-36.13991928100586,143.16807556152344,107.61737060546876
0.541015625,0.61181640625,-0.5146484375,-17.27294921875,-3.7841796875,-8.7890625,-35.75101089477539,141.79513549804688,108.16849517822266
0.533203125,0.61376953125,-0.50537109375,-18.06640625,-2.197265625,-9.1552734375,-35.400360107421875,140.39234924316406,108.7504425048828
0.529296875,0.612060546875,-0.5166015625,-20.08056640625,-1.89208984375,-10.8642578125,-35.00033569335937,138.95799255371094,109.34427642822266
0.533447265625,0.604248046875,-0.50439453125,-19.4091796875,-2.0751953125,-10.6201171875,-34.633468627929695,137.61691284179688,109.88150787353516
0.52734375,0.599609375,-0.509765625,-17.08984375,-3.2958984375,-9.82666015625,-34.244903564453125,136.49005126953122,110.29557037353516
0.53076171875,0.61181640625,-0.499267578125,-18.24951171875,-4.8828125,-15.31982421875,-33.673572540283196,135.24789428710938,110.83497619628906
0.5341796875,0.620849609375,-0.50146484375,-21.6064453125,-4.150390625,-17.578125,-33.06819534301758,133.86776733398438,111.43338012695312
0.505859375,0.6201171875,-0.49462890625,-22.76611328125,-3.90625,-17.76123046875,-32.42721176147461,132.48797607421878,112.00131225585938
0.515380859375,0.64111328125,-0.4990234375,-23.92578125,-8.11767578125,-20.44677734375,-31.604921340942386,131.14103698730472,112.46751403808594
0.5205078125,0.652587890625,-0.48193359375,-24.658203125,-7.4462890625,-20.01953125,-30.85033226013184,129.77459716796878,112.91789245605469
0.4970703125,0.658935546875,-0.47314453125,-25.2685546875,-5.67626953125,-16.9677734375,-30.209821701049805,128.43556213378906,113.30362701416016
0.4951171875,0.6494140625,-0.45361328125,-29.96826171875,-6.591796875,-20.81298828125,-29.464866638183594,126.90911865234376,113.7300033569336
0.488525390625,0.645751953125,-0.46923828125,-36.80419921875,-7.26318359375,-29.541015625,-28.4221248626709,125.12751007080078,114.28587341308594
0.451416015625,0.64599609375,-0.44287109375,-43.64013671875,-3.662109375,-35.2783203125,-27.23739242553711,122.98078155517578,115.06839752197266
0.43603515625,0.611572265625,-0.428466796875,-49.072265625,-1.8310546875,-45.654296875,-25.77648162841797,120.62522888183594,116.0543212890625
0.416748046875,0.617919921875,-0.416748046875,-53.03955078125,-9.27734375,-60.05859375,-23.650920867919922,118.2167739868164,116.9595947265625
0.42236328125,0.641845703125,-0.376953125,-59.75341796875,-20.56884765625,-80.56640625,-20.655080795288086,115.59239959716795,117.73234558105469
0.37548828125,0.644775390625,-0.350341796875,-69.76318359375,-31.73828125,-106.8115234375,-16.513671875,112.69197082519531,118.342529296875
0.337158203125,0.68798828125,-0.325439453125,-75.37841796875,-34.1796875,-118.408203125,-11.91816520690918,109.64495086669922,118.79271697998048
0.302001953125,0.71875,-0.31689453125,-76.72119140625,-24.35302734375,-108.3984375,-7.875244617462157,106.63955688476562,119.21923828125
0.25146484375,0.804443359375,-0.296630859375,-69.15283203125,-20.3857421875,-90.63720703125,-4.513846397399902,103.97603607177734,119.39496612548828
0.232666015625,0.85498046875,-0.29345703125,-65.00244140625,-22.5830078125,-89.35546875,-1.2349745035171509,101.5558624267578,119.31153869628906
0.1962890625,0.850830078125,-0.29833984375,-61.70654296875,-23.5595703125,-88.9892578125,1.986832857131958,99.37179565429688,119.04727935791016
0.187255859375,0.86865234375,-0.32958984375,-60.546875,-27.9541015625,-79.52880859375,4.761475086212158,97.340576171875,118.43961334228516
0.14306640625,0.8681640625,-0.331298828125,-60.6689453125,-21.30126953125,-54.6875,6.4971275329589835,95.3712921142578,117.893798828125
0.142822265625,0.889892578125,-0.30029296875,-60.4248046875,-22.39990234375,-36.7431640625,7.4406185150146475,93.36710357666016,117.181884765625
0.135498046875,0.890625,-0.28955078125,-63.4765625,-25.146484375,-25.390625,7.890677452087402,91.2612533569336,116.2991943359375
0.154296875,0.923583984375,-0.273193359375,-65.36865234375,-24.23095703125,-22.76611328125,8.151510238647461,89.09434509277344,115.4214324951172
0.14501953125,0.962158203125,-0.26171875,-64.3310546875,-20.8740234375,-22.216796875,8.381425857543945,87.01622772216797,114.65253448486328
0.150146484375,0.9697265625,-0.234375,-64.14794921875,-18.98193359375,-30.029296875,8.877106666564941,84.96101379394531,113.91253662109376
0.11572265625,0.955810546875,-0.2109375,-66.22314453125,-13.85498046875,-30.57861328125,9.437743186950684,82.8794174194336,113.34463500976562
0.114990234375,0.96240234375,-0.212646484375,-63.96484375,-11.04736328125,-26.7333984375,9.825136184692383,80.97915649414062,112.88867950439452
0.109130859375,0.983642578125,-0.18017578125,-56.57958984375,-9.033203125,-20.263671875,9.954978942871094,79.3822250366211,112.52860260009766
0.123779296875,1.01416015625,-0.158935546875,-53.28369140625,-12.6953125,-19.47021484375,9.982367515563963,77.89334869384766,112.01106262207031
0.097900390625,1.033203125,-0.14306640625,-51.8798828125,-8.544921875,-13.18359375,9.842535018920898,76.51619720458984,111.6994171142578
0.10498046875,1.04296875,-0.15283203125,-46.32568359375,-9.09423828125,-8.60595703125,9.507232666015623,75.43309783935547,111.4096908569336
0.09033203125,1.058349609375,-0.132568359375,-40.771484375,-15.2587890625,-8.48388671875,9.140666961669922,74.5308609008789,110.86888122558594
0.103515625,1.0673828125,-0.14990234375,-35.5224609375,-13.7939453125,-5.31005859375,8.651213645935059,73.92070770263672,110.4217758178711
0.098388671875,1.06494140625,-0.13623046875,-33.69140625,-13.916015625,-4.45556640625,8.148422241210938,73.38516235351562,109.97091674804688
0.08544921875,1.0791015625,-0.11181640625,-32.40966796875,-12.51220703125,-5.2490234375,7.731016159057617,72.88070678710938,109.552978515625
0.08154296875,1.056640625,-0.112060546875,-29.47998046875,-9.6435546875,-2.01416015625,7.240668296813965,72.5398941040039,109.28023529052734
0.1005859375,1.05224609375,-0.106689453125,-21.05712890625,-10.68115234375,-0.30517578125,6.648661136627197,72.53727722167969,108.9797592163086
0.07275390625,1.031982421875,-0.0849609375,-15.44189453125,-7.6904296875,3.35693359375,6.027377605438232,72.74139404296875,108.8233871459961
0.065185546875,1.035888671875,-0.074951171875,-13.18359375,-8.7890625,5.37109375,5.355623245239258,73.00743103027344,108.63521575927734
0.08203125,1.026611328125,-0.059814453125,-16.17431640625,-9.94873046875,6.591796875,4.6102943420410165,73.11272430419922,108.40290832519531
0.06005859375,1.0048828125,-0.07080078125,-15.2587890625,-8.36181640625,9.82666015625,3.8336222171783447,73.28753662109375,108.2593765258789
0.041748046875,1.035400390625,-0.02490234375,-11.962890625,-8.11767578125,11.16943359375,3.078481435775757,73.49259185791016,108.12091827392578
0.0673828125,1.0458984375,-0.03125,-14.95361328125,-6.40869140625,12.26806640625,2.2751309871673584,73.58786010742188,108.050537109375
0.08642578125,1.021728515625,-0.052490234375,-12.8173828125,-7.8125,12.3291015625,1.4400267601013184,73.80915069580078,107.91698455810548
0.442626953125,1.288330078125,0.835205078125,-12.51220703125,6.77490234375,17.822265625,0.15476100146770475,72.67146301269531,108.37281799316406
0.10791015625,1.101318359375,-0.216064453125,17.822265625,-20.1416015625,-16.54052734375,0.33997493982315063,74.4464111328125,107.41444396972656
0.067138671875,1.020263671875,-0.131591796875,10.3759765625,-8.544921875,-12.939453125,0.591711163520813,75.72853088378906,106.95624542236328
0.072265625,1.0888671875,-0.08544921875,-3.35693359375,-10.3759765625,-18.6767578125,1.0436379909515379,76.30365753173828,106.38214111328124
0.0498046875,1.010498046875,-0.11376953125,-10.986328125,-8.1787109375,-19.59228515625,1.5780929327011108,76.6219482421875,105.8969268798828
0.047607421875,0.990234375,-0.112548828125,-16.7236328125,-9.6435546875,-17.4560546875,2.000860452651977,76.6956787109375,105.38361358642578
0.021728515625,1.0107421875,-0.0859375,-20.32470703125,-11.1083984375,-17.76123046875,2.4648761749267583,76.5562744140625,104.8134765625
0.019287109375,0.989501953125,-0.075439453125,-20.1416015625,-16.66259765625,-16.54052734375,2.8157827854156494,76.39659118652344,104.0416488647461
0.000244140625,1.0048828125,-0.0576171875,-20.1416015625,-12.939453125,-2.74658203125,3.079517602920532,75.75526428222656,101.3034210205078
-0.005615234375,1.003173828125,-0.041259765625,-24.2919921875,-14.09912109375,0.9765625,2.798821449279785,75.39379119873047,100.80074310302734
0.0087890625,0.990966796875,-0.060546875,-20.08056640625,-13.73291015625,3.0517578125,2.418125867843628,75.26225280761719,100.33351135253906
0.0615234375,0.971435546875,0.038818359375,-30.2734375,5.18798828125,7.14111328125,-2.2900331020355225,72.00790405273438,101.5176239013672
0.048095703125,0.994873046875,0.051513671875,-29.9072265625,3.0517578125,2.50244140625,-2.368547916412353,71.38252258300781,101.64196014404295
0.057373046875,1.02587890625,0.045166015625,-33.3251953125,-2.0751953125,2.685546875,-2.5327844619750977,70.66985321044922,101.57263946533205
0.54052734375,0.904541015625,0.15673828125,-65.49072265625,11.90185546875,-35.0341796875,-2.1250364780426025,68.36617279052734,101.54405212402344
0.116455078125,-0.166748046875,0.711181640625,-45.5322265625,4.08935546875,34.912109375,-3.6774728298187256,64.28399658203125,102.34770965576172
-0.059326171875,1.020751953125,-0.06201171875,-3.60107421875,-19.47021484375,5.859375,-3.9579694271087646,65.27912139892578,101.67057037353516
0.05029296875,0.979248046875,0.084228515625,-9.8876953125,-5.67626953125,1.03759765625,-4.056435108184815,65.65557861328125,101.42771911621094
0.030517578125,0.979248046875,0.036865234375,-8.056640625,-4.57763671875,0.06103515625,-4.0532965660095215,66.19300842285156,101.20069122314452
0.036865234375,0.958984375,0.096923828125,-8.72802734375,-12.51220703125,1.77001953125,-4.249512672424316,66.567626953125,100.71934509277344
0.03076171875,1.008056640625,0.048828125,-6.591796875,-6.9580078125,1.89208984375,-4.3376712799072275,67.11258697509766,100.43318176269531
0.060546875,0.99365234375,0.05810546875,-7.8125,-8.60595703125,2.01416015625,-4.517800807952881,67.57089233398439,100.088134765625
0.062255859375,0.96826171875,0.0478515625,-7.14111328125,-3.41796875,2.01416015625,-4.619018077850342,68.04362487792969,99.9318389892578
-0.003173828125,0.99951171875,0.0654296875,-7.32421875,-3.96728515625,0.9765625,-4.53136157989502,68.46119689941406,99.74162292480469
0.041748046875,0.963134765625,0.0966796875,-8.48388671875,-3.84521484375,1.220703125,-4.55625581741333,68.73935699462889,99.56721496582031
0.02099609375,0.9814453125,0.074462890625,-8.23974609375,-3.84521484375,1.953125,-4.558388233184815,69.06964874267578,99.3990707397461
0.029541015625,0.99365234375,0.053466796875,-7.9345703125,-4.33349609375,1.89208984375,-4.584039688110352,69.44894409179689,99.20814514160156
0.03271484375,1.0029296875,0.06494140625,-8.1787109375,-4.5166015625,1.708984375,-4.60909366607666,69.78124237060547,99.0096664428711
0.041748046875,0.995849609375,0.057373046875,-7.99560546875,-4.2724609375,1.64794921875,-4.647895812988281,70.12284851074219,98.81835174560548
0.029052734375,0.979248046875,0.0732421875,-7.8125,-3.7841796875,2.01416015625,-4.662764072418213,70.41964721679688,98.6533432006836
0.02783203125,0.9931640625,0.066162109375,-7.62939453125,-4.150390625,1.5869140625,-4.661644458770752,70.73197937011719,98.46746826171876
0.03662109375,0.9853515625,0.0615234375,-8.6669921875,-4.39453125,1.953125,-4.697481155395508,71.00028228759766,98.27674865722656
0.033935546875,0.97216796875,0.054443359375,-8.30078125,-4.39453125,1.89208984375,-4.72396183013916,71.2872543334961,98.08391571044922
0.02587890625,0.991943359375,0.0673828125,-8.1787109375,-4.33349609375,2.01416015625,-4.731815814971924,71.54183959960938,97.89707946777344
0.028564453125,0.993896484375,0.07275390625,-8.48388671875,-4.21142578125,1.8310546875,-4.735870838165283,71.76261138916016,97.71373748779295
0.020263671875,0.999755859375,0.048095703125,-7.26318359375,-5.0048828125,1.8310546875,-4.730729103088379,72.08155822753906,97.49567413330078
0.02978515625,0.998779296875,0.051513671875,-7.75146484375,-4.33349609375,2.38037109375,-4.758881568908691,72.35833740234375,97.31096649169922
0.0380859375,0.982421875,0.065673828125,-8.7890625,-4.638671875,2.3193359375,-4.805967330932617,72.55028533935547,97.11661529541016
0.038330078125,0.9892578125,0.05615234375,-7.8125,-4.150390625,1.64794921875,-4.81964111328125,72.79535675048828,96.93084716796876
0.03076171875,0.998046875,0.06591796875,-7.14111328125,-4.45556640625,1.52587890625,-4.812509059906006,73.03852844238281,96.73383331298828
0.029541015625,0.989013671875,0.059814453125,-7.38525390625,-4.57763671875,1.708984375,-4.8113365173339835,73.27508544921875,96.5335693359375
0.04345703125,0.99169921875,0.074951171875,-8.11767578125,-4.45556640625,2.01416015625,-4.850609302520752,73.4388198852539,96.3446807861328
0.026611328125,0.998779296875,0.06787109375,-8.72802734375,-4.5166015625,2.25830078125,-4.859417915344238,73.58912658691406,96.15448760986328
0.037353515625,0.985107421875,0.07763671875,-8.23974609375,-4.8828125,2.25830078125,-4.89644718170166,73.73006439208984,95.95235443115234
0.03173828125,0.98681640625,0.071044921875,-8.36181640625,-4.08935546875,1.708984375,-4.8890724182128915,73.87386322021484,95.7732391357422
0.025634765625,0.9765625,0.068359375,-7.9345703125,-4.33349609375,1.0986328125,-4.847496032714844,74.03495025634766,95.57786560058594
0.04296875,0.98583984375,0.064208984375,-8.60595703125,-4.69970703125,1.52587890625,-4.866765975952148,74.17424011230469,95.37278747558594
0.03125,0.99658203125,0.0673828125,-7.8125,-4.39453125,1.89208984375,-4.867814540863037,74.33321380615234,95.1838836669922
0.030517578125,0.984375,0.06103515625,-7.9345703125,-4.39453125,2.38037109375,-4.886506080627441,74.49322509765625,94.99929809570312
0.052978515625,0.984130859375,0.05517578125,-8.60595703125,-5.06591796875,1.46484375,-4.927679538726807,74.63609313964844,94.77803802490234
0.02392578125,1.010986328125,0.047607421875,-8.60595703125,-4.39453125,1.708984375,-4.901235103607178,74.79180145263672,94.5832977294922
0.02099609375,0.994140625,0.0595703125,-7.6904296875,-4.94384765625,1.77001953125,-4.877047061920166,74.95091247558594,94.37078857421876
0.03759765625,0.997802734375,0.049560546875,-7.38525390625,-3.96728515625,1.46484375,-4.869367599487305,75.1356201171875,94.19159698486328
0.0322265625,0.989013671875,0.063232421875,-7.99560546875,-4.21142578125,1.8310546875,-4.8659634590148935,75.25747680664062,94.00968170166016
0.034912109375,0.98291015625,0.06298828125,-7.8125,-4.69970703125,2.5634765625,-4.90207052230835,75.38256072998047,93.81637573242188
0.037109375,0.984130859375,0.0546875,-8.6669921875,-4.82177734375,2.3193359375,-4.933463096618652,75.48832702636719,93.61409759521484
0.0244140625,0.990966796875,0.05517578125,-7.6904296875,-4.57763671875,1.89208984375,-4.9147305488586435,75.6285171508789,93.4168930053711
0.03955078125,0.986328125,0.067138671875,-8.9111328125,-4.5166015625,2.44140625,-4.951486110687256,75.68588256835938,93.23026275634766
0.033203125,0.9873046875,0.068603515625,-8.056640625,-4.638671875,1.89208984375,-4.951841354370117,75.77304077148438,93.03353118896484
