0.00146484375,0.98828125,0.037353515625,-9.33837890625,-4.5166015625,1.77001953125,-3.410865306854248,79.3011245727539,100.28827667236328
-0.06298828125,0.97509765625,0.10107421875,1.64794921875,-4.39453125,6.89697265625,-3.432539939880371,79.54904174804688,100.15410614013672
0.025390625,0.96337890625,0.114990234375,6.7138671875,0.18310546875,12.8173828125,-3.857413291931152,79.9409408569336,100.24330139160156
0.1064453125,0.933837890625,0.051025390625,10.55908203125,-26.85546875,14.892578125,-6.3025245666503915,83.2001724243164,98.35902404785156
0.147216796875,0.96533203125,-0.0166015625,22.27783203125,-10.19287109375,6.103515625,-6.681609153747559,84.42613220214844,97.9437026977539
0.028076171875,0.978515625,-0.014404296875,21.54541015625,5.31005859375,5.92041015625,-6.6997246742248535,85.50113677978516,98.14998626708984
0.115478515625,1.041748046875,0.009521484375,14.404296875,2.8076171875,11.16943359375,-7.120818614959718,86.20252990722656,98.27718353271484
0.191650390625,1.012939453125,-0.024658203125,-0.48828125,1.89208984375,18.5546875,-7.996822834014893,86.35576629638672,98.37616729736328
0.19580078125,1.023681640625,-0.0009765625,-7.080078125,-4.2724609375,21.78955078125,-8.986017227172852,86.22039031982422,98.23999786376952
0.177001953125,0.959716796875,-0.10302734375,-18.00537109375,-9.58251953125,38.75732421875,-10.470151901245117,85.88995361328125,97.9006118774414
0.181396484375,1.04833984375,-0.036865234375,-25.634765625,1.46484375,48.828125,-12.381003379821776,85.0509262084961,98.06865692138672
-0.1962890625,0.96435546875,-0.1484375,-34.11865234375,9.94873046875,46.93603515625,-13.305273056030273,84.08597564697266,98.52626037597656
-0.08544921875,0.945068359375,-0.23291015625,-42.90771484375,4.69970703125,39.0625,-14.148470878601074,83.0592041015625,98.70537567138672
0.037109375,1.033447265625,-0.043212890625,-30.029296875,4.45556640625,27.40478515625,-14.739114761352539,82.14408874511719,98.93450927734376
-0.215087890625,0.998779296875,-0.145751953125,-13.916015625,5.9814453125,22.0947265625,-14.575925827026367,82.12210845947266,99.1377182006836
-0.092529296875,0.93017578125,-0.208251953125,-5.06591796875,-3.173828125,27.77099609375,-14.940512657165527,82.72093200683594,98.9526138305664
0.410400390625,0.945068359375,0.064697265625,0.67138671875,-14.2822265625,46.08154296875,-17.166088104248047,82.9571762084961,98.56625366210938
0.23583984375,0.9345703125,0.0634765625,6.53076171875,-9.70458984375,62.19482421875,-19.55020523071289,83.3599624633789,98.42984771728516
0.20654296875,1.158447265625,-0.01708984375,10.7421875,-15.9912109375,72.3876953125,-21.873170852661133,84.29484558105469,97.94590759277344
0.065673828125,0.642578125,-0.156982421875,18.61572265625,-12.51220703125,79.833984375,-24.48931121826172,85.9392318725586,97.39227294921876
0.221435546875,0.8291015625,0.017822265625,21.484375,-17.02880859375,81.9091796875,-27.40486717224121,87.1361312866211,96.80218505859376
0.182373046875,1.1474609375,0.0859375,18.798828125,-18.06640625,77.94189453125,-29.81289482116699,88.12932586669922,96.15455627441406
0.128662109375,0.77734375,-0.157958984375,11.53564453125,-20.93505859375,62.92724609375,-31.55418968200684,89.64329528808594,94.94185638427734
0.197265625,0.813720703125,-0.103515625,6.04248046875,-17.02880859375,49.98779296875,-32.84085464477539,90.64547729492188,93.95294952392578
-0.0048828125,0.947021484375,-0.051513671875,3.23486328125,-9.46044921875,35.15625,-32.98754501342773,91.13365173339844,93.4172821044922
0.156494140625,0.916748046875,-0.081298828125,-0.79345703125,-7.568359375,15.0146484375,-32.67436981201172,91.47250366210938,92.9475326538086
0.259521484375,0.93115234375,-0.07568359375,-5.37109375,-3.11279296875,1.8310546875,-32.07133102416992,91.4649429321289,92.72732543945312
0.019287109375,0.79931640625,-0.025390625,-8.85009765625,-2.5634765625,-1.8310546875,-31.653553009033203,91.46033477783205,92.45565795898438
0.35107421875,0.948486328125,-0.11083984375,-14.83154296875,-8.60595703125,-1.708984375,-31.12419128417969,91.28761291503906,91.94186401367188
0.374755859375,0.8876953125,-0.079345703125,-13.97705078125,-2.86865234375,-2.5634765625,-30.6889591217041,90.94253540039062,91.7333984375
0.32568359375,0.94384765625,-0.100341796875,-12.26806640625,4.150390625,-2.9296875,-30.11271858215332,90.56018829345705,91.8199691772461
0.317626953125,0.925048828125,-0.075439453125,-14.6484375,-3.173828125,-3.0517578125,-29.546520233154297,90.20834350585938,91.59151458740234
0.3408203125,0.944580078125,-0.0751953125,-15.380859375,-1.8310546875,-2.99072265625,-29.04074859619141,89.80429077148438,91.4218292236328
0.341796875,0.94482421875,-0.06982421875,-14.6484375,-0.42724609375,-2.74658203125,-28.56708526611328,89.40055847167969,91.31599426269531
0.28369140625,0.9130859375,-0.076171875,-14.16015625,-2.25830078125,-2.685546875,-28.013769149780273,89.09899139404297,91.10680389404295
0.274658203125,0.97119140625,-0.028076171875,-15.13671875,-7.38525390625,-2.13623046875,-27.448963165283203,88.74481964111328,90.72430419921876
0.33447265625,0.917724609375,-0.059326171875,-14.7705078125,-13.427734375,-1.708984375,-27.103443145751953,88.64976501464844,90.0168685913086
0.32373046875,0.95166015625,0.001708984375,-10.6201171875,-4.94384765625,0.3662109375,-26.79017639160156,88.36177062988281,89.77719116210938
0.321533203125,0.910400390625,-0.0322265625,-7.75146484375,-0.67138671875,3.47900390625,-26.63688659667969,88.2002944946289,89.68807983398438
0.292724609375,0.933837890625,-0.02734375,-5.7373046875,-2.8076171875,4.2724609375,-26.44328308105469,88.15506744384766,89.50798797607422
0.322021484375,0.930908203125,-0.070556640625,-8.544921875,-9.70458984375,4.39453125,-26.33725166320801,88.24594116210938,88.97116088867188
0.32421875,0.929931640625,-0.066162109375,-8.60595703125,-7.14111328125,3.90625,-26.21800804138184,88.26777648925781,88.555419921875
0.34228515625,0.9189453125,-0.052978515625,-7.8125,-4.638671875,4.0283203125,-26.152606964111328,88.23645782470703,88.267578125
0.187744140625,0.969970703125,-0.08447265625,-8.72802734375,2.25830078125,-5.4931640625,-25.33733940124512,88.12278747558594,88.23700714111328
0.531982421875,0.9462890625,0.049072265625,-10.1318359375,-7.9345703125,1.5869140625,-25.564592361450195,87.8087387084961,87.91392517089844
0.2041015625,0.96630859375,-0.062744140625,-6.7138671875,1.40380859375,2.74658203125,-25.276634216308594,87.75817108154297,87.87229919433594
0.3505859375,0.862548828125,-0.01123046875,-9.82666015625,-12.51220703125,5.2490234375,-25.37547492980957,87.7038803100586,87.28146362304688
0.383544921875,1.07373046875,0.000244140625,-0.18310546875,10.07080078125,2.86865234375,-25.245014190673828,87.58113098144531,87.69750213623047
0.14990234375,0.98046875,-0.080810546875,2.44140625,18.49365234375,0.9765625,-24.61119842529297,87.62550354003906,88.38823699951172
0.3427734375,0.919189453125,-0.144775390625,-14.7705078125,-10.009765625,-7.62939453125,-24.16159820556641,87.66744995117188,87.74977111816406
0.30419921875,0.955078125,-0.130859375,-24.23095703125,-22.27783203125,-12.5732421875,-23.442148208618164,87.5041275024414,86.58859252929688
0.305908203125,0.960693359375,-0.1201171875,-29.78515625,-26.611328125,-16.41845703125,-22.60888671875,87.15867614746094,85.24923706054688
0.323486328125,0.927734375,-0.03466796875,-29.96826171875,-12.5732421875,-13.24462890625,-21.973812103271484,86.36508178710938,84.60291290283203
0.68017578125,0.955078125,0.097900390625,-19.22607421875,-0.67138671875,-9.46044921875,-22.121170043945312,85.52252960205078,84.58750915527344
0.3330078125,0.970458984375,-0.034912109375,-9.94873046875,10.43701171875,-5.55419921875,-21.30928611755371,85.18817901611328,84.92996978759766
0.371337890625,0.885498046875,-0.086181640625,-15.80810546875,-11.65771484375,-10.1318359375,-21.006542205810547,85.13973236083984,84.25421142578125
0.447265625,0.835205078125,-0.0673828125,-15.380859375,-5.06591796875,-8.85009765625,-20.958675384521484,84.95271301269531,83.88584899902344
0.310302734375,0.954833984375,0.008544921875,-15.5029296875,-4.0283203125,-4.5166015625,-20.675582885742188,84.56751251220703,83.63632202148438
0.093994140625,0.9111328125,0.037109375,-14.34326171875,-7.62939453125,-1.5869140625,-20.058645248413086,84.22528076171875,83.2613296508789
0.21484375,0.93994140625,-0.020263671875,-9.58251953125,-1.52587890625,-0.6103515625,-19.75869369506836,84.13753509521484,83.09930419921875
0.275390625,0.94384765625,-0.0302734375,-7.4462890625,-2.01416015625,2.5634765625,-19.73287582397461,84.16028594970703,82.92417907714844
0.255615234375,0.920654296875,-0.032470703125,-6.7138671875,-2.8076171875,3.72314453125,-19.72757911682129,84.22977447509766,82.7176742553711
0.27001953125,0.94775390625,-0.02685546875,-7.568359375,-5.0048828125,3.90625,-19.7528076171875,84.27680969238281,82.42543029785156
0.2880859375,0.9345703125,-0.034912109375,-7.50732421875,-5.7373046875,4.33349609375,-19.85211563110352,84.41334533691406,82.07755279541016
0.289306640625,0.936767578125,-0.020263671875,-6.7138671875,-4.2724609375,4.2724609375,-19.93268585205078,84.45973205566406,81.82489776611328
0.284912109375,0.92626953125,-0.03369140625,-5.67626953125,-3.5400390625,3.7841796875,-19.98616981506348,84.57018280029297,81.58970642089844
0.30224609375,0.932861328125,-0.01806640625,-3.41796875,-0.244140625,4.5166015625,-20.08698272705078,84.67750549316406,81.51188659667969
0.27392578125,0.941162109375,-0.036865234375,-1.28173828125,-0.06103515625,5.9814453125,-20.17428398132324,84.90983581542969,81.43113708496094
-0.140869140625,0.881103515625,-0.5068359375,-11.474609375,-11.04736328125,9.033203125,-19.62980461120605,85.96458435058594,80.524658203125
0.330078125,0.926513671875,-0.0712890625,-28.1982421875,-39.1845703125,-4.33349609375,-19.56696128845215,85.7183837890625,78.74424743652344
0.474365234375,0.71875,0.001220703125,-20.1416015625,0.1220703125,-13.7939453125,-19.56180000305176,85.05757141113281,78.66510009765625
0.129150390625,0.8876953125,-0.142333984375,-1.15966796875,30.8837890625,-11.16943359375,-18.58751106262207,85.16229248046875,79.73883819580078
0.201171875,0.9365234375,0.028564453125,-13.48876953125,-8.7890625,-9.21630859375,-18.305051803588867,85.0184326171875,79.25201416015625
0.261962890625,0.94580078125,-0.0126953125,-14.95361328125,-7.99560546875,-5.4931640625,-18.002954483032227,84.74740600585938,78.82815551757812
0.18603515625,0.947265625,0.00048828125,-11.16943359375,-3.60107421875,-0.6103515625,-17.719158172607422,84.5459976196289,78.61231231689453
0.23974609375,0.949951171875,0.004150390625,-8.60595703125,-6.591796875,4.57763671875,-17.784130096435547,84.47505187988281,78.29432678222656
0.27197265625,0.95556640625,-0.03125,-4.21142578125,-3.2958984375,8.60595703125,-18.06466484069824,84.61930847167969,78.10321044921875
0.254638671875,0.940673828125,-0.010498046875,-2.197265625,-2.62451171875,10.07080078125,-18.35875129699707,84.78047943115234,77.9599609375
0.284912109375,0.955078125,-0.019775390625,0.1220703125,-3.7841796875,11.41357421875,-18.75641441345215,85.06348419189453,77.76551818847656
0.28466796875,0.9560546875,-0.042724609375,1.64794921875,-0.6103515625,11.8408203125,-19.144479751586914,85.4094009399414,77.68753814697266
0.306884765625,0.9365234375,-0.04248046875,2.13623046875,1.77001953125,10.7421875,-19.52796936035156,85.7293701171875,77.70669555664062
0.278564453125,0.94970703125,-0.14404296875,-3.173828125,1.28173828125,10.6201171875,-20.419334411621094,85.8460693359375,77.04450988769531
0.344970703125,0.828857421875,-0.159423828125,-25.69580078125,-28.38134765625,-5.7373046875,-20.362871170043945,85.81649780273438,75.61971282958984
0.48486328125,0.9091796875,-0.164306640625,-23.74267578125,-22.5830078125,-18.06640625,-20.016454696655273,85.73991394042969,74.42447662353516
0.440185546875,0.998046875,-0.1123046875,-24.71923828125,12.6953125,-20.99609375,-19.297853469848636,84.989501953125,74.7590103149414
0.31005859375,1.017333984375,-0.03125,-20.20263671875,-3.662109375,-38.2080078125,-17.702733993530273,84.532958984375,74.37823486328125
0.211669921875,0.93505859375,0.03271484375,-39.306640625,-6.591796875,-46.2646484375,-15.698840141296387,83.22459411621094,73.86420440673828
0.39013671875,0.864013671875,-0.0107421875,-33.26416015625,-17.02880859375,-31.982421875,-14.85903549194336,82.38838195800781,72.93331909179688
0.030029296875,1.009765625,0.093994140625,-16.29638671875,-5.615234375,-3.5400390625,-14.22986125946045,81.87922668457031,72.65945434570312
0.152099609375,0.87890625,0.05859375,-10.986328125,-13.36669921875,6.103515625,-14.368383407592773,81.72503662109375,72.10807037353516
0.33447265625,0.900634765625,-0.007080078125,-3.96728515625,-8.48388671875,14.0380859375,-15.083468437194824,82.0807113647461,71.79739379882812
0.06689453125,0.922607421875,0.04541015625,0.42724609375,-12.939453125,17.9443359375,-15.42822265625,82.40559387207031,71.31246185302734
0.3994140625,0.956298828125,-0.054443359375,-0.18310546875,-22.8271484375,20.56884765625,-16.645864486694336,83.02678680419922,70.36824798583984
0.2958984375,0.91552734375,-0.04638671875,-0.244140625,-25.634765625,26.2451171875,-17.85486602783203,83.67017364501953,69.31697082519531
0.214599609375,0.97802734375,-0.025390625,0.48828125,-26.91650390625,30.45654296875,-18.956647872924805,84.30745697021484,68.22499084472656
0.34326171875,0.997802734375,-0.056396484375,0.1220703125,-28.25927734375,26.79443359375,-20.125333786010746,85.01709747314453,67.02098846435547
0.42724609375,0.793212890625,-0.0078125,9.033203125,-21.78955078125,22.15576171875,-21.394554138183594,85.87456512451172,66.09524536132811
0.0078125,1.0986328125,-0.01904296875,-12.0849609375,-41.9921875,5.9814453125,-20.92654037475586,86.23798370361328,64.23996734619139
0.38818359375,0.937255859375,-0.02783203125,-22.27783203125,-31.67724609375,-9.33837890625,-20.697816848754886,86.03723907470703,62.79033660888672
0.438232421875,0.854736328125,-0.16650390625,6.40869140625,-3.84521484375,-15.44189453125,-20.085102081298828,86.87348175048828,63.01226806640625
0.247802734375,0.9052734375,-0.06884765625,21.42333984375,-14.83154296875,4.2724609375,-20.08932876586914,88.23323822021484,62.29017639160156
0.1572265625,1.186279296875,-0.121826171875,32.89794921875,-41.015625,9.765625,-19.998315811157227,90.44843292236328,60.45061492919922
0.257080078125,1.050537109375,-0.13720703125,19.10400390625,-59.75341796875,-6.89697265625,-19.40625,92.33863067626952,57.83113098144531
0.2412109375,1.01171875,-0.24755859375,22.39990234375,-58.53271484375,-28.01513671875,-17.902305603027344,94.45185089111328,55.29330444335938
0.38427734375,1.0205078125,-0.186767578125,20.8740234375,-67.3828125,-28.9306640625,-16.589897155761722,96.30552673339844,52.53445434570313
0.50146484375,0.940185546875,-0.080810546875,9.70458984375,-60.05859375,-11.90185546875,-16.275110244750973,97.3179168701172,50.12513732910156
0.341064453125,0.838134765625,-0.018310546875,-0.732421875,-24.47509765625,13.0615234375,-16.89742088317871,97.3496322631836,49.11140441894531
0.278564453125,0.808349609375,-0.020751953125,-3.173828125,3.2958984375,18.00537109375,-17.710893630981445,96.9620132446289,49.22449111938477
0.03369140625,0.928955078125,-0.03955078125,0.1220703125,16.357421875,15.93017578125,-17.52622413635254,96.73055267333984,49.598854064941406
-0.025634765625,1.007080078125,-0.129150390625,-5.37109375,-31.3720703125,9.33837890625,-17.001167297363278,96.92672729492188,48.2428092956543
0.127197265625,0.977783203125,-0.1845703125,-9.70458984375,-55.84716796875,3.173828125,-16.457712173461914,97.35111236572266,45.87142562866211
0.192138671875,0.92724609375,-0.1201171875,-5.55419921875,-44.86083984375,-5.55419921875,-15.805115699768065,97.62234497070312,44.054874420166016
0.21240234375,0.949951171875,-0.08837890625,-3.72314453125,-24.10888671875,-10.92529296875,-15.112735748291016,97.61382293701172,43.15441131591797
0.275390625,0.8828125,-0.078125,-6.65283203125,-20.44677734375,-10.80322265625,-14.660758972167967,97.4322509765625,42.40660095214844
0.234130859375,0.78759765625,-0.123046875,6.103515625,-6.7138671875,1.0986328125,-14.73385524749756,97.78958129882812,42.11480331420898
0.369140625,0.986328125,-0.156982421875,-33.3251953125,-38.51318359375,-16.66259765625,-14.09314250946045,96.86058807373048,40.62205123901367
0.01025390625,0.98828125,-0.28173828125,-16.2353515625,-0.8544921875,-29.296875,-12.403148651123047,96.54097747802734,40.64219284057617
0.1181640625,1.009033203125,-0.3076171875,-5.92041015625,-29.296875,-45.5322265625,-10.198922157287598,96.93376922607422,39.58565521240234
0.318603515625,0.820068359375,-0.234130859375,12.939453125,-36.865234375,-49.1943359375,-8.469316482543945,97.97572326660156,38.31010055541992
0.39306640625,0.8974609375,-0.189697265625,26.91650390625,-29.9072265625,-16.17431640625,-8.226158142089844,99.3453369140625,37.191566467285156
0.30908203125,1.04296875,-0.1474609375,29.35791015625,-24.2919921875,3.60107421875,-8.517766952514647,100.60039520263672,36.20602416992188
0.107421875,0.990966796875,-0.144775390625,33.0810546875,-13.36669921875,-1.15966796875,-8.271286964416504,101.89368438720705,35.70225524902344
0.037353515625,0.98388671875,-0.111572265625,32.8369140625,1.03759765625,-8.7890625,-7.6973876953125,102.95849609375,35.85576248168945
0.09228515625,0.91845703125,-0.100341796875,26.85546875,12.6953125,-16.29638671875,-7.10630464553833,103.66558837890624,36.54548263549805
-0.11962890625,1.022216796875,-0.2265625,38.39111328125,12.3291015625,-36.9873046875,-5.265806198120117,105.04839324951172,37.41162490844727
-0.0185546875,0.97119140625,-0.21923828125,37.109375,1.3427734375,-53.52783203125,-2.977630615234375,106.38025665283205,38.06343078613281
0.033203125,0.902099609375,-0.177490234375,35.0341796875,0.0,-59.02099609375,-0.8365554213523865,107.62525177001952,38.78128433227539
0.21142578125,1.13720703125,-0.192626953125,31.73828125,10.31494140625,-54.99267578125,0.7378689050674438,108.56735229492188,39.86577606201172
0.11328125,1.055419921875,-0.205322265625,13.0615234375,24.10888671875,-62.80517578125,2.527997732162476,108.82562255859376,41.58774185180664
0.188232421875,0.870849609375,-0.34814453125,1.953125,31.43310546875,-58.4716796875,3.842576026916504,109.17959594726562,43.55400848388672
0.125732421875,0.7861328125,-0.38916015625,-7.14111328125,14.70947265625,-31.982421875,4.3777198791503915,109.2328872680664,44.55556106567383
0.011474609375,0.90380859375,-0.4541015625,-13.97705078125,-7.9345703125,-17.39501953125,4.938279628753662,108.95003509521484,44.508155822753906
-0.084716796875,0.846923828125,-0.476806640625,-13.916015625,-25.634765625,-23.5595703125,6.163652896881104,108.7273178100586,43.87724685668945
0.0458984375,0.798095703125,-0.4443359375,-15.93017578125,-42.29736328125,-24.2919921875,7.267230987548827,108.3367691040039,42.62316513061523
0.150634765625,0.852294921875,-0.3779296875,-23.5595703125,-52.24609375,-7.9345703125,7.568727493286133,107.35388946533205,40.75222396850586
0.078857421875,1.005126953125,-0.404296875,-32.470703125,-63.96484375,1.953125,7.997406959533691,105.85509490966795,38.27284240722656
0.06787109375,0.94384765625,-0.387939453125,-32.5927734375,-55.419921875,-21.1181640625,8.930628776550293,104.51043701171876,36.37966537475586
0.11328125,0.75537109375,-0.28857421875,-22.0947265625,-34.7900390625,-22.705078125,9.490084648132324,103.68396759033205,35.284934997558594
0.101806640625,0.7919921875,-0.207275390625,-7.01904296875,-26.9775390625,4.638671875,8.914525985717773,103.25038146972656,34.18691635131836
0.06396484375,0.93408203125,-0.11767578125,-10.8642578125,-45.10498046875,36.19384765625,7.407669544219972,102.25811767578124,32.04916763305664
0.01953125,0.90625,-0.09375,-24.4140625,-42.6025390625,40.8935546875,5.815035343170166,100.7794418334961,30.006305694580078
-0.03173828125,1.01123046875,-0.149658203125,-40.1611328125,-36.865234375,32.04345703125,4.7206454277038565,98.91873168945312,28.31583023071289
-0.0419921875,1.07275390625,-0.17919921875,-71.96044921875,-35.09521484375,12.3291015625,4.3188867568969735,95.93161010742188,26.858562469482425
-0.09423828125,1.04931640625,-0.240234375,-85.51025390625,-40.1611328125,-1.8310546875,4.545152187347412,92.64844512939452,25.27749252319336
-0.0771484375,1.020751953125,-0.269775390625,-82.3974609375,-52.24609375,-12.26806640625,5.1232008934021,89.73117065429688,23.18092155456543
0.0146484375,0.943359375,-0.18603515625,-64.14794921875,-47.8515625,-20.1416015625,5.651561260223389,87.421875,21.286752700805664
0.08935546875,0.947265625,-0.10546875,-43.45703125,-27.77099609375,-15.380859375,5.771365642547607,85.90907287597656,20.178997039794922
0.06787109375,0.961181640625,-0.054931640625,-27.7099609375,-9.1552734375,-0.42724609375,5.420560836791992,85.06407928466797,19.844627380371094
-0.011962890625,0.998291015625,-0.037109375,-20.8740234375,-2.38037109375,18.61572265625,4.486408710479736,84.49314880371094,19.841720581054688
-0.080810546875,1.035400390625,-0.062255859375,-20.32470703125,-2.8076171875,19.6533203125,3.6960756778717037,84.0175552368164,19.83255958557129
-0.114501953125,1.050048828125,-0.099365234375,-21.54541015625,-3.41796875,10.3759765625,3.372034788131714,83.58418273925781,19.767194747924805
-0.078857421875,1.037353515625,-0.082275390625,-23.01025390625,-0.06103515625,-2.25830078125,3.50134539604187,83.08120727539062,19.778926849365234
-0.0703125,1.0185546875,-0.0712890625,-27.03857421875,4.33349609375,-6.9580078125,3.8172643184661865,82.42577362060547,19.94244766235352
-0.070068359375,0.9755859375,-0.08154296875,-34.423828125,5.0048828125,-10.80322265625,4.340864181518556,81.43875122070312,20.138296127319336
-0.005126953125,0.933837890625,-0.09130859375,-40.283203125,8.056640625,-13.427734375,4.764389514923097,80.3915023803711,20.4177360534668
-0.02392578125,0.90576171875,-0.115478515625,-39.48974609375,11.1083984375,-9.21630859375,5.080368518829347,79.49504852294922,20.84930992126465
-0.0439453125,0.892822265625,-0.138916015625,-36.56005859375,7.26318359375,-2.25830078125,5.142051696777344,78.80120086669922,21.186084747314453
-0.041259765625,0.893798828125,-0.1298828125,-28.076171875,0.8544921875,6.7138671875,4.79670000076294,78.43436431884766,21.339990615844727
-0.020751953125,0.917236328125,-0.10302734375,-22.8271484375,-5.615234375,11.962890625,4.1540307998657235,78.20370483398438,21.273616790771484
0.014404296875,0.951171875,-0.08642578125,-15.80810546875,-6.4697265625,14.7705078125,3.3808817863464355,78.23384857177734,21.187789916992188
-0.017822265625,0.956787109375,-0.068359375,-11.53564453125,-9.82666015625,17.27294921875,2.54058051109314,78.36849212646484,20.976388931274414
-0.031982421875,0.96923828125,-0.062255859375,-12.63427734375,-10.68115234375,17.02880859375,1.76806902885437,78.43946075439453,20.71827888488769
0.320556640625,-0.87548828125,1.910400390625,-44.189453125,4.82177734375,15.68603515625,-0.4088010787963867,74.79400634765625,20.232255935668945
0.736572265625,0.81689453125,-0.18994140625,-25.69580078125,-4.0283203125,-6.04248046875,-1.7079051733016968,74.57310485839844,20.015623092651367
-0.17236328125,1.126220703125,0.152587890625,-21.91162109375,-0.8544921875,-3.41796875,-1.178415060043335,73.9871597290039,19.93400764465332
0.04638671875,0.92138671875,-0.060546875,-19.83642578125,-2.50244140625,-3.84521484375,-1.1208645105361938,73.98020935058594,19.779747009277344
-0.025390625,0.884521484375,-0.058837890625,-19.4091796875,0.3662109375,-5.43212890625,-0.8014335632324219,73.96408081054688,19.71923065185547
-0.005615234375,1.005615234375,-0.060302734375,-20.1416015625,5.67626953125,-4.150390625,-0.5376093387603761,73.9020004272461,19.88156509399414
-0.041748046875,0.974365234375,0.115234375,-21.240234375,-0.9765625,1.40380859375,-0.2823722064495087,72.33281707763672,20.840938568115234
0.036865234375,0.98486328125,0.09423828125,-12.3291015625,21.66748046875,6.34765625,-0.33754900097846985,72.30152893066406,21.741817474365234
-0.010009765625,0.995849609375,0.0830078125,-8.85009765625,46.630859375,10.07080078125,-0.12735766172409058,72.43510437011719,23.638851165771484
-0.099609375,1.0283203125,-0.0400390625,-9.58251953125,57.12890625,12.939453125,0.048997443169355386,72.7790298461914,25.97287750244141
-0.0751953125,1.01318359375,-0.05859375,-14.58740234375,41.8701171875,9.033203125,0.3566828966140747,72.98492431640625,27.68061447143555
-0.0908203125,0.973876953125,-0.05859375,-13.97705078125,19.22607421875,8.97216796875,0.4317452311515808,73.21045684814453,28.52500915527344
-0.0625,1.00927734375,-0.01171875,-12.8173828125,0.67138671875,10.92529296875,0.040714967995882034,73.32147216796875,28.49381256103516
-0.05078125,1.032958984375,-0.012451171875,-16.357421875,-18.6767578125,15.380859375,-0.64845871925354,73.33592224121094,27.952178955078125
-0.0537109375,0.96630859375,0.0,-19.71435546875,-35.0341796875,18.98193359375,-1.620798945426941,73.2079849243164,26.81694412231445
-0.150634765625,0.946533203125,-0.068603515625,-23.4375,-52.06298828125,25.69580078125,-3.087287425994873,72.64154815673828,25.112213134765625
-0.161865234375,0.459228515625,-0.05322265625,-13.61083984375,-54.8095703125,-4.94384765625,-2.6807668209075928,73.06743621826172,22.908832550048828
-0.0234375,1.121826171875,0.062255859375,6.65283203125,-51.94091796875,7.38525390625,-3.3930604457855225,73.9629898071289,20.97101593017578
0.377197265625,0.701416015625,-0.196533203125,-13.671875,-26.611328125,0.06103515625,-4.545018196105957,74.27686309814453,19.89800262451172
0.469970703125,1.168701171875,0.01123046875,-6.9580078125,-11.71875,7.38525390625,-5.635183334350586,74.57335662841797,19.480300903320312
-0.1005859375,0.98876953125,0.054443359375,-7.8125,-3.173828125,0.91552734375,-5.257278919219972,74.74120330810547,19.31970977783203
0.06005859375,1.00537109375,-0.00634765625,-8.72802734375,-4.638671875,2.50244140625,-4.690142154693604,75.4252700805664,18.45420455932617
0.091552734375,0.99267578125,0.035888671875,-7.99560546875,-4.45556640625,2.44140625,-4.854570865631104,75.59597778320312,18.26588249206543
0.109375,0.986328125,0.02099609375,-8.72802734375,-4.2724609375,3.11279296875,-5.07884693145752,75.7623291015625,18.087337493896484
