-0.0517578125,0.946044921875,0.0498046875,-15.31982421875,-28.25927734375,19.83642578125,-6.34210729598999,75.33911895751953,-93.1724853515625
-0.076416015625,1.002685546875,0.0615234375,-9.27734375,-30.94482421875,15.5029296875,-6.829220771789551,75.51638793945312,-94.2725601196289
-0.0986328125,1.051025390625,0.048095703125,-11.474609375,-34.3017578125,12.75634765625,-7.182496070861816,75.6615982055664,-95.54168701171876
-0.10693359375,1.01708984375,0.052734375,-20.08056640625,-37.7197265625,13.671875,-7.567024707794189,75.46720123291016,-96.93792724609376
-0.10888671875,0.93603515625,0.065185546875,-20.3857421875,-40.6494140625,17.63916015625,-8.098917007446289,75.2490463256836,-98.40584564208984
-0.10546875,0.90185546875,0.0615234375,-13.3056640625,-43.0908203125,18.49365234375,-8.667923927307129,75.35237121582031,-99.96549224853516
-0.093505859375,0.936767578125,0.055908203125,-7.568359375,-46.81396484375,16.29638671875,-9.198165893554688,75.74260711669922,-101.70547485351562
-0.09423828125,0.9619140625,0.0576171875,-7.38525390625,-52.734375,12.02392578125,-9.59172821044922,76.184326171875,-103.73131561279295
-0.086181640625,0.96484375,0.063720703125,-9.33837890625,-55.48095703125,7.2021484375,-9.813177108764648,76.55537414550781,-105.91780090332031
-0.07958984375,0.93994140625,0.06884765625,-10.55908203125,-57.9833984375,2.685546875,-9.869501113891602,76.87765502929688,-108.2470245361328
-0.12939453125,0.990478515625,0.045166015625,-10.19287109375,-61.6455078125,-6.103515625,-9.502388954162598,77.29402923583984,-110.81063842773438
-0.148681640625,0.998779296875,0.036865234375,-13.5498046875,-64.208984375,-10.43701171875,-8.948185920715332,77.5805435180664,-113.51029205322266
-0.1455078125,0.9677734375,0.069091796875,-12.20703125,-67.5048828125,-10.986328125,-8.404321670532228,77.82624816894531,-116.32395935058594
-0.154296875,0.94970703125,0.05859375,-1.8310546875,-73.73046875,-6.591796875,-8.054787635803223,78.50589752197266,-119.34196472167969
-0.132568359375,0.98095703125,0.048583984375,4.150390625,-78.79638671875,-2.74658203125,-7.923460960388184,79.43801879882812,-122.5313949584961
-0.134033203125,1.007568359375,0.049072265625,4.21142578125,-81.84814453125,-1.0986328125,-7.836234092712402,80.34800720214844,-125.8319091796875
-0.09326171875,1.015869140625,0.064697265625,-3.35693359375,-85.38818359375,0.6103515625,-7.889473915100098,80.90463256835938,-129.26095581054688
-0.055419921875,0.937255859375,0.086669921875,-7.080078125,-88.43994140625,0.67138671875,-8.006356239318848,81.24791717529297,-132.80560302734378
-0.047607421875,0.89892578125,0.093994140625,-1.8310546875,-90.02685546875,-0.9765625,-8.049665451049805,81.77565002441406,-136.42196655273438
-0.021240234375,0.951416015625,0.077880859375,5.31005859375,-91.49169921875,-2.25830078125,-8.07384204864502,82.63150787353516,-140.113037109375
-0.03662109375,1.000732421875,0.073974609375,3.41796875,-88.56201171875,-1.64794921875,-8.024857521057129,83.3785171508789,-143.6868896484375
-0.03369140625,1.0390625,0.07861328125,0.8544921875,-84.3505859375,-2.0751953125,-7.910783290863037,83.96147155761719,-147.09254455566406
-0.034423828125,1.043212890625,0.08251953125,-9.09423828125,-80.62744140625,-1.0986328125,-7.802833557128906,84.08802795410156,-150.34262084960938
-0.046630859375,1.03662109375,0.1005859375,-13.97705078125,-79.7119140625,0.8544921875,-7.746272087097168,83.96260070800781,-153.54196166992188
-0.016357421875,1.019775390625,0.117919921875,-19.71435546875,-80.56640625,2.685546875,-7.846994400024414,83.5750961303711,-156.76174926757812
0.077392578125,0.988037109375,0.143310546875,-25.57373046875,-80.4443359375,3.90625,-8.231719970703125,82.91413879394531,-159.96047973632812
0.076171875,0.968994140625,0.1591796875,-25.2685546875,-74.951171875,1.708984375,-8.523890495300293,82.23655700683594,-162.9437713623047
0.07470703125,0.98974609375,0.15380859375,-26.85546875,-65.0634765625,-2.9296875,-8.557113647460938,81.51179504394531,-165.56210327148438
0.033203125,1.006591796875,0.15234375,-34.0576171875,-51.20849609375,-7.9345703125,-8.291908264160156,80.43846130371094,-167.6576690673828
0.02294921875,0.98583984375,0.16162109375,-37.90283203125,-46.2646484375,-5.55419921875,-8.116826057434082,79.18763732910156,-169.54100036621094
0.008544921875,0.9482421875,0.197509765625,-32.89794921875,-46.38671875,1.15966796875,-8.218446731567383,78.08011627197266,-171.36708068847656
0.019775390625,0.969482421875,0.1826171875,-21.1181640625,-50.96435546875,9.70458984375,-8.73812198638916,77.55699920654297,-173.308837890625
0.008544921875,1.014404296875,0.160888671875,-17.333984375,-53.955078125,10.1318359375,-9.266128540039062,77.30789947509766,-175.37571716308594
0.04150390625,1.02587890625,0.170654296875,-20.8740234375,-54.01611328125,9.8876953125,-9.846333503723145,76.93014526367188,-177.44561767578125
0.09326171875,1.012939453125,0.175048828125,-23.4375,-48.52294921875,13.427734375,-10.621127128601074,76.42925262451172,-179.26376342773438
0.08447265625,0.98681640625,0.17919921875,-19.59228515625,-42.90771484375,12.87841796875,-11.290326118469238,76.06320190429688,-180.86334228515625
0.09033203125,0.992431640625,0.167724609375,-16.29638671875,-36.865234375,8.30078125,-11.718911170959473,75.84771728515625,-182.2761688232422
0.023681640625,0.997314453125,0.160400390625,-13.61083984375,-32.16552734375,0.06103515625,-11.62227725982666,75.75035858154297,-183.5904998779297
-0.006591796875,1.00146484375,0.158447265625,-8.4228515625,-35.21728515625,-6.103515625,-11.253100395202637,75.90095520019531,-185.08642578125
-0.039794921875,0.986083984375,0.1455078125,-4.94384765625,-42.1142578125,-7.4462890625,-10.831783294677734,76.25265502929688,-186.86813354492188
-0.026123046875,0.968994140625,0.133056640625,3.662109375,-49.6826171875,-6.7138671875,-10.536840438842773,77.00033569335938,171.05975341796875
0.0029296875,0.97216796875,0.11669921875,8.544921875,-52.18505859375,-4.638671875,-10.391965866088867,77.95939636230469,168.90504455566406
0.0322265625,0.989990234375,0.104736328125,12.39013671875,-52.79541015625,-2.50244140625,-10.369244575500488,79.06474304199219,166.74090576171875
0.07421875,1.033203125,0.0341796875,13.00048828125,-52.001953125,1.15966796875,-10.533452033996582,80.30926513671875,164.60592651367188
0.103515625,1.029541015625,0.0361328125,5.37109375,-46.0205078125,3.35693359375,-10.766261100769043,81.15560913085938,162.72474670410156
0.13671875,0.970703125,0.019287109375,-5.43212890625,-33.447265625,2.38037109375,-10.949634552001953,81.48271942138672,161.3366241455078
0.167724609375,0.89990234375,0.03662109375,-9.58251953125,-15.7470703125,-3.0517578125,-10.905017852783203,81.45455169677734,160.6397247314453
0.175048828125,0.891357421875,0.056884765625,-9.27734375,-5.0048828125,-8.9111328125,-10.589929580688477,81.3104476928711,160.3509979248047
0.145263671875,0.91455078125,0.0654296875,-10.009765625,0.54931640625,-16.90673828125,-9.856950759887695,81.09315490722656,160.23892211914062
0.09375,0.996826171875,0.062255859375,-12.75634765625,-1.0986328125,-25.32958984375,-8.688193321228027,80.81471252441406,160.0018310546875
0.06591796875,1.0205078125,0.077880859375,-18.5546875,-7.6904296875,-23.681640625,-7.607344150543213,80.31681823730469,159.51290893554688
0.05517578125,0.984375,0.0771484375,-20.751953125,-14.46533203125,-16.90673828125,-6.866469860076903,79.76742553710938,158.79544067382812
0.065673828125,0.87646484375,0.095703125,-7.75146484375,-20.69091796875,-5.2490234375,-6.700818538665772,79.7037124633789,157.92005920410156
0.0390625,0.922607421875,0.06787109375,9.3994140625,-24.71923828125,1.15966796875,-6.743458271026611,80.42179107666016,156.9204559326172
0.040283203125,1.005615234375,0.035400390625,18.37158203125,-28.38134765625,6.89697265625,-7.01292085647583,81.57306671142578,155.80044555664062
0.071044921875,1.017822265625,0.005859375,11.90185546875,-29.1748046875,10.80322265625,-7.478364944458008,82.49623107910156,154.6566162109375
0.0771484375,1.030029296875,0.0029296875,3.23486328125,-27.16064453125,5.859375,-7.717053413391112,83.04366302490234,153.56163024902344
0.079833984375,1.02783203125,0.014404296875,-4.150390625,-22.5830078125,-1.220703125,-7.643745899200439,83.23040771484375,152.61924743652344
0.06396484375,1.03466796875,0.023681640625,-12.75634765625,-15.0146484375,-9.1552734375,-7.188271045684815,83.00704956054688,151.9467010498047
0.0224609375,1.044677734375,0.04052734375,-15.31982421875,-9.70458984375,-8.1787109375,-6.675577163696289,82.62238311767578,151.49476623535156
0.005859375,1.0478515625,0.03662109375,-17.7001953125,-3.35693359375,-4.39453125,-6.2675538063049325,82.13249969482422,151.3126220703125
-0.015380859375,1.021728515625,0.0673828125,-16.357421875,0.732421875,1.77001953125,-6.051003932952881,81.62293243408203,151.3331298828125
-0.0322265625,1.020751953125,0.083740234375,-14.7705078125,2.5634765625,6.591796875,-5.984929084777832,81.14984130859375,151.4576416015625
-0.04833984375,1.030517578125,0.096923828125,-14.58740234375,3.2958984375,6.04248046875,-5.8597612380981445,80.6730728149414,151.61062622070312
-0.042724609375,1.06640625,0.119140625,-25.20751953125,3.72314453125,0.54931640625,-5.533966064453125,79.75341033935547,151.74765014648438
-0.047607421875,1.052734375,0.13623046875,-36.376953125,5.37109375,-3.7841796875,-5.0248188972473145,78.38240051269531,151.91668701171875
-0.052001953125,0.989501953125,0.1748046875,-38.14697265625,5.7373046875,-4.638671875,-4.479586601257324,76.89134979248047,152.09304809570312
-0.065673828125,0.9755859375,0.196044921875,-26.85546875,-0.42724609375,-3.47900390625,-4.0220017433166495,75.87643432617188,152.0357208251953
-0.040771484375,0.99951171875,0.206298828125,-18.49365234375,-8.30078125,-3.662109375,-3.7117130756378174,75.24478912353516,151.66896057128906
-0.040283203125,1.034912109375,0.1943359375,-11.23046875,-16.2353515625,-5.615234375,-3.425277709960937,74.98798370361328,150.97149658203125
-0.060546875,1.09619140625,0.179443359375,-2.13623046875,-23.92578125,-8.30078125,-3.088608264923096,75.17251586914062,149.94668579101562
-0.0322265625,1.15576171875,0.1640625,-0.91552734375,-31.55517578125,-7.568359375,-2.926620483398437,75.45747375488281,148.63328552246094
-0.022705078125,1.123046875,0.16064453125,-4.45556640625,-32.1044921875,-2.8076171875,-2.9727587699890137,75.5846939086914,147.34683227539062
-0.07373046875,1.0693359375,0.141357421875,1.28173828125,-31.79931640625,-0.48828125,-2.9890935420989986,75.95880889892578,146.09303283691406
-0.1005859375,1.097412109375,0.0947265625,2.50244140625,-34.48486328125,-0.48828125,-2.969515323638916,76.47415924072266,144.7282257080078
-0.114013671875,1.08251953125,0.0673828125,-2.99072265625,-41.015625,2.13623046875,-3.0713584423065186,76.81632232666016,143.12828063964844
-0.0810546875,1.01611328125,0.048095703125,-19.1650390625,-45.34912109375,10.80322265625,-3.6012933254241943,76.54663848876953,141.43402099609375
-0.02880859375,0.91845703125,0.04296875,-28.4423828125,-44.86083984375,16.78466796875,-4.459413051605225,75.93423461914062,139.81558227539062
0.0224609375,0.830078125,0.05419921875,-29.35791015625,-38.26904296875,16.66259765625,-5.364577770233153,75.2693099975586,138.45860290527344
0.052490234375,0.802490234375,0.077392578125,-21.30126953125,-25.390625,7.32421875,-5.8414878845214835,74.85813903808594,137.51325988769528
0.032958984375,0.86474609375,0.062255859375,-21.1181640625,-16.7236328125,-0.79345703125,-5.843016147613525,74.50420379638672,136.81161499023438
-0.004638671875,0.910400390625,0.055908203125,-24.5361328125,-12.63427734375,-6.89697265625,-5.4741530418396,74.04058074951172,136.19911193847656
-0.02294921875,0.91943359375,0.099853515625,-31.06689453125,-15.13671875,-9.765625,-4.997696876525879,73.23617553710938,135.46731567382812
-0.01416015625,0.883544921875,0.120849609375,-30.09033203125,-16.4794921875,-7.080078125,-4.687296390533447,72.43669128417969,134.71928405761722
-0.002685546875,0.868896484375,0.1240234375,-20.3857421875,-16.2353515625,-2.3193359375,-4.6036949157714835,72.03520202636719,134.03915405273438
0.01123046875,0.86474609375,0.127685546875,-7.568359375,-12.75634765625,5.18798828125,-4.803894519805908,72.13282775878906,133.58505249023438
-0.001953125,0.880859375,0.138916015625,-0.18310546875,-10.07080078125,9.27734375,-5.083287239074707,72.48851013183594,133.28285217285156
0.02880859375,0.908203125,0.131591796875,1.40380859375,-7.9345703125,12.8173828125,-5.535902500152588,72.91251373291016,133.09828186035156
0.056396484375,0.938232421875,0.1298828125,-0.54931640625,-4.33349609375,12.75634765625,-5.989869117736816,73.24333190917969,133.0450439453125
0.063232421875,0.96630859375,0.13232421875,-4.8828125,0.732421875,10.19287109375,-6.2825188636779785,73.37361907958984,133.15383911132812
0.072021484375,0.958251953125,0.12646484375,-10.43701171875,7.4462890625,6.7138671875,-6.3767619132995605,73.2630615234375,133.47943115234378
0.082275390625,1.0048828125,0.125732421875,-12.451171875,19.59228515625,4.94384765625,-6.27536153793335,73.04220581054688,134.25064086914062
0.073974609375,1.018798828125,0.13818359375,-16.11328125,29.96826171875,7.50732421875,-6.129096031188965,72.61605072021484,135.45278930664062
0.063720703125,1.00439453125,0.14892578125,-16.845703125,39.73388671875,8.056640625,-5.8618531227111825,72.11412811279297,137.037109375
0.0576171875,1.062744140625,0.169189453125,-15.93017578125,51.20849609375,8.85009765625,-5.459073543548584,71.6102066040039,139.06932067871094
0.0546875,1.10888671875,0.164306640625,-18.85986328125,55.35888671875,8.11767578125,-4.962637424468994,71.03629302978516,141.24395751953125
0.082275390625,1.09326171875,0.19091796875,-24.0478515625,58.7158203125,7.568359375,-4.45146369934082,70.22884368896484,143.53892517089844
0.0654296875,1.065185546875,0.21337890625,-18.98193359375,62.3779296875,8.30078125,-3.877632379531861,69.61160278320311,145.97891235351562
0.073974609375,1.078369140625,0.214111328125,-10.80322265625,63.17138671875,10.8642578125,-3.4090123176574707,69.36750793457031,148.48037719726562
0.069580078125,1.08251953125,0.2109375,-3.5400390625,63.232421875,13.5498046875,-3.0453271865844727,69.44731140136719,151.02169799804688
0.05615234375,1.087646484375,0.16064453125,4.39453125,57.2509765625,12.5732421875,-2.728494167327881,69.970947265625,153.32281494140625
0.01806640625,1.122802734375,0.12939453125,5.31005859375,46.08154296875,5.7373046875,-2.2605772018432617,70.62036895751953,155.11380004882812
0.0341796875,1.13818359375,0.071044921875,-4.7607421875,35.64453125,-0.6103515625,-1.7559574842453003,70.98978424072266,156.43052673339844
0.080322265625,1.0419921875,0.037841796875,-31.55517578125,34.72900390625,1.03759765625,-1.4486429691314695,70.33967590332031,157.73785400390625
0.157958984375,0.880859375,0.049072265625,-40.0390625,49.37744140625,8.72802734375,-1.448733687400818,69.31214904785156,159.7020721435547
0.197021484375,0.7861328125,0.058349609375,-28.076171875,67.7490234375,13.5498046875,-1.4913171529769895,68.73165893554689,162.41683959960938
0.240478515625,0.912841796875,0.081298828125,-5.4931640625,90.087890625,11.16943359375,-1.1450793743133545,69.03137969970703,165.92645263671875
0.199462890625,1.023681640625,0.069580078125,-5.92041015625,101.4404296875,8.48388671875,-0.428883284330368,69.38417053222656,169.8296661376953
0.162841796875,1.06689453125,0.064697265625,-19.1650390625,104.4921875,0.42724609375,0.6868118047714233,69.27771759033203,-186.25428771972656
0.082275390625,1.00927734375,0.09716796875,-35.5224609375,96.6796875,-22.4609375,2.6886239051818848,68.53766632080078,-182.9534912109375
0.0537109375,1.03466796875,0.0869140625,-35.94970703125,85.38818359375,-34.24072265625,4.990347862243652,67.92048645019531,-180.24456787109372
0.038818359375,0.9580078125,0.03759765625,-18.9208984375,76.7822265625,18.24951171875,8.976360321044922,68.54109954833984,-168.9555206298828
0.096923828125,0.91748046875,0.043701171875,-15.0146484375,80.322265625,27.16064453125,8.538013458251951,69.18685913085939,-165.4154815673828
0.127685546875,0.907470703125,0.0361328125,-15.19775390625,84.47265625,24.35302734375,8.164685249328612,69.80670166015625,-161.7671661376953
0.11181640625,0.92919921875,0.0390625,-18.73779296875,87.82958984375,17.39501953125,8.121603012084961,70.24996185302734,-158.09344482421875
0.091064453125,0.961181640625,0.051025390625,-28.13720703125,89.05029296875,6.2255859375,8.556694984436035,70.27528381347656,-154.5245819091797
0.07470703125,0.9697265625,0.077880859375,-34.912109375,86.48681640625,2.3193359375,9.132716178894043,69.97852325439453,-151.1068572998047
0.0439453125,0.972412109375,0.08740234375,-40.771484375,84.3505859375,1.0986328125,9.796844482421877,69.4593505859375,-147.78427124023438
0.00830078125,0.958251953125,0.106689453125,-39.306640625,81.787109375,5.43212890625,10.345115661621094,68.99986267089844,-144.49949645996094
0.001953125,0.96875,0.121826171875,-32.89794921875,78.79638671875,11.65771484375,10.630126953125,68.80160522460939,-141.2372283935547
-0.0009765625,1.0224609375,0.111328125,-29.23583984375,73.486328125,19.775390625,10.540227890014648,68.78559112548828,-138.04783630371094
0.0439453125,0.987548828125,0.15771484375,-28.25927734375,74.951171875,33.0810546875,9.877938270568848,68.71932983398439,-134.63394165039062
0.01123046875,0.982666015625,0.1904296875,-16.66259765625,75.1953125,35.888671875,9.203417778015137,69.01210021972656,-131.19679260253906
-0.0087890625,1.07666015625,0.166259765625,-1.5869140625,68.9697265625,32.2265625,8.615883827209473,69.89897918701172,-128.05079650878906
-0.04052734375,1.1767578125,0.126708984375,-3.60107421875,51.8798828125,33.50830078125,7.793516635894775,70.64286804199219,-125.54169464111328
-0.0244140625,1.068359375,0.09228515625,-12.5732421875,42.48046875,37.29248046875,6.690624237060548,70.96509552001953,-123.35649871826172
0.032470703125,0.980712890625,0.065673828125,-17.15087890625,49.86572265625,41.015625,5.451296806335449,71.12336730957031,-120.85762786865234
0.006591796875,0.90087890625,0.020751953125,-23.74267578125,83.06884765625,43.39599609375,4.64846134185791,71.1789321899414,-117.07584381103516
-0.029541015625,0.846435546875,0.066162109375,-19.8974609375,108.0322265625,37.04833984375,4.519850730895996,71.3024673461914,-112.45018005371094
0.00390625,0.947265625,0.126953125,-9.27734375,118.46923828125,24.658203125,4.882498741149902,71.75199890136719,-107.59435272216795
-0.000732421875,1.075927734375,0.14697265625,-12.6953125,113.22021484375,16.2353515625,5.4648776054382315,72.05513000488281,-103.03472137451172
-0.03662109375,1.066650390625,0.146484375,-20.81298828125,99.4873046875,9.33837890625,6.184375762939452,72.01042938232422,-99.07488250732422
-0.029052734375,1.016845703125,0.1484375,-22.216796875,87.158203125,3.96728515625,6.921385288238525,71.88111877441406,-95.64588928222656
-0.01611328125,0.977783203125,0.09423828125,-14.22119140625,83.92333984375,5.37109375,7.506821155548097,72.21287536621094,-92.29926300048828
0.00537109375,0.987548828125,0.0693359375,-5.0048828125,89.35546875,12.51220703125,7.781081199645996,73.02388763427734,-88.63719940185547
0.060302734375,0.909423828125,0.056884765625,-0.48828125,134.46044921875,33.50830078125,6.246817588806152,77.44986724853516,-68.49708557128906
0.066162109375,0.89599609375,0.063720703125,-2.62451171875,139.5263671875,27.89306640625,5.89879846572876,78.2742919921875,-62.7447738647461
0.057861328125,0.947509765625,0.060302734375,-1.89208984375,139.5263671875,22.3388671875,5.729095458984375,79.081787109375,-57.04119491577149
0.04052734375,0.98681640625,0.060791015625,-4.7607421875,138.48876953125,18.9208984375,5.665722370147705,79.72927856445312,-51.405357360839844
0.0390625,0.956787109375,0.063232421875,-8.11767578125,137.20703125,22.64404296875,5.396157741546631,80.18824768066406,-45.79735565185547
0.046142578125,0.944091796875,0.0517578125,-2.38037109375,137.6953125,29.78515625,4.7869834899902335,80.8465576171875,-40.12877655029297
0.048828125,0.966796875,0.039306640625,-4.5166015625,179.19921875,25.81787109375,0.568048357963562,83.44344329833984,4.333724021911621
0.050537109375,1.152099609375,0.035400390625,9.1552734375,172.8515625,21.30126953125,0.32972753047943115,84.0389175415039,11.29218864440918
0.08251953125,1.192626953125,0.0166015625,2.86865234375,164.36767578125,21.66748046875,-0.05946211889386178,84.35784149169922,17.91389274597168
0.081298828125,1.132080078125,-0.00390625,-3.47900390625,155.8837890625,24.47509765625,-0.6034980416297913,84.39849853515625,24.20785140991211
0.110107421875,1.0595703125,0.01708984375,-0.732421875,156.494140625,25.87890625,-1.2559460401535034,84.43598937988281,30.53033447265625
0.133056640625,1.053466796875,0.036865234375,7.6904296875,158.02001953125,22.4609375,-1.8076400756835935,84.69776916503906,36.899879455566406
0.117919921875,1.1044921875,0.05322265625,9.09423828125,156.55517578125,18.5546875,-2.170825958251953,84.92723083496094,43.197853088378906
0.068359375,1.1328125,0.070556640625,-0.8544921875,144.8974609375,13.5498046875,-2.257201910018921,84.71197509765625,49.01688003540039
0.053955078125,1.11181640625,0.065185546875,-12.6953125,132.8125,13.73291015625,-2.321913242340088,84.0517349243164,54.35567092895508
0.022216796875,1.019775390625,0.11474609375,-17.2119140625,120.42236328125,19.8974609375,-2.5470256805419917,83.12149810791016,59.23271942138672
0.051025390625,0.899658203125,0.1494140625,-5.859375,103.759765625,32.5927734375,-3.3603546619415283,82.54884338378906,63.51971435546875
0.056396484375,0.895751953125,0.151123046875,9.521484375,91.1865234375,37.353515625,-4.386168956756592,82.57084655761719,67.33963012695311
0.059814453125,1.002197265625,0.10009765625,16.357421875,81.54296875,30.6396484375,-5.1611061096191415,82.99433898925781,70.73340606689453
0.04345703125,1.04736328125,0.09326171875,1.28173828125,71.2890625,17.88330078125,-5.416274070739746,82.83594512939453,73.65605926513672
0.039306640625,1.021240234375,0.091552734375,-6.2255859375,61.767578125,16.357421875,-5.626828193664551,82.4075698852539,76.19347381591797
0.078125,0.97021484375,0.105224609375,-4.94384765625,53.1005859375,21.728515625,-6.163302898406982,82.02033233642578,78.42101287841797
0.0595703125,0.92529296875,0.098388671875,4.08935546875,47.8515625,29.052734375,-6.952018737792969,82.0076904296875,80.48139953613281
0.0390625,0.9130859375,0.10498046875,14.46533203125,47.54638671875,31.55517578125,-7.76712703704834,82.36177825927734,82.54556274414062
0.040771484375,0.94580078125,0.1103515625,24.2919921875,43.27392578125,32.77587890625,-8.639183044433594,83.08467102050781,84.44160461425781
0.054931640625,1.074951171875,0.053955078125,19.1650390625,34.423828125,26.91650390625,-9.325591087341307,83.7615737915039,85.92655944824219
0.0634765625,1.086669921875,0.058349609375,2.197265625,29.6630859375,17.822265625,-9.669235229492188,83.75059509277344,87.1800537109375
0.073486328125,1.035400390625,0.060546875,-12.63427734375,29.84619140625,8.9111328125,-9.666945457458496,83.13744354248047,88.40471649169922
0.03173828125,0.96875,0.06591796875,-18.06640625,34.72900390625,3.0517578125,-9.30780792236328,82.28616333007812,89.7967529296875
0.00341796875,0.969970703125,0.105224609375,-18.12744140625,33.02001953125,5.67626953125,-8.988728523254395,81.39151763916016,91.1420440673828
-0.018798828125,0.975830078125,0.109619140625,-17.39501953125,24.59716796875,10.43701171875,-8.850946426391602,80.60657501220703,92.17539978027344
0.024658203125,0.9736328125,0.125,-19.71435546875,6.4697265625,14.22119140625,-9.072861671447754,79.83147430419922,92.51611328125
0.05712890625,0.9462890625,0.09912109375,-24.71923828125,0.1220703125,9.33837890625,-9.214491844177246,78.98483276367188,92.56261444091795
0.053466796875,0.896728515625,0.1279296875,-28.50341796875,2.685546875,3.72314453125,-9.10672378540039,77.92528533935547,92.67976379394531
-0.001220703125,0.918701171875,0.161865234375,-15.9912109375,-2.13623046875,-0.54931640625,-8.739144325256348,77.36905670166016,92.57659912109376
-0.03759765625,0.9736328125,0.171630859375,-5.55419921875,-15.56396484375,4.5166015625,-8.617674827575684,77.32484436035156,91.98562622070312
-0.071044921875,0.989990234375,0.164794921875,0.732421875,-32.2265625,16.66259765625,-9.04176139831543,77.64189910888672,90.837646484375
-0.1044921875,1.0341796875,0.105224609375,4.33349609375,-41.6259765625,22.03369140625,-9.662104606628418,78.30071258544922,89.3316879272461
-0.119384765625,0.989990234375,0.108154296875,-4.08935546875,-36.0107421875,18.49365234375,-10.023014068603516,78.5606689453125,88.01151275634766
-0.0859375,0.967041015625,0.1416015625,-0.42724609375,-35.46142578125,13.427734375,-10.229339599609377,78.8838119506836,86.68283081054688
-0.051025390625,1.026123046875,0.13818359375,6.2255859375,-44.73876953125,15.19775390625,-10.637885093688963,79.55999755859375,84.98690795898438
-0.00439453125,1.031982421875,0.141845703125,-0.06103515625,-50.84228515625,14.6484375,-11.134873390197754,80.01398468017578,83.0348129272461
0.0087890625,1.052001953125,0.095458984375,-6.65283203125,-53.5888671875,6.28662109375,-11.31812858581543,80.33916473388672,80.88812255859375
0.029296875,0.966064453125,0.095703125,-15.2587890625,-52.18505859375,-0.48828125,-11.262849807739258,80.28871154785156,78.7550048828125
0.051513671875,0.931640625,0.112060546875,-3.5400390625,-49.01123046875,5.06591796875,-11.456746101379395,80.63006591796875,76.7956771850586
0.037353515625,0.979736328125,0.081787109375,9.82666015625,-43.9453125,10.986328125,-11.78819751739502,81.53755187988281,75.05742645263672
0.020751953125,1.078125,0.063232421875,7.14111328125,-35.5224609375,7.26318359375,-11.846949577331545,82.30132293701172,73.62216186523438
0.019287109375,1.05908203125,0.072509765625,-8.056640625,-31.3720703125,2.3193359375,-11.67369556427002,82.37468719482422,72.33379364013672
0.036376953125,0.969970703125,0.0966796875,-17.7001953125,-31.43310546875,-3.90625,-11.30777072906494,81.98860168457031,71.0255126953125
0.029052734375,0.996826171875,0.061767578125,-24.71923828125,-31.73828125,-17.333984375,-10.421236038208008,81.427001953125,69.61054992675781
-0.014892578125,1.069091796875,0.063720703125,-36.31591796875,-28.3203125,-26.55029296875,-9.10808563232422,80.39100646972656,68.26773834228516
-0.025634765625,0.9775390625,0.107421875,-48.583984375,-25.93994140625,-27.587890625,-7.791487216949463,78.75054168701172,67.01103973388672
-0.03857421875,0.902099609375,0.155029296875,-34.912109375,-28.076171875,-18.12744140625,-6.905827522277832,77.56207275390625,65.74276733398439
-0.009033203125,0.97216796875,0.14404296875,-20.56884765625,-31.005859375,-9.82666015625,-6.496961116790772,77.03815460205078,64.41807556152344
-0.0029296875,1.015869140625,0.1123046875,-21.6064453125,-33.14208984375,-4.08935546875,-6.372462272644043,76.57563018798828,63.050743103027344
0.045654296875,0.939208984375,0.137939453125,-28.13720703125,-32.71484375,-2.99072265625,-6.4204673767089835,75.78459930419922,61.72035217285156
0.03564453125,0.918212890625,0.157470703125,-22.3388671875,-34.72900390625,0.244140625,-6.6041908264160165,75.20984649658203,60.34815979003906
0.04345703125,0.9755859375,0.15478515625,-13.3056640625,-36.92626953125,5.06591796875,-7.0109190940856925,75.05830383300781,58.93523406982422
0.071044921875,1.046875,0.123046875,-15.869140625,-36.68212890625,8.97216796875,-7.60732364654541,74.90813446044922,57.558753967285156
0.0654296875,1.033447265625,0.135986328125,-25.0244140625,-35.888671875,7.38525390625,-8.107975959777832,74.3775405883789,56.19847106933594
0.052978515625,1.019287109375,0.138671875,-29.052734375,-35.5224609375,2.50244140625,-8.386096954345701,73.7114486694336,54.79983520507813
0.042236328125,1.0078125,0.15673828125,-31.18896484375,-34.423828125,0.1220703125,-8.54354190826416,72.94547271728516,53.42241287231445
0.041748046875,0.980712890625,0.1904296875,-25.7568359375,-34.912109375,4.33349609375,-8.87664794921875,72.3415756225586,52.08817672729492
0.01904296875,0.967041015625,0.1845703125,-10.68115234375,-37.4755859375,10.986328125,-9.436345100402832,72.38442993164062,50.73188018798828
-0.00341796875,1.056640625,0.193359375,5.126953125,-43.212890625,16.9677734375,-10.209260940551758,73.11763763427734,49.2125015258789
-0.03955078125,1.039306640625,0.186767578125,7.26318359375,-54.6875,16.4794921875,-10.963645935058594,74.02094268798828,47.2203598022461
-0.019775390625,1.00390625,0.177734375,12.39013671875,-72.021484375,14.892578125,-11.812108039855955,75.26982879638672,44.50381851196289
0.020751953125,1.013427734375,0.127685546875,18.5546875,-84.65576171875,15.2587890625,-12.782087326049805,76.98796844482422,41.22982025146485
0.084716796875,1.051513671875,0.07763671875,7.14111328125,-76.72119140625,15.380859375,-13.70462703704834,78.29071807861328,38.2081413269043
0.124755859375,0.921630859375,0.1015625,-11.3525390625,-58.41064453125,15.0146484375,-14.510612487792967,78.58821868896484,35.919334411621094
0.06591796875,0.7646484375,0.185302734375,-7.32421875,-41.3818359375,10.25390625,-14.846962928771973,78.59455871582031,34.348526000976555
0.040283203125,0.8935546875,0.171142578125,11.41357421875,-46.142578125,1.03759765625,-14.74290657043457,79.5355224609375,32.48130416870117
0.008056640625,1.111083984375,0.126220703125,8.60595703125,-57.861328125,-8.544921875,-14.232259750366213,80.63273620605469,30.031272888183594
-0.033447265625,1.090087890625,0.1240234375,-24.5361328125,-71.96044921875,-8.48388671875,-13.731736183166506,80.4779281616211,27.01919174194336
-0.030029296875,0.91943359375,0.140380859375,-36.376953125,-78.7353515625,-6.65283203125,-13.384063720703125,79.80538940429688,23.76967620849609
-0.052978515625,0.871826171875,0.11474609375,-23.98681640625,-87.95166015625,-9.82666015625,-12.94820785522461,79.77027130126953,20.117691040039066
0.01318359375,0.947509765625,0.097900390625,-8.4228515625,-98.08349609375,-17.15087890625,-12.451614379882812,80.49433135986328,16.001256942749027
0.0302734375,0.9638671875,0.085205078125,-2.685546875,-93.56689453125,-10.92529296875,-12.17541790008545,81.3762435913086,12.114164352416992
0.030517578125,0.975830078125,0.097900390625,3.35693359375,-83.49609375,3.5400390625,-12.364306449890135,82.32896423339844,8.730051040649414
0.02685546875,0.93603515625,0.09716796875,2.50244140625,-73.66943359375,22.15576171875,-13.177230834960938,83.12325286865234,5.833319664001465
0.029052734375,0.879638671875,0.09228515625,-1.0986328125,-74.951171875,18.6767578125,-13.79969596862793,83.79583740234375,2.8505592346191406
-0.00341796875,0.87158203125,0.103515625,2.44140625,-81.1767578125,5.18798828125,-13.767312049865724,84.6436996459961,-0.4442644119262695
0.021728515625,0.919189453125,0.077880859375,10.19287109375,-85.14404296875,0.1220703125,-13.54936408996582,85.88294219970703,-3.9348435401916495
-0.0009765625,0.888427734375,0.0703125,7.6904296875,-80.26123046875,4.150390625,-13.366898536682127,86.92406463623047,-7.2089500427246085
-0.0771484375,0.84619140625,0.041015625,4.69970703125,-78.4912109375,4.7607421875,-12.962834358215332,87.84194946289062,-10.417706489562988
-0.134521484375,1.036376953125,0.01123046875,-2.685546875,-90.88134765625,-11.23046875,-11.82264804840088,88.58489227294922,-14.15811824798584
-0.048828125,1.14453125,0.001708984375,-30.76171875,-105.8349609375,-27.587890625,-10.26416301727295,88.22811889648438,-18.50700569152832
-0.14453125,0.96435546875,0.03759765625,-30.57861328125,-93.505859375,-22.64404296875,-4.863619804382324,81.8406753540039,-35.02074432373047
-0.1337890625,1.015625,0.040771484375,-23.5595703125,-106.38427734375,-18.73779296875,-4.239475727081299,81.46031188964844,-39.372642517089844
-0.0537109375,0.9873046875,0.026611328125,-22.5830078125,-108.154296875,-15.7470703125,-3.966599941253662,81.13470458984375,-43.77477645874024
-0.06005859375,0.9833984375,0.036376953125,-22.94921875,-99.12109375,-17.578125,-3.589305877685547,80.73657989501953,-47.82725143432617
-0.0087890625,1.056640625,0.0615234375,-25.87890625,-90.51513671875,-32.5927734375,-2.7340686321258545,80.13275909423828,-51.63135147094727
-0.014404296875,0.988037109375,0.08642578125,-32.5927734375,-86.36474609375,-28.076171875,-2.0986096858978267,79.16057586669922,-55.24190902709961
-0.059326171875,0.942626953125,0.079833984375,-22.705078125,-79.7119140625,-12.14599609375,-2.0007503032684326,78.59158325195312,-58.47589492797852
-0.10498046875,0.94873046875,0.077880859375,-13.5498046875,-67.19970703125,-8.72802734375,-1.857764720916748,78.39142608642578,-61.19159317016602
-0.08251953125,0.94287109375,0.09521484375,-17.578125,-64.697265625,-18.1884765625,-1.3968032598495483,77.98148345947266,-63.88246154785156
-0.077880859375,0.92626953125,0.112548828125,-18.4326171875,-65.7958984375,-23.98681640625,-0.7662069201469421,77.48395538330078,-66.66313171386719
-0.078125,0.960205078125,0.093994140625,-8.544921875,-67.626953125,-25.634765625,-0.13144555687904358,77.42363739013672,-69.52871704101561
-0.0927734375,0.95556640625,0.087646484375,-1.40380859375,-63.17138671875,-17.02880859375,0.22002872824668884,77.6400375366211,-72.14311218261719
-0.096923828125,0.887451171875,0.076904296875,3.173828125,-58.16650390625,-10.8642578125,0.3999564051628113,78.03145599365234,-74.50788879394531
-0.0810546875,0.89453125,0.057373046875,0.91552734375,-51.94091796875,-28.86962890625,1.29924738407135,78.34723663330078,-76.7733383178711
-0.171630859375,0.91845703125,0.07666015625,-10.6201171875,-53.8330078125,-52.91748046875,3.2997257709503174,78.07426452636719,-79.30583190917969
-0.14697265625,1.01171875,0.1181640625,-14.16015625,-59.14306640625,-61.58447265625,5.4037909507751465,77.48443603515625,-82.13072967529297
-0.111083984375,1.0048828125,0.1357421875,-9.58251953125,-59.99755859375,-28.80859375,6.038177490234375,77.01708984375,-84.7199478149414
-0.1162109375,0.896240234375,0.12841796875,-2.197265625,-60.97412109375,-3.72314453125,5.691807746887207,76.8574447631836,-87.12480926513672
-0.07421875,0.815185546875,0.129150390625,4.94384765625,-58.349609375,-0.8544921875,5.183847427368164,76.98672485351562,-89.40274047851562
-0.106201171875,0.92626953125,0.09765625,13.73291015625,-55.35888671875,-23.74267578125,5.681865692138673,77.57185363769531,-91.75685119628906
-0.063720703125,1.052490234375,0.097412109375,5.0048828125,-57.06787109375,-28.1982421875,6.214828968048097,77.78318786621094,-94.21174621582031
-0.1025390625,1.02197265625,0.08154296875,-7.38525390625,-51.69677734375,-14.34326171875,6.321321487426758,77.54093170166016,-96.33524322509766
-0.185546875,0.878173828125,0.07958984375,-0.54931640625,-42.05322265625,10.986328125,5.759532451629639,77.62415313720703,-97.86550903320312
-0.19775390625,0.84033203125,0.092529296875,18.798828125,-46.2646484375,9.033203125,5.3234901428222665,78.4286117553711,-99.58786010742188
-0.124755859375,0.97802734375,0.0654296875,29.1748046875,-55.60302734375,-3.35693359375,5.1185622215271,79.68304443359375,-101.77911376953124
-0.15673828125,1.046630859375,0.00048828125,15.31982421875,-59.5703125,-3.0517578125,4.974089622497559,80.47540283203125,-104.12174224853516
-0.19140625,1.01025390625,-0.02392578125,3.72314453125,-52.30712890625,-0.8544921875,4.9067111015319815,80.85442352294922,-106.16474151611328
-0.2470703125,0.9521484375,-0.017822265625,5.7373046875,-41.6259765625,-6.16455078125,5.280153751373291,81.31130981445312,-107.82176971435548
-0.314697265625,1.010986328125,-0.02294921875,18.37158203125,-38.2080078125,-8.85009765625,5.891948223114014,82.2577133178711,-109.3557586669922
-0.257080078125,1.07568359375,-0.010009765625,29.84619140625,-45.8984375,-7.568359375,6.271563529968263,83.55877685546875,-111.1910400390625
-0.215576171875,1.1953125,-0.050537109375,30.57861328125,-52.24609375,-4.0283203125,6.386349201202393,84.88102722167969,-113.26138305664062
-0.232177734375,1.17724609375,-0.028564453125,15.19775390625,-47.30224609375,2.99072265625,6.3054566383361825,85.5195083618164,-115.12197875976562
-0.221435546875,1.086181640625,-0.002197265625,18.06640625,-50.29296875,13.671875,5.830381870269775,86.19721984863281,-117.08346557617188
-0.1689453125,1.09228515625,-0.04638671875,29.23583984375,-57.55615234375,17.51708984375,5.129826545715332,87.3797607421875,-119.33124542236328
-0.150634765625,1.251708984375,-0.1435546875,14.0380859375,-57.861328125,4.0283203125,4.9543938636779785,88.08368682861328,-121.61571502685548
-0.125732421875,1.198974609375,-0.126220703125,-11.474609375,-48.583984375,5.55419921875,4.7102484703063965,87.75930786132812,-123.53184509277344
-0.124267578125,1.0224609375,-0.107421875,-18.85986328125,-36.4990234375,18.5546875,4.000133991241455,87.20636749267578,-124.9397430419922
-0.134765625,0.892333984375,-0.09423828125,-4.638671875,-27.40478515625,27.2216796875,3.0486955642700195,87.28815460205078,-125.96541595458984
-0.107666015625,0.842041015625,-0.0908203125,2.50244140625,-26.123046875,20.01953125,2.3762903213500977,87.67427825927734,-126.96025848388672
-0.134033203125,0.81396484375,-0.084228515625,0.42724609375,-24.96337890625,3.2958984375,2.484991788864136,87.95645141601562,-127.94194793701172
-0.2119140625,0.767333984375,-0.07666015625,-2.86865234375,-22.94921875,-18.12744140625,3.6856288909912114,88.07259368896484,-128.87237548828122
0.83056640625,7.353759765625,-0.274169921875,62.43896484375,-44.86083984375,22.52197265625,2.373441457748413,90.62004089355469,-130.65948486328122
-0.3466796875,0.516845703125,0.11376953125,-24.47509765625,-9.33837890625,53.77197265625,1.397673487663269,89.18521881103516,-131.07388305664062
0.0732421875,1.54541015625,-0.2490234375,-43.27392578125,-32.28759765625,63.8427734375,-1.3359991312026978,87.83265686035156,-132.29501342773438
-0.100830078125,0.736083984375,0.11279296875,-8.7890625,-14.7705078125,0.67138671875,-1.028839111328125,87.220703125,-132.88116455078122
-0.070556640625,0.9912109375,0.012939453125,-7.62939453125,-4.638671875,1.708984375,-1.2505494356155396,85.94669342041016,-134.46505737304688
-0.0673828125,0.989013671875,0.04833984375,-9.1552734375,-4.8828125,2.3193359375,-1.1525845527648926,85.61903381347656,-134.65545654296878
-0.044189453125,1.014404296875,0.014892578125,-8.48388671875,-5.0048828125,2.50244140625,-1.1223217248916626,85.40895080566406,-134.85092163085938
-0.046630859375,0.993408203125,0.03173828125,-7.75146484375,-4.8828125,1.15966796875,-0.8116276860237122,83.43338012695312,-136.78884887695312
-0.04931640625,0.973876953125,0.0283203125,-9.27734375,-5.18798828125,2.3193359375,-0.7798226475715637,83.24434661865234,-136.98789978027344
-0.05712890625,0.982666015625,0.02978515625,-9.33837890625,-5.7373046875,2.25830078125,-0.7331135869026184,83.0576400756836,-137.20872497558594
-0.054931640625,0.983642578125,0.03955078125,-8.6669921875,-4.7607421875,2.50244140625,-0.5447733402252197,79.72160339355469,-146.05946350097656
-0.05078125,0.98779296875,0.024169921875,-8.4228515625,-5.18798828125,2.3193359375,-0.5340584516525269,79.72269439697266,-146.25120544433594
-0.046142578125,0.9912109375,0.016845703125,-8.23974609375,-5.2490234375,2.3193359375,-0.5351361632347107,79.74794006347656,-146.44540405273438
-0.049560546875,0.987060546875,0.04248046875,-8.9111328125,-4.5166015625,2.197265625,-0.557823121547699,79.10912322998047,-156.80447387695312
-0.055419921875,0.98388671875,0.039306640625,-8.1787109375,-4.69970703125,2.01416015625,-0.5605764985084534,79.08472442626953,-156.9855194091797
-0.0537109375,0.997802734375,0.036376953125,-9.3994140625,-4.94384765625,2.25830078125,-0.541758120059967,79.04474639892578,-157.16677856445312
-0.0537109375,0.997802734375,0.024658203125,-8.30078125,-4.82177734375,2.01416015625,-0.5132175087928772,79.0765151977539,-157.3451385498047
-0.039306640625,1.007080078125,0.0234375,-8.23974609375,-4.7607421875,2.01416015625,-0.5247357487678528,79.08393096923828,-157.53961181640625
-0.05908203125,0.985107421875,0.04296875,-8.4228515625,-4.638671875,2.50244140625,-0.5007261037826538,79.06658172607422,-157.70675659179688
