-0.148193359375,0.955078125,0.267333984375,-7.4462890625,-4.45556640625,6.53076171875,1.3076497316360474,76.42073822021484,31.08783721923828
-0.126953125,0.985595703125,0.2470703125,-8.6669921875,-11.65771484375,2.0751953125,1.3480844497680664,76.02983093261719,30.651630401611328
-0.1298828125,0.990966796875,0.248291015625,-14.0380859375,-11.65771484375,2.5634765625,1.369250774383545,75.43991088867188,30.221736907958984
-0.1005859375,0.9814453125,0.229736328125,-17.02880859375,-13.3056640625,4.69970703125,1.2364978790283203,74.766357421875,29.753314971923828
-0.087158203125,0.9580078125,0.224853515625,-17.7001953125,-9.521484375,8.36181640625,0.9657633304595948,74.11893463134766,29.474750518798828
-0.10546875,0.972900390625,0.22216796875,-15.5029296875,-4.8828125,11.3525390625,0.6775802969932556,73.60294342041016,29.411964416503906
-0.154052734375,0.9716796875,0.238525390625,-16.29638671875,-5.92041015625,12.20703125,0.4717582166194916,73.00140380859375,29.321495056152344
-0.1767578125,0.984130859375,0.242431640625,-20.8740234375,-9.033203125,7.87353515625,0.4374672770500183,72.27445220947266,29.06661605834961
-0.166015625,0.96142578125,0.22607421875,-23.92578125,-13.00048828125,4.69970703125,0.4587946534156799,71.47636413574219,28.62734603881836
-0.141357421875,0.947265625,0.21240234375,-22.216796875,-14.16015625,2.685546875,0.4685689508914948,70.87132263183594,28.124813079833984
-0.136962890625,0.96142578125,0.1845703125,-17.02880859375,-12.02392578125,2.74658203125,0.5042557120323181,70.49685668945312,27.7070426940918
-0.142822265625,0.943603515625,0.200927734375,-15.07568359375,-13.36669921875,2.9296875,0.5291374921798706,70.16912078857422,27.242637634277344
-0.16845703125,0.940185546875,0.2158203125,-11.8408203125,-13.12255859375,0.9765625,0.6838393807411194,69.9232177734375,26.76205062866211
-0.17529296875,0.947021484375,0.240966796875,-10.6201171875,-11.71875,-3.60107421875,1.0330284833908079,69.70368194580078,26.272884368896484
-0.204345703125,0.95751953125,0.2587890625,-12.939453125,-10.31494140625,-7.8125,1.6006470918655396,69.36209106445311,25.77822113037109
-0.2294921875,0.96923828125,0.24169921875,-16.66259765625,-12.75634765625,-12.939453125,2.297231912612915,68.93817901611328,25.122478485107425
-0.19287109375,0.97705078125,0.209716796875,-19.53125,-17.333984375,-18.1884765625,3.065903186798096,68.448974609375,24.22345352172852
-0.154052734375,0.94775390625,0.178466796875,-17.333984375,-23.74267578125,-17.08984375,3.5912399291992188,68.10118865966797,23.107807159423828
-0.120361328125,0.948486328125,0.176025390625,-9.6435546875,-24.84130859375,-14.404296875,3.899397373199463,68.07379150390625,21.995800018310547
-0.07666015625,0.933349609375,0.19580078125,0.244140625,-18.49365234375,-7.75146484375,3.944748878479004,68.41226959228516,21.218242645263672
-0.1201171875,0.94287109375,0.23291015625,4.08935546875,-15.31982421875,-2.86865234375,3.954015731811523,68.82273101806639,20.62405014038086
-0.15673828125,0.956298828125,0.266357421875,3.2958984375,-17.4560546875,-0.91552734375,3.9311115741729736,69.14667510986328,19.97332000732422
-0.180908203125,0.9794921875,0.26220703125,-2.38037109375,-21.42333984375,0.67138671875,3.8498826026916495,69.21304321289061,19.1932373046875
-0.165771484375,0.958984375,0.253662109375,-8.544921875,-23.25439453125,0.54931640625,3.724916219711304,69.03415679931639,18.342737197875977
-0.1533203125,0.9306640625,0.230224609375,-12.5732421875,-22.52197265625,2.13623046875,3.5371308326721187,68.74312591552734,17.546161651611328
-0.155517578125,0.926025390625,0.21875,-12.8173828125,-20.93505859375,2.197265625,3.3815016746521,68.48324584960939,16.8131103515625
-0.1474609375,0.92529296875,0.213623046875,-11.71875,-18.5546875,2.50244140625,3.234654426574707,68.29660034179689,16.175621032714847
-0.179931640625,0.949462890625,0.23291015625,-11.65771484375,-15.80810546875,2.0751953125,3.229818105697632,68.07608032226561,15.631708145141602
-0.19775390625,0.969482421875,0.243896484375,-13.5498046875,-14.7705078125,-0.48828125,3.343489170074463,67.79238891601561,15.089906692504885
-0.16650390625,0.97509765625,0.251220703125,-14.22119140625,-13.7939453125,-3.35693359375,3.4995884895324707,67.48027801513672,14.542875289916992
-0.163818359375,0.998291015625,0.221923828125,-17.76123046875,-11.962890625,-4.7607421875,3.7154419422149663,67.11486053466797,14.048603057861328
-0.14697265625,0.98876953125,0.228271484375,-22.705078125,-9.765625,-2.38037109375,3.8315334320068364,66.55519866943361,13.673852920532227
-0.14892578125,0.96142578125,0.196533203125,-24.169921875,-6.65283203125,0.1220703125,3.9135668277740483,66.02381896972656,13.460060119628904
-0.15966796875,0.96826171875,0.1669921875,-25.5126953125,-4.150390625,0.30517578125,4.028257369995116,65.50540924072266,13.346694946289062
-0.145751953125,0.915771484375,0.15869140625,-27.52685546875,-3.7841796875,0.30517578125,4.152355670928955,64.95366668701172,13.251625061035154
-0.151611328125,0.8955078125,0.148681640625,-27.83203125,-4.2724609375,-1.64794921875,4.355905532836913,64.42137908935547,13.109939575195312
-0.163818359375,0.91650390625,0.144287109375,-26.611328125,-5.43212890625,-2.9296875,4.597880363464356,63.96940612792969,12.909143447875975
-0.147705078125,0.90576171875,0.1474609375,-24.71923828125,-9.1552734375,-3.7841796875,4.760107040405273,63.58773422241211,12.562612533569336
-0.14404296875,0.8984375,0.168212890625,-25.5126953125,-9.33837890625,-1.52587890625,4.8211541175842285,63.13998413085938,12.248786926269533
-0.16943359375,0.943359375,0.15625,-25.0244140625,-7.26318359375,-1.52587890625,4.943767547607422,62.76410293579102,12.014562606811525
-0.18505859375,0.928955078125,0.15966796875,-29.84619140625,-7.26318359375,-1.708984375,5.123059272766113,62.20641326904297,11.779216766357422
-0.215576171875,0.925048828125,0.15673828125,-31.6162109375,-5.126953125,-5.4931640625,5.5385050773620605,61.59833526611328,11.552465438842773
-0.209716796875,0.931640625,0.120849609375,-31.18896484375,-5.55419921875,-9.70458984375,6.0646018981933585,61.10086441040039,11.244428634643556
-0.22900390625,0.948486328125,0.1162109375,-29.4189453125,-9.3994140625,-14.58740234375,6.700624465942383,60.6748161315918,10.714101791381836
-0.218017578125,0.970703125,0.123046875,-25.2685546875,-18.5546875,-16.6015625,7.165083408355713,60.37555313110352,9.830598831176758
-0.201416015625,1.00927734375,0.10400390625,-23.92578125,-26.85546875,-16.41845703125,7.389119625091553,60.15256881713867,8.673255920410156
-0.228515625,1.02587890625,0.123046875,-24.71923828125,-31.92138671875,-18.310546875,7.611754894256593,59.83502578735352,7.2990970611572275
-0.260986328125,1.031982421875,0.156494140625,-25.45166015625,-43.0908203125,-20.93505859375,7.741392135620117,59.366371154785156,5.476540565490723
-0.268310546875,1.03369140625,0.132568359375,-26.79443359375,-56.09130859375,-24.4140625,7.723273754119872,58.83481216430664,3.1424341201782227
-0.310791015625,0.889404296875,0.07666015625,6.04248046875,-118.5302734375,-27.099609375,6.719114303588867,59.43487167358398,-1.393195629119873
-0.164794921875,0.971923828125,0.004150390625,21.17919921875,-118.5302734375,-30.3955078125,5.5811495780944815,60.89749526977539,-6.00477933883667
-0.225341796875,1.025634765625,0.03759765625,26.67236328125,-84.3505859375,-33.75244140625,5.475934028625488,62.6150016784668,-9.530881881713867
-0.199462890625,0.955322265625,0.1943359375,24.59716796875,-49.25537109375,-36.2548828125,6.138222694396973,63.95154571533203,-11.893644332885742
-0.12158203125,0.89013671875,0.3251953125,29.052734375,-12.87841796875,-40.6494140625,7.430947780609131,65.19618225097656,-13.036834716796875
-0.169189453125,0.98095703125,0.449951171875,27.64892578125,20.81298828125,-38.6962890625,9.234723091125488,66.31108093261719,-12.907169342041016
-0.220947265625,1.18017578125,0.515625,1.03759765625,47.18017578125,-30.029296875,11.097637176513672,66.56626129150389,-11.633413314819336
-0.23583984375,1.261474609375,0.438232421875,-28.1982421875,48.4619140625,-16.9677734375,12.446401596069336,65.90968322753906,-10.065350532531738
-0.1962890625,1.0966796875,0.316162109375,-46.0205078125,43.45703125,-0.6103515625,13.08298397064209,64.73432922363281,-8.386035919189451
-0.187744140625,1.03173828125,0.23583984375,-30.82275390625,45.22705078125,17.08984375,13.124783515930176,64.43302154541016,-6.296539306640625
-0.2548828125,1.02392578125,0.228271484375,-6.77490234375,47.2412109375,26.85546875,12.981637954711914,65.16310882568361,-3.958605289459229
-0.321044921875,1.06591796875,0.3046875,20.20263671875,49.25537109375,34.97314453125,12.626795768737793,66.84213256835939,-1.4543380737304688
-0.344482421875,0.947509765625,0.35791015625,27.64892578125,45.34912109375,32.40966796875,12.353005409240724,68.50977325439453,0.7876119613647461
-0.39794921875,1.025634765625,0.376220703125,21.8505859375,39.1845703125,33.8134765625,11.94292163848877,69.84016418457031,2.786327362060547
-0.4052734375,1.0107421875,0.351318359375,-0.30517578125,38.57421875,27.28271484375,11.785378456115724,70.23519897460939,4.652386665344238
-0.318359375,0.88427734375,0.201171875,-22.39990234375,52.734375,17.9443359375,12.11880111694336,70.06375122070311,6.979816436767577
-0.29052734375,0.770751953125,0.1591796875,-13.5498046875,73.6083984375,9.765625,13.05710506439209,70.47246551513672,10.020011901855467
-0.297607421875,0.831298828125,0.175537109375,8.1787109375,81.6650390625,-0.1220703125,14.351316452026367,71.83342742919922,13.269113540649414
-0.310302734375,0.883056640625,0.2265625,27.83203125,73.73046875,-8.60595703125,15.711627960205078,73.80937194824219,16.120718002319336
-0.321044921875,0.9111328125,0.29638671875,36.80419921875,58.4716796875,-13.671875,16.950151443481445,75.81452941894531,18.305566787719727
-0.322021484375,0.86572265625,0.316162109375,40.46630859375,41.07666015625,-14.70947265625,17.984474182128906,77.6479721069336,19.773317337036133
-0.34765625,0.984375,0.34912109375,44.73876953125,13.00048828125,-5.4931640625,18.321592330932614,79.2890396118164,20.17167854309082
-0.340087890625,0.98291015625,0.338134765625,30.45654296875,1.220703125,-1.0986328125,18.370344161987305,80.17524719238281,20.10540008544922
-0.34375,0.877197265625,0.307373046875,18.73779296875,-2.685546875,1.46484375,18.378448486328125,80.50544738769531,19.881366729736328
-0.326416015625,0.78564453125,0.260009765625,18.61572265625,0.54931640625,-0.30517578125,18.524456024169922,80.89752960205078,19.788644790649414
-0.33984375,0.728515625,0.26806640625,21.17919921875,3.60107421875,-0.54931640625,18.78085327148437,81.35149383544922,19.795324325561523
-0.306396484375,0.779296875,0.248779296875,25.57373046875,7.14111328125,-0.48828125,18.916303634643555,82.09866333007812,19.971628189086914
-0.2841796875,0.68212890625,0.3125,29.23583984375,9.58251953125,-2.9296875,19.181615829467773,82.73007202148438,20.14212989807129
-0.306396484375,0.775390625,0.3564453125,29.60205078125,10.8642578125,-6.2255859375,19.532751083374023,83.35784912109375,20.338762283325195
-0.34033203125,0.82568359375,0.329345703125,28.6865234375,8.30078125,-9.521484375,20.024742126464844,84.00315856933594,20.4434757232666
-0.287353515625,0.87841796875,0.308349609375,20.20263671875,5.31005859375,-12.39013671875,20.44126510620117,84.3185806274414,20.427261352539066
-0.246826171875,0.94873046875,0.3134765625,8.1787109375,2.99072265625,-7.568359375,20.50895118713379,84.1469955444336,20.337650299072266
-0.25244140625,0.929443359375,0.272216796875,-5.615234375,9.27734375,-2.5634765625,20.424814224243164,83.61294555664062,20.56610870361328
-0.24267578125,0.862060546875,0.218017578125,-21.54541015625,14.404296875,8.544921875,19.9521598815918,82.64337158203125,21.103425979614254
-0.228271484375,0.8271484375,0.175048828125,-21.66748046875,19.10400390625,13.3056640625,19.333637237548828,81.87098693847656,21.91448402404785
-0.291259765625,0.87841796875,0.15625,-15.2587890625,21.6064453125,14.58740234375,18.827293395996094,81.49250793457031,22.876230239868164
-0.3515625,0.89306640625,0.1669921875,-7.080078125,11.53564453125,18.85986328125,18.240657806396484,81.30325317382812,23.44207000732422
-0.363525390625,0.942138671875,0.177001953125,-6.04248046875,0.91552734375,20.69091796875,17.528657913208008,81.0224838256836,23.581279754638672
-0.380859375,0.9755859375,0.189208984375,-5.79833984375,-7.568359375,20.751953125,16.798852920532227,80.64519500732422,23.37442398071289
-0.346923828125,0.987548828125,0.209228515625,-10.009765625,-16.6015625,20.44677734375,15.96995735168457,79.97425842285156,22.797080993652344
-0.33154296875,1.03955078125,0.201416015625,-8.1787109375,-19.1650390625,18.06640625,15.180771827697756,79.41964721679688,22.13003158569336
-0.359619140625,1.09814453125,0.2470703125,-4.45556640625,-22.39990234375,15.93017578125,14.490694999694824,78.94144439697266,21.313867568969727
-0.3994140625,1.08642578125,0.200927734375,-5.0048828125,-31.8603515625,13.0615234375,13.946221351623535,78.4564437866211,20.12753677368164
-0.46630859375,1.168212890625,0.2080078125,-7.9345703125,-54.50439453125,15.07568359375,13.21084976196289,77.69197082519531,18.06414222717285
-0.4013671875,1.1396484375,0.17431640625,-24.2919921875,-76.35498046875,17.15087890625,12.103095054626465,76.20874786376953,15.193561553955078
-0.346923828125,1.0244140625,0.065673828125,-36.865234375,-89.41650390625,16.9677734375,10.82303237915039,74.43856811523438,11.907516479492188
-0.254638671875,1.00927734375,-0.023681640625,-46.38671875,-81.11572265625,19.34814453125,9.328252792358398,72.70738220214844,9.081680297851562
-0.2744140625,0.9501953125,-0.10986328125,-51.08642578125,-61.21826171875,18.798828125,8.161360740661621,71.2251205444336,7.0958404541015625
-0.251708984375,0.866455078125,-0.194091796875,-48.15673828125,-28.1982421875,19.59228515625,7.404730796813965,70.33069610595703,6.436647415161133
-0.297607421875,0.8232421875,-0.18310546875,-30.70068359375,-2.50244140625,15.93017578125,7.287758827209473,70.26210784912111,6.702334403991699
-0.303955078125,0.865234375,-0.142333984375,-6.77490234375,13.671875,8.23974609375,7.65392255783081,71.11689758300781,7.467597007751465
-0.331787109375,0.958740234375,-0.010009765625,30.76171875,17.822265625,-4.69970703125,8.51140022277832,73.14646911621094,8.197973251342772
-0.386962890625,1.04248046875,0.09326171875,45.95947265625,4.5166015625,-14.70947265625,9.592110633850098,75.41281127929688,8.286031723022461
-0.365966796875,1.14208984375,0.13427734375,45.22705078125,-22.216796875,-19.59228515625,10.465054512023926,77.3226318359375,7.275947570800781
-0.232421875,1.10791015625,0.101318359375,25.45166015625,-51.69677734375,-11.8408203125,10.551155090332033,78.22469329833984,5.169924736022949
-0.181396484375,0.97509765625,0.02197265625,11.3525390625,-52.24609375,-3.60107421875,10.286128997802734,78.69477081298828,3.1312294006347656
-0.15380859375,0.924560546875,-0.04296875,6.34765625,-39.61181640625,5.9814453125,9.730450630187988,79.21785736083984,1.6929388046264648
-0.224365234375,0.895263671875,-0.084228515625,-0.6103515625,0.9765625,16.11328125,9.287513732910156,79.82954406738281,1.9525098800659182
-0.290771484375,0.854248046875,-0.126708984375,-3.41796875,35.400390625,16.41845703125,9.261101722717283,80.6247329711914,3.5904817581176762
-0.337890625,0.8759765625,-0.166259765625,0.54931640625,60.791015625,11.41357421875,9.644403457641602,81.78959655761719,6.218029975891112
-0.375,0.853759765625,-0.18212890625,9.27734375,68.66455078125,5.18798828125,10.33630657196045,83.37004852294922,9.138269424438477
-0.360595703125,0.85986328125,-0.137939453125,20.751953125,65.00244140625,-0.9765625,11.112408638000488,85.2595443725586,11.877111434936525
-0.36376953125,0.9287109375,-0.09912109375,26.06201171875,59.9365234375,-5.9814453125,11.904767990112305,87.18073272705078,14.384969711303713
-0.37890625,0.971435546875,-0.081787109375,19.1650390625,53.466796875,-10.07080078125,12.745667457580565,88.68749237060547,16.619932174682614
-0.377685546875,0.96728515625,-0.074462890625,10.25390625,46.93603515625,-11.23046875,13.549723625183105,89.7388916015625,18.589994430541992
-0.341064453125,0.9423828125,-0.077880859375,1.03759765625,43.15185546875,-9.765625,14.179527282714846,90.3847427368164,20.411985397338867
-0.3466796875,0.95458984375,-0.058837890625,-8.6669921875,44.189453125,-9.70458984375,14.771291732788086,90.60260772705078,22.268165588378906
-0.2392578125,0.95703125,-0.08154296875,-17.2119140625,44.61669921875,-7.75146484375,15.024507522583008,90.54593658447266,24.158973693847656
-0.212158203125,0.837646484375,-0.071044921875,-20.8740234375,55.72509765625,-3.72314453125,15.110713958740234,90.46955108642578,26.510009765625
-0.206787109375,0.776611328125,-0.09423828125,-7.32421875,79.52880859375,-7.62939453125,15.343852996826172,91.28759002685548,29.87516784667969
-0.212646484375,0.812744140625,-0.0712890625,3.84521484375,92.8955078125,-7.26318359375,15.46390151977539,92.60387420654295,33.772655487060554
-0.204833984375,0.78955078125,-0.02099609375,13.7939453125,101.25732421875,-7.99560546875,15.489070892333984,94.22543334960938,37.97099304199219
-0.19482421875,0.84375,0.081787109375,25.69580078125,113.037109375,-7.6904296875,15.280884742736815,96.09752655029295,42.55839920043945
-0.177001953125,0.99072265625,0.13427734375,28.1982421875,114.80712890625,-3.96728515625,14.675331115722654,97.88339233398438,47.1407356262207
-0.182373046875,1.05517578125,0.17529296875,16.54052734375,109.9853515625,5.37109375,13.63557243347168,98.93220520019531,51.412010192871094
-0.243896484375,1.007080078125,0.15478515625,-10.19287109375,97.59521484375,18.49365234375,12.315205574035645,98.68310546875,55.08176803588867
-0.280517578125,0.906982421875,0.108154296875,-20.3857421875,85.205078125,22.0947265625,11.145796775817873,97.93314361572266,58.25769805908203
-0.29052734375,0.844482421875,0.070068359375,-19.775390625,74.951171875,18.85986328125,10.314435005187988,97.18992614746094,61.07745361328125
-0.25732421875,0.83837890625,0.061767578125,-6.2255859375,60.791015625,10.498046875,9.866026878356934,96.90868377685548,63.39063262939453
-0.22705078125,0.8408203125,0.1484375,4.33349609375,49.98779296875,9.94873046875,9.44361686706543,96.7462387084961,65.23874664306639
-0.1650390625,0.91845703125,0.187744140625,8.48388671875,45.2880859375,10.31494140625,8.858223915100098,96.63867950439452,66.88999176025389
-0.145263671875,0.990234375,0.1904296875,3.41796875,42.8466796875,16.4794921875,7.996264457702638,96.31478118896484,68.42493438720703
-0.153564453125,0.998779296875,0.165283203125,-3.47900390625,42.54150390625,24.35302734375,6.882913112640381,95.75235748291016,69.93584442138672
-0.207275390625,0.963623046875,0.096923828125,-6.591796875,40.6494140625,32.28759765625,5.652562618255615,95.19092559814452,71.37788391113281
-0.285888671875,0.9296875,0.08251953125,-2.13623046875,36.31591796875,35.400390625,4.5672268867492685,94.81902313232422,72.65840911865234
-0.250732421875,0.968994140625,0.045654296875,-0.67138671875,31.3720703125,32.1044921875,3.5783269405364986,94.56922912597656,73.77561950683594
-0.21533203125,0.99072265625,0.041259765625,-1.46484375,28.1982421875,29.72412109375,2.6503491401672363,94.28137969970705,74.78569793701172
-0.150146484375,1.048583984375,-0.02392578125,-2.25830078125,25.45166015625,33.02001953125,1.4782954454421997,94.09149169921876,75.69319915771484
-0.174072265625,1.006103515625,-0.06298828125,-1.953125,29.052734375,36.7431640625,0.2610081434249878,93.99421691894531,76.74129486083984
-0.220703125,0.99951171875,-0.077392578125,4.45556640625,30.09033203125,35.21728515625,-0.7493794560432434,94.16959381103516,77.8355941772461
-0.22412109375,1.08740234375,-0.095703125,9.70458984375,30.94482421875,28.6865234375,-1.5002098083496094,94.55381774902344,78.9782485961914
-0.2509765625,1.08056640625,-0.046630859375,9.27734375,27.2216796875,22.216796875,-1.90213143825531,94.79896545410156,79.9899673461914
-0.21337890625,1.06591796875,-0.031982421875,6.8359375,13.00048828125,20.32470703125,-2.2341365814208984,94.92070770263672,80.43994903564453
-0.13916015625,1.020263671875,-0.04638671875,2.197265625,-1.64794921875,21.17919921875,-2.674146175384521,94.90782165527344,80.30154418945312
-0.1298828125,0.989501953125,-0.064208984375,-0.30517578125,-0.3662109375,21.6064453125,-3.1304574012756348,94.83770751953124,80.21184539794922
-0.139892578125,0.999267578125,-0.073486328125,-3.7841796875,5.0048828125,21.1181640625,-3.548972845077514,94.638671875,80.33885192871094
-0.176025390625,0.99462890625,-0.077392578125,-9.6435546875,16.357421875,15.44189453125,-3.6814639568328857,94.19216918945312,80.94010162353516
-0.1572265625,1.001953125,-0.07275390625,-11.41357421875,16.05224609375,13.12255859375,-3.753587245941162,93.6796417236328,81.5411605834961
-0.1220703125,1.0166015625,-0.075439453125,-15.0146484375,17.02880859375,11.5966796875,-3.838802337646485,93.04280090332031,82.18944549560547
-0.108642578125,1.064697265625,-0.111328125,-14.6484375,20.81298828125,12.939453125,-4.015597343444823,92.50244140625,82.98606872558594
-0.2119140625,1.0439453125,-0.060546875,-22.3388671875,11.16943359375,-3.72314453125,-3.2770004272460938,91.59723663330078,83.43115997314453
-0.14453125,1.13916015625,-0.090576171875,-22.94921875,7.87353515625,5.0048828125,-3.069706678390503,90.76361846923828,83.7314224243164
-0.12548828125,0.971435546875,-0.06640625,-18.24951171875,14.5263671875,8.544921875,-3.0057406425476074,90.11212158203124,84.29987335205078
-0.125244140625,0.945556640625,-0.016845703125,-6.9580078125,8.23974609375,5.37109375,-2.8040404319763184,89.83777618408203,84.62574768066406
-0.103515625,0.962158203125,-0.00048828125,4.0283203125,6.77490234375,2.8076171875,-2.5627570152282715,89.97845458984375,84.89645385742188
-0.275634765625,1.891845703125,-0.18212890625,-34.60693359375,-21.91162109375,17.39501953125,-2.835902214050293,88.8378677368164,84.0091552734375
-0.008544921875,0.808349609375,0.0498046875,-74.951171875,-37.29248046875,19.04296875,-3.521692037582397,85.81256866455078,82.55155181884766
-0.134765625,1.187255859375,0.125244140625,-74.70703125,-27.03857421875,19.6533203125,-4.011009216308594,82.80476379394531,81.5422134399414
-0.104248046875,0.8388671875,-0.20947265625,-82.58056640625,-27.83203125,30.029296875,-4.93595552444458,80.38462829589844,80.54231262207031
0.0302734375,0.49560546875,-0.493408203125,4.5166015625,-5.2490234375,-11.23046875,-4.504279613494873,82.43991088867188,80.10835266113281
-0.019287109375,1.167236328125,0.7275390625,-29.6630859375,0.244140625,4.21142578125,-4.472789764404297,80.29397583007812,80.21403503417969
0.027099609375,0.998291015625,0.305419921875,-11.3525390625,-7.32421875,4.33349609375,-4.575300693511963,79.55480194091797,79.9771728515625
0.0390625,0.895263671875,0.1123046875,-8.1787109375,-2.9296875,1.46484375,-4.570087432861328,79.35246276855469,79.86235046386719
-0.222412109375,1.00390625,-0.125244140625,-8.056640625,16.41845703125,0.48828125,-3.261932373046875,79.88408660888672,82.03706359863281
-0.050048828125,0.96826171875,-0.09619140625,-8.36181640625,-4.2724609375,3.11279296875,-3.1718022823333736,80.16338348388672,81.8547592163086
-0.065185546875,1.009765625,-0.02880859375,-6.4697265625,-5.126953125,0.67138671875,-2.9624266624450684,80.3534164428711,81.63189697265625
-0.0107421875,0.996826171875,-0.0986328125,-7.75146484375,-4.7607421875,3.47900390625,-2.9918215274810787,80.63919067382812,81.43568420410156
-0.041748046875,1.00439453125,-0.087158203125,-6.4697265625,-4.2724609375,2.3193359375,-2.90053129196167,80.9376220703125,81.2522964477539
-0.037109375,0.99169921875,-0.070556640625,-7.14111328125,-4.57763671875,1.708984375,-2.7986083030700684,81.16361236572266,81.05569458007812
-0.0166015625,0.97265625,-0.0966796875,-7.9345703125,-4.638671875,0.9765625,-2.718064308166504,81.41161346435547,80.85030364990234
-0.031005859375,0.986083984375,-0.0693359375,-7.32421875,-5.126953125,1.5869140625,-2.6334359645843506,81.61063385009766,80.63304138183594
-0.017822265625,0.981689453125,-0.080810546875,-7.26318359375,-4.94384765625,1.77001953125,-2.587823867797852,81.83045196533203,80.42366027832031
-0.016357421875,0.986328125,-0.07861328125,-7.14111328125,-4.8828125,2.38037109375,-2.5704457759857178,82.04049682617188,80.22073364257812
-0.01416015625,0.9853515625,-0.0751953125,-7.62939453125,-4.57763671875,2.0751953125,-2.5443005561828613,82.21481323242188,80.02870178222656
-0.016357421875,0.984130859375,-0.065673828125,-8.48388671875,-4.7607421875,2.13623046875,-2.5167558193206787,82.32710266113281,79.83084869384766
-0.01708984375,0.97705078125,-0.068603515625,-7.14111328125,-5.06591796875,1.8310546875,-2.477414608001709,82.49693298339844,79.61917114257812
-0.008544921875,0.989501953125,-0.07861328125,-7.26318359375,-4.94384765625,1.953125,-2.4634060859680176,82.67549133300781,79.41241455078125
-0.016357421875,1.0,-0.076416015625,-7.62939453125,-4.57763671875,1.953125,-2.430017709732056,82.82504272460938,79.22056579589844
-0.013916015625,0.971923828125,-0.07470703125,-7.8125,-4.638671875,2.38037109375,-2.4192919731140137,82.96233367919922,79.02855682373047
-0.01904296875,0.972412109375,-0.073974609375,-7.8125,-3.96728515625,2.38037109375,-2.393463611602783,83.0912857055664,78.86333465576172
-0.01611328125,0.978271484375,-0.072509765625,-7.50732421875,-4.5166015625,2.01416015625,-2.363288402557373,83.22400665283203,78.6749267578125
-0.019287109375,0.97412109375,-0.058837890625,-7.75146484375,-4.638671875,1.953125,-2.324275016784668,83.31119537353516,78.48282623291016
-0.021484375,0.985595703125,-0.07177734375,-7.568359375,-5.126953125,2.25830078125,-2.2964327335357666,83.43065643310547,78.27181243896484
-0.01171875,0.979736328125,-0.072998046875,-7.2021484375,-4.69970703125,1.46484375,-2.2581806182861333,83.56326293945312,78.07437133789062
-0.020751953125,0.977783203125,-0.07958984375,-7.38525390625,-3.84521484375,2.197265625,-2.225522041320801,83.69708251953125,77.91374206542969
-0.01806640625,0.974853515625,-0.056640625,-7.50732421875,-5.06591796875,2.25830078125,-2.207072734832764,83.77054595947266,77.70702362060547
-0.0078125,0.997314453125,-0.07763671875,-7.9345703125,-5.2490234375,1.46484375,-2.182889699935913,83.86859130859375,77.48814392089844
-0.023681640625,0.973388671875,-0.0673828125,-7.01904296875,-3.84521484375,1.953125,-2.135426521301269,83.97773742675781,77.32801818847656
-0.027099609375,0.98193359375,-0.073974609375,-7.26318359375,-4.8828125,1.77001953125,-2.0791368484497066,84.087890625,77.12561798095703
-0.028564453125,0.980224609375,-0.077880859375,-7.26318359375,-4.8828125,1.64794921875,-2.016408920288086,84.20269012451172,76.92277526855469
-0.0126953125,0.982177734375,-0.063720703125,-6.9580078125,-4.7607421875,2.01416015625,-2.0062510967254643,84.2923812866211,76.7278823852539
-0.01416015625,0.9716796875,-0.067626953125,-7.99560546875,-4.82177734375,2.25830078125,-2.002515316009521,84.34766387939453,76.53113555908203
-0.0224609375,0.98681640625,-0.0732421875,-7.26318359375,-5.126953125,2.3193359375,-1.9837881326675413,84.44072723388672,76.32205963134766
-0.023193359375,0.987060546875,-0.072021484375,-7.14111328125,-4.94384765625,2.25830078125,-1.9606766700744631,84.53191375732422,76.12020874023438
-0.01708984375,0.97705078125,-0.06591796875,-7.9345703125,-5.2490234375,2.3193359375,-1.9552682638168333,84.57585906982422,75.906982421875
-0.013427734375,0.98486328125,-0.091552734375,-7.50732421875,-5.18798828125,1.708984375,-1.934450387954712,84.69206237792969,75.69207763671875
-0.020751953125,0.992431640625,-0.06982421875,-8.1787109375,-4.45556640625,1.5869140625,-1.8899086713790891,84.72529602050781,75.50769805908203
-0.0244140625,0.98486328125,-0.08740234375,-7.6904296875,-4.82177734375,2.25830078125,-1.866392970085144,84.81808471679688,75.31001281738281
-0.017822265625,0.973876953125,-0.077880859375,-8.056640625,-5.4931640625,2.44140625,-1.8676501512527464,84.87388610839844,75.08698272705078
-0.02099609375,0.973876953125,-0.063720703125,-6.89697265625,-4.5166015625,1.953125,-1.8383116722106931,84.94000244140625,74.90221405029297
-0.010498046875,0.986572265625,-0.0859375,-7.62939453125,-4.82177734375,2.01416015625,-1.8383435010910036,85.02315521240234,74.70413208007812
-0.008544921875,0.97314453125,-0.06884765625,-7.50732421875,-5.06591796875,2.13623046875,-1.84779691696167,85.0716552734375,74.49789428710938
-0.022705078125,0.98583984375,-0.083984375,-7.8125,-4.69970703125,1.8310546875,-1.8113249540328982,85.13782501220703,74.30402374267578
-0.018310546875,0.980712890625,-0.07763671875,-7.4462890625,-4.150390625,1.89208984375,-1.786475419998169,85.20178985595703,74.13294982910156
-0.023193359375,0.98681640625,-0.070556640625,-7.2021484375,-4.57763671875,1.8310546875,-1.750324845314026,85.2562484741211,73.94528198242188
-0.007568359375,0.98876953125,-0.08154296875,-7.080078125,-4.21142578125,2.01416015625,-1.757504105567932,85.33758544921875,73.77234649658203
-0.024169921875,0.97998046875,-0.082763671875,-7.75146484375,-5.06591796875,1.77001953125,-1.718700289726257,85.39424133300781,73.56424713134766
-0.02197265625,0.989501953125,-0.067138671875,-7.75146484375,-4.94384765625,2.197265625,-1.7032068967819214,85.41118621826172,73.36369323730469
-0.011962890625,0.97412109375,-0.07568359375,-7.2021484375,-4.7607421875,1.89208984375,-1.6980912685394287,85.47135925292969,73.16899871826172
-0.02099609375,0.980712890625,-0.07763671875,-7.26318359375,-4.638671875,1.77001953125,-1.667125225067139,85.52976989746094,72.9786605834961
-0.017578125,0.9794921875,-0.075439453125,-7.568359375,-5.06591796875,2.01416015625,-1.655986189842224,85.56930541992188,72.77232360839844
-0.0224609375,0.979736328125,-0.075439453125,-7.6904296875,-4.45556640625,2.13623046875,-1.6369588375091553,85.6015625,72.59073638916016
-0.0302734375,0.990234375,-0.07421875,-7.75146484375,-4.39453125,2.0751953125,-1.5986727476119995,85.62528991699219,72.41156768798828
-0.018798828125,0.97412109375,-0.072265625,-7.568359375,-3.90625,1.953125,-1.5810256004333496,85.65316009521484,72.25187683105469
-0.024658203125,0.981689453125,-0.070068359375,-7.14111328125,-4.8828125,1.77001953125,-1.5463069677352903,85.69169616699219,72.05290985107422
-0.021240234375,0.98095703125,-0.07568359375,-7.6904296875,-4.7607421875,2.0751953125,-1.532532811164856,85.719482421875,71.85953521728516
-0.0205078125,0.983642578125,-0.065673828125,-7.9345703125,-4.638671875,2.13623046875,-1.523039937019348,85.71292877197266,71.67191314697266
-0.002197265625,0.9921875,-0.089111328125,-7.8125,-4.2724609375,2.25830078125,-1.560091853141785,85.76287841796875,71.49805450439453
-0.015869140625,0.972412109375,-0.076416015625,-7.4462890625,-4.82177734375,2.01416015625,-1.5553467273712158,85.80101013183594,71.3019027709961
-0.012939453125,0.978271484375,-0.06396484375,-7.75146484375,-4.8828125,2.01416015625,-1.5577561855316162,85.79586029052734,71.10415649414062
-0.016357421875,0.98876953125,-0.0771484375,-7.26318359375,-4.45556640625,2.38037109375,-1.5660128593444824,85.83834075927734,70.92366790771484
-0.009033203125,0.978515625,-0.075439453125,-6.8359375,-4.5166015625,1.8310546875,-1.5686531066894531,85.89431762695312,70.7392578125
-0.019775390625,0.976318359375,-0.074462890625,-7.9345703125,-4.5166015625,2.0751953125,-1.5558375120162964,85.90220642089844,70.5554428100586
-0.015869140625,0.968994140625,-0.07763671875,-7.2021484375,-4.638671875,2.13623046875,-1.5550206899642944,85.94783020019531,70.36678314208984
-0.013671875,0.99365234375,-0.065185546875,-7.62939453125,-4.57763671875,2.197265625,-1.5621981620788574,85.9419174194336,70.18161773681639
-0.00048828125,0.98974609375,-0.077392578125,-7.99560546875,-4.45556640625,1.5869140625,-1.5746499300003052,85.94987487792969,69.99896240234375
-0.01513671875,0.98095703125,-0.079833984375,-7.38525390625,-4.82177734375,1.708984375,-1.5585980415344238,85.98943328857422,69.8016357421875
-0.018310546875,0.983154296875,-0.08203125,-7.9345703125,-5.06591796875,1.89208984375,-1.5438061952590942,86.01024627685547,69.59497833251953
-0.021240234375,0.978271484375,-0.07275390625,-7.568359375,-4.69970703125,2.0751953125,-1.5287528038024902,86.0240707397461,69.40403747558594
-0.008056640625,0.98095703125,-0.094970703125,-6.65283203125,-4.638671875,1.5869140625,-1.5253117084503174,86.12419128417969,69.21308135986328
-0.0185546875,0.975830078125,-0.075439453125,-7.4462890625,-4.69970703125,2.13623046875,-1.5191595554351809,86.14495849609375,69.02217102050781
-0.012451171875,0.98486328125,-0.0673828125,-7.75146484375,-5.0048828125,2.0751953125,-1.525916576385498,86.13308715820312,68.81952667236328
-0.0185546875,0.97900390625,-0.082763671875,-7.14111328125,-4.45556640625,2.197265625,-1.5217069387435913,86.18167877197266,68.63807678222656
-0.02490234375,0.98681640625,-0.069580078125,-7.26318359375,-4.21142578125,2.197265625,-1.5025782585144043,86.191650390625,68.46717071533203
-0.01611328125,0.9794921875,-0.068359375,-7.568359375,-4.39453125,2.01416015625,-1.4972399473190308,86.1876220703125,68.28868865966797
-0.01416015625,0.975341796875,-0.074951171875,-7.9345703125,-4.69970703125,1.89208984375,-1.4924832582473757,86.18528747558594,68.09735107421875
0.00048828125,0.989501953125,-0.0869140625,-6.53076171875,-4.08935546875,1.77001953125,-1.5154892206192017,86.26325225830078,67.92954254150389
-0.012451171875,0.99365234375,-0.076904296875,-8.36181640625,-4.7607421875,1.708984375,-1.5071569681167605,86.24221801757812,67.73514556884766
