-0.229248046875,1.037109375,-0.035400390625,-6.53076171875,-53.7109375,3.35693359375,-1.841724634170532,81.57921600341797,-96.2377471923828
-0.115966796875,1.018310546875,0.013427734375,-7.26318359375,-84.04541015625,-0.244140625,-1.9791233539581297,81.68743896484375,-99.5777816772461
-0.05126953125,1.01904296875,-0.026123046875,-6.4697265625,-83.06884765625,-4.45556640625,-2.072632074356079,81.91837310791016,-102.90728759765624
0.0205078125,0.9775390625,-0.01171875,-3.23486328125,-21.17919921875,-15.07568359375,-0.10701248794794084,80.83629608154297,-108.2193374633789
-0.0283203125,1.061767578125,-0.05810546875,8.36181640625,6.28662109375,-15.56396484375,0.6085802316665649,81.6420669555664,-108.06409454345705
-0.08349609375,1.117919921875,-0.089599609375,17.08984375,25.146484375,-11.41357421875,1.3368443250656128,82.83589172363281,-107.12078094482422
-0.130126953125,1.31494140625,-0.09375,20.32470703125,34.36279296875,0.79345703125,1.4003902673721311,83.97040557861328,-105.70675659179688
-0.0947265625,1.337890625,-0.079833984375,-3.7841796875,33.3251953125,21.240234375,0.7955577373504639,84.20439147949219,-104.28690338134766
-0.091796875,1.2509765625,-0.050537109375,-25.146484375,32.3486328125,25.146484375,0.06700272858142853,83.51483917236328,-102.89278411865234
-0.129150390625,1.12060546875,-0.03369140625,-30.2734375,28.74755859375,23.193359375,-0.4404644668102264,82.68238067626953,-101.7528076171875
-0.1240234375,1.119384765625,-0.0126953125,-18.00537109375,17.76123046875,19.8974609375,-0.8689430356025696,82.25252532958984,-100.95068359375
-0.150390625,1.135986328125,-0.008544921875,-9.033203125,13.916015625,21.1181640625,-1.2977432012557983,82.18549346923828,-100.29325103759766
-0.14306640625,1.099609375,0.00439453125,-3.90625,11.5966796875,23.3154296875,-1.8487441539764404,82.34188842773438,-99.66400909423828
-0.10693359375,1.03564453125,0.02001953125,-2.5634765625,14.70947265625,21.728515625,-2.325835704803467,82.45781707763672,-98.9766616821289
-0.14013671875,1.0673828125,0.021728515625,-2.685546875,14.70947265625,12.75634765625,-2.3684892654418945,82.56018829345703,-98.3382797241211
-0.15673828125,1.0859375,0.027587890625,-8.48388671875,15.31982421875,7.8125,-2.145282506942749,82.36569213867188,-97.72329711914062
-0.16064453125,1.078857421875,0.03076171875,-12.63427734375,9.94873046875,9.3994140625,-2.045451164245605,82.0654067993164,-97.2896957397461
-0.158447265625,1.06201171875,-0.001708984375,-11.71875,1.220703125,14.70947265625,-2.2043590545654297,81.89250946044922,-97.1738739013672
-0.168701171875,1.019287109375,0.018798828125,-1.15966796875,-2.0751953125,15.68603515625,-2.329089403152466,82.27416229248047,-97.2009048461914
-0.140625,1.0283203125,0.01220703125,14.892578125,-5.4931640625,9.8876953125,-2.3480825424194336,83.13880157470703,-97.37921905517578
-0.153076171875,1.060791015625,0.035888671875,19.04296875,-7.9345703125,7.01904296875,-2.243495464324951,84.09049224853516,-97.66996002197266
-0.14990234375,1.076171875,0.0126953125,13.97705078125,-12.26806640625,2.5634765625,-1.9541879892349243,84.79978942871094,-98.22763061523438
-0.113525390625,1.073486328125,0.00146484375,7.32421875,-17.02880859375,-1.8310546875,-1.6213456392288208,85.30164337158203,-98.9189224243164
-0.1142578125,1.044189453125,-0.006591796875,0.8544921875,-17.578125,4.638671875,-1.5479198694229126,85.53981018066406,-99.6117172241211
-0.08984375,0.9482421875,0.002685546875,0.67138671875,-15.80810546875,8.97216796875,-1.698111891746521,85.85578155517578,-100.21468353271484
-0.107666015625,0.919677734375,0.013671875,14.58740234375,-15.93017578125,8.36181640625,-1.7389659881591797,86.57260131835938,-100.83241271972656
-0.095947265625,0.933837890625,-0.00341796875,23.4375,-16.357421875,4.69970703125,-1.6554428339004517,87.65779113769531,-101.47948455810548
-0.076416015625,0.95458984375,-0.004150390625,27.03857421875,-19.95849609375,8.36181640625,-1.796800971031189,88.77880859375,-102.32234954833984
-0.058349609375,0.953857421875,-0.012939453125,18.61572265625,-23.5595703125,11.962890625,-2.0734605789184566,89.61913299560547,-103.2612762451172
-0.0341796875,0.91748046875,-0.001708984375,13.427734375,-22.52197265625,11.77978515625,-2.374202251434326,90.19529724121094,-104.16351318359376
0.011962890625,0.98486328125,-0.068359375,-10.80322265625,-47.607421875,11.04736328125,-3.345188617706299,91.64053344726562,-113.9242706298828
0.044677734375,1.00537109375,-0.08203125,-9.82666015625,-49.1943359375,9.70458984375,-3.63957142829895,91.47357177734376,-115.91278839111328
0.047119140625,1.004150390625,-0.072021484375,-7.50732421875,-48.7060546875,13.3056640625,-4.07616662979126,91.39524841308594,-117.88549041748048
0.03857421875,1.000732421875,-0.066162109375,-3.2958984375,-41.6259765625,19.22607421875,-4.786233425140381,91.540283203125,-119.4599609375
0.016357421875,0.992431640625,-0.052001953125,3.41796875,-32.71484375,23.98681640625,-5.546087265014648,91.8411102294922,-120.80851745605469
0.017578125,1.010986328125,-0.057861328125,5.18798828125,-32.71484375,24.23095703125,-6.279385566711426,92.23004913330078,-122.16505432128906
0.047607421875,0.9990234375,-0.06982421875,2.5634765625,-36.7431640625,23.13232421875,-6.983808994293213,92.4681396484375,-123.75182342529295
0.06005859375,0.96435546875,-0.079345703125,-5.859375,-41.93115234375,22.27783203125,-7.655534744262695,92.52875518798828,-125.49254608154295
0.092041015625,0.96337890625,-0.068359375,-11.53564453125,-40.46630859375,18.6767578125,-8.236570358276367,92.34394073486328,-127.16629791259766
0.100830078125,0.959228515625,-0.0849609375,-13.671875,-33.99658203125,14.7705078125,-8.633336067199707,92.0555648803711,-128.53732299804688
0.0810546875,0.96630859375,-0.061279296875,-15.44189453125,-29.23583984375,11.29150390625,-8.887779235839844,91.66851806640624,-129.74444580078122
0.083251953125,0.955078125,-0.06005859375,-16.357421875,-29.052734375,10.55908203125,-9.118701934814453,91.26260375976562,-130.94367980957028
0.062255859375,0.942626953125,-0.057373046875,-17.4560546875,-30.76171875,11.474609375,-9.359583854675293,90.83675384521484,-132.26589965820312
0.0615234375,0.9150390625,-0.0546875,-19.775390625,-39.00146484375,15.31982421875,-9.72825813293457,90.39875793457031,-133.87257385253906
0.10791015625,0.919677734375,-0.08154296875,-20.263671875,-42.724609375,16.845703125,-10.265372276306152,90.06291198730469,-135.64288330078122
0.111572265625,0.896484375,-0.093017578125,-19.83642578125,-39.4287109375,20.263671875,-10.982413291931152,89.76036834716797,-137.22967529296878
0.09912109375,0.886474609375,-0.10888671875,-17.4560546875,-32.470703125,17.88330078125,-11.515402793884276,89.59680938720703,-138.60609436035156
0.045654296875,0.882568359375,-0.067138671875,-15.44189453125,-28.13720703125,9.765625,-11.571928977966307,89.3865737915039,-139.79002380371094
0.0458984375,0.941162109375,-0.0634765625,-18.9208984375,-26.67236328125,8.23974609375,-11.552009582519533,88.9509506225586,-140.88893127441406
0.03125,0.95068359375,-0.06884765625,-28.80859375,-23.0712890625,6.103515625,-11.433385848999025,88.18134307861328,-141.86822509765625
0.02734375,0.92236328125,-0.056396484375,-33.26416015625,-19.83642578125,4.21142578125,-11.245834350585938,87.21011352539062,-142.71510314941406
0.06884765625,0.87158203125,-0.0732421875,3.23486328125,-27.77099609375,4.5166015625,-11.035921096801758,87.3579330444336,-146.65176391601562
0.1083984375,0.8896484375,-0.084228515625,14.6484375,-24.59716796875,1.46484375,-10.965317726135254,88.44268798828125,-147.709716796875
0.136474609375,0.910400390625,-0.08544921875,16.9677734375,-18.798828125,5.18798828125,-11.085392951965332,89.5290756225586,-148.5220947265625
0.15576171875,0.92138671875,-0.1005859375,8.6669921875,-14.09912109375,3.72314453125,-11.078530311584473,90.08428955078124,-149.1677703857422
0.2021484375,0.90380859375,-0.10546875,-8.36181640625,-13.5498046875,-1.46484375,-11.076005935668944,90.10066223144531,-149.76675415039062
0.208984375,0.90087890625,-0.116943359375,-19.1650390625,-9.33837890625,-4.39453125,-10.976874351501463,89.67948913574219,-150.1990509033203
0.20458984375,0.924560546875,-0.133056640625,-23.62060546875,-4.2724609375,-7.9345703125,-10.67308235168457,89.04757690429688,-150.3619842529297
0.230712890625,0.948486328125,-0.0966796875,-28.3203125,2.38037109375,-10.19287109375,-10.38263988494873,88.1490707397461,-150.31907653808594
0.209716796875,0.948974609375,-0.087646484375,-36.56005859375,3.11279296875,-8.48388671875,-10.122218132019043,86.93204498291016,-150.2530517578125
0.172119140625,0.943603515625,-0.06201171875,-41.9921875,1.3427734375,-10.7421875,-9.66211986541748,85.5181655883789,-150.3129425048828
0.179443359375,0.930419921875,-0.046630859375,-35.64453125,-3.60107421875,-15.0146484375,-9.129114151000977,84.4004135131836,-150.5554962158203
0.163818359375,0.949462890625,-0.020751953125,-26.9775390625,-11.04736328125,-19.47021484375,-8.428677558898926,83.65800476074219,-151.12014770507812
0.163330078125,1.077880859375,-0.052734375,-23.92578125,-19.4091796875,-24.47509765625,-7.529759407043457,83.14896392822266,-152.1377410888672
0.150634765625,1.09423828125,-0.065673828125,-30.82275390625,-23.86474609375,-24.71923828125,-6.683351516723633,82.44210815429688,-153.26548767089844
0.166748046875,1.05517578125,-0.074462890625,-34.1796875,-22.52197265625,-18.24951171875,-6.17880392074585,81.6286392211914,-154.31358337402344
0.124267578125,0.987548828125,-0.0380859375,-31.79931640625,-22.5830078125,-7.9345703125,-6.1658148765563965,80.97969055175781,-155.31105041503906
0.109619140625,0.963134765625,-0.021240234375,-20.69091796875,-28.564453125,-0.79345703125,-6.32820987701416,80.66825103759766,-156.49346923828125
0.11474609375,0.9580078125,-0.0263671875,-16.05224609375,-36.2548828125,0.67138671875,-6.6081604957580575,80.60437774658203,-157.97589111328125
0.13232421875,0.9453125,-0.032958984375,-15.56396484375,-41.80908203125,0.6103515625,-6.952763080596924,80.62210845947266,-159.7248077392578
0.14013671875,0.94189453125,-0.0498046875,-17.08984375,-41.68701171875,0.42724609375,-7.299415588378906,80.61797332763672,-161.43821716308594
0.14501953125,0.94287109375,-0.05810546875,-18.12744140625,-38.330078125,0.8544921875,-7.6400394439697275,80.58409118652344,-163.021728515625
0.10595703125,0.96826171875,-0.019287109375,-16.845703125,-35.0341796875,-0.8544921875,-7.759889125823975,80.5467529296875,-164.48028564453125
0.119140625,0.973876953125,-0.03271484375,-16.17431640625,-36.0107421875,-1.89208984375,-7.889933109283447,80.53282928466797,-165.98670959472656
0.115966796875,0.946533203125,-0.025146484375,-18.9208984375,-37.17041015625,0.79345703125,-8.129916191101074,80.40309143066406,-167.52117919921875
0.095458984375,0.9189453125,-0.0078125,-17.4560546875,-40.10009765625,2.685546875,-8.426066398620605,80.37277221679688,-169.2205047607422
0.097900390625,0.9189453125,-0.0205078125,-10.68115234375,-46.0205078125,0.9765625,-8.672177314758299,80.6374282836914,-171.1128692626953
0.109130859375,0.942626953125,-0.02197265625,-7.8125,-47.9736328125,-0.06103515625,-8.8900785446167,81.02892303466797,-173.09327697753906
0.121337890625,0.94873046875,-0.036865234375,-11.1083984375,-49.8046875,-0.48828125,-9.103224754333496,81.25858306884766,-175.17062377929688
0.13037109375,0.928955078125,-0.0185546875,-14.46533203125,-49.072265625,-0.91552734375,-9.315228462219238,81.37438201904297,-177.20291137695312
0.123291015625,0.916748046875,-0.0390625,-13.24462890625,-45.95947265625,-1.0986328125,-9.476388931274414,81.57244110107422,-179.12222290039062
0.12744140625,0.947998046875,-0.040283203125,-10.68115234375,-42.8466796875,-2.8076171875,-9.486931800842283,81.91389465332031,-180.86480712890625
0.1162109375,0.93359375,-0.033203125,-7.14111328125,-36.31591796875,-3.90625,-9.43591022491455,82.26058197021484,-182.40972900390625
0.118408203125,0.9287109375,-0.032470703125,-4.08935546875,-35.0341796875,-3.0517578125,-9.41041374206543,82.70391845703125,-183.89584350585938
0.144775390625,0.940673828125,-0.043701171875,1.3427734375,-34.0576171875,-2.44140625,-9.415950775146484,83.33551025390625,-185.27061462402344
0.139892578125,0.980224609375,-0.03173828125,-3.84521484375,-30.21240234375,-5.4931640625,-9.280954360961914,83.70744323730469,-186.5655517578125
0.153564453125,0.958740234375,-0.030029296875,-9.46044921875,-25.5126953125,-7.9345703125,-9.068257331848145,83.80435180664062,-187.67691040039062
0.143798828125,0.9482421875,0.00244140625,-13.61083984375,-20.93505859375,-9.1552734375,-8.771114349365233,83.59169006347656,171.4615936279297
0.1494140625,0.937255859375,0.0078125,-12.87841796875,-17.63916015625,-10.19287109375,-8.456291198730469,83.41024017333984,170.67333984375
0.140625,0.938232421875,-0.01025390625,-10.986328125,-17.7001953125,-8.23974609375,-8.212769508361816,83.35089874267578,169.8849639892578
0.145263671875,0.939453125,-0.017578125,-9.27734375,-16.845703125,-7.9345703125,-8.020900726318361,83.35507202148438,169.1260986328125
0.145751953125,0.937255859375,-0.006103515625,-7.01904296875,-14.404296875,-10.19287109375,-7.714775562286378,83.42289733886719,168.46536254882812
0.150146484375,0.950439453125,-0.013916015625,-2.5634765625,-9.8876953125,-12.75634765625,-7.303511142730713,83.65771484375,167.9752655029297
0.142578125,0.99560546875,-0.00732421875,-0.732421875,-6.04248046875,-14.09912109375,-6.788485050201416,83.89952087402344,167.67416381835938
0.12646484375,1.03759765625,0.00244140625,-5.67626953125,-0.54931640625,-13.671875,-6.255347728729247,83.90328979492188,167.56927490234375
0.135986328125,1.003662109375,-0.004150390625,-13.671875,3.7841796875,-11.65771484375,-5.835788249969482,83.58130645751953,167.64572143554688
0.085693359375,0.976318359375,0.0234375,-16.357421875,3.35693359375,-12.51220703125,-5.315784454345703,83.15937042236328,167.67234802246094
0.086669921875,0.98779296875,0.027587890625,-16.17431640625,1.46484375,-8.9111328125,-4.944180488586426,82.70423126220703,167.66989135742188
0.0361328125,0.986572265625,0.0517578125,-14.0380859375,1.03759765625,-9.46044921875,-4.451732158660889,82.29937744140625,167.64866638183594
0.083251953125,1.013427734375,0.006591796875,-8.48388671875,-1.8310546875,-11.23046875,-4.035573482513429,82.2735595703125,167.51129150390625
0.08154296875,1.046875,-0.008056640625,-2.0751953125,2.62451171875,-8.544921875,-3.7017700672149663,82.49530029296875,167.54959106445312
0.07275390625,1.073974609375,-0.007080078125,0.79345703125,5.67626953125,-5.67626953125,-3.4566738605499268,82.8123779296875,167.72769165039062
-0.04638671875,1.212646484375,-0.099609375,-14.22119140625,-4.7607421875,-10.25390625,-1.0241112709045408,83.39212799072266,167.53829956054688
-0.0498046875,1.12841796875,-0.0859375,-18.310546875,0.91552734375,12.451171875,-1.3730027675628662,83.07655334472656,167.62335205078125
-0.05126953125,1.0126953125,-0.0693359375,-16.11328125,4.0283203125,29.11376953125,-2.3378772735595703,82.83588409423828,167.91152954101562
-0.06591796875,1.003662109375,-0.02978515625,-23.4375,22.64404296875,-10.1318359375,-4.655998706817627,81.72327423095703,-186.3748321533203
-0.073974609375,1.017578125,-0.0263671875,-12.75634765625,15.13671875,-7.75146484375,-3.9179954528808594,81.54334259033203,-185.8500518798828
-0.034423828125,0.989501953125,-0.051513671875,-4.08935546875,9.58251953125,6.04248046875,-3.870879411697388,81.78909301757812,-185.4657287597656
0.00732421875,0.951904296875,-0.063232421875,4.57763671875,8.23974609375,20.3857421875,-4.656473159790039,82.47675323486328,-185.0088653564453
0.02978515625,0.8740234375,-0.044677734375,9.521484375,14.7705078125,29.052734375,-5.629188537597656,83.19134521484375,-184.3107147216797
0.010498046875,0.84033203125,-0.046630859375,7.6904296875,21.1181640625,26.42822265625,-6.391159534454347,83.7796630859375,-183.38677978515625
0.03076171875,0.81201171875,-0.046630859375,3.72314453125,26.42822265625,18.49365234375,-6.724925994873048,84.13455963134766,-182.26910400390625
0.05810546875,0.82763671875,-0.051025390625,1.953125,32.2265625,8.11767578125,-6.8178367614746085,84.4144287109375,-180.98773193359372
0.031494140625,0.8720703125,-0.05419921875,4.82177734375,34.7900390625,1.953125,-6.583340167999268,84.79249572753906,-179.6268768310547
-0.016357421875,1.052978515625,-0.076416015625,-2.9296875,29.11376953125,-7.9345703125,-4.2941317558288565,85.9333724975586,-174.63099670410156
-0.009765625,1.0439453125,-0.069580078125,-3.5400390625,29.9072265625,-3.96728515625,-3.8659417629241934,86.00563049316406,-173.46798706054688
-0.03369140625,1.026123046875,-0.043701171875,-0.54931640625,32.77587890625,-0.3662109375,-3.538981914520264,86.13954162597656,-172.17478942871094
-0.029541015625,1.1025390625,-0.0966796875,-23.8037109375,30.6396484375,-1.220703125,-2.97637939453125,84.55537414550781,-139.80996704101562
-0.065185546875,1.08740234375,-0.0986328125,-26.7333984375,24.4140625,-3.7841796875,-2.479461431503296,83.84642028808594,-138.87538146972656
-0.047119140625,1.083740234375,-0.111328125,-29.47998046875,18.98193359375,-5.2490234375,-1.993289589881897,83.09931182861328,-138.16529846191406
-0.022216796875,1.052978515625,-0.130126953125,-31.25,16.66259765625,-1.03759765625,-1.866113781929016,82.3490982055664,-137.55046081542972
0.001220703125,0.99462890625,-0.125732421875,-33.203125,15.869140625,10.1318359375,-2.110881328582764,81.56747436523438,-136.88525390625
0.006103515625,0.9267578125,-0.092529296875,-33.26416015625,17.08984375,15.9912109375,-2.5720374584198,80.7486572265625,-136.13339233398438
-0.003662109375,0.896728515625,-0.098876953125,-29.35791015625,14.83154296875,13.0615234375,-2.817215919494629,80.2318115234375,-135.56056213378906
0.008544921875,0.9208984375,-0.089111328125,-23.193359375,9.521484375,5.126953125,-2.8670191764831543,79.87203979492188,-135.17953491210938
0.016357421875,0.936279296875,-0.097412109375,-19.71435546875,5.43212890625,1.953125,-2.8356592655181885,79.6898422241211,-134.9830322265625
0.026123046875,0.942138671875,-0.092529296875,-14.70947265625,1.28173828125,2.86865234375,-2.8851206302642822,79.75225067138672,-134.96669006347656
0.038330078125,0.947021484375,-0.111572265625,-10.68115234375,-1.64794921875,3.47900390625,-3.0142946243286133,79.97827911376953,-135.04058837890622
0.04931640625,0.9375,-0.106201171875,-10.25390625,-3.0517578125,3.41796875,-3.1725194454193115,80.20613861083984,-135.17138671875
0.06005859375,0.94287109375,-0.12255859375,-8.1787109375,-4.69970703125,3.90625,-3.36329197883606,80.53583526611328,-135.375732421875
0.066650390625,0.925048828125,-0.10888671875,-7.568359375,-4.8828125,4.2724609375,-3.5957813262939453,80.86381530761719,-135.57838439941406
0.072021484375,0.92138671875,-0.10546875,-6.77490234375,-5.55419921875,3.84521484375,-3.819092273712158,81.20646667480469,-135.812744140625
0.07861328125,0.936279296875,-0.1318359375,-7.01904296875,-5.06591796875,4.39453125,-4.072350978851318,81.58472442626953,-136.00015258789062
0.10888671875,0.916748046875,-0.133056640625,-6.103515625,-3.35693359375,5.55419921875,-4.4205594062805185,81.98553466796875,-136.14785766601562
0.116943359375,0.933837890625,-0.123779296875,-3.47900390625,-0.6103515625,4.69970703125,-4.720236778259277,82.44080352783203,-136.19331359863278
0.132568359375,0.95849609375,-0.13134765625,-4.08935546875,1.77001953125,3.41796875,-4.966490745544434,82.85639953613281,-136.11065673828122
0.137939453125,0.94287109375,-0.123046875,-6.28662109375,5.31005859375,3.47900390625,-5.214679718017578,83.13985443115234,-135.93049621582028
0.123046875,0.91796875,-0.114501953125,-5.2490234375,6.65283203125,1.77001953125,-5.35344934463501,83.43821716308594,-135.70550537109378
0.119384765625,0.9345703125,-0.107177734375,-1.28173828125,8.544921875,-1.46484375,-5.2964515686035165,83.87336730957031,-135.41944885253906
0.113525390625,0.974853515625,-0.115478515625,1.28173828125,9.33837890625,-5.7373046875,-5.087707996368408,84.3846664428711,-135.11465454101562
0.106689453125,1.00439453125,-0.113037109375,1.8310546875,10.25390625,-8.056640625,-4.771573543548584,84.8847427368164,-134.77476501464844
0.117431640625,1.00830078125,-0.135498046875,1.220703125,10.7421875,-6.9580078125,-4.5745882987976065,85.30968475341797,-134.407958984375
0.12744140625,1.000244140625,-0.137451171875,-1.953125,13.61083984375,-5.126953125,-4.437218189239502,85.666748046875,-133.91702270507812
0.124267578125,0.991455078125,-0.119140625,-0.3662109375,17.39501953125,-6.103515625,-4.254397392272948,86.02556610107422,-133.27078247070312
0.128173828125,1.008544921875,-0.123779296875,2.3193359375,22.52197265625,-6.591796875,-4.076431751251222,86.48164367675781,-132.36636352539062
0.10888671875,0.998291015625,-0.103515625,2.01416015625,26.55029296875,-4.638671875,-3.919116497039795,86.84605407714844,-131.33906555175778
0.10791015625,0.97412109375,-0.103759765625,1.8310546875,26.42822265625,-3.84521484375,-3.809973955154419,87.19750213623047,-130.31222534179688
0.108154296875,0.95068359375,-0.095703125,1.89208984375,27.16064453125,-4.21142578125,-3.696986198425293,87.5579833984375,-129.2410888671875
0.11669921875,0.9365234375,-0.08544921875,3.90625,28.564453125,-6.65283203125,-3.5256247520446777,87.92961883544922,-128.12515258789062
0.092041015625,0.951904296875,-0.07373046875,3.90625,22.76611328125,-9.27734375,-3.20786452293396,88.27493286132812,-127.23931121826172
0.093994140625,0.976806640625,-0.081787109375,-1.28173828125,17.822265625,-11.474609375,-2.742011070251465,88.3465576171875,-126.6436538696289
0.114013671875,1.039794921875,-0.1123046875,-13.18359375,15.13671875,-17.15087890625,-2.1805651187896733,88.08780670166016,-126.07022094726562
0.134033203125,1.064697265625,-0.1259765625,-22.4609375,22.216796875,-13.97705078125,-1.7894278764724731,87.48548889160156,-125.2120590209961
0.10546875,1.0390625,-0.115966796875,-26.79443359375,30.517578125,-8.85009765625,-1.5846694707870483,86.79377746582031,-123.90799713134766
0.0859375,1.000732421875,-0.087890625,-17.578125,40.4052734375,-6.34765625,-1.372723937034607,86.3592758178711,-122.31588745117188
0.08837890625,1.0048828125,-0.082275390625,-8.36181640625,43.64013671875,-7.568359375,-1.110628604888916,86.3010482788086,-120.59855651855469
0.08642578125,1.031982421875,-0.06787109375,-4.45556640625,44.00634765625,-7.38525390625,-0.8580196499824524,86.39714050292969,-118.8470687866211
0.09619140625,1.009765625,-0.04345703125,-4.638671875,44.12841796875,-4.7607421875,-0.7457202672958374,86.41178894042969,-117.0990982055664
0.09228515625,0.99560546875,-0.059814453125,-8.23974609375,44.61669921875,-2.5634765625,-0.7169899940490723,86.32196807861328,-115.32646942138672
0.091796875,0.998291015625,-0.064208984375,-10.80322265625,46.2646484375,-1.953125,-0.6923695206642151,86.09423828125,-113.51207733154295
0.105224609375,0.97509765625,-0.05908203125,-15.625,48.03466796875,-1.52587890625,-0.7176166772842407,85.72139739990234,-111.60122680664062
0.10888671875,0.953857421875,-0.052734375,-17.15087890625,49.98779296875,-0.48828125,-0.7779198884963989,85.28768920898438,-109.61071014404295
0.09326171875,0.9111328125,-0.046142578125,-14.892578125,50.10986328125,0.6103515625,-0.8221666216850281,84.98661041259766,-107.62986755371094
0.1171875,0.923583984375,-0.018798828125,-12.8173828125,47.54638671875,0.0,-0.9117525815963744,84.67386627197266,-105.73688507080078
0.11572265625,0.956787109375,-0.045654296875,-12.3291015625,45.34912109375,-0.30517578125,-0.9711958169937134,84.45315551757812,-103.93509674072266
0.120849609375,0.966064453125,-0.067138671875,-15.80810546875,43.8232421875,0.48828125,-1.093942165374756,84.0999755859375,-102.20726013183594
0.118896484375,0.95849609375,-0.048095703125,-18.4326171875,44.0673828125,1.52587890625,-1.2095404863357544,83.65728759765625,-100.45208740234376
0.107666015625,0.981201171875,-0.048095703125,-12.75634765625,42.8466796875,-1.0986328125,-1.180232048034668,83.45683288574219,-98.75923919677734
0.0986328125,1.04150390625,-0.037841796875,-2.8076171875,37.9638671875,-3.47900390625,-1.0706663131713867,83.84075164794922,-97.39122772216795
0.107666015625,1.111572265625,-0.061279296875,9.09423828125,24.71923828125,0.732421875,-1.180261731147766,84.53758239746094,-96.41128540039062
0.09423828125,1.175048828125,-0.096923828125,1.220703125,19.04296875,7.01904296875,-1.5269496440887451,84.95451354980469,-95.63560485839844
0.095703125,1.12841796875,-0.08984375,-15.56396484375,21.30126953125,14.6484375,-2.2510886192321777,84.50850677490234,-94.6916046142578
0.102294921875,0.98779296875,-0.0771484375,-23.92578125,28.6865234375,24.23095703125,-3.2458317279815674,83.86930847167969,-93.4670181274414
0.087646484375,0.900390625,-0.045654296875,-18.00537109375,33.26416015625,26.9775390625,-4.265108585357666,83.39661407470703,-92.0438995361328
0.08544921875,0.884521484375,-0.030517578125,-7.50732421875,35.5224609375,21.1181640625,-4.859862327575684,83.44646453857422,-90.5527572631836
0.056396484375,0.910888671875,-0.03857421875,0.732421875,38.330078125,5.2490234375,-4.850823879241943,83.68550109863281,-89.02942657470703
0.061279296875,0.984619140625,-0.0244140625,0.9765625,41.19873046875,-2.0751953125,-4.545966148376465,83.8821029663086,-87.41873168945312
