0.116455078125,0.9794921875,0.02001953125,-9.46044921875,-8.4228515625,5.18798828125,-15.396557807922365,85.68404388427734,-184.0789794921875
0.11181640625,1.003662109375,0.03759765625,-8.85009765625,-8.11767578125,8.9111328125,-15.415472030639648,85.48553466796875,-184.4090881347656
0.15234375,1.01904296875,0.030029296875,-9.94873046875,-7.8125,9.6435546875,-15.547279357910154,85.26541137695312,-184.7295837402344
0.135986328125,1.026611328125,0.029052734375,-9.58251953125,-6.34765625,7.568359375,-15.55025577545166,85.05764770507812,-184.9986114501953
0.12353515625,1.029052734375,0.039794921875,-10.92529296875,-3.7841796875,3.90625,-15.372232437133787,84.75513458251953,-185.16917419433597
0.109619140625,1.021240234375,0.051025390625,-10.7421875,-2.13623046875,0.18310546875,-15.019867897033693,84.43096160888672,-185.28077697753903
0.117919921875,1.01416015625,0.042724609375,-10.498046875,-0.67138671875,-3.0517578125,-14.56818389892578,84.13505554199219,-185.3520050048828
0.097412109375,1.01025390625,0.045654296875,-10.6201171875,0.0,-4.82177734375,-14.017610549926758,83.83411407470703,-185.40415954589844
0.078369140625,0.9853515625,0.05908203125,-10.07080078125,0.42724609375,-6.04248046875,-13.400826454162598,83.53003692626953,-185.43878173828125
0.0771484375,0.97119140625,0.041748046875,-10.25390625,0.67138671875,-6.2255859375,-12.800549507141113,83.26819610595703,-185.4761657714844
0.09912109375,0.9658203125,0.043212890625,-9.033203125,0.91552734375,-7.01904296875,-12.243090629577635,83.0597915649414,-185.50765991210938
0.107666015625,0.974853515625,0.029052734375,-8.6669921875,0.30517578125,-7.4462890625,-11.711812019348145,82.91413879394531,-185.5741424560547
0.10009765625,0.982421875,0.024169921875,-9.27734375,0.79345703125,-7.38525390625,-11.182856559753418,82.7576675415039,-185.6231231689453
0.10205078125,0.9814453125,0.014404296875,-9.033203125,0.67138671875,-6.2255859375,-10.72651195526123,82.63947296142578,-185.6753692626953
0.10205078125,0.9814453125,0.02099609375,-9.09423828125,0.91552734375,-5.615234375,-10.310827255249023,82.50544738769531,-185.71116638183597
0.091796875,0.97900390625,0.03271484375,-8.97216796875,1.03759765625,-5.18798828125,-9.90444278717041,82.35298919677734,-185.7348480224609
0.09326171875,0.98193359375,0.041748046875,-9.21630859375,0.30517578125,-3.11279296875,-9.602309226989746,82.17903900146484,-185.77345275878903
0.089599609375,0.99658203125,0.046630859375,-10.43701171875,0.48828125,-0.54931640625,-9.40095043182373,81.94992065429688,-185.78973388671875
0.103271484375,0.999267578125,0.055419921875,-9.27734375,-0.42724609375,0.9765625,-9.302627563476562,81.76079559326172,-185.8316192626953
0.107177734375,0.9970703125,0.05517578125,-6.77490234375,-0.3662109375,0.48828125,-9.19798469543457,81.67940521240234,-185.87448120117188
0.097900390625,0.99462890625,0.044921875,-5.615234375,-1.28173828125,-2.13623046875,-8.979270935058594,81.6791000366211,-185.9729461669922
0.0849609375,0.979736328125,0.037109375,-5.06591796875,-0.91552734375,-4.57763671875,-8.644800186157228,81.71711730957031,-186.07241821289062
0.065185546875,0.994873046875,0.010986328125,-5.0048828125,-3.96728515625,-5.67626953125,-8.250497817993164,81.83592987060547,-186.30767822265625
0.07080078125,0.9853515625,0.025390625,-5.2490234375,-5.55419921875,-5.43212890625,-7.903328895568848,81.91374206542969,-186.5969696044922
0.089111328125,0.989501953125,0.009033203125,-6.34765625,-6.2255859375,-5.67626953125,-7.605177402496338,81.98412322998047,-186.9170684814453
0.0546875,0.988037109375,0.0009765625,-8.30078125,-6.8359375,-4.8828125,-7.275277614593506,81.99371337890625,-187.2578430175781
0.067626953125,0.979248046875,0.0029296875,-8.36181640625,-8.1787109375,-4.33349609375,-7.018149375915527,82.00020599365234,-187.64645385742188
0.068115234375,1.003662109375,-0.019775390625,-9.21630859375,-9.765625,-3.41796875,-6.813916206359862,82.02925872802734,-188.09808349609372
0.081787109375,0.992431640625,-0.017333984375,-10.19287109375,-10.6201171875,-2.62451171875,-6.686352729797362,82.0147705078125,171.42279052734375
0.080810546875,0.990234375,-0.017333984375,-10.92529296875,-12.02392578125,-2.62451171875,-6.569812774658202,81.97712707519531,170.88844299316406
0.075927734375,0.976318359375,-0.015625,-11.1083984375,-13.3056640625,-2.86865234375,-6.44685173034668,81.93521881103516,170.30259704589844
0.080810546875,0.979736328125,-0.018798828125,-9.94873046875,-15.380859375,-2.8076171875,-6.353292942047119,81.95645141601562,169.6343231201172
0.081298828125,0.98095703125,-0.015869140625,-9.82666015625,-17.27294921875,-2.685546875,-6.2790303230285645,81.98217010498047,168.89283752441406
0.07275390625,0.96826171875,-0.009521484375,-9.70458984375,-17.578125,-3.173828125,-6.172121047973633,81.99807739257812,168.13870239257812
0.070068359375,0.96337890625,-0.01953125,-9.1552734375,-18.37158203125,-4.0283203125,-6.034360885620117,82.06120300292969,167.34661865234375
0.06103515625,0.96142578125,-0.0234375,-9.82666015625,-20.3857421875,-2.3193359375,-5.958778381347656,82.11048126220703,166.48377990722656
0.07080078125,0.9580078125,-0.018310546875,-9.09423828125,-23.13232421875,-0.54931640625,-5.9931087493896475,82.18511199951172,165.52296447753906
0.06591796875,0.96142578125,-0.04052734375,-7.32421875,-26.30615234375,-0.6103515625,-6.026608943939209,82.3934555053711,164.4296875
0.072265625,0.954345703125,-0.039794921875,-6.2255859375,-28.50341796875,-1.46484375,-6.047856330871582,82.64677429199219,163.2446746826172
0.066162109375,0.947998046875,-0.039306640625,-5.37109375,-29.6630859375,-1.52587890625,-6.052583694458008,82.92932891845703,162.0135955810547
0.073974609375,0.956298828125,-0.03955078125,-4.5166015625,-31.55517578125,-0.79345703125,-6.105717182159424,83.24259185791016,160.7111358642578
0.0751953125,0.958740234375,-0.025634765625,-3.23486328125,-33.0810546875,-0.244140625,-6.180105209350586,83.56945037841797,159.35386657714844
0.074951171875,0.959716796875,-0.045654296875,-2.13623046875,-34.60693359375,0.67138671875,-6.285398483276367,83.98279571533203,157.9342803955078
0.066162109375,0.950927734375,-0.033447265625,-1.28173828125,-35.33935546875,0.91552734375,-6.369368553161621,84.39205169677734,156.4890594482422
0.05908203125,0.974853515625,-0.01953125,-1.77001953125,-36.0107421875,1.77001953125,-6.456402778625487,84.73609924316406,155.02381896972656
0.06884765625,0.98828125,-0.02392578125,-2.0751953125,-36.80419921875,3.173828125,-6.610428333282472,85.06991577148438,153.53016662597656
0.071044921875,0.99462890625,-0.004638671875,-2.50244140625,-39.24560546875,5.859375,-6.868563652038574,85.34489440917969,151.95118713378906
0.06689453125,0.98974609375,0.0068359375,-2.74658203125,-41.80908203125,7.38525390625,-7.168804168701173,85.59278869628906,150.27484130859375
0.08154296875,0.987548828125,0.010986328125,-2.86865234375,-41.50390625,7.62939453125,-7.492757797241211,85.82386016845703,148.61024475097656
0.095458984375,0.991943359375,0.01220703125,-1.8310546875,-42.17529296875,6.34765625,-7.778159618377685,86.09762573242188,146.91297912597656
0.0986328125,0.974853515625,0.00732421875,-1.40380859375,-41.1376953125,4.21142578125,-7.9675660133361825,86.39085388183594,145.24879455566406
0.070068359375,0.966552734375,0.018798828125,-1.8310546875,-39.4287109375,3.0517578125,-8.027082443237305,86.62287139892578,143.65394592285156
0.05908203125,0.95458984375,-0.005615234375,-1.40380859375,-39.61181640625,2.50244140625,-8.031814575195312,86.92318725585938,142.04254150390625
0.045166015625,0.938720703125,0.0009765625,-1.77001953125,-39.306640625,3.41796875,-8.033127784729004,87.17935943603516,140.44810485839844
0.056640625,0.947021484375,0.001220703125,-1.28173828125,-39.6728515625,4.82177734375,-8.110222816467285,87.44703674316406,138.84182739257812
0.063232421875,0.94775390625,0.002197265625,-0.42724609375,-41.19873046875,4.8828125,-8.196782112121582,87.74697875976562,137.17422485351562
0.0849609375,0.941650390625,0.010498046875,0.67138671875,-44.98291015625,3.90625,-8.28974437713623,88.08344268798828,135.35525512695312
0.090087890625,0.943603515625,-0.007080078125,2.74658203125,-47.91259765625,0.732421875,-8.254963874816895,88.55099487304688,133.40879821777344
0.087158203125,0.941162109375,-0.03759765625,5.9814453125,-53.5888671875,-1.28173828125,-8.119434356689451,89.23375701904297,131.22373962402344
0.091064453125,0.946044921875,-0.037109375,7.26318359375,-56.2744140625,-1.0986328125,-7.978981971740723,89.94865417480469,128.93580627441406
0.091552734375,0.951904296875,-0.0439453125,8.48388671875,-60.302734375,-0.732421875,-7.827940464019775,90.71612548828124,126.48867797851562
0.071533203125,0.952880859375,-0.0517578125,8.11767578125,-66.46728515625,2.01416015625,-7.706937789916992,91.4851303100586,123.79405212402344
0.07080078125,0.97412109375,-0.067626953125,7.99560546875,-70.556640625,3.60107421875,-7.606688499450684,92.27008056640624,120.93263244628906
0.05615234375,0.998046875,-0.07421875,6.2255859375,-76.35498046875,5.4931640625,-7.500261306762695,92.9903335571289,117.83710479736328
0.053955078125,1.0419921875,-0.064208984375,1.89208984375,-82.51953125,6.103515625,-7.364389419555664,93.50518035888672,114.499755859375
0.077880859375,1.064208984375,-0.04931640625,-3.23486328125,-85.38818359375,6.53076171875,-7.269396781921388,93.76741027832031,111.05335998535156
0.052490234375,1.080322265625,-0.037841796875,-8.85009765625,-85.44921875,7.26318359375,-7.144034862518311,93.76237487792969,107.60738372802734
0.0517578125,1.064697265625,-0.013671875,-17.4560546875,-83.80126953125,9.33837890625,-7.123288154602051,93.35028076171876,104.22852325439452
0.063232421875,1.040283203125,0.018310546875,-22.39990234375,-82.763671875,11.53564453125,-7.252628803253174,92.68561553955078,100.89413452148438
0.0546875,1.0205078125,0.026611328125,-26.0009765625,-81.6650390625,14.70947265625,-7.531062126159668,91.89060974121094,97.59989166259766
0.04833984375,1.02880859375,0.061767578125,-29.052734375,-80.38330078125,20.69091796875,-8.073258399963379,90.94428253173828,94.36107635498048
0.08642578125,0.995361328125,0.063232421875,-31.79931640625,-80.6884765625,24.84130859375,-8.903092384338379,89.95806121826172,91.1141357421875
0.116943359375,0.982177734375,0.084228515625,-31.73828125,-80.2001953125,24.5361328125,-9.814053535461426,89.00775909423828,87.90096282958984
0.1201171875,0.958740234375,0.08544921875,-29.35791015625,-78.369140625,19.47021484375,-10.547359466552734,88.21499633789062,84.76356506347656
0.087890625,0.94140625,0.08349609375,-27.83203125,-76.0498046875,14.0380859375,-11.000313758850098,87.53043365478516,81.7137680053711
0.03955078125,0.934326171875,0.090576171875,-28.01513671875,-74.462890625,10.07080078125,-11.195823669433594,86.85213470458984,78.72439575195312
0.039306640625,0.95166015625,0.0830078125,-27.099609375,-76.171875,8.11767578125,-11.339488983154295,86.28278350830078,75.65634155273438
0.030517578125,0.978271484375,0.062744140625,-27.64892578125,-77.7587890625,6.9580078125,-11.441118240356445,85.78712463378906,72.50923919677734
0.0205078125,0.9619140625,0.058349609375,-28.4423828125,-78.61328125,6.77490234375,-11.538359642028807,85.29976654052734,69.32428741455078
0.0654296875,0.987060546875,0.018798828125,-27.28271484375,-80.01708984375,6.40869140625,-11.744827270507812,84.99430084228516,66.06082153320311
0.081298828125,1.010498046875,0.02783203125,-27.89306640625,-80.4443359375,5.55419921875,-11.959417343139648,84.67291259765625,62.77851867675781
0.0810546875,1.02001953125,-0.007080078125,-27.4658203125,-80.4443359375,4.8828125,-12.152522087097168,84.47357940673828,59.474037170410156
0.085205078125,1.021484375,-0.04345703125,-26.123046875,-79.833984375,3.173828125,-12.275899887084961,84.41912841796875,56.14158630371094
0.081787109375,1.016845703125,-0.029052734375,-26.55029296875,-80.74951171875,2.50244140625,-12.377527236938475,84.33695983886719,52.79999923706055
0.0791015625,1.001708984375,-0.037841796875,-24.96337890625,-82.33642578125,1.77001953125,-12.451144218444824,84.36241912841797,49.38450622558594
0.075927734375,1.024169921875,-0.06103515625,-24.23095703125,-83.80126953125,0.9765625,-12.47589874267578,84.53041076660156,45.89125442504883
0.052490234375,0.999755859375,-0.038330078125,-23.62060546875,-83.1298828125,0.3662109375,-12.420892715454102,84.6141586303711,42.437007904052734
0.043212890625,0.970703125,0.045166015625,-24.2919921875,-68.84765625,3.0517578125,-12.322290420532227,83.89026641845703,30.201847076416016
0.038818359375,0.934814453125,0.080810546875,-24.10888671875,-64.63623046875,0.3662109375,-12.166036605834961,83.51105499267578,27.61822891235352
0.029541015625,0.90087890625,0.091552734375,-23.4375,-58.89892578125,-5.06591796875,-11.82281494140625,83.09044647216797,25.19628143310547
0.0302734375,0.892333984375,0.083740234375,-21.30126953125,-54.5654296875,-7.62939453125,-11.389522552490234,82.74048614501953,22.93458366394043
-0.0048828125,0.878173828125,0.062744140625,-16.7236328125,-52.18505859375,-8.72802734375,-10.868290901184082,82.6292724609375,20.78127098083496
-0.016845703125,0.885009765625,0.06787109375,-11.962890625,-51.6357421875,-5.79833984375,-10.423458099365234,82.64842224121094,18.64519691467285
0.0166015625,0.945556640625,0.058837890625,-10.1318359375,-51.3916015625,-2.50244140625,-10.204830169677734,82.75572967529297,16.533308029174805
0.012939453125,0.969970703125,0.056396484375,-9.27734375,-49.86572265625,-1.64794921875,-10.019309043884276,82.88412475585938,14.536771774291992
-0.003173828125,0.984375,0.073486328125,-10.19287109375,-46.142578125,-1.5869140625,-9.77446460723877,82.8980712890625,12.650367736816404
-0.0244140625,0.99560546875,0.06787109375,-10.55908203125,-42.78564453125,-3.47900390625,-9.400981903076172,82.8803939819336,10.889394760131836
-0.051513671875,1.031982421875,0.0810546875,-12.0849609375,-41.50390625,-2.685546875,-9.033162117004396,82.75153350830078,9.262088775634766
-0.033447265625,1.0703125,0.06982421875,-13.00048828125,-36.0107421875,1.64794921875,-8.848919868469238,82.58235931396484,7.801523208618164
-0.015380859375,1.1142578125,0.050048828125,-14.6484375,-33.02001953125,9.09423828125,-8.995292663574219,82.37538146972656,6.492635726928711
0.07177734375,1.188720703125,0.092041015625,-19.1650390625,-30.2734375,16.29638671875,-9.626907348632812,81.79131317138672,5.3845977783203125
0.11083984375,1.135498046875,0.12939453125,-30.1513671875,-26.0009765625,15.869140625,-10.242459297180176,80.80310821533203,4.42476749420166
0.1005859375,1.00341796875,0.162353515625,-29.11376953125,-17.51708984375,4.2724609375,-10.342485427856444,79.74491119384766,3.7515745162963863
0.042236328125,0.92822265625,0.147705078125,-23.3154296875,-10.07080078125,-10.07080078125,-9.60072135925293,79.0332260131836,3.3035383224487305
0.0146484375,0.889892578125,0.132080078125,-12.14599609375,-8.48388671875,-19.95849609375,-8.539834976196289,78.71236419677734,2.7961597442626958
0.017578125,0.88818359375,0.114501953125,-4.08935546875,-11.53564453125,-20.69091796875,-7.524458408355713,78.77891540527344,2.156288146972656
0.017578125,0.9375,0.061767578125,3.662109375,-13.24462890625,-18.98193359375,-6.644757270812987,79.32819366455078,1.4660062789916992
0.007568359375,1.000732421875,0.026611328125,6.53076171875,-14.892578125,-16.9677734375,-5.839601516723633,80.0160140991211,0.7160263061523438
0.056396484375,1.10205078125,0.0400390625,-15.13671875,-22.0947265625,-18.310546875,-3.4292654991149902,80.5822525024414,-2.9177217483520512
0.090087890625,1.04052734375,0.076416015625,-15.625,-20.69091796875,-24.658203125,-2.5711464881896973,80.19710540771484,-3.8822412490844727
0.0908203125,0.98974609375,0.110595703125,-14.95361328125,-18.1884765625,-28.01513671875,-1.6989630460739136,79.75389099121094,-4.795731067657472
0.076904296875,0.92041015625,0.1328125,-13.36669921875,-17.39501953125,-26.2451171875,-0.91321861743927,79.30512237548828,-5.66896915435791
0.068603515625,0.8408203125,0.146728515625,-10.92529296875,-17.39501953125,-23.193359375,-0.27790969610214233,78.93016815185547,-6.504476547241211
0.064208984375,0.811767578125,0.142333984375,-4.57763671875,-16.6015625,-23.13232421875,0.33626648783683777,78.77623748779297,-7.33164119720459
0.06005859375,0.795654296875,0.130126953125,2.685546875,-17.76123046875,-21.54541015625,0.8629425168037415,78.93614959716797,-8.192209243774414
0.052978515625,0.82861328125,0.0712890625,8.11767578125,-20.6298828125,-17.578125,1.1390845775604248,79.52828979492188,-9.15109157562256
0.049072265625,0.868896484375,0.054443359375,8.72802734375,-26.30615234375,-10.498046875,1.196412444114685,80.11241149902344,-10.255563735961914
0.08251953125,0.927001953125,0.05126953125,6.103515625,-29.23583984375,-5.67626953125,0.9794903993606568,80.58470153808594,-11.441505432128904
0.0703125,0.965576171875,0.042724609375,-0.79345703125,-30.8837890625,-0.79345703125,0.5527681708335876,80.73518371582031,-12.659326553344727
0.05615234375,0.978515625,0.043212890625,-9.27734375,-31.55517578125,6.77490234375,-0.06542166322469711,80.61082458496094,-13.859331130981445
0.0439453125,1.008056640625,0.034912109375,-14.892578125,-30.57861328125,15.44189453125,-0.9672111272811891,80.30375671386719,-14.965563774108887
0.050537109375,1.03271484375,0.0576171875,-19.775390625,-30.8837890625,27.83203125,-2.517231702804565,79.6866226196289,-15.9765625
0.090087890625,1.05029296875,0.08203125,-25.2685546875,-30.3955078125,43.39599609375,-4.5328898429870605,78.94718170166016,-16.866098403930664
0.122314453125,1.03515625,0.11083984375,-26.18408203125,-26.7333984375,49.31640625,-6.754775047302246,78.14634704589844,-17.546154022216793
0.13671875,1.010986328125,0.127685546875,-23.37646484375,-20.99609375,46.93603515625,-8.69005012512207,77.43926239013672,-17.944656372070312
0.09423828125,0.984375,0.12646484375,-20.08056640625,-10.6201171875,35.2783203125,-10.025518417358398,76.84799194335938,-18.08180809020996
0.031494140625,0.93994140625,0.142578125,-19.71435546875,-6.28662109375,27.4658203125,-10.826906204223633,76.22603607177734,-18.106380462646484
-0.023681640625,0.924560546875,0.139404296875,-18.9208984375,-4.638671875,21.97265625,-11.212010383605957,75.57185363769531,-18.14299964904785
-0.024169921875,0.931884765625,0.127685546875,-22.94921875,-7.6904296875,19.83642578125,-11.556378364562988,74.92802429199219,-18.2972469329834
-0.00048828125,0.935791015625,0.1220703125,-24.10888671875,-7.38525390625,20.69091796875,-11.975165367126465,74.2734375,-18.430110931396484
0.025390625,0.9423828125,0.13525390625,-24.90234375,-4.0283203125,21.8505859375,-12.448426246643065,73.55533599853516,-18.32238006591797
0.0390625,0.95458984375,0.132568359375,-23.5595703125,4.08935546875,22.76611328125,-12.875751495361328,72.85127258300781,-17.97045135498047
0.044189453125,0.98779296875,0.1376953125,-21.8505859375,11.5966796875,22.39990234375,-13.187886238098145,72.17257690429688,-17.326408386230472
0.042724609375,1.029052734375,0.165771484375,-21.54541015625,17.4560546875,22.3388671875,-13.352187156677244,71.3836898803711,-16.377229690551758
0.037109375,1.02490234375,0.170166015625,-20.08056640625,25.390625,19.1650390625,-13.30842399597168,70.65387725830078,-15.222793579101562
0.0302734375,1.01904296875,0.156982421875,-17.7001953125,29.1748046875,14.6484375,-13.020465850830078,70.05867767333984,-13.992043495178224
0.026611328125,1.0322265625,0.14208984375,-12.8173828125,31.55517578125,9.58251953125,-12.41947078704834,69.79855346679689,-12.756913185119627
0.030029296875,1.01123046875,0.1357421875,-3.72314453125,32.40966796875,3.5400390625,-11.696759223937988,69.87047576904297,-11.568815231323242
0.04931640625,1.00146484375,0.11181640625,2.86865234375,33.8134765625,-1.0986328125,-10.859615325927734,70.27079010009766,-10.395112991333008
0.03759765625,0.9794921875,0.072998046875,7.9345703125,35.7666015625,-5.79833984375,-9.77952480316162,70.9869384765625,-9.213809967041016
0.036865234375,0.96435546875,0.04541015625,10.25390625,39.48974609375,-9.70458984375,-8.62809944152832,71.80626678466797,-7.926801204681396
0.0693359375,1.029296875,0.010986328125,3.662109375,42.66357421875,1.28173828125,-5.509798049926758,74.35787963867188,-1.8615984916687007
0.076904296875,1.053466796875,0.013916015625,5.92041015625,42.66357421875,1.3427734375,-5.055295467376709,75.00377655029297,-0.2575387954711914
0.0478515625,1.080078125,0.012939453125,8.48388671875,42.48046875,0.0,-4.538202285766602,75.75496673583984,1.3452739715576172
0.039306640625,1.096435546875,0.023681640625,10.07080078125,39.24560546875,-0.244140625,-4.064059257507323,76.54239654541016,2.833165168762207
0.05517578125,1.083740234375,0.062255859375,10.07080078125,35.46142578125,-0.67138671875,-3.6122586727142334,77.20111846923828,4.119847297668457
0.06298828125,1.060546875,0.074462890625,9.6435546875,31.25,-7.26318359375,-3.0564188957214355,77.85220336914062,5.260245323181152
0.072021484375,1.0361328125,0.0673828125,10.80322265625,28.564453125,-10.498046875,-2.4542043209075928,78.55297088623047,6.278927803039551
0.068115234375,1.025146484375,0.029296875,13.18359375,25.57373046875,-9.82666015625,-1.9662716388702397,79.42854309082031,7.146071434020996
0.08740234375,1.000244140625,0.015380859375,15.07568359375,21.54541015625,-4.5166015625,-1.7617177963256836,80.3718032836914,7.951082229614258
0.10546875,1.004638671875,0.017578125,15.0146484375,19.83642578125,-0.48828125,-1.7869951725006104,81.27289581298828,8.721286773681639
0.1171875,0.9423828125,-0.002197265625,14.0380859375,19.04296875,0.3662109375,-1.8593297004699707,82.15617370605469,9.459924697875977
0.10009765625,0.923828125,0.0078125,13.00048828125,19.59228515625,-3.11279296875,-1.8092442750930784,82.9271469116211,10.212377548217773
0.027099609375,0.92919921875,0.05419921875,2.01416015625,1.15966796875,-3.173828125,-1.0826904773712158,84.4757080078125,11.650196075439453
0.081787109375,0.96044921875,0.053466796875,2.0751953125,-0.732421875,-4.39453125,-1.0485845804214478,84.64527893066406,11.546266555786133
0.09228515625,0.974609375,0.0634765625,3.0517578125,-2.86865234375,-5.9814453125,-0.9933308362960817,84.81892395019531,11.410202026367188
0.10302734375,0.960205078125,0.05517578125,3.84521484375,-1.64794921875,-6.103515625,-0.9591299295425416,85.03369903564453,11.323009490966795
0.11376953125,0.943115234375,0.07177734375,3.662109375,2.44140625,-4.82177734375,-1.0053257942199707,85.18233489990234,11.435285568237305
0.095947265625,0.927490234375,0.083740234375,-3.5400390625,8.36181640625,-1.03759765625,-1.130011796951294,85.00572204589844,11.76673698425293
0.066650390625,0.878173828125,0.091552734375,-11.3525390625,12.451171875,6.04248046875,-1.4524664878845217,84.48663330078125,12.286344528198242
0.006591796875,0.85546875,0.119873046875,-17.9443359375,10.31494140625,15.68603515625,-2.1330604553222656,83.58718872070312,12.681062698364258
-0.025390625,0.861572265625,0.153564453125,-22.64404296875,0.9765625,24.658203125,-2.9539191722869877,82.51256561279297,12.840190887451172
-0.05908203125,0.89990234375,0.19189453125,-26.79443359375,-5.859375,24.23095703125,-3.6800520420074463,81.25091552734375,12.747909545898438
-0.1025390625,0.94677734375,0.16064453125,-27.34375,-13.427734375,22.4609375,-4.27098560333252,80.13871002197266,12.197355270385742
-0.024658203125,1.080810546875,0.136474609375,-27.77099609375,-27.28271484375,27.4658203125,-5.3190598487854,79.19367980957031,11.30413818359375
0.092529296875,1.158203125,0.12109375,-30.09033203125,-33.8134765625,36.07177734375,-6.958096504211426,78.28108215332031,10.231048583984377
0.219970703125,1.124755859375,0.08447265625,-29.35791015625,-34.11865234375,41.259765625,-8.9613037109375,77.56482696533203,9.226175308227539
0.19677734375,1.10009765625,0.07763671875,-23.13232421875,-26.91650390625,31.67724609375,-10.474091529846193,77.09037780761719,8.388143539428711
0.14306640625,1.041259765625,0.054931640625,-22.0947265625,-25.7568359375,21.54541015625,-11.439011573791506,76.74443054199219,7.490880012512207
0.08984375,1.0009765625,0.0595703125,-21.6064453125,-29.296875,14.2822265625,-11.94676113128662,76.50361633300781,6.283218383789063
0.05810546875,0.96435546875,0.052978515625,-20.32470703125,-36.19384765625,6.04248046875,-12.18429470062256,76.38359069824219,4.81467342376709
0.03564453125,0.94482421875,0.063232421875,-17.76123046875,-40.71044921875,-1.0986328125,-12.127083778381348,76.39897918701172,3.101767539978028
-0.00146484375,0.940185546875,0.05126953125,-16.4794921875,-44.61669921875,-6.16455078125,-11.77153778076172,76.56200408935547,1.1202316284179688
0.010009765625,0.969970703125,0.052490234375,-16.845703125,-48.76708984375,-10.55908203125,-11.3698091506958,76.70063018798828,-1.0001449584960938
-0.010498046875,0.972412109375,0.06787109375,-16.41845703125,-50.537109375,-11.5966796875,-10.906563758850098,76.81426239013672,-3.1864123344421387
-0.004150390625,0.95849609375,0.067138671875,-16.4794921875,-52.24609375,-12.5732421875,-10.454121589660645,76.92440032958984,-5.456076145172119
-0.000732421875,0.9521484375,0.06005859375,-13.916015625,-54.0771484375,-12.51220703125,-10.034013748168944,77.13641357421875,-7.77946138381958
-0.04296875,0.9970703125,0.0224609375,-9.1552734375,-45.654296875,-5.18798828125,-8.672754287719728,78.69970703125,-16.090265274047848
-0.0380859375,0.994140625,0.052001953125,-12.14599609375,-44.98291015625,-1.708984375,-8.533291816711426,78.71421813964844,-17.942169189453125
-0.048828125,0.98291015625,0.090576171875,-17.88330078125,-42.1142578125,0.9765625,-8.450928688049316,78.471923828125,-19.641357421875
-0.031982421875,0.980712890625,0.111328125,-18.9208984375,-39.36767578125,3.47900390625,-8.493515968322754,78.12957763671875,-21.203636169433594
-0.015625,1.000732421875,0.12451171875,-16.78466796875,-37.78076171875,4.39453125,-8.584805488586426,77.8682861328125,-22.66494369506836
-0.02294921875,0.986328125,0.137939453125,-14.7705078125,-38.02490234375,1.28173828125,-8.560024261474611,77.65350341796875,-24.18332290649414
-0.01220703125,1.017822265625,0.14892578125,-14.09912109375,-40.22216796875,-3.96728515625,-8.379913330078125,77.47636413574219,-25.830665588378906
0.001953125,1.051513671875,0.1337890625,-12.26806640625,-42.29736328125,-10.92529296875,-7.929415225982666,77.50517272949219,-27.647216796875
-0.01904296875,1.09765625,0.129150390625,-9.6435546875,-43.3349609375,-20.81298828125,-7.133299827575684,77.58472442626953,-29.565025329589844
-0.04150390625,1.10009765625,0.119140625,-8.544921875,-41.259765625,-25.5126953125,-6.119507789611816,77.69059753417969,-31.43570899963379
-0.05615234375,1.11767578125,0.1005859375,-10.68115234375,-39.85595703125,-24.5361328125,-5.26390266418457,77.69383239746094,-33.20168685913086
0.012939453125,1.124267578125,0.09765625,-13.24462890625,-38.39111328125,-11.53564453125,-4.955163478851318,77.58536529541016,-34.83275604248047
0.04736328125,1.097412109375,0.13818359375,-17.578125,-37.109375,-2.197265625,-5.088319778442383,77.20584869384766,-36.32439422607422
0.081298828125,1.0537109375,0.134765625,-22.4609375,-34.1796875,1.3427734375,-5.391844749450684,76.61734771728516,-37.60263442993164
0.0791015625,0.969482421875,0.1513671875,-21.30126953125,-26.123046875,-5.126953125,-5.404735088348389,76.03094482421875,-38.68705749511719
0.039794921875,0.95849609375,0.16015625,-20.1416015625,-22.4609375,-8.85009765625,-5.1585564613342285,75.4783935546875,-39.66511917114258
0.041015625,0.96826171875,0.14208984375,-18.6767578125,-24.10888671875,-10.92529296875,-4.843965530395508,75.06209564208984,-40.78580856323242
0.05615234375,0.923828125,0.1494140625,-16.2353515625,-26.79443359375,-12.51220703125,-4.581178665161133,74.72346496582031,-41.97274398803711
0.053955078125,0.89892578125,0.15283203125,-12.0849609375,-26.06201171875,-15.5029296875,-4.209448337554932,74.53961181640625,-43.16166305541992
0.060546875,0.90087890625,0.15185546875,-7.62939453125,-22.76611328125,-18.4326171875,-3.744539737701416,74.59817504882812,-44.223533630371094
0.030517578125,0.905029296875,0.14501953125,-5.79833984375,-17.333984375,-17.15087890625,-3.19300389289856,74.65375518798828,-45.0896110534668
0.01611328125,0.912841796875,0.13671875,-5.9814453125,-14.404296875,-14.6484375,-2.692474365234375,74.70791625976562,-45.81429290771485
0.0185546875,0.91943359375,0.145263671875,-7.32421875,-12.51220703125,-11.41357421875,-2.402085781097412,74.71694946289062,-46.38676834106445
0.0537109375,0.9501953125,0.12890625,-9.33837890625,-10.43701171875,-7.080078125,-2.270481586456299,74.64776611328125,-46.87594985961914
0.070068359375,0.95068359375,0.142333984375,-12.3291015625,-8.6669921875,-5.37109375,-2.2304282188415527,74.4261703491211,-47.27708053588867
0.106689453125,0.907958984375,0.12890625,-14.34326171875,-7.4462890625,-4.7607421875,-2.2842488288879395,74.11307525634766,-47.64179229736328
0.133056640625,0.873291015625,0.126220703125,-11.53564453125,-7.2021484375,-8.48388671875,-2.2864010334014893,73.9530029296875,-48.02190399169922
0.1337890625,0.873779296875,0.111572265625,-6.4697265625,-6.77490234375,-10.009765625,-2.228157997131348,74.03836059570312,-48.40463638305664
0.122314453125,0.894775390625,0.094970703125,-2.8076171875,-6.40869140625,-10.009765625,-2.139854907989502,74.39900207519531,-48.76768112182617
0.10693359375,0.96484375,0.06005859375,-2.99072265625,-4.7607421875,-6.34765625,-2.112171173095703,74.74652862548828,-49.03547286987305
0.07568359375,1.00732421875,0.037841796875,-7.8125,-4.0283203125,-1.0986328125,-2.1995410919189453,74.9412612915039,-49.22101593017578
0.049560546875,1.037841796875,0.079345703125,-14.16015625,-4.2724609375,7.080078125,-2.6869399547576904,74.67546844482422,-49.31232833862305
0.02197265625,1.10595703125,0.11865234375,-22.94921875,-7.9345703125,20.5078125,-3.498353242874145,74.11321258544922,-49.41732025146485
0.044921875,1.123291015625,0.1875,-27.4658203125,-11.16943359375,24.4140625,-4.508081436157227,73.26656341552734,-49.59094619750977
0.068359375,1.118408203125,0.204833984375,-28.74755859375,-12.20703125,22.39990234375,-5.372368335723877,72.37065124511719,-49.82470703125
0.090087890625,0.98046875,0.218017578125,-19.6533203125,-7.6904296875,11.65771484375,-5.8985137939453125,71.78765106201172,-49.99412536621094
0.080810546875,0.924560546875,0.194580078125,-5.9814453125,1.77001953125,4.33349609375,-6.001183032989503,71.7728271484375,-49.89708709716797
0.032958984375,0.9453125,0.151611328125,5.31005859375,9.70458984375,5.0048828125,-5.946366310119629,72.32988739013672,-49.43342971801758
-0.00146484375,0.931396484375,0.12744140625,8.056640625,14.7705078125,13.7939453125,-6.060980796813965,72.95350646972656,-48.74091720581055
-0.012451171875,0.93798828125,0.101806640625,5.92041015625,16.7236328125,18.6767578125,-6.317394733428955,73.51390075683594,-47.9254035949707
-0.01318359375,0.9189453125,0.08837890625,2.8076171875,19.83642578125,19.4091796875,-6.538140296936035,73.87149047851562,-46.97611999511719
-0.0283203125,0.916259765625,0.09521484375,-2.685546875,22.64404296875,17.08984375,-6.6213016510009775,74.03311920166016,-45.95638275146485
-0.06689453125,0.896240234375,0.096435546875,-7.6904296875,21.91162109375,15.31982421875,-6.544995307922362,73.9848861694336,-44.98457717895508
-0.075439453125,0.881591796875,0.090087890625,-9.521484375,17.822265625,12.26806640625,-6.357413768768311,73.92428588867188,-44.26422500610352
-0.041748046875,0.9013671875,0.101318359375,-6.77490234375,13.85498046875,6.103515625,-6.087297439575195,73.95790100097656,-43.70302963256836
-0.023681640625,0.95751953125,0.10205078125,-4.8828125,13.916015625,3.96728515625,-5.794706344604492,74.08346557617188,-43.16232681274414
-0.00048828125,1.00244140625,0.095458984375,-4.638671875,13.916015625,4.39453125,-5.627421855926514,74.19711303710938,-42.57472229003906
0.020263671875,1.0576171875,0.09521484375,-7.50732421875,16.9677734375,7.080078125,-5.540389060974121,74.23448181152344,-41.88218688964844
0.028076171875,1.050537109375,0.0986328125,-8.23974609375,19.71435546875,6.103515625,-5.40692949295044,74.22459411621094,-41.09243774414063
0.022216796875,1.058349609375,0.10986328125,-8.4228515625,22.8271484375,4.150390625,-5.125882625579834,74.20137786865234,-40.18942260742188
0.02392578125,1.022216796875,0.099365234375,-6.34765625,25.57373046875,0.8544921875,-4.736760139465332,74.2537841796875,-39.226829528808594
0.013916015625,1.002197265625,0.07861328125,-1.89208984375,26.85546875,0.54931640625,-4.319601058959962,74.52689361572266,-38.2181396484375
-0.006591796875,1.005126953125,0.06787109375,2.13623046875,28.62548828125,3.72314453125,-4.018078327178955,74.94173431396484,-37.11467742919922
-0.00537109375,1.021240234375,0.059326171875,2.9296875,28.38134765625,7.01904296875,-3.834394693374634,75.42813110351562,-35.97411346435547
-0.128662109375,0.971435546875,-0.02587890625,16.54052734375,40.95458984375,-3.96728515625,-1.125057578086853,80.414794921875,-26.97392272949219
-0.1259765625,1.058837890625,-0.003662109375,19.775390625,37.04833984375,1.708984375,-0.7886278033256531,81.47733306884766,-25.57819557189941
-0.1240234375,1.091796875,0.045654296875,9.3994140625,28.1982421875,14.83154296875,-0.9292436242103576,82.06204223632812,-24.38094711303711
-0.04248046875,1.06787109375,0.08056640625,1.52587890625,14.2822265625,17.27294921875,-1.408693790435791,82.23841857910156,-23.724889755249023
0.044677734375,1.05126953125,0.09375,-2.197265625,7.38525390625,19.59228515625,-2.2716031074523926,82.25131225585938,-23.369651794433594
0.155029296875,1.049072265625,0.10498046875,-1.77001953125,3.23486328125,20.99609375,-3.3255312442779537,82.23365783691406,-23.132280349731445
0.21484375,0.970458984375,0.114501953125,2.5634765625,1.40380859375,15.19775390625,-4.27660608291626,82.3522720336914,-22.99745750427246
0.2412109375,0.91650390625,0.07861328125,11.16943359375,4.94384765625,1.708984375,-4.521414756774902,82.95957946777344,-22.74716377258301
0.171142578125,0.89599609375,0.02734375,15.07568359375,14.7705078125,-15.2587890625,-4.099790096282959,83.71562194824219,-22.24344253540039
0.0166015625,0.8818359375,0.066650390625,-7.32421875,1.28173828125,10.009765625,-2.727866649627685,84.525146484375,-20.753646850585934
0.07373046875,0.901123046875,0.08349609375,-8.1787109375,-1.5869140625,16.4794921875,-3.520405530929565,84.14636993408203,-20.773578643798828
0.10400390625,0.932861328125,0.118408203125,-8.1787109375,-0.6103515625,18.5546875,-4.368938446044922,83.74545288085938,-20.716876983642575
0.089599609375,0.95947265625,0.130859375,-8.60595703125,1.89208984375,19.287109375,-5.160705089569092,83.31234741210938,-20.55070304870605
0.09228515625,1.007080078125,0.13525390625,-10.68115234375,3.662109375,20.08056640625,-5.959306240081787,82.7520751953125,-20.285306930541992
0.10546875,1.06591796875,0.13232421875,-14.58740234375,5.0048828125,20.6298828125,-6.734432697296143,82.12601470947266,-19.97830581665039
0.114013671875,1.131591796875,0.1318359375,-20.20263671875,5.79833984375,21.42333984375,-7.505959510803223,81.30777740478516,-19.629764556884766
0.134521484375,1.17431640625,0.125732421875,-26.55029296875,6.7138671875,24.84130859375,-8.440370559692383,80.18473052978516,-19.199485778808594
0.140380859375,1.18994140625,0.167236328125,-30.45654296875,5.2490234375,27.83203125,-9.423340797424316,78.96028137207031,-18.799545288085934
0.186279296875,1.14208984375,0.174560546875,-29.11376953125,-0.48828125,23.13232421875,-10.319390296936037,77.84574890136719,-18.646299362182614
0.1748046875,1.003662109375,0.16162109375,-24.0478515625,-0.9765625,7.6904296875,-10.331523895263672,77.12901306152344,-18.665660858154297
0.07666015625,0.89111328125,0.10400390625,-13.48876953125,1.15966796875,-17.51708984375,-9.42520809173584,76.84414672851562,-18.821094512939453
0.0263671875,0.989990234375,0.052978515625,-17.27294921875,-81.1767578125,-12.26806640625,-7.492871284484862,80.88912200927734,-53.5879898071289
0.00830078125,0.989990234375,0.093017578125,-15.31982421875,-78.9794921875,-13.00048828125,-7.202974796295166,80.81703186035156,-56.819602966308594
-0.022705078125,0.968994140625,0.127197265625,-14.46533203125,-78.2470703125,-7.32421875,-7.067548751831055,80.68562316894531,-59.98860931396485
-0.003173828125,0.97802734375,0.1494140625,-14.892578125,-77.94189453125,-4.08935546875,-7.116727352142334,80.48739624023438,-63.1181869506836
-0.015869140625,0.9912109375,0.164794921875,-18.85986328125,-77.0263671875,-1.03759765625,-7.285430431365968,80.07379913330078,-66.13949584960939
0.004638671875,0.96826171875,0.184814453125,-22.0947265625,-74.89013671875,0.3662109375,-7.540101051330566,79.52458190917969,-69.10707092285156
