0.072265625,0.951416015625,0.124267578125,-5.615234375,-13.00048828125,14.0380859375,-4.548661231994629,80.24050903320312,127.8069305419922
0.083740234375,0.98779296875,-0.02294921875,-7.62939453125,19.8974609375,5.4931640625,-4.647371768951416,80.29225158691406,128.59724426269528
0.12744140625,0.950439453125,-0.0498046875,-5.43212890625,49.98779296875,0.54931640625,-4.463069438934326,80.40076446533203,130.54020690917972
0.002197265625,0.99951171875,-0.001708984375,5.18798828125,87.46337890625,11.71875,-2.197975873947144,81.19075775146484,143.57627868652344
0.060791015625,0.97314453125,-0.015625,10.19287109375,82.94677734375,35.0341796875,-3.4397897720336914,81.88516235351562,146.91537475585938
0.09619140625,0.794677734375,0.051513671875,26.123046875,64.453125,54.13818359375,-5.3836331367492685,82.86868286132812,149.74893188476562
0.185302734375,1.240478515625,-0.111083984375,37.109375,54.26025390625,57.373046875,-7.5526123046875,84.54469299316406,152.1199188232422
0.18408203125,1.36962890625,-0.046142578125,18.85986328125,51.513671875,43.76220703125,-8.870125770568848,84.97732543945312,154.20370483398438
0.258056640625,1.32470703125,-0.054443359375,3.23486328125,42.96875,18.37158203125,-9.543922424316406,85.0936279296875,155.95826721191406
0.328125,1.396728515625,-0.01220703125,7.14111328125,47.54638671875,11.90185546875,-10.009510040283203,85.24158477783203,157.8883819580078
0.341552734375,1.504150390625,0.020751953125,-5.79833984375,66.0400390625,14.7705078125,-10.495830535888672,84.22565460205078,160.97740173339844
0.240966796875,1.361083984375,0.037109375,-39.48974609375,104.30908203125,15.0146484375,-10.587930679321287,82.0123519897461,165.23370361328125
0.202392578125,1.171630859375,0.064697265625,-41.44287109375,112.85400390625,-6.34765625,-9.608522415161133,79.74333190917969,169.68780517578125
0.128173828125,0.992919921875,0.087890625,-23.681640625,120.361328125,-41.6259765625,-6.585442543029785,78.66680145263672,-185.87026977539062
0.046630859375,0.9140625,0.09765625,3.47900390625,123.35205078125,-72.69287109375,-2.646975040435791,78.65364837646484,-181.6047821044922
-0.04931640625,0.96240234375,0.111572265625,16.54052734375,116.27197265625,-66.46728515625,1.040838599205017,79.4302978515625,-177.54324340820312
-0.082763671875,1.0595703125,0.117919921875,12.51220703125,99.853515625,-42.236328125,3.106385946273804,80.03091430664062,-174.060302734375
-0.003173828125,1.005126953125,0.135009765625,-2.685546875,81.4208984375,-4.82177734375,3.726150274276733,80.19087982177734,-170.8732452392578
0.01416015625,1.03564453125,0.166748046875,-14.22119140625,81.35986328125,21.17919921875,3.2668471336364746,79.83897399902344,-167.51502990722656
0.0224609375,0.961181640625,0.254150390625,-25.0244140625,79.9560546875,41.3818359375,1.8228976726531985,78.70435333251953,-164.03077697753906
0.05712890625,0.938232421875,0.268798828125,-24.96337890625,82.94677734375,60.4248046875,-0.07142932713031769,77.56295776367188,-160.2976837158203
0.135986328125,0.876220703125,0.236083984375,-13.73291015625,91.30859375,57.2509765625,-1.8377337455749512,76.82710266113281,-156.2316436767578
0.1455078125,0.8896484375,0.177001953125,13.18359375,107.421875,48.7060546875,-2.9628612995147705,77.66727447509766,-151.45159912109375
0.1337890625,0.962158203125,0.12158203125,51.94091796875,123.10791015625,35.64453125,-3.600597381591797,79.63670349121094,-146.35284423828125
0.15576171875,1.037109375,0.05615234375,70.556640625,131.04248046875,21.17919921875,-3.8312911987304688,82.3819808959961,-141.05880737304688
0.18603515625,1.25,0.03369140625,73.54736328125,144.04296875,0.30517578125,-3.087273120880127,84.95481872558594,-135.18240356445312
0.135498046875,1.252197265625,-0.002197265625,41.748046875,165.8935546875,-32.77587890625,-1.4393068552017212,86.55458068847656,-128.67074584960938
-0.015380859375,0.894287109375,0.020263671875,-27.83203125,148.3154296875,-19.04296875,9.312397003173828,85.21932220458984,-85.88866424560547
-0.140380859375,0.861572265625,0.04833984375,-24.5361328125,151.06201171875,-20.99609375,10.583209037780762,85.40271759033203,-79.95378875732422
-0.1533203125,0.92041015625,0.045166015625,-18.73779296875,130.31005859375,-18.06640625,11.638835906982422,85.72229766845703,-74.7035903930664
-0.139404296875,0.928955078125,0.01025390625,-17.15087890625,107.666015625,-17.2119140625,12.491154670715332,86.07814025878906,-70.33271789550781
-0.065673828125,0.98193359375,0.002197265625,-14.2822265625,88.8671875,-22.705078125,13.3589506149292,86.37863159179688,-66.934814453125
-0.014404296875,0.978759765625,0.002197265625,-15.44189453125,73.8525390625,-36.7431640625,14.497607231140135,86.59982299804688,-63.95375442504883
-0.022216796875,0.8271484375,0.076904296875,-22.4609375,54.99267578125,-17.08984375,18.150836944580078,83.81127166748047,-44.29584884643555
-0.0341796875,0.814697265625,0.065185546875,-7.9345703125,50.59814453125,-21.78955078125,18.609811782836914,84.30363464355469,-42.349365234375
-0.039794921875,0.818359375,0.06884765625,7.2021484375,43.0908203125,-19.71435546875,18.92132568359375,85.17217254638672,-40.60513305664063
-0.0185546875,0.72509765625,0.056640625,-19.53125,34.11865234375,40.283203125,10.481890678405762,86.45142364501953,-29.988998413085934
0.01318359375,0.737548828125,0.08203125,-11.16943359375,33.87451171875,40.83251953125,8.571658134460451,86.27113342285156,-28.462968826293945
-0.00048828125,0.780517578125,0.087646484375,2.685546875,46.0205078125,25.87890625,7.313009262084961,86.52175903320312,-26.563650131225586
-0.073974609375,0.809326171875,0.0849609375,8.48388671875,51.8798828125,14.46533203125,6.762249946594237,87.00582885742188,-24.459747314453125
-0.088623046875,0.8671875,0.04833984375,11.23046875,49.1943359375,11.65771484375,6.340701103210449,87.69091033935547,-22.539833068847656
-0.080322265625,0.888671875,0.05810546875,15.0146484375,40.4052734375,13.0615234375,5.82195520401001,88.3932876586914,-20.9073486328125
-0.0390625,1.0986328125,-0.01025390625,11.16943359375,39.85595703125,-11.16943359375,5.738894939422607,91.5449447631836,-14.89306640625
-0.052001953125,1.101806640625,-0.028564453125,-2.74658203125,40.46630859375,-7.8125,5.787383556365968,91.39507293701172,-13.271629333496096
-0.07568359375,1.092529296875,-0.02587890625,-19.22607421875,40.46630859375,0.48828125,5.65864896774292,90.77169036865234,-11.646879196166992
-0.080322265625,1.095703125,-0.011474609375,-27.9541015625,39.85595703125,5.615234375,5.362691402435303,89.78541564941406,-10.048798561096193
-0.137451171875,1.02490234375,0.015869140625,-31.55517578125,36.19384765625,6.65283203125,5.242078304290772,88.66053771972656,-8.69837474822998
-0.1376953125,0.980224609375,0.030517578125,-20.3857421875,23.92578125,-3.35693359375,5.509517192840576,87.90204620361328,-7.745181083679199
-0.105712890625,0.99609375,0.025146484375,-5.31005859375,15.5029296875,-16.845703125,6.222842216491699,87.7613754272461,-7.144584655761719
-0.07861328125,1.039794921875,0.00732421875,7.99560546875,11.5966796875,-25.2685546875,7.205574035644531,88.32952880859375,-6.6548051834106445
-0.07275390625,1.067138671875,-0.005126953125,13.85498046875,14.70947265625,-23.4375,8.019059181213379,89.02204895019531,-6.072434425354004
-0.123291015625,1.084716796875,0.0078125,11.474609375,14.892578125,-15.5029296875,8.580193519592285,89.5740737915039,-5.475072860717773
-0.114501953125,1.1220703125,-0.003662109375,4.08935546875,14.83154296875,-9.6435546875,8.755838394165039,89.72820281982422,-4.916114807128906
-0.118408203125,1.10888671875,-0.001220703125,-9.27734375,10.7421875,-2.99072265625,8.769925117492676,89.42129516601562,-4.481498718261719
-0.018310546875,0.92431640625,0.053466796875,-6.65283203125,13.85498046875,-25.32958984375,11.94911003112793,85.12752532958984,-4.706741809844972
-0.089111328125,0.956787109375,0.03857421875,-5.06591796875,17.2119140625,-19.287109375,12.37132167816162,85.12535858154297,-4.073502063751222
-0.1298828125,0.958984375,0.054931640625,-6.103515625,13.36669921875,-9.09423828125,12.589776992797852,85.04144287109375,-3.5470905303955083
-0.135498046875,0.97021484375,0.06494140625,-6.2255859375,8.9111328125,-6.4697265625,12.690455436706545,84.8972396850586,-3.197997093200684
-0.159423828125,1.001953125,0.041259765625,-4.7607421875,5.615234375,-4.150390625,12.688957214355467,84.86515808105469,-3.021079063415528
-0.154296875,1.005859375,0.049560546875,-3.60107421875,0.732421875,0.244140625,12.522553443908693,84.80549621582031,-2.972595691680908
-0.15478515625,1.0107421875,0.06884765625,-2.74658203125,-5.79833984375,0.48828125,12.328937530517578,84.68162536621094,-3.19881010055542
-0.115966796875,1.026611328125,0.05810546875,-3.90625,-10.31494140625,-3.72314453125,12.287738800048828,84.43318939208984,-3.6378140449523926
-0.1025390625,1.021240234375,0.056640625,-8.97216796875,-9.46044921875,-12.26806640625,12.47665023803711,84.062255859375,-4.0530219078063965
-0.067626953125,0.99365234375,0.05908203125,-15.31982421875,-4.8828125,-13.427734375,12.647847175598145,83.48117065429688,-4.288018703460693
-0.0732421875,0.96044921875,0.05908203125,-19.53125,2.3193359375,-8.6669921875,12.644485473632812,82.79035949707031,-4.091566085815431
-0.08203125,0.913818359375,0.089111328125,-25.390625,14.0380859375,-1.5869140625,12.479443550109865,81.94933319091797,-3.5149893760681152
-0.0712890625,0.876953125,0.09814453125,-27.40478515625,24.59716796875,4.69970703125,12.122371673583984,81.12521362304688,-2.47606897354126
-0.0888671875,0.855224609375,0.1044921875,-24.10888671875,36.2548828125,9.33837890625,11.697826385498047,80.61412811279297,-0.7504792213439941
-0.095703125,0.839111328125,0.102294921875,-18.12744140625,50.35400390625,15.13671875,11.217851638793944,80.39636993408203,1.395390510559082
-0.119384765625,0.858642578125,0.10546875,-13.3056640625,58.16650390625,19.22607421875,10.70561408996582,80.42389678955078,3.87905502319336
-0.11865234375,0.87353515625,0.11376953125,-5.79833984375,60.9130859375,18.06640625,10.34514331817627,80.81485748291016,6.477160453796388
-0.09619140625,0.914306640625,0.091796875,1.64794921875,63.53759765625,10.25390625,10.14813232421875,81.47071838378906,9.114816665649414
-0.080322265625,0.92724609375,0.069091796875,4.5166015625,64.14794921875,3.41796875,10.15888500213623,82.26725006103516,11.74249267578125
-0.05859375,0.954833984375,0.063720703125,5.43212890625,67.68798828125,0.18310546875,10.25357151031494,83.0104751586914,14.518314361572266
-0.058349609375,0.950439453125,0.0458984375,0.79345703125,72.93701171875,0.18310546875,10.304559707641602,83.7242202758789,17.49209213256836
-0.065185546875,0.9755859375,0.044189453125,-2.50244140625,75.68359375,1.46484375,10.293242454528807,84.30680847167969,20.582347869873047
-0.052734375,0.99267578125,0.037353515625,-3.96728515625,78.55224609375,3.96728515625,10.183878898620604,84.85603332519531,23.848651885986328
-0.046142578125,0.9951171875,0.034912109375,-5.18798828125,81.97021484375,1.3427734375,10.099632263183594,85.34639739990234,27.191593170166016
-0.10693359375,1.035400390625,0.027099609375,-22.0947265625,105.46875,26.7333984375,8.491375923156737,85.99658203125,42.8681640625
-0.128662109375,1.02392578125,0.017578125,-23.13232421875,103.1494140625,35.82763671875,7.282758235931396,85.7948226928711,47.02421951293945
-0.124755859375,1.021240234375,0.03515625,-18.24951171875,89.78271484375,33.63037109375,6.189182758331299,85.57475280761719,50.736549377441406
-0.10400390625,1.010009765625,0.063232421875,-25.93994140625,72.3876953125,-7.080078125,5.863786220550537,85.28072357177734,72.823486328125
-0.12939453125,0.93994140625,0.089599609375,-30.57861328125,71.35009765625,0.1220703125,6.092750072479247,84.3145523071289,75.61355590820312
-0.12744140625,0.921630859375,0.094482421875,-24.10888671875,63.232421875,6.9580078125,6.1417975425720215,83.60194396972656,78.169189453125
-0.109619140625,0.930419921875,0.113525390625,-15.44189453125,58.41064453125,4.82177734375,6.2305846214294425,83.20159912109375,80.52182006835938
-0.077880859375,0.96484375,0.117431640625,-6.4697265625,57.55615234375,0.18310546875,6.443964958190918,83.26770782470703,82.81935119628906
-0.075927734375,0.987060546875,0.113525390625,-0.91552734375,57.2509765625,-0.244140625,6.626069068908691,83.48375701904297,85.10771179199219
-0.06884765625,0.990234375,0.09716796875,-0.42724609375,53.89404296875,2.25830078125,6.661684989929199,83.73914337158203,87.277587890625
-0.01904296875,1.01123046875,0.111328125,1.40380859375,49.86572265625,2.13623046875,6.621642589569093,84.04666900634766,89.24494171142578
0.00537109375,1.029541015625,0.102294921875,1.03759765625,50.6591796875,-5.2490234375,6.752789497375487,84.3185043334961,91.25432586669922
0.017333984375,1.03466796875,0.08984375,-3.47900390625,53.22265625,-8.97216796875,7.003291130065918,84.44493103027344,93.35702514648438
0.005615234375,1.040771484375,0.0830078125,-9.521484375,56.640625,-7.568359375,7.127865791320801,84.33409881591797,95.6661376953125
0.004150390625,1.044921875,0.062255859375,-16.05224609375,59.9365234375,-2.8076171875,7.180551528930664,84.06637573242188,98.0705795288086
-0.0341796875,1.042724609375,0.06982421875,-20.263671875,58.9599609375,-4.57763671875,7.394831657409668,83.62346649169922,100.42609405517578
-0.072998046875,1.020751953125,0.086181640625,-24.35302734375,55.419921875,-8.48388671875,7.870371341705322,82.94873046875,102.55701446533205
-0.0986328125,1.00244140625,0.08203125,-31.43310546875,47.18017578125,-9.82666015625,8.407467842102049,82.03257751464844,104.40916442871094
-0.089599609375,0.952392578125,0.0927734375,-34.11865234375,41.44287109375,-6.591796875,8.783608436584473,80.99220275878906,106.04302215576172
-0.0849609375,0.908447265625,0.087158203125,-34.85107421875,37.841796875,-2.62451171875,8.928054809570312,79.99368286132812,107.50484466552734
-0.075927734375,0.898193359375,0.10400390625,-26.55029296875,33.99658203125,1.77001953125,8.93356990814209,79.26653289794922,108.89290618896484
-0.0751953125,0.892333984375,0.11767578125,-18.24951171875,33.14208984375,3.173828125,8.889777183532715,78.85957336425781,110.2541732788086
-0.08251953125,0.91015625,0.136474609375,-9.82666015625,33.50830078125,2.0751953125,8.942231178283691,78.91503143310547,111.63542938232422
-0.085693359375,0.960205078125,0.117919921875,-4.0283203125,35.58349609375,0.244140625,9.043822288513184,79.12432861328125,113.07630157470705
-0.126220703125,0.97021484375,0.10986328125,-4.150390625,37.53662109375,1.46484375,9.19374179840088,79.35841369628906,114.60760498046876
-0.149169921875,0.999755859375,0.120361328125,-7.38525390625,37.29248046875,3.5400390625,9.317208290100098,79.4151611328125,116.15536499023438
-0.193115234375,1.017333984375,0.11474609375,-13.24462890625,34.5458984375,5.126953125,9.419971466064453,79.26570129394531,117.59437561035156
-0.179443359375,1.02978515625,0.113525390625,-17.88330078125,31.55517578125,4.21142578125,9.504525184631348,78.92445373535156,118.90989685058594
-0.203125,1.007568359375,0.111083984375,-20.751953125,28.99169921875,3.662109375,9.661483764648438,78.49996185302734,120.108154296875
-0.1904296875,1.00341796875,0.116455078125,-20.69091796875,25.20751953125,2.685546875,9.797760009765623,78.02445220947266,121.1620635986328
-0.16455078125,0.9912109375,0.118408203125,-18.98193359375,24.658203125,-0.244140625,9.9939603805542,77.6241226196289,122.17210388183594
-0.156005859375,0.97021484375,0.09716796875,-13.427734375,27.40478515625,-3.41796875,10.337247848510742,77.5860824584961,123.28465270996094
-0.139404296875,1.00537109375,0.1025390625,-5.55419921875,32.77587890625,-8.48388671875,10.843924522399902,77.83905792236328,124.56141662597656
-0.16796875,1.030517578125,0.096923828125,-2.0751953125,38.87939453125,-10.6201171875,11.509974479675293,78.29605865478516,126.07380676269531
-0.203369140625,1.052978515625,0.0771484375,-1.5869140625,40.771484375,-7.62939453125,12.013569831848145,78.793701171875,127.65684509277344
-0.194580078125,1.068603515625,0.066650390625,-3.90625,34.11865234375,-4.57763671875,12.381468772888185,79.21021270751953,129.05397033691406
-0.177734375,1.0712890625,0.05419921875,-5.4931640625,28.86962890625,-10.25390625,12.876019477844238,79.52999877929688,130.206787109375
-0.15771484375,1.0791015625,0.050537109375,-7.8125,26.55029296875,-20.263671875,13.778082847595215,79.61264038085938,131.13856506347656
-0.1572265625,1.047119140625,0.05419921875,-13.85498046875,26.18408203125,-24.47509765625,14.717172622680664,79.5614242553711,132.09202575683594
-0.15087890625,1.025146484375,0.04052734375,-17.4560546875,23.49853515625,-20.6298828125,15.445764541625975,79.38958740234375,132.97869873046878
-0.145751953125,1.005859375,0.051025390625,-18.798828125,22.705078125,-14.7705078125,15.838756561279295,79.19696044921875,133.85446166992188
-0.12548828125,1.01025390625,0.042724609375,-17.63916015625,18.798828125,-13.671875,16.170963287353516,79.00234985351562,134.60914611816406
-0.10986328125,0.998291015625,0.0380859375,-15.7470703125,16.4794921875,-19.53125,16.673576354980472,78.8663101196289,135.22918701171878
-0.10986328125,1.0,0.026123046875,-15.380859375,14.404296875,-24.84130859375,17.345779418945312,78.74793243408203,135.73794555664062
-0.094482421875,0.992919921875,-0.00048828125,-19.71435546875,13.18359375,-26.4892578125,18.02474021911621,78.50910949707031,136.20286560058594
-0.105224609375,0.96826171875,0.0146484375,-23.25439453125,12.39013671875,-24.4140625,18.62049102783203,78.1001205444336,136.64462280273438
-0.086181640625,0.935546875,0.0205078125,-25.87890625,11.474609375,-24.0478515625,19.14729118347168,77.60801696777344,137.05078125
-0.127197265625,0.933349609375,0.033203125,-25.32958984375,9.94873046875,-23.37646484375,19.70250129699707,77.07652282714844,137.38934326171878
-0.161865234375,0.940673828125,0.033447265625,-26.85546875,6.2255859375,-19.22607421875,20.123109817504886,76.46385955810547,137.61393737792972
-0.1767578125,0.927490234375,0.06640625,-29.35791015625,1.3427734375,-11.5966796875,20.10597801208496,75.62991333007812,137.6790771484375
-0.1298828125,0.89599609375,0.06396484375,-28.38134765625,-4.150390625,1.220703125,19.558908462524414,74.85646057128906,137.66864013671878
-0.108642578125,0.90966796875,0.056640625,-23.98681640625,-7.2021484375,9.46044921875,18.629941940307614,74.30326080322266,137.64030456542972
-0.076416015625,0.9228515625,0.059814453125,-17.7001953125,-8.1787109375,15.68603515625,17.347026824951172,74.14591217041016,137.64346313476562
-0.0419921875,0.96875,0.064208984375,-9.94873046875,-6.34765625,17.76123046875,16.026268005371097,74.21451568603516,137.73358154296878
-0.0302734375,1.0,0.05859375,-8.4228515625,-0.9765625,18.310546875,14.763489723205565,74.41548156738281,138.03511047363278
-0.043212890625,0.97802734375,0.062744140625,-12.02392578125,6.40869140625,20.08056640625,13.582616806030273,74.45552825927734,138.73121643066406
-0.044921875,0.97509765625,0.056396484375,-19.22607421875,14.09912109375,24.47509765625,12.369833946228027,74.35343933105469,139.67108154296878
-0.080078125,0.9140625,0.078125,-21.3623046875,19.34814453125,29.052734375,11.175406455993652,74.13983917236328,140.8427276611328
-0.0810546875,0.901611328125,0.066162109375,-20.69091796875,23.01025390625,29.47998046875,10.109699249267578,74.00933837890625,142.18875122070312
-0.090576171875,0.88232421875,0.06591796875,-14.58740234375,26.30615234375,28.74755859375,9.128747940063477,74.10429382324219,143.61277770996094
-0.10595703125,0.884521484375,0.062255859375,-7.8125,28.74755859375,25.81787109375,8.357789993286133,74.4621353149414,145.0862274169922
-0.115478515625,0.89306640625,0.067138671875,-0.91552734375,28.99169921875,19.95849609375,7.914725780487059,75.14437866210938,146.49664306640625
-0.100830078125,0.923583984375,0.049560546875,4.5166015625,29.1748046875,14.5263671875,7.577456474304199,75.95115661621094,147.84490966796875
-0.12646484375,0.9365234375,0.029541015625,4.94384765625,31.1279296875,13.5498046875,7.34967041015625,76.79277038574219,149.25540161132812
-0.123046875,0.955322265625,0.03173828125,2.62451171875,31.18896484375,14.892578125,7.031356334686278,77.4191665649414,150.67227172851562
-0.12646484375,0.96435546875,0.026123046875,-2.13623046875,31.67724609375,16.90673828125,6.658905029296875,77.92030334472656,152.11483764648438
-0.124755859375,0.955810546875,0.030517578125,-4.0283203125,31.73828125,15.93017578125,6.327008247375487,78.30554962158203,153.54139709472656
-0.12939453125,0.97705078125,0.030517578125,-2.8076171875,31.494140625,11.5966796875,6.278718948364258,78.72052001953125,154.92050170898438
-0.134765625,0.9736328125,0.017822265625,-0.244140625,31.55517578125,4.94384765625,6.387466907501222,79.24104309082031,156.24794006347656
-0.14794921875,0.985107421875,0.0390625,-0.1220703125,30.8837890625,1.220703125,6.647117137908936,79.69590759277344,157.51573181152344
-0.14990234375,1.014404296875,0.0146484375,-1.220703125,29.4189453125,0.0,6.930173397064209,80.04792785644531,158.70460510253906
-0.145751953125,1.02880859375,0.0185546875,-4.69970703125,27.7099609375,-3.90625,7.315140247344972,80.33124542236328,159.8205108642578
-0.16064453125,1.04150390625,0.03173828125,-7.75146484375,26.9775390625,-6.04248046875,7.7876033782958975,80.45574188232422,160.892578125
-0.158447265625,1.0517578125,0.02783203125,-12.6953125,27.34375,-7.26318359375,8.291349411010742,80.32391357421875,161.94119262695312
-0.163330078125,1.041015625,0.04443359375,-17.4560546875,26.123046875,-4.2724609375,8.659049034118652,80.04714965820312,162.99313354492188
-0.155517578125,1.040771484375,0.042724609375,-19.47021484375,26.06201171875,-1.03759765625,8.873823165893555,79.71314239501953,164.06834411621094
-0.132080078125,1.046875,0.03662109375,-16.9677734375,26.30615234375,-1.220703125,9.078634262084961,79.53948974609375,165.15542602539062
-0.109619140625,1.056884765625,0.03857421875,-11.3525390625,29.6630859375,-6.4697265625,9.419425010681152,79.5880355834961,166.3428497314453
-0.116455078125,1.061279296875,0.049560546875,-6.9580078125,35.33935546875,-6.4697265625,9.796321868896484,79.83256530761719,167.75692749023438
-0.131103515625,1.0732421875,0.026123046875,-5.55419921875,37.841796875,-3.11279296875,10.048805236816406,80.26654052734375,169.33200073242188
-0.163818359375,1.060546875,0.021240234375,-2.5634765625,38.39111328125,0.6103515625,10.223833084106444,80.76300811767578,170.93280029296875
-0.165771484375,1.063232421875,0.00927734375,0.18310546875,34.0576171875,-0.30517578125,10.390820503234863,81.34819030761719,-187.64126586914062
-0.16015625,1.061279296875,0.021728515625,2.01416015625,29.4189453125,-3.2958984375,10.652532577514648,81.90888214111328,-186.48741149902344
-0.163818359375,1.051025390625,0.02734375,-1.708984375,23.01025390625,-5.859375,10.93671703338623,82.2571029663086,-185.5447540283203
-0.143798828125,1.03076171875,0.02587890625,-6.40869140625,19.83642578125,-5.615234375,11.143389701843262,82.38619232177734,-184.72747802734372
-0.122802734375,1.011962890625,0.0517578125,-11.53564453125,17.7001953125,-4.39453125,11.258112907409668,82.12612915039062,-184.0677795410156
-0.12841796875,0.940673828125,0.076904296875,-15.93017578125,14.404296875,-3.173828125,11.321976661682127,81.71307373046875,-183.48033142089844
-0.115966796875,0.904296875,0.08544921875,-16.9677734375,12.75634765625,-4.0283203125,11.392820358276367,81.23253631591797,-182.96804809570312
-0.0673828125,0.896484375,0.09326171875,-14.892578125,13.48876953125,-5.92041015625,11.524335861206055,80.94935607910156,-182.3826141357422
-0.04638671875,0.882568359375,0.087158203125,-9.765625,17.39501953125,-8.9111328125,11.644429206848145,80.81163024902344,-181.71112060546875
-0.03271484375,0.900146484375,0.07080078125,-4.08935546875,22.3388671875,-10.498046875,11.817036628723145,80.99310302734375,-180.8396453857422
-0.065673828125,0.9208984375,0.05126953125,0.3662109375,26.42822265625,-11.16943359375,12.08813762664795,81.40541076660156,-179.8004150390625
-0.10498046875,0.956298828125,0.0556640625,-0.18310546875,26.91650390625,-8.9111328125,12.361563682556152,81.8152084350586,-178.72052001953125
-0.117919921875,0.978515625,0.07373046875,-2.99072265625,24.2919921875,-6.04248046875,12.513784408569336,82.04194641113281,-177.73805236816406
-0.14501953125,0.9765625,0.07373046875,-7.01904296875,21.1181640625,-0.30517578125,12.494196891784668,82.0938491821289,-176.84988403320312
-0.15576171875,0.953857421875,0.072998046875,-8.85009765625,15.7470703125,11.90185546875,11.979070663452148,82.01615905761719,-176.11758422851562
