-0.03076171875,0.992431640625,0.048095703125,-7.62939453125,-4.7607421875,2.25830078125,-1.249402403831482,79.33922576904297,40.94999313354492
-0.025146484375,0.99755859375,0.033447265625,-7.75146484375,-5.0048828125,2.13623046875,-1.248381495475769,79.38365173339844,40.77320098876953
-0.017578125,0.94140625,0.1005859375,-8.544921875,-5.2490234375,1.3427734375,-1.2474144697189329,79.21083068847656,40.57246780395508
-0.015869140625,0.99609375,0.03515625,-6.40869140625,-5.0048828125,-0.06103515625,-1.1963486671447754,79.29106903076172,40.36767959594727
0.037353515625,0.993896484375,0.07421875,-6.77490234375,-5.31005859375,-3.11279296875,-1.0946029424667358,79.35491943359375,40.1530647277832
0.126708984375,1.017333984375,0.132080078125,5.43212890625,-3.173828125,-21.97265625,-0.4907915592193604,79.68916320800781,39.86909866333008
-0.249755859375,0.97119140625,0.037841796875,17.822265625,38.818359375,-41.32080078125,1.9752428531646729,80.71324920654297,41.12465286254883
-0.4658203125,0.924072265625,-0.0126953125,37.90283203125,49.98779296875,-50.23193359375,5.23619270324707,83.04579162597656,42.55261611938477
-0.638916015625,0.92138671875,-0.131591796875,84.28955078125,10.68115234375,-65.36865234375,8.979012489318848,86.92387390136719,42.838375091552734
-0.65185546875,0.945556640625,-0.244873046875,133.9111328125,-34.423828125,-111.63330078125,14.375718116760256,92.57099151611328,41.565765380859375
-0.305419921875,1.340087890625,-0.467529296875,169.12841796875,-58.349609375,-148.74267578125,20.68278694152832,99.32521057128906,39.83679580688477
0.21337890625,1.834228515625,-0.666259765625,107.421875,-6.53076171875,-128.96728515625,24.72978210449219,104.3708038330078,40.8359375
-0.025146484375,1.846923828125,-0.763427734375,4.150390625,123.22998046875,-41.44287109375,24.04181671142578,107.231689453125,46.658897399902344
-0.35595703125,1.691650390625,-0.695068359375,-69.4580078125,156.67724609375,12.451171875,20.80056381225586,106.33905029296876,52.90887832641602
-0.395751953125,1.586669921875,-0.475830078125,-134.8876953125,176.20849609375,56.884765625,16.51911735534668,103.06591796875,59.47478485107422
-0.533935546875,1.257080078125,-0.234619140625,-166.259765625,161.19384765625,91.73583984375,11.994220733642578,97.7558822631836,65.25627136230469
-0.498046875,0.876953125,-0.0732421875,-137.5732421875,126.0986328125,104.00390625,8.295417785644531,93.71196746826172,69.26517486572266
-0.2763671875,1.0,0.02099609375,-47.66845703125,70.73974609375,75.5615234375,5.4231910705566415,91.92105102539062,71.91459655761719
-0.2353515625,1.235107421875,-0.02880859375,-9.27734375,41.07666015625,61.70654296875,3.1205551624298096,91.62908172607422,73.47090911865234
-0.197265625,1.322509765625,-0.117431640625,0.06103515625,21.8505859375,62.80517578125,0.7838330864906311,91.94390869140624,74.15624237060547
0.098876953125,1.458251953125,-0.146728515625,11.90185546875,19.53125,69.82421875,-2.213805675506592,92.54719543457031,74.81922912597656
0.212890625,1.607666015625,-0.187255859375,-16.05224609375,45.47119140625,69.76318359375,-5.2777605056762695,91.93911743164062,76.51680755615234
0.08203125,1.399658203125,-0.071044921875,-61.8896484375,83.0078125,60.48583984375,-7.5212602615356445,88.5432357788086,80.11997985839844
-0.00439453125,1.236572265625,0.017578125,-92.4072265625,94.90966796875,51.94091796875,-9.057421684265137,84.28848266601562,84.0562973022461
0.156494140625,1.178955078125,0.1171875,-100.03662109375,88.2568359375,48.7060546875,-10.437348365783693,79.6279525756836,87.87049865722656
0.01025390625,1.01904296875,0.3349609375,-99.91455078125,74.52392578125,37.04833984375,-10.93422794342041,74.83279418945312,90.62542724609376
0.01513671875,0.943359375,0.360107421875,-86.0595703125,20.08056640625,32.16552734375,-11.52918815612793,70.9234390258789,91.8222198486328
0.18017578125,0.93212890625,0.330078125,-78.30810546875,-8.72802734375,23.3154296875,-12.471287727355955,67.76378631591797,91.82611846923828
0.348876953125,0.929443359375,0.342041015625,-78.06396484375,-11.53564453125,9.8876953125,-13.150196075439453,64.69873046875,91.63184356689452
0.208251953125,0.81689453125,0.377685546875,-73.8525390625,-4.7607421875,8.97216796875,-13.547456741333008,61.75701904296875,91.62057495117188
0.172607421875,0.772705078125,0.38330078125,-51.3916015625,-13.671875,16.54052734375,-14.297600746154785,59.804420471191406,91.44278717041016
0.336181640625,0.777587890625,0.345703125,-33.50830078125,-24.96337890625,23.62060546875,-15.955780982971193,58.93325424194336,90.98712158203124
0.361328125,0.736572265625,0.345703125,-21.484375,-20.263671875,15.625,-17.221996307373047,58.3950424194336,90.54495239257812
0.27490234375,0.75,0.33740234375,-9.033203125,-18.06640625,1.3427734375,-17.693979263305664,58.49655532836914,89.84485626220703
0.161376953125,0.79833984375,0.290283203125,-4.69970703125,-25.93994140625,-6.16455078125,-17.870141983032227,59.14151382446289,88.45409393310547
0.135986328125,0.7255859375,0.2548828125,-10.55908203125,-45.22705078125,-1.52587890625,-18.429494857788086,59.69744491577149,86.63893127441406
0.23681640625,0.66162109375,0.23583984375,-6.77490234375,-55.60302734375,-8.056640625,-19.26313781738281,60.54987335205078,84.29818725585938
0.178955078125,0.748046875,0.1748046875,-7.568359375,-58.28857421875,-14.6484375,-19.63150787353516,61.60992431640625,81.53740692138672
0.112060546875,0.73193359375,0.138671875,-20.81298828125,-58.349609375,-13.671875,-19.82980728149414,62.32238388061523,78.833984375
0.052734375,0.663818359375,0.100341796875,-21.728515625,-58.9599609375,-4.21142578125,-20.18825340270996,63.02225875854492,76.25531768798828
0.096435546875,0.674560546875,0.09765625,-11.3525390625,-55.2978515625,5.126953125,-21.047622680664066,64.02888488769531,74.12630462646484
0.05810546875,0.69287109375,0.143310546875,-6.591796875,-48.27880859375,20.99609375,-22.006786346435547,64.89789581298828,72.42694091796875
0.072509765625,0.692626953125,0.1328125,-5.859375,-45.2880859375,28.80859375,-23.18779563903809,65.73802947998047,70.93900299072266
0.054443359375,0.615478515625,0.14794921875,-6.8359375,-45.95947265625,33.50830078125,-24.39284324645996,66.37984466552734,69.50052642822266
0.13525390625,0.572265625,0.159423828125,-12.39013671875,-42.96875,24.7802734375,-25.523719787597656,66.76416778564453,68.05320739746094
0.0732421875,0.516845703125,0.22021484375,-12.39013671875,-33.26416015625,12.3291015625,-25.78411293029785,66.75638580322266,66.90989685058594
0.00439453125,0.476806640625,0.250732421875,1.953125,-30.2734375,16.357421875,-26.048980712890625,67.24724578857422,66.10718536376953
0.01953125,0.452880859375,0.228515625,22.15576171875,-31.67724609375,28.74755859375,-26.66503524780273,68.30202484130861,65.36930084228516
-0.042236328125,0.523681640625,0.181884765625,32.40966796875,-36.07177734375,22.4609375,-26.832109451293945,70.2071533203125,64.18283081054689
0.068115234375,0.689697265625,0.12939453125,33.38623046875,-38.39111328125,13.24462890625,-26.9127254486084,72.42778778076172,62.53257751464844
0.030029296875,0.7265625,0.023193359375,17.9443359375,-44.37255859375,-5.2490234375,-26.29040718078613,74.6974868774414,60.26985168457031
0.022705078125,0.72900390625,-0.037109375,8.056640625,-51.8798828125,-18.9208984375,-25.15705490112305,76.84984588623047,57.50109100341797
0.16015625,0.9814453125,-0.110595703125,6.7138671875,-57.6171875,-35.09521484375,-23.61068344116211,79.05280303955078,54.23987197875977
0.2822265625,1.09716796875,-0.101806640625,-17.7001953125,-40.1611328125,-37.2314453125,-22.103736877441406,79.78340148925781,51.97085952758789
0.190673828125,0.93408203125,-0.044921875,-33.447265625,-16.7236328125,-25.2685546875,-20.83258819580078,79.30216217041016,50.86917114257813
0.0546875,0.79638671875,0.04736328125,-18.1884765625,0.732421875,-11.41357421875,-19.826303482055664,79.1940689086914,50.89126205444336
0.07373046875,0.9345703125,0.103759765625,13.427734375,7.9345703125,-0.18310546875,-19.159820556640625,79.79192352294922,51.16404342651367
0.15185546875,1.046630859375,0.155029296875,12.14599609375,11.1083984375,1.64794921875,-18.712642669677734,80.18090057373047,51.61998748779297
-0.00244140625,0.963134765625,0.12353515625,-1.89208984375,6.04248046875,2.38037109375,-18.0250244140625,80.00128173828125,51.68510055541992
0.00830078125,0.95068359375,0.07275390625,-14.34326171875,-14.404296875,-8.11767578125,-17.12095832824707,79.84559631347656,50.95991134643555
0.179931640625,0.96728515625,0.106201171875,-19.287109375,-20.1416015625,-18.1884765625,-16.284605026245114,79.49556732177734,49.95413208007813
0.166015625,0.93359375,0.145263671875,-15.93017578125,-13.61083984375,-15.9912109375,-15.576066970825195,79.1618423461914,49.33155822753906
0.09326171875,0.927734375,0.074951171875,-6.77490234375,-12.26806640625,-5.126953125,-15.076659202575685,79.27354431152344,48.726783752441406
0.08447265625,0.98974609375,0.0224609375,-8.9111328125,-13.12255859375,-11.8408203125,-14.310386657714846,79.44489288330078,48.00718307495117
0.15576171875,1.037353515625,0.087158203125,-10.31494140625,-11.04736328125,-17.578125,-13.474651336669922,79.3626708984375,47.46642303466797
0.150634765625,1.0361328125,0.062744140625,-10.07080078125,-3.90625,-6.89697265625,-13.027645111083984,79.28260803222656,47.19200897216797
0.09619140625,0.99462890625,0.05224609375,-12.8173828125,1.0986328125,-0.732421875,-12.696474075317385,79.05850219726562,47.16204452514648
0.03125,0.9345703125,0.1103515625,-11.3525390625,2.44140625,-2.50244140625,-12.168630599975586,78.79268646240234,47.09273910522461
0.10009765625,1.029052734375,0.124755859375,-1.28173828125,-7.99560546875,-0.3662109375,-11.95048999786377,78.96769714355469,46.73474884033203
0.15087890625,1.05908203125,0.09326171875,-8.6669921875,-7.50732421875,1.89208984375,-11.927823066711426,78.90663146972656,46.40028762817383
0.083740234375,0.95703125,0.120361328125,-17.578125,-2.74658203125,-0.67138671875,-11.538614273071287,78.395751953125,46.20009994506836
0.0244140625,0.9560546875,0.13330078125,-9.1552734375,-14.58740234375,-4.82177734375,-11.067062377929688,78.2855453491211,45.54930114746094
0.126708984375,1.0380859375,0.09423828125,-1.64794921875,-20.81298828125,-0.244140625,-11.057486534118652,78.62684631347656,44.66790390014648
0.15380859375,1.0712890625,0.022705078125,-6.34765625,-14.46533203125,1.46484375,-11.089667320251463,78.7343521118164,44.12397384643555
0.090087890625,1.007568359375,0.045166015625,-16.4794921875,-7.62939453125,-4.7607421875,-10.728852272033693,78.47523498535156,43.71546936035156
0.08154296875,0.984375,0.05126953125,-17.15087890625,-7.080078125,-9.765625,-10.169088363647461,78.18342590332031,43.29151153564453
0.114990234375,0.977783203125,0.099853515625,-10.31494140625,-4.69970703125,-5.7373046875,-9.910578727722168,78.04611206054688,43.1090202331543
0.07763671875,1.006103515625,0.111572265625,-2.50244140625,-4.150390625,4.0283203125,-9.88270664215088,78.1795883178711,42.94021606445313
0.059814453125,1.01220703125,0.068603515625,-4.21142578125,-6.4697265625,0.54931640625,-9.700069427490234,78.3581771850586,42.63451385498047
0.101318359375,1.02783203125,0.064453125,-8.7890625,-8.7890625,-5.37109375,-9.469123840332033,78.31421661376953,42.1898193359375
0.078369140625,1.013427734375,0.09716796875,-11.16943359375,-5.67626953125,1.77001953125,-9.383527755737305,78.13636016845703,41.9390983581543
0.0751953125,0.9794921875,0.099853515625,-10.6201171875,-5.859375,4.82177734375,-9.42119312286377,77.97049713134766,41.70817947387695
0.070068359375,0.949951171875,0.101318359375,-9.3994140625,-6.53076171875,3.11279296875,-9.366135597229004,77.90220642089844,41.39453887939453
0.083984375,0.968994140625,0.08203125,-7.50732421875,-10.3759765625,0.9765625,-9.315279960632324,77.94312286376953,40.94552612304688
0.11767578125,0.99072265625,0.056396484375,-7.01904296875,-9.3994140625,-0.6103515625,-9.269558906555176,78.05914306640625,40.51274108886719
0.132568359375,0.971435546875,0.08349609375,-9.94873046875,-4.57763671875,2.197265625,-9.29751205444336,77.93706512451172,40.358802795410156
0.0888671875,0.949462890625,0.080322265625,-7.26318359375,-3.96728515625,-0.54931640625,-9.152566909790039,77.9468002319336,40.15189743041992
0.08740234375,0.9970703125,0.0859375,-6.04248046875,-7.75146484375,-5.31005859375,-8.84499454498291,78.03034973144531,39.75700378417969
0.08251953125,0.99609375,0.08154296875,-10.25390625,-8.11767578125,-5.615234375,-8.512518882751465,77.91046142578125,39.34026718139648
0.103759765625,0.99072265625,0.073486328125,-8.544921875,-9.3994140625,-3.5400390625,-8.352209091186522,77.92547607421875,38.89425659179688
0.115478515625,1.003662109375,0.07861328125,-9.521484375,-7.080078125,-5.06591796875,-8.142537117004395,77.87855529785156,38.52980422973633
0.080322265625,0.985107421875,0.104248046875,-11.41357421875,-4.08935546875,-4.94384765625,-7.897323608398437,77.68563842773438,38.32997512817383
0.050537109375,0.968994140625,0.110107421875,-6.40869140625,-2.13623046875,1.77001953125,-7.789264678955077,77.65708923339844,38.22986221313477
0.057373046875,0.979248046875,0.081298828125,-1.15966796875,-3.72314453125,5.37109375,-7.854706287384032,77.91279602050781,38.088565826416016
0.09619140625,1.01123046875,0.07958984375,-2.01416015625,-5.615234375,4.94384765625,-7.950737953186035,78.08832550048828,37.859413146972656
0.072998046875,1.0009765625,0.091796875,-12.51220703125,-6.34765625,-2.50244140625,-7.755314350128174,77.87682342529297,37.55211639404297
0.05224609375,0.982421875,0.0888671875,-15.56396484375,-9.58251953125,-4.638671875,-7.46844482421875,77.5729751586914,37.09803771972656
0.092041015625,0.98046875,0.090087890625,-17.9443359375,-12.02392578125,-4.2724609375,-7.366331577301025,77.1429672241211,36.541316986083984
0.095458984375,0.935302734375,0.120361328125,-15.13671875,-10.7421875,-3.96728515625,-7.244487285614014,76.8013916015625,36.05656433105469
0.098388671875,0.9619140625,0.094970703125,-8.36181640625,-9.33837890625,-3.0517578125,-7.154152870178223,76.80215454101562,35.62566375732422
0.088134765625,1.04345703125,0.087158203125,-5.7373046875,-7.32421875,0.8544921875,-7.199204444885254,76.88249969482422,35.35950088500977
0.0576171875,1.013671875,0.09765625,-8.23974609375,-4.94384765625,4.57763671875,-7.265413284301758,76.86128234863281,35.16962432861328
0.08251953125,0.97802734375,0.08154296875,-9.94873046875,-6.8359375,4.69970703125,-7.413463592529298,76.81063079833984,34.90271759033203
0.11669921875,0.953857421875,0.0849609375,-7.080078125,-6.04248046875,3.72314453125,-7.5764617919921875,76.89886474609375,34.718982696533196
0.05908203125,0.957275390625,0.10986328125,0.42724609375,-2.3193359375,5.31005859375,-7.642799854278564,77.16829681396484,34.642261505126946
0.0693359375,1.0107421875,0.063232421875,1.220703125,-3.84521484375,5.0048828125,-7.725319385528564,77.58521270751953,34.48696517944336
0.08935546875,1.014892578125,0.08203125,-3.60107421875,-5.859375,-0.06103515625,-7.5636558532714835,77.7640151977539,34.2205810546875
0.085693359375,0.985107421875,0.0849609375,-6.53076171875,-5.9814453125,-3.5400390625,-7.372923851013184,77.8135757446289,33.91802978515625
0.056396484375,1.021484375,0.072509765625,-5.18798828125,-6.89697265625,-3.90625,-7.111642837524414,77.9539794921875,33.57315826416016
0.0595703125,1.0322265625,0.071533203125,-7.2021484375,-7.01904296875,-1.46484375,-7.044974327087402,78.02430725097656,33.300765991210945
0.075439453125,1.029296875,0.05712890625,-6.34765625,-5.37109375,7.99560546875,-7.2891292572021475,78.12425994873047,33.11268997192383
0.10498046875,1.011962890625,0.038818359375,-7.26318359375,-3.7841796875,8.4228515625,-7.596772193908691,78.21359252929688,32.98451614379883
0.079345703125,0.982421875,0.053466796875,-9.09423828125,-0.67138671875,2.8076171875,-7.498077392578125,78.17352294921875,32.951587677001946
0.05126953125,0.98779296875,0.098388671875,-4.57763671875,-1.64794921875,7.62939453125,-7.6297645568847665,78.22103118896484,32.91772079467773
0.07568359375,1.001708984375,0.0673828125,-5.2490234375,-5.7373046875,12.3291015625,-8.027009963989258,78.32962799072266,32.74977493286133
0.09716796875,0.97412109375,0.04736328125,-7.4462890625,-6.16455078125,8.11767578125,-8.22243595123291,78.31036376953125,32.508861541748054
0.103271484375,0.962158203125,0.0517578125,-8.60595703125,-5.37109375,-1.64794921875,-8.119462966918945,78.32596588134766,32.23558807373047
0.098388671875,0.982666015625,0.051025390625,-9.521484375,-3.35693359375,-1.15966796875,-8.007591247558594,78.29656219482422,32.0460205078125
0.075927734375,0.96875,0.034423828125,-12.51220703125,-0.91552734375,-1.89208984375,-7.757559776306152,78.1281509399414,31.952411651611328
0.09423828125,0.96826171875,0.06005859375,-16.90673828125,-0.91552734375,-6.04248046875,-7.443745136260986,77.77985382080078,31.822772979736328
0.070556640625,0.942626953125,0.10302734375,-14.5263671875,1.64794921875,-6.40869140625,-7.05413293838501,77.42179870605469,31.80313873291016
0.072509765625,0.97802734375,0.1083984375,-8.9111328125,1.89208984375,-1.64794921875,-6.878712177276611,77.356201171875,31.841167449951172
0.078125,0.97998046875,0.08349609375,-8.1787109375,2.5634765625,2.62451171875,-6.867454051971436,77.30866241455078,31.929107666015625
0.03564453125,0.94970703125,0.10546875,-10.07080078125,3.662109375,-1.03759765625,-6.608347415924072,77.12905883789062,32.034374237060554
0.018310546875,0.95166015625,0.136474609375,-5.126953125,0.244140625,-0.48828125,-6.404348850250244,77.18436431884766,31.974403381347656
0.049072265625,1.04296875,0.125244140625,-3.47900390625,-4.5166015625,1.77001953125,-6.3647003173828125,77.28658294677734,31.787094116210934
0.029052734375,1.013671875,0.086181640625,-10.25390625,-6.28662109375,0.79345703125,-6.2639994621276855,77.20134735107422,31.51313400268555
0.077392578125,1.0126953125,0.075439453125,-12.39013671875,-12.02392578125,-2.197265625,-6.1745381355285645,77.06660461425781,30.942562103271484
0.10546875,1.008544921875,0.058349609375,-15.44189453125,-9.94873046875,-4.638671875,-6.076279640197754,76.86165618896484,30.471248626708984
0.06982421875,0.97021484375,0.085205078125,-12.0849609375,-3.0517578125,-2.44140625,-5.931952953338622,76.70109558105469,30.296443939208984
0.049072265625,0.966796875,0.08837890625,-5.4931640625,0.42724609375,2.74658203125,-5.962272644042969,76.88737487792969,30.30715560913086
0.03173828125,1.003173828125,0.078369140625,-3.47900390625,0.67138671875,2.9296875,-5.907137393951416,77.07195281982422,30.32501983642578
0.02734375,1.01611328125,0.11376953125,-5.92041015625,-2.86865234375,1.3427734375,-5.811628341674805,77.09139251708984,30.19844055175781
0.0419921875,1.029052734375,0.08740234375,-7.9345703125,-6.2255859375,4.7607421875,-5.938174247741699,77.07874298095703,29.955181121826172
0.046875,1.01513671875,0.07177734375,-12.39013671875,-5.55419921875,6.04248046875,-6.093042850494385,76.93892669677734,29.75543212890625
0.028564453125,0.979248046875,0.0751953125,-13.427734375,-5.4931640625,4.638671875,-6.148793697357178,76.75088500976562,29.54586410522461
0.06201171875,1.02587890625,0.080078125,-7.6904296875,-8.72802734375,5.55419921875,-6.410755157470702,76.7908706665039,29.214710235595703
0.07421875,1.036865234375,0.05859375,-9.94873046875,-7.26318359375,13.12255859375,-6.896113395690918,76.7939453125,29.00564193725586
0.054931640625,0.99267578125,0.053955078125,-13.48876953125,-4.638671875,12.6953125,-7.286054134368896,76.6495132446289,28.89208602905273
0.066650390625,0.956298828125,0.065185546875,-15.44189453125,-3.2958984375,6.77490234375,-7.389486789703369,76.41940307617188,28.80130386352539
0.0556640625,0.97021484375,0.109375,-9.1552734375,-2.99072265625,2.44140625,-7.349408149719237,76.33586120605469,28.6712646484375
0.076904296875,1.01171875,0.10986328125,-8.056640625,-6.103515625,4.57763671875,-7.464672565460205,76.3218994140625,28.438129425048828
0.07666015625,1.0087890625,0.09326171875,-12.39013671875,-4.150390625,5.126953125,-7.489848136901855,76.17777252197266,28.300769805908203
0.03857421875,0.957275390625,0.115966796875,-10.7421875,-4.33349609375,4.5166015625,-7.500792503356934,76.0262451171875,28.138919830322266
0.05810546875,0.99609375,0.11474609375,-8.056640625,-7.32421875,5.92041015625,-7.634988784790039,76.01502227783203,27.871471405029297
0.087646484375,1.021728515625,0.0986328125,-9.94873046875,-8.36181640625,7.26318359375,-7.9027814865112305,75.90467071533203,27.58405303955078
0.061279296875,0.978515625,0.11328125,-13.48876953125,-8.4228515625,7.9345703125,-8.120316505432129,75.68496704101562,27.29138946533203
0.046630859375,0.949462890625,0.11376953125,-11.41357421875,-9.27734375,8.36181640625,-8.324440002441406,75.55331420898438,26.96941375732422
0.09228515625,0.97412109375,0.0849609375,-8.72802734375,-10.498046875,6.77490234375,-8.57615852355957,75.63282012939453,26.57083511352539
0.101318359375,0.967529296875,0.092041015625,-8.97216796875,-6.89697265625,5.4931640625,-8.754278182983397,75.64749908447266,26.30327606201172
0.086181640625,0.96875,0.091796875,-6.40869140625,-5.859375,5.4931640625,-8.879823684692383,75.75991821289062,26.074840545654297
0.0595703125,0.983642578125,0.076904296875,-6.40869140625,-8.23974609375,4.94384765625,-8.911697387695312,75.8603744506836,25.727275848388672
0.094482421875,1.01123046875,0.0732421875,-10.8642578125,-11.04736328125,2.62451171875,-8.980798721313477,75.8735122680664,25.25851821899414
0.10400390625,0.989013671875,0.099853515625,-14.0380859375,-10.009765625,2.3193359375,-9.05024528503418,75.68901824951172,24.837421417236328
0.081787109375,0.97412109375,0.09716796875,-13.5498046875,-8.6669921875,3.47900390625,-9.109668731689453,75.54585266113281,24.470417022705078
0.09765625,0.954345703125,0.094482421875,-11.5966796875,-7.9345703125,4.0283203125,-9.2154541015625,75.46165466308594,24.145225524902344
0.10693359375,0.94091796875,0.114013671875,-10.43701171875,-5.92041015625,2.8076171875,-9.27392578125,75.36686706542969,23.894046783447266
0.094482421875,0.969970703125,0.12646484375,-8.056640625,-4.8828125,2.13623046875,-9.224442481994627,75.40860748291016,23.61796569824219
0.093994140625,1.00390625,0.097412109375,-7.4462890625,-7.75146484375,2.3193359375,-9.2388334274292,75.50257873535156,23.28074073791504
0.106201171875,0.993896484375,0.10546875,-9.09423828125,-9.46044921875,3.2958984375,-9.33577823638916,75.5156021118164,22.88983917236328
0.105224609375,0.984619140625,0.0859375,-11.3525390625,-10.1318359375,2.685546875,-9.389573097229004,75.48747253417969,22.449840545654297
0.11181640625,0.967529296875,0.10546875,-10.8642578125,-7.75146484375,4.0283203125,-9.511577606201172,75.41230773925781,22.133634567260746
0.107421875,0.963134765625,0.101318359375,-9.27734375,-5.615234375,5.06591796875,-9.639230728149414,75.39714813232422,21.909313201904297
0.109130859375,0.973388671875,0.10205078125,-7.99560546875,-4.5166015625,6.40869140625,-9.764896392822266,75.41043090820312,21.786725997924805
0.11328125,0.962890625,0.08984375,-8.1787109375,-2.44140625,4.638671875,-9.849175453186037,75.44612884521484,21.676755905151367
0.101806640625,0.960693359375,0.095703125,-8.7890625,-3.7841796875,1.220703125,-9.784855842590332,75.45729064941406,21.481443405151367
0.121337890625,0.993408203125,0.1005859375,-9.33837890625,-5.615234375,-0.732421875,-9.668346405029297,75.44425964355469,21.223764419555664
0.095947265625,0.970703125,0.1025390625,-8.9111328125,-5.31005859375,0.244140625,-9.57214641571045,75.4483871459961,20.96202087402344
0.103515625,0.970458984375,0.108154296875,-8.72802734375,-5.37109375,-0.6103515625,-9.464311599731444,75.44770812988281,20.692214965820312
0.08056640625,0.98291015625,0.10009765625,-9.33837890625,-7.32421875,-1.64794921875,-9.260385513305664,75.48868560791016,20.351757049560547
0.075927734375,1.02099609375,0.092041015625,-7.99560546875,-7.38525390625,-0.48828125,-9.118155479431152,75.57584381103516,19.99821662902832
0.094970703125,1.015380859375,0.070556640625,-9.3994140625,-6.7138671875,4.39453125,-9.207723617553713,75.63710021972656,19.71377182006836
0.094482421875,0.978515625,0.094970703125,-10.31494140625,-5.06591796875,7.14111328125,-9.406527519226074,75.6286392211914,19.565658569335934
0.114990234375,0.99365234375,0.06396484375,-9.1552734375,-3.47900390625,3.72314453125,-9.477248191833496,75.6894302368164,19.3980712890625
0.07177734375,0.96142578125,0.098876953125,-9.70458984375,-0.30517578125,1.40380859375,-9.329843521118164,75.62403106689453,19.345800399780273
0.06787109375,0.993896484375,0.114013671875,-6.65283203125,-1.5869140625,3.72314453125,-9.328123092651367,75.7382583618164,19.23300552368164
0.08642578125,1.01611328125,0.092041015625,-6.40869140625,-4.08935546875,5.2490234375,-9.395666122436523,75.84827423095703,19.0665283203125
0.08447265625,1.005615234375,0.081298828125,-11.23046875,-4.08935546875,2.50244140625,-9.35268497467041,75.7876205444336,18.869457244873047
0.09814453125,0.983642578125,0.10009765625,-12.5732421875,-5.55419921875,0.18310546875,-9.238330841064453,75.66056060791016,18.588693618774414
0.064208984375,0.9775390625,0.104248046875,-9.46044921875,-4.21142578125,0.06103515625,-9.06618595123291,75.6241226196289,18.3721981048584
