0.757080078125,1.240966796875,0.330078125,-25.57373046875,21.91162109375,26.67236328125,-3.7474853992462163,79.6698226928711,130.9185791015625
0.66015625,0.884521484375,0.257080078125,-17.63916015625,100.2197265625,25.45166015625,-5.095104217529297,78.40380859375,135.08877563476562
0.302490234375,0.61328125,0.110595703125,16.6015625,183.4716796875,-1.0986328125,-4.418651103973389,78.50466918945312,142.2895050048828
0.123779296875,0.551025390625,-0.18408203125,39.6728515625,203.369140625,-57.18994140625,-1.0695719718933103,80.83142852783203,149.7961883544922
-0.280029296875,1.818115234375,-0.326171875,18.310546875,190.61279296875,-58.28857421875,2.879393577575684,82.89434051513672,156.9970245361328
-0.341796875,1.493408203125,-0.18212890625,10.7421875,169.3115234375,-3.662109375,4.150941848754884,84.25959014892578,163.74789428710938
-0.178466796875,0.824462890625,-0.10595703125,1.46484375,148.4375,-2.38037109375,5.082653999328613,85.2863998413086,169.7053680419922
-0.08935546875,0.8359375,-0.1181640625,-2.5634765625,137.87841796875,-5.06591796875,5.655827522277832,86.07437133789062,-184.7552490234375
0.06103515625,0.728515625,-0.029541015625,-21.3623046875,143.85986328125,6.4697265625,5.363163471221924,86.01065063476562,-178.9496612548828
0.05908203125,1.287109375,-0.158447265625,-40.46630859375,158.75244140625,2.01416015625,5.422837257385254,85.41439819335938,-172.5463104248047
0.10546875,0.85546875,-0.07958984375,-65.4296875,175.78125,-0.244140625,5.683238983154298,83.81925201416016,-165.4832305908203
0.124755859375,0.411865234375,0.0498046875,-36.865234375,212.5244140625,16.4794921875,5.0988311767578125,83.11491394042969,-156.93572998046875
0.008544921875,1.114013671875,-0.06787109375,-25.08544921875,206.48193359375,4.0283203125,7.0787086486816415,87.69895935058594,-118.86283111572266
0.09033203125,1.081298828125,0.08154296875,-1.28173828125,192.44384765625,-8.1787109375,7.109909057617188,88.419677734375,-111.1548309326172
0.06689453125,1.005126953125,0.050537109375,-12.26806640625,188.65966796875,-0.1220703125,6.841479301452638,88.7874984741211,-103.57281494140624
0.130859375,0.935302734375,0.120849609375,-13.5498046875,175.10986328125,5.2490234375,6.178194046020508,88.78775787353516,-96.55791473388672
0.181396484375,0.997802734375,0.155517578125,-9.82666015625,161.31591796875,-1.5869140625,5.742264270782472,88.70329284667969,-90.11611938476562
0.440673828125,1.03515625,0.300537109375,-10.25390625,147.64404296875,19.287109375,4.0498104095458975,88.24457550048828,-84.22638702392578
-0.646728515625,-0.017822265625,-0.40966796875,2.3193359375,169.49462890625,28.38134765625,4.912673473358153,90.09619903564452,-77.31119537353516
0.091796875,1.112548828125,-0.020263671875,52.06298828125,147.39990234375,-65.5517578125,7.029338359832764,94.2015609741211,-71.17796325683594
0.4677734375,0.930908203125,-0.286376953125,71.4111328125,114.6240234375,42.1142578125,3.639836072921753,97.91182708740234,-66.77119445800781
1.048583984375,1.666015625,-0.263427734375,-0.54931640625,159.97314453125,58.4716796875,-0.8930734395980835,98.06039428710938,-60.77423477172852
0.764892578125,1.3984375,-0.1845703125,-78.857421875,227.84423828125,26.123046875,-4.018811702728272,94.31204223632812,-51.807350158691406
0.273193359375,0.801513671875,0.18701171875,-91.4306640625,239.013671875,-25.81787109375,-3.891034603118897,89.32777404785156,-42.14972686767578
0.313720703125,0.703369140625,0.14794921875,-24.47509765625,195.6787109375,-25.87890625,-3.4303710460662837,87.41814422607422,-34.304061889648445
0.522705078125,0.826171875,-0.019775390625,17.88330078125,161.43798828125,-56.884765625,-1.8491563796997068,88.02430725097656,-27.947418212890625
0.17333984375,0.8134765625,-0.145751953125,35.5224609375,149.84130859375,-63.1103515625,0.3622109889984131,89.82186126708984,-22.01964569091797
0.1865234375,0.89892578125,-0.34423828125,31.3720703125,154.4189453125,-39.00146484375,1.354212999343872,91.9626693725586,-15.822786331176758
0.08984375,0.9375,-0.3837890625,10.55908203125,146.97265625,-24.35302734375,1.824089765548706,93.28689575195312,-9.890705108642578
0.039306640625,0.729248046875,-0.191650390625,2.44140625,120.05615234375,-12.6953125,1.820231795310974,93.97584533691406,-5.052293300628662
0.123779296875,0.807373046875,-0.197021484375,15.0146484375,102.72216796875,-5.67626953125,1.3039991855621338,95.05606842041016,-0.9298377037048341
0.137939453125,0.952880859375,-0.27685546875,10.009765625,96.19140625,-4.8828125,0.7643048167228699,95.9411849975586,2.925182342529297
-0.014404296875,0.854736328125,-0.10205078125,-5.4931640625,76.35498046875,4.69970703125,0.26493963599205017,95.76787567138672,5.9421892166137695
0.19091796875,0.89892578125,-0.015869140625,2.50244140625,53.64990234375,18.1884765625,-1.1594778299331665,95.6514663696289,8.002864837646483
0.055419921875,0.760009765625,-0.089111328125,15.31982421875,73.54736328125,12.6953125,-1.8988869190216064,96.2363739013672,10.873077392578123
-0.0419921875,0.958984375,-0.17578125,35.64453125,36.19384765625,-3.662109375,-1.7616060972213743,97.76578521728516,12.325065612792967
0.048095703125,1.0625,-0.260498046875,32.65380859375,23.86474609375,-2.9296875,-1.8202961683273315,99.266357421875,13.279561996459961
0.2939453125,0.997314453125,-0.314208984375,12.451171875,46.08154296875,1.8310546875,-2.628734350204468,99.87609100341795,15.078222274780273
-0.260009765625,0.923583984375,-0.085693359375,-7.75146484375,97.35107421875,16.4794921875,-3.2180120944976807,99.18468475341795,18.810550689697266
-0.453857421875,0.835205078125,-0.032470703125,-2.3193359375,65.49072265625,20.69091796875,-3.2507035732269287,98.69620513916016,21.27448081970215
-0.240478515625,0.851806640625,-0.061279296875,6.4697265625,33.447265625,25.7568359375,-3.855769872665405,98.66545867919922,22.44976234436035
-0.242919921875,0.8935546875,-0.00537109375,23.13232421875,24.35302734375,23.98681640625,-4.211266994476318,99.19901275634766,23.28494071960449
-0.0576171875,0.80419921875,0.001953125,41.19873046875,27.28271484375,21.1181640625,-4.9024620056152335,100.38748931884766,24.246810913085934
-0.089599609375,0.867919921875,-0.07958984375,59.6923828125,36.9873046875,15.44189453125,-5.363893508911133,102.50279998779295,25.596179962158203
-0.193115234375,0.891845703125,-0.212890625,66.5283203125,53.955078125,12.39013671875,-5.685120105743407,104.99372100830078,27.59054946899414
-0.27685546875,0.97705078125,-0.419189453125,56.396484375,62.255859375,27.9541015625,-6.664127826690674,107.32833099365234,29.660140991210934
-0.184326171875,1.0478515625,-0.463623046875,31.73828125,66.7724609375,45.8984375,-8.691688537597656,108.50308990478516,31.629512786865234
-0.0537109375,1.086181640625,-0.37744140625,-1.46484375,72.20458984375,53.89404296875,-11.19168186187744,108.09317016601562,33.711143493652344
-0.050048828125,0.997802734375,-0.189453125,-6.8359375,77.20947265625,51.20849609375,-13.523965835571287,106.9952163696289,36.13714599609375
-0.093017578125,0.94580078125,-0.082763671875,10.7421875,79.7119140625,49.31640625,-15.569740295410154,106.25919342041016,38.81437301635742
0.0078125,0.947998046875,-0.109375,42.17529296875,70.00732421875,45.47119140625,-17.52469825744629,106.8849105834961,41.17736434936523
0.114501953125,1.0615234375,-0.260498046875,51.8798828125,67.19970703125,35.15625,-19.21681022644043,108.10134887695312,43.47305679321289
0.076416015625,1.10302734375,-0.35595703125,46.32568359375,60.302734375,21.30126953125,-20.12102699279785,109.28750610351562,45.59112930297852
0.014404296875,1.054443359375,-0.40673828125,39.24560546875,53.466796875,18.61572265625,-20.787994384765625,110.25910949707031,47.448951721191406
0.173583984375,1.073974609375,-0.49365234375,27.83203125,58.837890625,20.99609375,-21.910009384155273,110.79509735107422,49.43389511108398
0.208251953125,1.109619140625,-0.472900390625,13.24462890625,66.89453125,15.68603515625,-22.985410690307614,110.4058074951172,51.88696670532226
0.22119140625,1.06298828125,-0.401123046875,-5.67626953125,68.359375,0.18310546875,-23.44675636291504,109.06816864013672,54.67683029174805
0.07568359375,0.765380859375,-0.75146484375,-37.4755859375,63.96484375,-9.33837890625,-23.234851837158203,107.5207977294922,57.01854705810547
-0.061279296875,1.086669921875,-0.422607421875,-73.05908203125,42.8466796875,4.2724609375,-23.13440704345703,103.94452667236328,58.722557067871094
0.577880859375,-0.82275390625,1.4677734375,-33.63037109375,35.09521484375,-12.63427734375,-24.181352615356445,100.21598815917969,61.060279846191406
0.369140625,1.01708984375,-0.34375,-33.63037109375,26.91650390625,-2.62451171875,-24.060022354125977,98.7179718017578,62.103477478027344
0.14013671875,0.9140625,-0.0859375,-23.74267578125,24.10888671875,9.94873046875,-23.882421493530273,97.36334228515624,63.07762145996094
0.34228515625,1.1201171875,-0.19482421875,-23.5595703125,1.52587890625,13.85498046875,-24.153549194335934,96.51237487792969,63.02960968017578
0.28515625,0.84814453125,-0.196044921875,-34.7900390625,11.04736328125,18.98193359375,-24.716875076293945,95.20995330810548,63.31660461425781
0.02685546875,0.6181640625,-0.02880859375,-13.916015625,8.7890625,4.69970703125,-24.196577072143555,94.06880950927734,63.85638427734375
0.290771484375,0.744140625,-0.067626953125,40.4052734375,17.7001953125,-6.28662109375,-23.88834381103516,95.38819885253906,64.64226531982422
0.07763671875,1.109619140625,-0.322998046875,32.8369140625,-8.9111328125,-11.8408203125,-22.61009788513184,97.27820587158205,64.14393615722656
0.225830078125,1.075439453125,-0.334228515625,2.8076171875,0.3662109375,-3.11279296875,-21.73689079284668,97.60958099365234,64.08821868896484
0.163818359375,1.102294921875,-0.547607421875,-10.7421875,-49.98779296875,-2.3193359375,-20.83831024169922,98.71525573730469,61.69760131835938
0.125244140625,0.766845703125,-0.233154296875,-17.51708984375,-54.87060546875,-5.18798828125,-19.821409225463867,99.13566589355469,59.304893493652344
0.21142578125,0.90576171875,-0.381103515625,-13.73291015625,-66.650390625,-10.009765625,-18.704769134521484,99.82361602783205,56.47779083251953
0.31591796875,0.8623046875,-0.29736328125,-20.8740234375,-52.18505859375,-2.50244140625,-18.263038635253906,100.02078247070312,54.21731185913086
-0.015380859375,0.981689453125,-0.366943359375,-31.8603515625,-23.0712890625,15.56396484375,-17.979942321777344,99.50289916992188,53.0088996887207
-0.123779296875,0.86376953125,-0.134765625,-10.07080078125,-59.326171875,14.7705078125,-17.533140182495114,100.00691986083984,50.40969848632813
0.40185546875,1.20703125,-0.31787109375,17.27294921875,-109.375,5.06591796875,-16.887531280517578,102.2184066772461,45.8255500793457
0.510009765625,1.098876953125,-0.288818359375,3.7841796875,-101.74560546875,-7.32421875,-15.970296859741213,103.60603332519531,41.7369270324707
0.22119140625,0.8701171875,-0.123046875,-2.13623046875,-78.43017578125,-8.85009765625,-14.75570297241211,104.24517822265624,38.69705581665039
0.108154296875,0.950927734375,-0.0712890625,1.40380859375,-75.439453125,-4.0283203125,-13.521422386169435,104.6103973388672,35.835262298583984
0.41455078125,0.797119140625,-0.143310546875,14.46533203125,-88.43994140625,1.40380859375,-13.174066543579102,105.83174896240234,32.35227584838867
0.22802734375,0.833984375,-0.19580078125,26.06201171875,-77.63671875,-11.16943359375,-12.035487174987793,107.38264465332031,29.46689224243164
0.293701171875,0.7802734375,-0.073974609375,31.982421875,-61.58447265625,-13.36669921875,-11.109055519104004,108.6444320678711,27.34354019165039
0.22802734375,1.00830078125,-0.3955078125,26.55029296875,-49.37744140625,-10.6201171875,-10.081136703491213,110.12667846679688,25.576438903808594
0.225341796875,1.078857421875,-0.334228515625,4.0283203125,-35.46142578125,10.009765625,-10.092360496520996,110.80683135986328,24.039520263671875
0.365966796875,1.026611328125,-0.26025390625,-33.02001953125,-13.5498046875,17.822265625,-10.927979469299316,109.35751342773438,23.32372665405273
0.34375,0.9208984375,-0.4208984375,-32.3486328125,-8.48388671875,9.3994140625,-11.482901573181152,108.3354949951172,22.84018898010254
-0.041015625,0.906982421875,-0.386962890625,-36.0107421875,-22.0947265625,8.23974609375,-11.044514656066896,107.0698471069336,21.87510871887207
0.202880859375,0.767578125,-0.281005859375,-29.1748046875,-20.8740234375,18.4326171875,-11.621349334716795,106.2099838256836,20.8233642578125
0.146484375,0.85791015625,-0.26806640625,-19.59228515625,-23.98681640625,9.46044921875,-11.622920989990234,105.66852569580078,19.767967224121094
0.240234375,1.0029296875,-0.325927734375,-10.31494140625,-23.0712890625,2.62451171875,-11.52683162689209,105.4854965209961,18.82410430908203
0.24658203125,1.095703125,-0.349365234375,-36.92626953125,-2.86865234375,6.77490234375,-11.780198097229006,104.11687469482422,18.625186920166016
0.160888671875,1.01123046875,-0.33447265625,-57.861328125,12.0849609375,11.53564453125,-12.211450576782227,101.87651824951172,18.9643611907959
0.110595703125,1.001708984375,-0.341552734375,-44.25048828125,-2.5634765625,14.83154296875,-12.616780281066895,100.41319274902344,18.68440055847168
0.3466796875,1.1025390625,-0.329345703125,-10.25390625,-34.97314453125,-13.916015625,-11.979707717895508,100.50892639160156,17.333206176757812
0.322265625,1.183349609375,-0.295166015625,-19.59228515625,-25.390625,-38.0859375,-10.414886474609377,99.99124145507812,16.572090148925778
0.1142578125,1.145751953125,-0.2998046875,-30.33447265625,-17.4560546875,-41.015625,-8.509008407592772,98.9313735961914,16.135818481445312
0.240234375,1.214111328125,-0.298583984375,-64.02587890625,-3.35693359375,-14.404296875,-8.01653003692627,96.55485534667969,16.057798385620114
0.13330078125,1.139892578125,-0.119873046875,-61.5234375,11.962890625,0.6103515625,-8.030224800109862,93.98904418945312,16.540212631225586
0.32763671875,1.173583984375,-0.2099609375,-61.8896484375,28.01513671875,-16.4794921875,-7.870264530181885,91.5194091796875,17.6916446685791
0.0791015625,1.237548828125,-0.092529296875,-88.134765625,105.8349609375,-66.10107421875,-5.0518879890441895,87.61143493652344,21.916730880737305
0.035888671875,0.9873046875,-0.1259765625,29.1748046875,13.24462890625,-64.14794921875,15.721009254455565,88.81024169921875,36.421424865722656
-0.03515625,0.9453125,-0.1689453125,26.9775390625,12.26806640625,-68.7255859375,18.002534866333008,90.5318374633789,37.05808639526367
-0.1640625,0.81298828125,-0.16162109375,22.88818359375,13.61083984375,-69.4580078125,20.49262237548828,92.08385467529295,37.84103775024414
-0.09814453125,0.79296875,-0.09326171875,29.60205078125,10.6201171875,-70.12939453125,22.728778839111328,93.6702651977539,38.51677703857422
-0.007080078125,0.85986328125,-0.14208984375,37.78076171875,20.08056640625,-72.1435546875,24.630653381347656,95.9449234008789,39.770469665527344
-0.017822265625,0.955322265625,-0.20703125,30.6396484375,10.43701171875,-79.1015625,26.797719955444336,97.80950164794922,40.75959014892578
-0.214111328125,0.8935546875,-0.26416015625,23.62060546875,27.7099609375,-84.3505859375,29.39996910095215,99.98040008544922,42.76103210449219
-0.205078125,0.836181640625,-0.2197265625,16.54052734375,19.34814453125,-77.7587890625,31.70934867858887,101.6026840209961,44.40905380249024
-0.230712890625,0.763427734375,-0.21484375,24.90234375,20.44677734375,-71.044921875,33.67626190185547,103.67896270751952,46.187889099121094
-0.236328125,0.806884765625,-0.271240234375,25.45166015625,29.052734375,-63.3544921875,35.098403930664055,106.12078857421876,48.451866149902344
-0.256103515625,0.72265625,-0.245849609375,21.728515625,34.11865234375,-58.2275390625,36.27486801147461,108.62085723876952,51.021240234375
-0.3818359375,0.683837890625,-0.349853515625,32.71484375,24.90234375,-61.1572265625,37.82711791992188,111.63510131835938,53.46294403076172
-0.31298828125,0.7333984375,-0.341064453125,39.24560546875,12.39013671875,-57.43408203125,39.07612228393555,114.41809844970705,55.27217102050781
-0.29931640625,0.736083984375,-0.37890625,41.07666015625,16.2353515625,-53.40576171875,39.98005294799805,117.53778839111328,57.37290954589844
-0.358642578125,0.766357421875,-0.441162109375,33.935546875,17.7001953125,-45.10498046875,40.50232315063477,120.25533294677734,59.380226135253906
-0.37060546875,0.765869140625,-0.428955078125,25.69580078125,17.88330078125,-35.0341796875,40.627708435058594,122.36498260498048,61.09292602539063
-0.361083984375,0.722412109375,-0.364013671875,25.5126953125,12.14599609375,-25.69580078125,40.46680068969727,123.90937042236328,62.162147521972656
-0.256103515625,0.754150390625,-0.3466796875,33.447265625,9.765625,-26.42822265625,40.22550582885742,125.55374145507812,63.05430603027344
-0.325927734375,0.7587890625,-0.40087890625,36.07177734375,11.23046875,-29.96826171875,40.16998672485352,127.51232147216795,64.19802093505861
-0.311767578125,0.75634765625,-0.377197265625,34.48486328125,10.8642578125,-27.7099609375,39.95624923706055,129.23616027832028,65.19669342041016
-0.387939453125,0.69677734375,-0.436279296875,41.93115234375,5.92041015625,-34.0576171875,40.26673126220703,131.45631408691406,66.35116577148439
-0.489990234375,0.738037109375,-0.498046875,45.10498046875,-4.150390625,-34.36279296875,40.94345474243164,133.59791564941406,67.17916870117189
-0.484375,0.644287109375,-0.450927734375,41.259765625,-11.53564453125,-19.83642578125,41.399940490722656,135.08329772949222,67.23712921142578
-0.376220703125,0.687744140625,-0.535400390625,40.46630859375,-2.9296875,-11.04736328125,41.09526824951172,136.54240417480472,67.29994201660156
-0.36767578125,0.69921875,-0.527587890625,35.64453125,0.79345703125,-14.2822265625,40.76142120361328,137.87455749511722,67.56299591064453
-0.443359375,0.62451171875,-0.528564453125,40.71044921875,-4.638671875,-24.90234375,41.057350158691406,139.56111145019528,68.06892395019531
-0.373291015625,0.739501953125,-0.484375,52.30712890625,-15.07568359375,-30.3955078125,41.63931274414063,141.33718872070312,68.27130126953125
-0.361328125,0.8154296875,-0.505126953125,55.7861328125,-16.357421875,-29.4189453125,42.14166259765625,143.0652618408203,68.32381439208984
-0.254638671875,0.529296875,-0.1103515625,63.5986328125,-16.2353515625,-34.5458984375,42.7761116027832,144.70248413085938,68.25162506103516
-0.613525390625,0.8251953125,-0.621826171875,105.28564453125,-12.451171875,-65.5517578125,44.198768615722656,149.92662048339844,70.34049987792969
-0.61083984375,0.97314453125,-0.892822265625,71.533203125,-19.71435546875,-26.85546875,44.71814727783203,152.45545959472656,70.4962158203125
-0.358154296875,0.73876953125,-0.794189453125,34.60693359375,-12.02392578125,-19.04296875,44.6699333190918,153.54348754882812,70.60780334472656
-0.584228515625,0.584228515625,-0.631103515625,31.55517578125,-14.58740234375,-40.95458984375,45.53664779663086,155.27987670898438,71.8065414428711
-0.568603515625,0.49365234375,-0.512939453125,46.56982421875,-21.240234375,-36.9873046875,46.69941711425781,157.3495330810547,72.65816497802734
-0.53173828125,0.54638671875,-0.59033203125,70.98388671875,-26.123046875,-40.83251953125,47.7597770690918,160.49061584472656,73.64865112304688
-0.488037109375,0.6015625,-0.68115234375,76.96533203125,-20.99609375,-46.08154296875,48.47204208374024,164.10964965820312,75.0330581665039
-0.4775390625,0.536376953125,-0.628662109375,72.32666015625,-8.544921875,-49.1943359375,48.705543518066406,167.82943725585938,76.83674621582031
-0.524169921875,0.502197265625,-0.648193359375,71.4111328125,-0.79345703125,-52.6123046875,48.66598510742188,171.80462646484375,79.01447296142578
-0.593505859375,0.43359375,-0.696044921875,69.7021484375,0.18310546875,-52.6123046875,48.51460647583008,175.85450744628906,81.31905364990234
-0.56787109375,0.365234375,-0.66943359375,71.83837890625,-6.34765625,-55.7861328125,48.51927185058594,-179.887451171875,83.80197143554688
-0.547119140625,0.351806640625,-0.670166015625,71.6552734375,-6.591796875,-57.43408203125,48.338111877441406,-175.77517700195312,86.23686981201172
-0.531005859375,0.393310546875,-0.653076171875,61.5234375,7.99560546875,-51.7578125,47.561744689941406,-172.66708374023438,88.05060577392578
-0.519287109375,0.43115234375,-0.640380859375,52.24609375,15.56396484375,-43.3349609375,46.525306701660156,-170.6569061279297,89.07808685302734
-0.579345703125,0.403076171875,-0.687255859375,43.64013671875,22.94921875,-37.90283203125,45.27177429199219,-169.09173583984375,89.85678100585938
-0.5947265625,0.32861328125,-0.758056640625,43.76220703125,8.056640625,-31.79931640625,44.5635986328125,-167.6311798095703,90.47528839111328
-0.563720703125,0.321533203125,-0.76611328125,44.25048828125,-2.01416015625,-33.69140625,44.17597961425781,-166.0697784423828,91.26947784423828
-0.557373046875,0.278076171875,-0.762939453125,39.6728515625,-3.84521484375,-31.18896484375,43.8433837890625,-164.68470764160156,92.0157699584961
-0.517578125,0.234619140625,-0.74072265625,35.7666015625,-0.8544921875,-27.9541015625,43.386226654052734,-163.63888549804688,92.52667999267578
-0.537109375,0.20166015625,-0.727783203125,33.0810546875,5.126953125,-26.123046875,42.77105331420898,-162.7734832763672,92.89274597167969
-0.59423828125,0.17333984375,-0.765380859375,30.57861328125,7.8125,-24.35302734375,42.06746292114258,-162.0064239501953,93.1925811767578
-0.586181640625,0.147705078125,-0.794189453125,34.1796875,-3.0517578125,-22.8271484375,41.80647659301758,-161.00299072265625,93.61644744873048
-0.54736328125,0.186767578125,-0.79052734375,34.48486328125,-9.46044921875,-21.78955078125,41.76124954223633,-160.1240692138672,93.98509979248048
-0.548828125,0.1298828125,-0.734375,29.296875,-6.591796875,-19.83642578125,41.67686080932617,-159.46617126464844,94.2632064819336
-0.549072265625,0.13037109375,-0.73291015625,25.57373046875,-1.52587890625,-16.17431640625,41.46721267700195,-159.1337432861328,94.27069091796876
-0.6064453125,0.11181640625,-0.772216796875,22.5830078125,-1.8310546875,-12.87841796875,41.35783386230469,-158.9463348388672,94.17567443847656
-0.5732421875,0.1455078125,-0.752685546875,22.03369140625,-8.36181640625,-10.92529296875,41.49696350097656,-158.92115783691406,94.00498962402344
-0.533935546875,0.12353515625,-0.729736328125,17.7001953125,-7.50732421875,-10.25390625,41.57224655151367,-159.03887939453125,93.82453155517578
-0.539306640625,0.0595703125,-0.739013671875,15.380859375,-3.60107421875,-9.70458984375,41.46562957763672,-159.11834716796875,93.67283630371094
-0.55908203125,0.042724609375,-0.74951171875,15.93017578125,0.30517578125,-9.521484375,41.191654205322266,-159.25802612304688,93.4219741821289
-0.547607421875,0.077392578125,-0.79833984375,14.34326171875,4.0283203125,-8.6669921875,40.77278137207031,-159.55429077148438,93.0514907836914
-0.57275390625,0.018310546875,-0.77490234375,13.85498046875,4.7607421875,-7.32421875,40.40564346313477,-159.715576171875,92.74256896972656
-0.5771484375,0.022705078125,-0.783935546875,18.9208984375,2.197265625,-10.009765625,40.11299133300781,-159.55181884765625,92.6200180053711
-0.6103515625,-0.01025390625,-0.8310546875,25.7568359375,-7.50732421875,-11.41357421875,40.14966583251953,-158.87686157226562,92.79606628417969
-0.564208984375,0.00341796875,-0.782958984375,29.6630859375,-13.61083984375,-11.962890625,40.388587951660156,-158.01864624023438,93.07332611083984
-0.580322265625,0.017333984375,-0.7646484375,29.96826171875,-14.22119140625,-11.5966796875,40.67011642456055,-157.23138427734375,93.29447174072266
-0.56103515625,0.0009765625,-0.752685546875,26.79443359375,-10.3759765625,-10.92529296875,40.81585311889648,-156.60311889648438,93.4306869506836
-0.54638671875,0.017333984375,-0.74853515625,25.69580078125,-6.103515625,-9.58251953125,40.80929183959961,-156.20074462890625,93.3594970703125
-0.59130859375,-0.0185546875,-0.787353515625,22.705078125,-4.33349609375,-9.1552734375,40.778968811035156,-155.85223388671875,93.29859924316406
-0.58251953125,-0.03125,-0.778076171875,21.17919921875,-8.85009765625,-9.8876953125,40.86481857299805,-155.45803833007812,93.38384246826172
-0.566650390625,-0.047607421875,-0.747802734375,19.22607421875,-9.58251953125,-9.521484375,40.980690002441406,-155.10215759277344,93.4941635131836
-0.562255859375,-0.060546875,-0.73388671875,15.380859375,-6.40869140625,-7.99560546875,40.99121475219727,-154.9662628173828,93.47907257080078
-0.543212890625,-0.04736328125,-0.748046875,9.3994140625,0.30517578125,-6.04248046875,40.75817108154297,-155.29383850097656,93.18000030517578
-0.59228515625,-0.05859375,-0.785888671875,6.591796875,2.01416015625,-6.53076171875,40.49663925170898,-155.68997192382812,92.90506744384766
-0.5791015625,-0.05078125,-0.786376953125,3.47900390625,0.18310546875,-5.0048828125,40.32083511352539,-156.25926208496094,92.58321380615234
-0.560791015625,-0.07666015625,-0.75244140625,-1.40380859375,0.1220703125,-5.0048828125,40.1409912109375,-156.89788818359375,92.34666442871094
-0.553466796875,-0.08740234375,-0.7265625,-3.173828125,1.8310546875,-4.5166015625,39.92620468139648,-157.5713348388672,92.10201263427734
-0.587158203125,-0.089599609375,-0.7890625,-2.38037109375,3.11279296875,-4.8828125,39.639739990234375,-158.22280883789062,91.84993743896484
-0.600341796875,-0.072021484375,-0.7939453125,0.42724609375,-2.3193359375,-3.96728515625,39.60706329345703,-158.7276153564453,91.65790557861328
-0.576904296875,-0.064697265625,-0.7978515625,0.91552734375,-9.09423828125,-3.60107421875,39.78756713867188,-159.15560913085938,91.5663604736328
-0.5751953125,-0.07470703125,-0.779541015625,-1.220703125,-10.07080078125,-2.25830078125,40.06527328491211,-159.5819549560547,91.49903869628906
-0.5703125,-0.103515625,-0.769775390625,-2.25830078125,-9.70458984375,-2.9296875,40.26385116577149,-159.9932861328125,91.47965240478516
-0.581787109375,-0.0908203125,-0.801025390625,-0.18310546875,-9.521484375,-5.92041015625,40.39448547363281,-160.2644805908203,91.57788848876952
-0.58544921875,-0.10546875,-0.794189453125,-0.9765625,-9.33837890625,-7.50732421875,40.50706481933594,-160.4346466064453,91.80377197265624
-0.56494140625,-0.1181640625,-0.752685546875,2.74658203125,-9.521484375,-8.60595703125,40.611305236816406,-160.37664794921875,92.11275482177734
-0.576171875,-0.1220703125,-0.78369140625,2.3193359375,-9.8876953125,-7.99560546875,40.7115592956543,-160.35867309570312,92.3927001953125
-0.562744140625,-0.145751953125,-0.747802734375,2.44140625,-7.50732421875,-6.591796875,40.75707626342773,-160.3601837158203,92.59209442138672
-0.586669921875,-0.13134765625,-0.7646484375,1.708984375,-6.7138671875,-5.615234375,40.80427932739258,-160.43821716308594,92.72467041015624
-0.5625,-0.11572265625,-0.7509765625,0.9765625,-6.8359375,-3.35693359375,40.86472702026367,-160.6605987548828,92.71867370605469
-0.555908203125,-0.1533203125,-0.75,-0.1220703125,-4.69970703125,-2.8076171875,40.87842559814453,-160.91116333007812,92.6852569580078
-0.56689453125,-0.109375,-0.75732421875,-1.5869140625,-2.99072265625,-0.18310546875,40.83469772338867,-161.38937377929688,92.44956970214844
-0.598388671875,-0.12451171875,-0.781982421875,-2.99072265625,-1.8310546875,-0.8544921875,40.75784301757813,-161.85708618164062,92.26530456542969
-0.601806640625,-0.12646484375,-0.7744140625,-3.41796875,-5.06591796875,0.244140625,40.83842849731445,-162.31546020507812,92.09649658203124
-0.59033203125,-0.138671875,-0.77783203125,-4.08935546875,-5.92041015625,-1.03759765625,40.89715576171875,-162.6977081298828,92.03815460205078
-0.5966796875,-0.12841796875,-0.772705078125,-5.859375,-4.7607421875,-1.0986328125,40.93121337890625,-163.17239379882812,91.95602416992188
-0.584716796875,-0.129638671875,-0.755126953125,-7.26318359375,-3.60107421875,-0.91552734375,40.902442932128906,-163.67971801757812,91.87307739257812
-0.5830078125,-0.134033203125,-0.782958984375,-5.4931640625,-3.47900390625,-1.708984375,40.83884811401367,-164.08522033691406,91.83150482177734
-0.593017578125,-0.14306640625,-0.7763671875,-4.150390625,-4.69970703125,-1.8310546875,40.8466911315918,-164.37185668945312,91.84527587890624
-0.58544921875,-0.166259765625,-0.759033203125,-2.99072265625,-5.4931640625,-1.953125,40.87942886352539,-164.5012969970703,91.9404754638672
-0.5810546875,-0.14892578125,-0.7353515625,-2.86865234375,-5.67626953125,-1.953125,40.95350646972656,-164.662353515625,92.01290130615234
-0.586181640625,-0.141357421875,-0.75146484375,-0.8544921875,-4.8828125,-0.91552734375,40.99531173706055,-164.81259155273438,92.00247955322266
-0.57275390625,-0.14111328125,-0.759521484375,-1.03759765625,-3.173828125,0.1220703125,40.96137619018555,-165.06427001953125,91.88655853271484
-0.580078125,-0.14404296875,-0.761962890625,-4.08935546875,-3.60107421875,0.9765625,40.94586563110352,-165.40380859375,91.77136993408205
-0.587890625,-0.145263671875,-0.771728515625,-3.11279296875,-3.173828125,-0.79345703125,40.89751815795898,-165.63609313964844,91.74853515625
-0.57861328125,-0.16943359375,-0.76806640625,-3.2958984375,-3.60107421875,-0.54931640625,40.859710693359375,-165.80288696289062,91.76898193359376
-0.59130859375,-0.156982421875,-0.758056640625,-1.708984375,-2.86865234375,-0.9765625,40.82197570800781,-165.9141845703125,91.79092407226562
-0.593505859375,-0.1396484375,-0.779541015625,-2.62451171875,-2.38037109375,-1.28173828125,40.744930267333984,-166.11769104003906,91.7821273803711
-0.591552734375,-0.13525390625,-0.769287109375,-4.8828125,-3.60107421875,-3.11279296875,40.708641052246094,-166.31820678710938,91.89683532714844
-0.588623046875,-0.150146484375,-0.768310546875,-7.75146484375,-4.5166015625,-4.45556640625,40.691856384277344,-166.54823303222656,92.11309051513672
-0.576171875,-0.177001953125,-0.75732421875,-6.89697265625,-2.86865234375,-4.94384765625,40.59092330932617,-166.6431884765625,92.39733123779295
-0.552734375,-0.170654296875,-0.754638671875,-7.50732421875,-2.13623046875,-4.82177734375,40.450096130371094,-166.79444885253906,92.65225219726562
-0.565185546875,-0.169921875,-0.7734375,-5.0048828125,-2.50244140625,-5.31005859375,40.3019905090332,-166.82852172851562,92.9347915649414
-0.572265625,-0.1748046875,-0.78076171875,-6.04248046875,-3.96728515625,-3.2958984375,40.23712158203125,-166.94940185546875,93.13858795166016
-0.571044921875,-0.182861328125,-0.770263671875,-7.2021484375,-5.859375,-1.28173828125,40.291500091552734,-167.1492156982422,93.27429962158205
-0.571044921875,-0.177490234375,-0.77392578125,-5.92041015625,-4.8828125,-0.30517578125,40.29558181762695,-167.33233642578125,93.35147094726562
-0.589599609375,-0.166259765625,-0.78515625,-6.28662109375,-6.40869140625,-0.1220703125,40.38348007202149,-167.55850219726562,93.41447448730469
-0.558349609375,-0.180419921875,-0.75146484375,-5.18798828125,-5.92041015625,-0.244140625,40.41388320922852,-167.69956970214844,93.5037078857422
-0.571533203125,-0.171142578125,-0.76025390625,-6.77490234375,-4.45556640625,0.18310546875,40.42227554321289,-167.9244842529297,93.5574188232422
-0.570556640625,-0.1630859375,-0.758544921875,-5.4931640625,-4.2724609375,0.18310546875,40.4261360168457,-168.1138458251953,93.59917449951172
-0.558349609375,-0.177001953125,-0.75390625,-5.55419921875,-4.0283203125,0.3662109375,40.38973617553711,-168.29299926757812,93.6417465209961
-0.572998046875,-0.165771484375,-0.775146484375,-4.69970703125,-4.45556640625,0.3662109375,40.38520812988281,-168.443359375,93.68295288085938
-0.57421875,-0.19287109375,-0.756103515625,-5.06591796875,-4.638671875,1.0986328125,40.41450500488281,-168.5309600830078,93.75305938720705
-0.55126953125,-0.167724609375,-0.763671875,-4.57763671875,-4.0283203125,1.52587890625,40.39253616333008,-168.64022827148438,93.77992248535156
-0.57666015625,-0.199462890625,-0.763916015625,-3.90625,-2.8076171875,0.67138671875,40.3392333984375,-168.657470703125,93.86677551269531
-0.564208984375,-0.1787109375,-0.776123046875,-4.82177734375,-1.46484375,0.6103515625,40.20095825195313,-168.7878875732422,93.89813995361328
-0.579345703125,-0.195068359375,-0.771240234375,-4.57763671875,-1.77001953125,1.3427734375,40.08323287963867,-168.8759307861328,93.93003845214844
-0.560791015625,-0.177734375,-0.804443359375,-2.13623046875,-3.96728515625,-0.244140625,40.003662109375,-168.86585998535156,94.0220947265625
-0.576171875,-0.182373046875,-0.77392578125,-1.220703125,-5.31005859375,-0.30517578125,40.04621505737305,-168.77574157714844,94.1515655517578
-0.58203125,-0.1884765625,-0.761474609375,-1.28173828125,-5.37109375,0.1220703125,40.10437774658203,-168.70037841796875,94.26100158691406
-0.555908203125,-0.193115234375,-0.754638671875,-3.2958984375,-4.39453125,0.244140625,40.095787048339844,-168.6770782470703,94.37972259521484
-0.57177734375,-0.17724609375,-0.76123046875,-3.90625,-3.7841796875,0.30517578125,40.08985900878906,-168.7393341064453,94.45386505126952
-0.558837890625,-0.176513671875,-0.76318359375,-4.7607421875,-3.84521484375,0.244140625,40.05543899536133,-168.76901245117188,94.57299041748048
-0.572021484375,-0.1875,-0.75390625,-5.67626953125,-4.69970703125,0.67138671875,40.09750747680664,-168.8688201904297,94.6628189086914
-0.553466796875,-0.197998046875,-0.749755859375,-6.8359375,-5.06591796875,1.52587890625,40.12615203857422,-169.00067138671875,94.73829650878906
-0.55126953125,-0.206787109375,-0.762451171875,-8.1787109375,-3.0517578125,2.3193359375,40.0454216003418,-169.25953674316406,94.73120880126952
-0.568359375,-0.19677734375,-0.78271484375,-8.7890625,-4.150390625,3.84521484375,40.04259490966797,-169.5663299560547,94.66870880126952
-0.56396484375,-0.210693359375,-0.76025390625,-8.97216796875,-5.55419921875,3.5400390625,40.110740661621094,-169.79177856445312,94.67911529541016
-0.565673828125,-0.1982421875,-0.771240234375,-7.9345703125,-6.04248046875,3.41796875,40.19738388061523,-170.01187133789062,94.67193603515624
-0.57470703125,-0.18359375,-0.756591796875,-9.6435546875,-5.859375,4.94384765625,40.31227111816406,-170.37338256835938,94.57040405273438
-0.5595703125,-0.184814453125,-0.740234375,-10.92529296875,-5.31005859375,5.18798828125,40.39561080932617,-170.767578125,94.46991729736328
-0.5654296875,-0.180908203125,-0.743408203125,-13.7939453125,-4.5166015625,6.65283203125,40.43416213989258,-171.40345764160156,94.28754425048828
-0.568603515625,-0.1845703125,-0.7265625,-16.9677734375,-3.41796875,7.26318359375,40.48569869995117,-172.0743865966797,94.09113311767578
-0.546142578125,-0.186767578125,-0.714599609375,-19.83642578125,-2.685546875,9.033203125,40.48700714111328,-172.879150390625,93.82518005371094
-0.5556640625,-0.1728515625,-0.724365234375,-23.62060546875,-0.67138671875,10.8642578125,40.39860916137695,-173.91241455078125,93.44403076171876
-0.52734375,-0.167236328125,-0.704833984375,-30.1513671875,1.953125,13.61083984375,40.20943832397461,-175.2819061279297,92.92530822753906
-0.552490234375,-0.189453125,-0.691650390625,-34.3017578125,4.39453125,16.11328125,39.99729919433594,-176.77561950683594,92.351806640625
-0.536376953125,-0.182861328125,-0.723876953125,-38.2080078125,5.9814453125,21.484375,39.64181518554688,-178.6851043701172,91.4493179321289
-0.501708984375,-0.147216796875,-0.73486328125,-47.54638671875,8.9111328125,28.62548828125,39.0791130065918,178.89060974121094,90.24429321289062
-0.5166015625,-0.12451171875,-0.743896484375,-52.55126953125,9.033203125,30.82275390625,38.5068244934082,176.24407958984375,88.96709442138672
-0.507568359375,-0.11181640625,-0.74560546875,-56.70166015625,8.72802734375,30.45654296875,37.895904541015625,173.50894165039062,87.76151275634766
-0.50048828125,-0.1015625,-0.740234375,-57.4951171875,9.27734375,30.2734375,37.24673843383789,170.90354919433594,86.6756820678711
-0.525146484375,-0.0458984375,-0.791015625,-56.09130859375,7.8125,30.029296875,36.61008071899414,168.3123779296875,85.57818603515625
-0.51220703125,-0.015380859375,-0.78564453125,-61.8896484375,4.08935546875,30.45654296875,35.99802017211914,165.42922973632812,84.42306518554688
-0.492919921875,0.0107421875,-0.7568359375,-73.05908203125,6.65283203125,31.67724609375,35.31601333618164,162.2300262451172,83.3445053100586
-0.53271484375,-0.03515625,-0.732177734375,-75.98876953125,12.5732421875,33.50830078125,34.50809860229492,159.19403076171875,82.4532470703125
-0.55859375,0.02197265625,-0.78564453125,-73.79150390625,14.5263671875,34.423828125,33.475265502929695,156.12042236328125,81.5211181640625
-0.545166015625,0.097900390625,-0.828125,-76.96533203125,11.3525390625,35.21728515625,32.50838088989258,152.99371337890625,80.59981536865234
-0.534912109375,0.12939453125,-0.8154296875,-81.48193359375,7.32421875,34.85107421875,31.664173126220703,149.73239135742188,79.68789672851562
-0.514404296875,0.1259765625,-0.8046875,-86.48681640625,4.94384765625,36.1328125,30.791948318481445,146.36148071289062,78.78240203857422
-0.498779296875,0.18994140625,-0.816162109375,-93.017578125,6.4697265625,37.59765625,29.788244247436523,142.78744506835938,77.93502044677734
-0.51904296875,0.197021484375,-0.803466796875,-96.61865234375,4.94384765625,37.353515625,28.882366180419922,139.19865417480472,77.1701431274414
-0.4990234375,0.222900390625,-0.77978515625,-93.6279296875,1.77001953125,34.7900390625,28.10382461547852,135.78195190429688,76.46894073486328
-0.49072265625,0.268798828125,-0.7685546875,-92.22412109375,0.42724609375,33.26416015625,27.35636901855469,132.52189636230472,75.86021423339844
-0.502197265625,0.294189453125,-0.77197265625,-93.75,1.77001953125,32.40966796875,26.596643447875977,129.32489013671878,75.4016342163086
-0.503662109375,0.271728515625,-0.79345703125,-93.81103515625,-0.3662109375,31.6162109375,25.89520263671875,126.30416107177734,75.01893615722656
-0.495361328125,0.3076171875,-0.799072265625,-90.39306640625,-3.23486328125,30.3955078125,25.28734016418457,123.4651107788086,74.6299057006836
-0.42724609375,0.42333984375,-0.840576171875,-86.181640625,-1.8310546875,28.6865234375,24.45046615600586,120.82793426513672,74.3655776977539
-0.4677734375,0.42333984375,-0.83154296875,-88.37890625,1.8310546875,22.64404296875,23.98557281494141,118.28093719482422,74.4177017211914
-0.528076171875,0.364990234375,-0.737060546875,-85.205078125,-2.3193359375,18.61572265625,23.863170623779297,115.88187408447266,74.432373046875
-0.479248046875,0.34765625,-0.66650390625,-79.833984375,-7.8125,19.287109375,23.79913902282715,113.65576171875,74.2587890625
-0.476806640625,0.408447265625,-0.639892578125,-71.8994140625,-5.37109375,21.240234375,23.55676460266113,111.7044906616211,74.14212036132812
-0.46826171875,0.502685546875,-0.719482421875,-66.10107421875,-1.46484375,23.13232421875,23.0320987701416,110.08316040039062,74.19205474853516
-0.441650390625,0.542724609375,-0.739501953125,-70.98388671875,3.5400390625,25.45166015625,22.272676467895508,108.37859344482422,74.44461059570312
-0.507080078125,0.560791015625,-0.76953125,-80.6884765625,9.765625,33.63037109375,21.242610931396484,106.39738464355469,74.87974548339844
-0.372802734375,0.546630859375,-0.660888671875,-86.36474609375,11.41357421875,36.92626953125,19.927045822143555,104.19791412353516,75.37309265136719
-0.398681640625,0.55419921875,-0.652587890625,-83.49609375,10.07080078125,28.99169921875,19.044897079467773,102.16187286376952,75.9280776977539
-0.42236328125,0.5263671875,-0.6103515625,-83.55712890625,6.8359375,30.76171875,18.27322196960449,100.12252807617188,76.36934661865234
-0.420654296875,0.5517578125,-0.650634765625,-90.4541015625,6.65283203125,44.49462890625,16.947925567626953,97.85247039794922,76.76229858398438
-0.38916015625,0.5068359375,-0.622802734375,-104.248046875,9.21630859375,59.6923828125,15.062437057495115,95.15303802490234,77.26190185546875
-0.3525390625,0.48291015625,-0.58203125,-114.56298828125,11.8408203125,66.34521484375,12.970602989196776,92.1093292236328,77.93067169189453
-0.315673828125,0.496826171875,-0.535400390625,-122.61962890625,14.0380859375,69.76318359375,10.73939323425293,88.81745147705078,78.79127502441406
-0.317626953125,0.4912109375,-0.486083984375,-130.55419921875,12.75634765625,75.68359375,8.423484802246094,85.20447540283203,79.71359252929688
-0.302978515625,0.488037109375,-0.426025390625,-132.75146484375,11.8408203125,82.70263671875,5.946624755859375,81.44171142578125,80.74813842773438
-0.280029296875,0.497314453125,-0.352294921875,-127.685546875,6.77490234375,91.24755859375,3.208388566970825,77.83952331542969,81.78234100341797
-0.2509765625,0.531982421875,-0.357666015625,-116.88232421875,1.40380859375,95.458984375,0.2700323164463043,74.71612548828125,82.79273223876953
-0.265625,0.5849609375,-0.337890625,-108.88671875,-6.2255859375,97.83935546875,-2.723784685134888,71.82518768310547,83.65168762207031
-0.20849609375,0.66650390625,-0.25341796875,-104.6142578125,-15.07568359375,103.6376953125,-6.10184383392334,68.95159149169922,84.37794494628906
-0.1826171875,0.677001953125,-0.163330078125,-100.4638671875,-15.07568359375,110.53466796875,-9.640826225280762,66.03586578369139,85.35357666015625
-0.1416015625,0.751708984375,-0.085205078125,-82.275390625,-10.07080078125,122.0703125,-13.569742202758787,63.557350158691406,86.87694549560547
0.011474609375,1.0068359375,-0.21630859375,-64.88037109375,-4.21142578125,133.48388671875,-17.98765754699707,61.77894592285156,88.89896392822266
0.061767578125,1.08203125,-0.2529296875,-71.77734375,-3.23486328125,127.13623046875,-22.073347091674805,59.636436462402344,90.9083251953125
0.022705078125,1.024658203125,-0.224609375,-81.84814453125,-0.91552734375,119.62890625,-25.527944564819336,56.89077758789063,92.98255920410156
0.05224609375,0.924560546875,-0.066650390625,-71.83837890625,-4.08935546875,125.06103515625,-29.079553604125977,54.17374038696289,95.31648254394531
0.192138671875,1.027587890625,-0.10986328125,-47.42431640625,-5.615234375,125.91552734375,-32.798511505126946,52.31570434570313,97.7494659423828
0.264892578125,1.1865234375,-0.234619140625,-35.400390625,-6.103515625,112.9150390625,-35.90310287475586,51.22980499267578,99.60354614257812
0.219970703125,1.2353515625,-0.2666015625,-46.08154296875,-8.7890625,94.3603515625,-38.52566146850586,49.95408630371094,100.96900177001952
0.32666015625,1.214111328125,-0.16650390625,-54.87060546875,-9.09423828125,88.19580078125,-40.96713638305664,48.18275833129883,102.27639770507812
0.357421875,1.23291015625,-0.157470703125,-47.607421875,-1.3427734375,82.763671875,-42.972991943359375,46.537315368652344,103.7496109008789
0.361328125,1.390625,-0.23291015625,-32.3486328125,1.953125,70.80078125,-44.46351623535156,45.74285125732422,104.86759185791016
0.424560546875,1.415283203125,-0.22802734375,-32.77587890625,-5.43212890625,57.2509765625,-45.78924560546875,45.45492553710938,105.16610717773438
0.44677734375,1.366943359375,-0.168212890625,-32.16552734375,-10.7421875,37.90283203125,-46.49112319946289,46.05784606933594,104.19317626953124
0.27587890625,1.185791015625,-0.143310546875,-30.8837890625,-16.90673828125,21.728515625,-46.89719772338867,47.2071304321289,102.52344512939452
0.20068359375,0.995849609375,-0.061279296875,-23.01025390625,-26.0009765625,23.3154296875,-47.43419647216797,48.805625915527344,100.5709457397461
0.1787109375,0.8115234375,-0.036376953125,1.46484375,-33.14208984375,27.34375,-48.235633850097656,51.5412483215332,98.37444305419922
0.1953125,0.873046875,-0.193359375,43.15185546875,-39.61181640625,25.2685546875,-49.181129455566406,56.627685546875,95.39984893798828
0.2109375,1.0068359375,-0.3173828125,50.96435546875,-45.59326171875,21.42333984375,-49.97431945800781,62.6253776550293,91.6552276611328
0.224609375,1.15234375,-0.349365234375,22.216796875,-49.49951171875,-16.2353515625,-49.10270690917969,68.07233428955078,86.70490264892578
0.06689453125,0.96826171875,-0.244873046875,14.16015625,-44.43359375,2.685546875,-48.4628791809082,72.48641967773438,82.74296569824219
0.168212890625,0.735595703125,-0.1103515625,12.451171875,-46.630859375,23.62060546875,-48.67158126831055,76.1603012084961,79.3522720336914
0.284423828125,0.92724609375,-0.058349609375,20.3857421875,-44.25048828125,-9.27734375,-47.513916015625,80.21217346191406,75.74919128417969
0.0595703125,0.899169921875,-0.20263671875,42.90771484375,-56.7626953125,-1.5869140625,-46.23977279663086,85.54706573486328,71.59439086914062
0.110107421875,0.94677734375,-0.14306640625,58.349609375,-63.29345703125,15.13671875,-45.473670959472656,91.13472747802734,67.54862213134766
0.25830078125,0.992431640625,-0.263916015625,61.34033203125,-53.8330078125,33.50830078125,-45.83213424682617,96.80192565917969,63.685020446777344
0.254638671875,1.072021484375,-0.259521484375,-1.5869140625,-36.62109375,-3.11279296875,-44.280540466308594,98.52518463134766,61.41897583007813
0.196044921875,0.900634765625,-0.246826171875,-5.9814453125,-24.4140625,2.197265625,-42.996559143066406,99.56382751464844,59.834373474121094
0.2265625,0.89697265625,-0.268798828125,-7.9345703125,-22.03369140625,5.4931640625,-41.9131965637207,100.40618896484376,58.385826110839844
0.20166015625,0.931884765625,-0.31884765625,-5.9814453125,-19.10400390625,7.8125,-40.93446350097656,101.30172729492188,57.0301513671875
0.21630859375,0.904296875,-0.311767578125,-7.080078125,-20.01953125,10.19287109375,-40.10039520263672,102.13450622558594,55.64749145507813
0.2744140625,1.013427734375,-0.42236328125,-11.16943359375,-16.2353515625,12.26806640625,-39.30289077758789,102.67727661132812,54.33453750610352
0.512939453125,1.01953125,-0.473876953125,-69.82421875,-6.04248046875,39.4287109375,-40.23513412475586,100.9137954711914,53.232627868652344
0.369384765625,0.98486328125,-0.39697265625,-86.24267578125,0.1220703125,9.521484375,-39.8193244934082,98.05101013183594,52.78943252563477
0.253662109375,0.92333984375,-0.3369140625,-96.61865234375,-0.3662109375,5.31005859375,-39.13896179199219,94.74874877929688,52.376670837402344
0.14453125,0.861572265625,-0.167236328125,-91.73583984375,-12.75634765625,14.22119140625,-38.55097961425781,91.83946228027344,51.44973754882813
-0.244873046875,0.573486328125,0.182861328125,-38.75732421875,-20.3857421875,0.1220703125,-36.62935256958008,90.04200744628906,50.94211196899414
0.19189453125,0.7578125,-0.069580078125,13.00048828125,-39.1845703125,25.0244140625,-37.428466796875,91.79732513427734,48.92409133911133
0.494140625,0.44677734375,0.222412109375,28.99169921875,-33.14208984375,8.4228515625,-38.108978271484375,93.0113525390625,47.82575988769531
0.195068359375,0.9365234375,-0.11328125,31.18896484375,-34.423828125,-11.3525390625,-36.538368225097656,95.443115234375,46.05956649780274
0.088134765625,0.804443359375,-0.1689453125,32.28759765625,-24.658203125,-7.50732421875,-35.003467559814446,97.80812072753906,44.680118560791016
0.29736328125,1.04150390625,-0.45654296875,26.30615234375,-38.4521484375,11.23046875,-34.43653106689453,100.67518615722656,42.34984970092773
0.244873046875,0.983154296875,-0.28857421875,9.3994140625,-44.73876953125,47.42431640625,-35.098953247070305,102.78512573242188,39.61067581176758
0.276123046875,1.03076171875,-0.412109375,9.21630859375,-48.828125,50.1708984375,-35.72288131713867,105.185546875,36.30265426635742
0.21044921875,0.919921875,-0.33544921875,14.6484375,-70.80078125,47.05810546875,-35.77981185913086,108.32830047607422,32.184600830078125
0.082275390625,0.854248046875,-0.327880859375,32.89794921875,-97.65625,47.30224609375,-34.996593475341804,112.81865692138672,26.861629486083984
0.362060546875,0.892822265625,-0.53173828125,52.8564453125,-124.1455078125,68.42041015625,-34.42465209960937,118.95419311523438,19.96271324157715
0.38134765625,0.89892578125,-0.41162109375,71.533203125,-157.1044921875,62.80517578125,-32.63480758666992,126.02806854248048,12.145254135131836
0.6650390625,0.8798828125,-0.348876953125,80.50537109375,-148.62060546875,40.83251953125,-30.287309646606445,132.17430114746094,5.831215858459473
0.274169921875,2.202880859375,-0.4384765625,92.7734375,-143.06640625,0.48828125,-27.77143478393555,139.84771728515622,0.14807510375976562
0.424072265625,1.014404296875,-0.413330078125,42.1142578125,-137.87841796875,15.80810546875,-23.745235443115234,142.34307861328125,-3.712326049804688
0.403564453125,0.880859375,-0.653564453125,27.89306640625,-69.76318359375,7.4462890625,-21.594480514526367,143.62391662597656,-5.526451110839844
0.30712890625,0.862548828125,-0.5341796875,-1.28173828125,-12.8173828125,20.56884765625,-21.42915916442871,142.96861267089844,-6.204631805419923
0.515625,0.804443359375,-0.498291015625,-26.55029296875,33.69140625,34.60693359375,-23.663576126098636,141.2127685546875,-6.19798469543457
0.781982421875,0.805908203125,-0.401611328125,-48.88916015625,99.9755859375,25.81787109375,-28.087785720825195,137.53665161132812,-3.832191467285156
0.812255859375,1.012451171875,-0.6015625,-71.044921875,189.697265625,7.14111328125,-34.769393920898445,129.54885864257812,4.028318405151366
0.56787109375,0.85986328125,-0.533203125,-70.1904296875,283.63037109375,-8.23974609375,-40.6712760925293,118.95040893554688,16.251935958862305
0.487060546875,0.9248046875,-0.661376953125,-66.650390625,310.60791015625,-3.173828125,-44.676551818847656,105.94869995117188,31.60217666625977
0.455322265625,0.955078125,-0.51123046875,-66.10107421875,282.89794921875,-1.89208984375,-45.78040313720703,92.50286102294922,47.03243637084961
0.4638671875,0.797119140625,-0.42333984375,-53.89404296875,260.8642578125,-2.13623046875,-44.62314987182617,81.05915832519531,60.88414001464844
0.561767578125,0.805908203125,-0.241943359375,-44.37255859375,249.32861328125,-5.859375,-41.80404281616211,71.3175277709961,73.31300354003906
0.48828125,0.78662109375,-0.20751953125,-39.1845703125,259.033203125,-16.29638671875,-37.21593856811523,63.26655960083008,84.6326675415039
0.427490234375,0.853759765625,-0.201904296875,-39.48974609375,276.42822265625,-3.47900390625,-31.508892059326172,56.75667190551758,95.18830871582031
0.146728515625,0.833740234375,-0.16552734375,-37.841796875,242.0654296875,2.01416015625,-25.54678726196289,52.69647979736328,103.2887725830078
0.3837890625,0.794921875,-0.134033203125,-20.01953125,181.45751953125,-11.90185546875,-21.071002960205078,51.00172424316406,108.57102966308594
0.699462890625,0.78857421875,0.09228515625,-4.82177734375,184.2041015625,-17.4560546875,-16.76070785522461,49.96179580688477,113.78521728515624
0.567138671875,0.80078125,0.078369140625,-11.23046875,208.984375,-5.92041015625,-11.997642517089846,48.995361328125,119.88938903808594
0.349365234375,0.81787109375,-0.087890625,-25.69580078125,191.22314453125,-2.9296875,-7.726097583770753,48.52400588989258,124.91259765625
0.348876953125,0.69970703125,-0.00634765625,-23.0712890625,141.17431640625,-10.92529296875,-4.482133388519287,48.53965759277344,128.70257568359378
0.4873046875,0.72802734375,0.1396484375,-12.451171875,121.4599609375,-7.75146484375,-2.176241397857666,48.80205917358398,132.083740234375
0.489013671875,0.9580078125,0.147216796875,-17.08984375,131.7138671875,1.64794921875,0.17854464054107666,49.14247512817383,136.06614685058594
0.39794921875,0.89111328125,-0.03955078125,-26.91650390625,136.23046875,9.46044921875,2.488950252532959,49.58710861206055,140.45758056640622
0.180908203125,0.79296875,-0.02734375,-3.7841796875,93.32275390625,2.86865234375,4.191478729248047,51.094139099121094,143.47332763671875
0.457275390625,0.805419921875,0.150390625,25.81787109375,60.97412109375,-1.89208984375,4.411122798919678,53.55854034423828,145.4960479736328
0.29736328125,0.93115234375,0.091552734375,56.70166015625,72.998046875,-3.84521484375,5.354315280914307,57.120277404785156,147.8840789794922
0.2099609375,1.04638671875,-0.016357421875,79.28466796875,16.78466796875,-18.12744140625,5.693268299102782,61.5377426147461,148.18896484375
0.36279296875,1.14013671875,-0.20458984375,75.86669921875,-52.001953125,-39.48974609375,5.2275166511535645,65.69515991210939,145.72085571289062
0.469482421875,0.9228515625,-0.218505859375,57.80029296875,-98.14453125,-46.0205078125,4.268259048461913,68.88080596923828,141.46343994140625
0.515380859375,0.851318359375,-0.1279296875,41.44287109375,-98.69384765625,-23.62060546875,2.534698486328125,71.2518539428711,137.47348022460938
0.6025390625,1.110595703125,-0.20947265625,26.55029296875,-91.49169921875,-23.62060546875,1.2330695390701294,73.00436401367188,133.75424194335938
0.22021484375,0.987548828125,-0.365966796875,-16.78466796875,-98.44970703125,-19.6533203125,0.36565232276916493,73.619384765625,129.78450012207028
0.2998046875,0.79541015625,-0.07080078125,-6.65283203125,-124.45068359375,18.5546875,-2.5154099464416504,74.20657348632812,125.206787109375
0.788330078125,0.744384765625,-0.165771484375,14.16015625,-140.380859375,-11.962890625,-4.90922212600708,75.95413970947266,119.5953369140625
0.675048828125,1.222412109375,-0.38134765625,0.91552734375,-129.45556640625,-80.56640625,-3.857403993606568,77.47662353515625,113.71154022216795
0.46484375,1.210693359375,-0.277587890625,-34.5458984375,-117.3095703125,-83.3740234375,-2.2827553749084477,77.28565979003906,108.3503189086914
0.4013671875,1.110595703125,-0.394775390625,-52.67333984375,-124.267578125,-77.57568359375,-0.9943450093269348,76.32574462890625,102.5210952758789
0.4306640625,0.765380859375,-0.244140625,-71.1669921875,-153.25927734375,-111.63330078125,0.7537006735801697,74.5331802368164,95.4860382080078
0.20849609375,0.62060546875,0.083251953125,-58.04443359375,-183.349609375,-133.4228515625,3.040276527404785,72.21602630615234,86.97660827636719
0.218994140625,0.621337890625,0.40869140625,-18.310546875,-189.02587890625,-120.78857421875,4.291843891143799,70.28596496582031,78.25465393066406
0.4091796875,0.830322265625,0.422119140625,29.296875,-96.5576171875,-103.271484375,5.837219715118407,70.72781372070312,73.20590209960938
0.199462890625,1.116943359375,-0.010986328125,32.5927734375,-84.28955078125,-97.65625,7.86187744140625,72.24796295166016,68.81926727294922
-0.070068359375,1.1796875,-0.2373046875,5.31005859375,-78.857421875,-82.45849609375,9.559365272521973,72.48712921142578,64.75286865234375
-0.0341796875,0.832763671875,-0.163330078125,-34.11865234375,-91.4306640625,-59.08203125,10.444047927856444,71.4732437133789,60.66954803466797
-0.0146484375,0.75048828125,-0.029052734375,-38.4521484375,-92.529296875,-49.25537109375,10.751277923583984,69.96701812744139,56.60952758789063
0.063720703125,0.61865234375,0.09375,-11.23046875,-66.162109375,-47.4853515625,11.04741096496582,69.59374237060547,53.40586853027344
0.302001953125,0.74462890625,0.12158203125,5.18798828125,-50.048828125,-43.5791015625,10.764789581298828,69.72444152832031,50.96037673950195
-0.2958984375,1.074951171875,0.104736328125,-20.01953125,31.92138671875,-22.94921875,12.253177642822266,69.65916442871094,51.96521377563477
-0.044921875,0.998291015625,-0.092529296875,-45.5322265625,-6.04248046875,3.23486328125,11.395634651184082,68.372314453125,52.16565322875977
-0.11083984375,1.011474609375,0.191650390625,-78.9794921875,-0.42724609375,35.400390625,9.888111114501953,65.74089813232422,52.79596328735352
0.051025390625,0.987060546875,0.26171875,-72.32666015625,-26.4892578125,50.23193359375,7.131244659423827,63.20245742797852,52.77290344238281
0.258056640625,0.858642578125,0.38623046875,-47.7294921875,-29.47998046875,49.072265625,4.085036277770996,61.62532043457031,52.7787971496582
0.128173828125,0.76611328125,0.40625,-21.97265625,-3.2958984375,33.69140625,2.3512661457061768,60.78216934204102,53.31488418579102
0.018310546875,0.77734375,0.309814453125,7.8125,-0.67138671875,41.8701171875,0.7325444221496582,61.39825057983398,54.1081657409668
0.1640625,1.034912109375,0.1669921875,32.53173828125,43.88427734375,62.255859375,-1.0521196126937866,63.46370697021485,57.552513122558594
0.080078125,1.02685546875,0.306396484375,28.3203125,42.05322265625,93.3837890625,-3.808271884918213,64.83911895751953,60.67964172363281
0.4208984375,0.832763671875,0.125732421875,13.36669921875,27.52685546875,58.16650390625,-6.345101356506348,65.76876831054689,62.61135864257813
0.435546875,0.907958984375,0.14990234375,10.6201171875,37.4755859375,18.5546875,-6.708984851837157,66.49114227294922,64.26071929931639
0.43701171875,0.970703125,0.157470703125,13.24462890625,76.96533203125,-35.15625,-4.903048038482666,67.29177093505861,66.49755859375
0.126220703125,0.91015625,0.125732421875,8.544921875,89.17236328125,-67.0166015625,-1.2111051082611084,68.07583618164061,68.74415588378906
0.1044921875,0.869873046875,0.0791015625,-0.244140625,59.14306640625,-78.61328125,1.7578433752059937,71.66402435302734,70.49127960205078
0.470703125,1.82861328125,-0.27685546875,-69.091796875,80.078125,-91.36962890625,5.618347644805908,70.01115417480469,72.3756103515625
0.36328125,0.538330078125,0.2060546875,-87.646484375,43.8232421875,-139.404296875,10.030256271362305,66.41230773925781,71.99303436279297
-0.582275390625,1.03076171875,0.794677734375,-11.23046875,61.95068359375,-146.240234375,15.915833473205565,66.58571624755861,72.65161895751953
-0.653076171875,0.998779296875,0.010009765625,-19.22607421875,71.71630859375,24.96337890625,16.815315246582028,67.46924591064453,76.0237808227539
0.094970703125,0.952880859375,0.58642578125,-2.197265625,81.54296875,53.955078125,15.208196640014648,68.09705352783203,79.89617156982422
0.132080078125,0.786376953125,0.077880859375,26.91650390625,86.5478515625,32.958984375,14.369623184204102,71.07711029052734,83.19497680664062
-0.166259765625,1.39013671875,0.19970703125,36.376953125,73.1201171875,-49.6826171875,16.836729049682614,73.56327819824219,85.57059478759766
-0.00732421875,1.11474609375,-0.30908203125,-3.41796875,56.33544921875,18.06640625,16.182479858398438,75.37162017822266,88.39159393310547
-0.0673828125,0.9951171875,0.07958984375,-12.6953125,54.3212890625,-11.65771484375,17.046388626098633,75.81538391113281,90.53760528564452
0.068603515625,0.89501953125,0.074462890625,-12.02392578125,46.08154296875,4.57763671875,16.4815673828125,76.26229858398438,92.5627670288086
0.0263671875,1.291259765625,0.170166015625,5.67626953125,56.5185546875,-4.0283203125,16.456348419189453,77.37176513671875,94.88690185546876
-0.02392578125,1.0693359375,0.149169921875,-4.82177734375,63.04931640625,5.67626953125,15.989624977111815,78.19947814941406,97.39599609375
-0.03466796875,0.986083984375,0.10888671875,-11.474609375,58.04443359375,0.42724609375,15.881309509277346,78.60428619384766,99.82501220703124
-0.02978515625,1.019287109375,0.10498046875,-6.34765625,54.38232421875,-3.60107421875,15.874526023864744,79.16334533691406,102.07493591308594
0.010009765625,0.93994140625,0.0537109375,-10.43701171875,47.18017578125,1.52587890625,15.596609115600586,79.75273132324219,103.992919921875
-0.242919921875,0.99951171875,0.0029296875,-14.46533203125,21.484375,0.30517578125,15.663192749023438,79.79960632324219,104.97884368896484
0.068359375,1.135498046875,0.030517578125,-5.67626953125,4.45556640625,4.08935546875,14.793169975280762,79.96875,105.2835693359375
0.0,0.912841796875,0.234130859375,-10.19287109375,-0.42724609375,4.08935546875,13.922036170959473,79.5821304321289,105.19740295410156
0.052001953125,1.0654296875,-0.079833984375,-1.28173828125,-5.37109375,-3.2958984375,13.375157356262207,80.05381774902344,105.0957489013672
-0.0361328125,1.037109375,0.019287109375,-12.0849609375,-4.7607421875,7.26318359375,9.882352828979492,79.61703491210938,104.47118377685548
0.0810546875,0.941650390625,0.10693359375,-10.8642578125,-3.173828125,4.21142578125,9.234054565429688,79.46124267578125,104.34700012207031
-0.077880859375,1.0673828125,0.060791015625,-4.150390625,-7.14111328125,-2.9296875,9.098348617553713,79.52322387695312,104.08621978759766
-0.060302734375,1.0458984375,-0.003173828125,-5.859375,-4.7607421875,-2.86865234375,5.6774654388427725,79.42479705810547,102.6704330444336
-0.11474609375,1.002197265625,0.02001953125,-7.75146484375,-4.21142578125,1.64794921875,5.453520774841309,79.39425659179688,102.54156494140624
0.0,1.0185546875,-0.004638671875,-11.77978515625,-4.2724609375,7.2021484375,4.927210330963135,79.32946014404297,102.46585845947266
0.06005859375,0.951416015625,0.179931640625,-9.033203125,-4.08935546875,1.46484375,4.5041022300720215,78.93948364257812,102.31629180908205
-0.0078125,1.02099609375,0.010498046875,-3.2958984375,-4.57763671875,-1.708984375,4.4688720703125,79.16900634765625,102.16136932373048
-0.051513671875,1.021240234375,-0.024658203125,-6.04248046875,-4.638671875,0.18310546875,4.368249416351318,79.38162994384766,102.0164794921875
-0.0068359375,0.979736328125,0.045166015625,-11.77978515625,-4.21142578125,4.69970703125,1.0610003471374512,78.99495697021484,99.15709686279295
0.035888671875,0.966552734375,0.09619140625,-8.23974609375,-4.150390625,2.0751953125,0.8346123695373535,78.93826293945312,98.9739990234375
-0.042724609375,1.013916015625,0.013671875,-5.859375,-4.5166015625,-1.3427734375,0.91642963886261,79.09297180175781,98.79206085205078
0.03564453125,0.952392578125,0.06982421875,-9.8876953125,-3.96728515625,3.173828125,0.11972852051258087,78.97900390625,97.72195434570312
0.00830078125,0.9638671875,0.054443359375,-6.89697265625,-4.69970703125,-0.06103515625,0.13030070066452026,79.14295196533203,97.5438232421875
-0.056640625,0.9951171875,0.03076171875,-6.40869140625,-4.45556640625,0.8544921875,0.18796250224113464,79.2304458618164,97.37542724609376
0.000732421875,0.983154296875,0.06640625,-10.31494140625,-4.2724609375,3.90625,-0.5486039519309998,79.0295639038086,95.78713989257812
0.009521484375,0.979248046875,0.0859375,-7.50732421875,-4.08935546875,1.3427734375,-0.5744370818138123,79.04331970214844,95.59557342529295
-0.0322265625,0.987548828125,-0.00146484375,-6.65283203125,-4.5166015625,0.54931640625,-0.5328326821327211,79.20015716552734,95.4176788330078
