-0.211181640625,0.923095703125,-0.1669921875,-12.14599609375,7.4462890625,-1.40380859375,10.767395973205566,88.90785217285156,-182.9457244873047
-0.24560546875,0.92822265625,-0.16259765625,-11.962890625,7.6904296875,-2.62451171875,11.034846305847168,88.90282440185547,-182.5569610595703
-0.29345703125,0.927001953125,-0.149658203125,-10.6201171875,7.50732421875,-2.25830078125,11.38453483581543,88.91751861572266,-182.18003845214844
-0.301025390625,0.9169921875,-0.124755859375,-8.544921875,5.4931640625,-1.708984375,11.721729278564453,88.94481658935547,-181.89340209960938
-0.305419921875,0.9267578125,-0.119140625,-5.7373046875,3.35693359375,-0.42724609375,11.995901107788086,89.05089569091797,-181.6943817138672
-0.305908203125,0.95751953125,-0.13818359375,-0.91552734375,-0.48828125,-2.8076171875,12.331216812133787,89.34861755371094,-181.64503479003903
-0.3271484375,0.97021484375,-0.14990234375,-1.89208984375,-3.72314453125,-3.11279296875,12.700263023376465,89.58777618408203,-181.7239990234375
-0.326904296875,0.978759765625,-0.1376953125,-0.3662109375,-7.50732421875,-1.03759765625,12.966177940368652,89.81450653076172,-181.9640045166016
-0.273681640625,0.925537109375,-0.08251953125,0.42724609375,-8.6669921875,5.126953125,12.898944854736328,89.94265747070312,-182.2773742675781
-0.236083984375,0.895263671875,-0.074462890625,4.08935546875,-8.97216796875,6.2255859375,12.724733352661133,90.19856262207031,-182.60772705078125
-0.222412109375,0.9091796875,-0.081787109375,5.9814453125,-9.033203125,3.84521484375,12.613325119018555,90.53626251220705,-182.9398651123047
-0.215087890625,0.932861328125,-0.0986328125,2.74658203125,-10.009765625,0.91552734375,12.594951629638672,90.7587890625,-183.30633544921875
-0.220458984375,0.925537109375,-0.10205078125,-1.15966796875,-12.51220703125,-0.06103515625,12.635080337524414,90.80369567871094,-183.7747039794922
-0.208984375,0.9248046875,-0.064453125,-1.220703125,-12.39013671875,0.0,12.645209312438965,90.75425720214844,-184.25830078125
-0.20068359375,0.941650390625,-0.084228515625,1.28173828125,-13.24462890625,1.89208984375,12.55235481262207,90.8443603515625,-184.76776123046875
-0.216552734375,0.94189453125,-0.103759765625,4.08935546875,-13.0615234375,3.72314453125,12.42754077911377,91.09152221679688,-185.2622985839844
-0.18017578125,0.965087890625,-0.14013671875,5.37109375,-11.77978515625,5.9814453125,12.125350952148438,91.47311401367188,-185.6923065185547
-0.14892578125,0.95166015625,-0.16259765625,3.11279296875,-7.9345703125,6.04248046875,11.76466178894043,91.84265899658205,-185.95843505859372
-0.126220703125,0.960205078125,-0.16552734375,0.3662109375,-5.18798828125,4.39453125,11.426302909851074,92.11664581298828,-186.1147918701172
-0.14306640625,0.968994140625,-0.1669921875,-0.42724609375,0.18310546875,2.38037109375,11.208560943603516,92.39154052734376,-186.0534820556641
-0.134765625,0.978271484375,-0.1513671875,-2.5634765625,5.31005859375,0.91552734375,11.026264190673828,92.5718231201172,-185.7917022705078
-0.16455078125,0.982421875,-0.14013671875,-4.39453125,8.23974609375,1.15966796875,10.900453567504883,92.66559600830078,-185.41900634765625
-0.165283203125,0.981689453125,-0.143310546875,-6.65283203125,10.92529296875,1.15966796875,10.775736808776855,92.69248962402344,-184.9369964599609
-0.16259765625,0.96875,-0.13134765625,-8.056640625,13.97705078125,0.8544921875,10.661041259765623,92.66110229492188,-184.3354797363281
-0.19384765625,0.970703125,-0.123779296875,-9.6435546875,17.39501953125,-1.0986328125,10.692169189453123,92.57440185546876,-183.59506225585938
-0.20703125,0.9619140625,-0.121337890625,-11.41357421875,18.12744140625,-0.3662109375,10.726655960083008,92.42244720458984,-182.82632446289062
-0.25,0.957275390625,-0.10595703125,-10.7421875,18.37158203125,0.9765625,10.80636501312256,92.26947021484376,-182.0558319091797
-0.244873046875,0.95458984375,-0.07666015625,-10.986328125,16.6015625,2.685546875,10.811406135559082,92.03179931640624,-181.3712921142578
-0.257080078125,0.951416015625,-0.08642578125,-10.7421875,15.0146484375,3.0517578125,10.835248947143556,91.82430267333984,-180.74534606933597
-0.2666015625,0.963623046875,-0.078125,-12.02392578125,12.8173828125,2.74658203125,10.889695167541504,91.5354461669922,-180.2104949951172
-0.29541015625,0.973876953125,-0.093505859375,-13.0615234375,12.451171875,1.77001953125,11.039180755615234,91.24698638916016,-179.6805877685547
-0.293212890625,0.96240234375,-0.089111328125,-13.18359375,10.43701171875,2.38037109375,11.16569995880127,90.942626953125,-179.23162841796875
-0.249267578125,1.0,-0.138671875,-12.5732421875,7.8125,2.25830078125,11.178890228271484,90.75921630859376,-178.86521911621094
-0.271484375,1.019287109375,-0.169921875,-13.73291015625,8.60595703125,-0.54931640625,11.339411735534668,90.60408782958984,-178.45123291015625
-0.248291015625,1.0546875,-0.2001953125,-14.404296875,8.056640625,-3.84521484375,11.560521125793455,90.47808837890624,-178.04489135742188
-0.277587890625,1.06982421875,-0.21923828125,-15.93017578125,7.26318359375,-5.0048828125,11.870793342590332,90.32144165039062,-177.66212463378906
-0.32080078125,0.994873046875,-0.192138671875,-15.7470703125,7.8125,1.52587890625,12.039436340332033,90.15220642089844,-177.26284790039062
-0.2451171875,0.91357421875,-0.15185546875,-11.474609375,6.65283203125,9.1552734375,11.787681579589846,90.0975570678711,-176.92050170898438
-0.157470703125,0.873046875,-0.1875,-6.28662109375,11.29150390625,10.31494140625,11.30998706817627,90.40115356445312,-176.3678436279297
-0.137451171875,0.892333984375,-0.2490234375,-6.28662109375,14.95361328125,3.96728515625,11.04240608215332,90.85614013671876,-175.64479064941406
-0.149658203125,0.904296875,-0.24560546875,-10.986328125,18.00537109375,-4.82177734375,11.152999877929688,91.11277770996094,-174.80039978027344
-0.20458984375,0.892822265625,-0.20703125,-19.775390625,18.5546875,-11.962890625,11.678485870361328,90.92896270751952,-173.94493103027344
-0.239990234375,0.904052734375,-0.214599609375,-22.15576171875,15.19775390625,-12.39013671875,12.281854629516602,90.6439971923828,-173.21994018554688
-0.22021484375,0.941650390625,-0.22802734375,-22.0947265625,14.58740234375,-12.3291015625,12.797015190124512,90.38727569580078,-172.51019287109375
-0.23193359375,0.9765625,-0.263427734375,-19.8974609375,14.46533203125,-9.58251953125,13.192294120788574,90.29053497314452,-171.78721618652344
-0.247802734375,1.0,-0.275146484375,-20.3857421875,17.15087890625,-6.16455078125,13.457633972167967,90.2176284790039,-170.94757080078125
-0.267822265625,0.983642578125,-0.29248046875,-24.84130859375,18.310546875,-0.1220703125,13.52354335784912,90.02457427978516,-170.04876708984375
-0.197509765625,0.905517578125,-0.223876953125,-33.38623046875,18.12744140625,10.31494140625,13.064933776855467,89.39594268798828,-169.17713928222656
-0.244873046875,0.867431640625,-0.1455078125,-36.56005859375,21.30126953125,16.05224609375,12.543044090270994,88.5115737915039,-168.20834350585938
-0.24609375,0.86572265625,-0.0966796875,-28.1982421875,20.08056640625,24.23095703125,11.731428146362305,87.85530090332031,-167.29661560058594
-0.015380859375,0.96875,-0.20556640625,-32.2265625,11.29150390625,19.8974609375,10.542093276977539,87.21475982666016,-166.68817138671875
-0.0673828125,0.96533203125,-0.1953125,-31.06689453125,5.859375,-24.5361328125,11.279950141906738,86.56159210205078,-166.39657592773438
-0.342529296875,1.02490234375,-0.328369140625,-31.43310546875,-1.52587890625,-21.42333984375,12.408445358276367,86.06904602050781,-166.35928344726562
-0.177490234375,0.971923828125,-0.1611328125,-23.193359375,-4.150390625,-12.75634765625,12.828479766845705,85.61138916015625,-166.4534454345703
-0.33544921875,0.89599609375,-0.076171875,-4.82177734375,-2.44140625,-11.962890625,13.60269546508789,85.72437286376953,-166.51446533203125
-0.181640625,1.00244140625,-0.255615234375,15.07568359375,-5.06591796875,-8.11767578125,13.79209804534912,86.99479675292969,-166.5731964111328
-0.25341796875,0.941162109375,-0.29296875,10.498046875,-0.79345703125,-8.36181640625,14.176957130432127,88.1782455444336,-166.43338012695312
-0.269775390625,0.890625,-0.169677734375,3.90625,-0.06103515625,0.06103515625,14.279359817504885,88.81121826171875,-166.31829833984375
-0.2099609375,0.841796875,-0.09033203125,7.8125,-2.685546875,4.21142578125,14.098151206970215,89.3722152709961,-166.35890197753906
-0.23095703125,0.78515625,-0.023193359375,18.24951171875,-7.4462890625,2.197265625,14.099206924438475,90.1027603149414,-166.647216796875
-0.285400390625,0.893798828125,-0.1337890625,23.74267578125,-8.11767578125,0.30517578125,14.2307767868042,91.28323364257812,-166.9048614501953
-0.265869140625,0.89306640625,-0.101318359375,15.80810546875,-10.07080078125,7.38525390625,14.038593292236328,92.00029754638672,-167.28314208984375
-0.181396484375,0.88232421875,-0.17626953125,9.27734375,-4.33349609375,11.474609375,13.488993644714355,92.68099212646484,-167.3958740234375
-0.212890625,0.907470703125,-0.124267578125,4.150390625,2.5634765625,11.962890625,12.991369247436525,93.05361938476562,-167.27296447753906
-0.28515625,0.90869140625,-0.070556640625,4.7607421875,-0.732421875,7.87353515625,12.85197639465332,93.27174377441406,-167.31349182128906
-0.26611328125,1.0791015625,-0.138671875,-11.962890625,-86.48681640625,-14.6484375,13.64460277557373,92.12804412841795,-170.80020141601562
-0.296875,1.271484375,-0.29638671875,8.056640625,-89.35546875,-14.83154296875,14.349976539611815,91.98370361328124,-174.35655212402344
-0.169921875,1.130859375,-0.280517578125,-25.2685546875,-71.533203125,-4.7607421875,14.3878755569458,90.70652770996094,-177.1844482421875
-0.14599609375,0.904052734375,-0.026123046875,-31.005859375,-47.7294921875,12.20703125,13.69456386566162,89.0108871459961,-179.1435546875
-0.12646484375,0.888427734375,-0.093505859375,-22.0947265625,-32.2265625,15.44189453125,12.830137252807615,88.09386444091797,-180.38787841796875
-0.17529296875,0.9453125,-0.083984375,-24.96337890625,-33.69140625,4.7607421875,12.496834754943848,87.05763244628906,-181.70074462890625
-0.172607421875,0.997802734375,-0.12841796875,-41.748046875,-36.68212890625,-4.94384765625,12.500473022460938,85.45530700683594,-183.12570190429688
-0.1728515625,0.98583984375,-0.08447265625,-46.69189453125,-38.6962890625,-9.1552734375,12.625039100646973,83.59834289550781,-184.6587677001953
-0.207763671875,0.944580078125,-0.020263671875,-38.9404296875,-32.8369140625,-5.79833984375,12.689358711242676,82.0286865234375,-185.96080017089844
-0.298828125,0.882568359375,-0.003662109375,-14.95361328125,-16.7236328125,5.18798828125,12.633228302001953,81.58900451660156,-186.54562377929688
-0.406982421875,0.884765625,-0.01513671875,2.74658203125,-10.92529296875,15.9912109375,12.419649124145508,81.95406341552734,-186.82467651367188
-0.2314453125,0.922119140625,-0.03466796875,16.17431640625,-12.39013671875,32.958984375,11.12405776977539,82.9190902709961,-187.07061767578125
-0.19482421875,0.931884765625,-0.177734375,35.2783203125,-18.5546875,35.33935546875,9.682717323303224,84.90308380126953,-187.54098510742188
-0.2822265625,1.025146484375,-0.182861328125,34.72900390625,-21.3623046875,22.39990234375,8.95999526977539,86.73361206054688,-188.2423248291016
-0.08349609375,1.0869140625,-0.334716796875,25.81787109375,-30.1513671875,2.86865234375,8.628487586975098,88.36711883544922,170.66409301757812
-0.26708984375,1.13330078125,-0.2646484375,6.4697265625,-38.26904296875,-21.728515625,9.643205642700195,88.93509674072266,169.18084716796875
-0.274658203125,1.165283203125,-0.24169921875,4.69970703125,-45.0439453125,-21.3623046875,10.61316204071045,89.28205871582031,167.42156982421875
-0.344482421875,1.17333984375,-0.2060546875,12.87841796875,-46.08154296875,-17.76123046875,11.536561965942385,89.83251953125,165.61424255371094
-0.413818359375,1.1357421875,-0.255859375,25.87890625,-63.232421875,6.40869140625,11.629819869995115,90.82083129882812,163.12705993652344
0.54736328125,1.125,-0.548583984375,14.83154296875,-59.50927734375,14.5263671875,9.838712692260742,91.85028076171876,160.86300659179688
-0.30126953125,0.874755859375,-0.577392578125,-20.81298828125,-13.97705078125,-20.263671875,10.965795516967773,92.07564544677734,160.5237274169922
-0.154052734375,0.70068359375,-0.15234375,-41.50390625,-14.09912109375,15.56396484375,10.413091659545898,90.69206237792969,160.00543212890625
-0.18115234375,0.64453125,-0.119140625,-22.216796875,-8.36181640625,14.34326171875,10.048995971679688,90.1062240600586,159.72381591796875
-0.28759765625,0.7529296875,-0.2626953125,-19.22607421875,-12.14599609375,17.15087890625,9.772601127624512,89.95108795166016,159.34835815429688
-0.970703125,1.36669921875,-1.625244140625,-42.54150390625,-7.8125,21.78955078125,9.609148025512695,89.79896545410156,159.2999267578125
-0.256591796875,0.927001953125,-0.1943359375,-121.09375,-36.0107421875,58.28857421875,7.460660934448242,85.20411682128906,158.00559997558594
-0.22998046875,0.76806640625,0.241943359375,-86.85302734375,-35.64453125,48.095703125,5.73135232925415,81.09467315673828,156.726806640625
-0.2431640625,0.94140625,0.03515625,-23.98681640625,-32.53173828125,40.22216796875,4.288792133331299,80.29154205322266,155.7140655517578
-0.21533203125,1.0009765625,-0.078857421875,-0.6103515625,-25.08544921875,33.0810546875,3.1392836570739746,80.7508316040039,154.97607421875
-0.208740234375,1.05615234375,-0.196044921875,-5.7373046875,-20.3857421875,28.9306640625,2.1925621032714844,81.236328125,154.38816833496094
0.11279296875,0.90380859375,-0.132568359375,-20.5078125,-13.48876953125,15.625,1.1342736482620241,81.05573272705078,153.97557067871094
0.0185546875,0.7568359375,-0.013671875,-25.87890625,-4.45556640625,-18.24951171875,1.7244988679885864,80.3936996459961,153.69271850585938
-0.166748046875,0.73388671875,0.075927734375,-20.751953125,-0.79345703125,-30.029296875,3.3325884342193604,79.68194580078125,153.45712280273438
-0.2197265625,0.78955078125,0.0546875,-13.3056640625,2.197265625,-25.81787109375,4.840397834777832,79.37142181396484,153.36947631835938
-0.2607421875,0.816650390625,0.030517578125,-3.90625,1.3427734375,-20.751953125,6.1704750061035165,79.51294708251953,153.29750061035156
-0.2900390625,0.872314453125,0.0576171875,2.50244140625,-2.197265625,-12.5732421875,7.1290221214294425,79.83226013183594,153.14694213867188
-0.221435546875,0.9052734375,0.083740234375,21.91162109375,-0.91552734375,-4.82177734375,7.572047710418701,80.87467193603516,153.1019287109375
-0.2099609375,0.95556640625,-0.056884765625,33.63037109375,-0.67138671875,-6.2255859375,8.00861644744873,82.68328857421875,153.10499572753906
-0.26318359375,0.98193359375,-0.058837890625,33.203125,0.3662109375,-3.0517578125,8.410053253173826,84.4113540649414,153.16554260253906
-0.32763671875,1.04541015625,-0.194580078125,21.66748046875,-6.16455078125,5.55419921875,8.524017333984375,85.842529296875,153.02651977539062
-0.11962890625,0.92236328125,0.033447265625,-16.41845703125,-43.02978515625,4.45556640625,8.169673919677733,85.0030746459961,151.31631469726562
-0.28173828125,1.02978515625,-0.1923828125,-18.12744140625,-23.5595703125,-16.90673828125,9.043047904968262,84.71028137207031,150.3893585205078
-0.375244140625,0.925537109375,0.081787109375,-18.12744140625,-32.65380859375,9.6435546875,9.042061805725098,83.77726745605469,149.1039581298828
-0.223876953125,0.9853515625,-0.034912109375,-12.26806640625,-25.5126953125,22.3388671875,8.198060989379883,83.45496368408203,148.22279357910156
-0.27294921875,0.885498046875,0.049072265625,-7.01904296875,-21.240234375,20.01953125,7.6611552238464355,83.18363189697266,147.47613525390625
-0.21533203125,0.91552734375,0.025146484375,5.31005859375,-26.3671875,19.04296875,7.0089354515075675,83.46151733398438,146.53140258789062
-0.171875,0.92236328125,0.1025390625,12.5732421875,-30.6396484375,14.6484375,6.434370517730713,83.82023620605469,145.36688232421875
-0.136962890625,0.916259765625,-0.074951171875,9.82666015625,-9.21630859375,-4.39453125,6.656906127929688,84.581787109375,145.0270233154297
-0.323486328125,1.101318359375,-0.21435546875,0.06103515625,4.8828125,6.591796875,6.79293966293335,85.21990203857422,145.3175048828125
0.0625,1.17041015625,-0.14404296875,-25.20751953125,6.2255859375,1.953125,6.353089332580566,84.69532775878906,145.63087463378906
-0.497314453125,0.951171875,0.241943359375,-44.25048828125,-0.48828125,2.0751953125,7.067357063293457,82.58931732177734,145.565673828125
-0.396728515625,1.03955078125,-0.0283203125,-15.625,4.33349609375,-13.97705078125,8.187363624572754,82.2981948852539,145.70326232910156
-0.4111328125,1.218017578125,-0.09423828125,-1.77001953125,-2.685546875,3.96728515625,8.432651519775389,82.65865325927734,145.67941284179688
-0.26611328125,1.398681640625,-0.217041015625,6.77490234375,-5.31005859375,17.7001953125,7.805836677551269,83.5271224975586,145.64100646972656
-0.255126953125,1.623291015625,-0.409912109375,8.544921875,-6.65283203125,9.70458984375,7.445625305175781,84.62581634521484,145.52061462402344
-0.271484375,1.614013671875,-0.45166015625,-9.521484375,-8.1787109375,4.21142578125,7.337247848510742,85.00381469726562,145.3107147216797
-0.266845703125,1.4609375,-0.33203125,-25.08544921875,-13.916015625,4.21142578125,7.2438297271728525,84.60844421386719,144.85240173339844
-0.31005859375,1.306884765625,-0.22607421875,-21.3623046875,-24.47509765625,9.33837890625,7.0244646072387695,84.20848846435547,143.97628784179688
-0.281982421875,1.273193359375,-0.29541015625,-19.10400390625,-21.54541015625,19.04296875,6.401641368865968,84.06307983398438,143.27476501464844
-0.26953125,1.198974609375,-0.239501953125,-22.8271484375,-11.77978515625,35.09521484375,5.210669040679932,83.76570892333984,143.0195770263672
-0.131591796875,1.0771484375,-0.172607421875,-17.88330078125,-8.72802734375,53.28369140625,3.1344685554504395,83.62835693359375,142.95208740234375
0.004638671875,1.09130859375,-0.27294921875,-19.71435546875,0.54931640625,49.4384765625,1.0511056184768677,83.63084411621094,143.23020935058594
0.0048828125,1.166259765625,-0.299560546875,-35.58349609375,12.20703125,42.29736328125,-0.6174460649490356,83.00479888916016,143.9215545654297
-0.121337890625,1.2080078125,-0.34619140625,-69.51904296875,18.12744140625,40.71044921875,-1.886903166770935,81.07669830322266,144.8457794189453
0.0048828125,1.2177734375,-0.358154296875,-95.3369140625,7.14111328125,29.47998046875,-2.9346156120300293,78.2062759399414,145.30191040039062
-0.029296875,1.132080078125,-0.322998046875,-120.60546875,9.1552734375,12.14599609375,-3.1619188785552983,74.41006469726562,145.71214294433594
-0.166259765625,0.9482421875,-0.070556640625,-131.28662109375,7.6904296875,-0.79345703125,-2.5342321395874023,69.90149688720703,145.93263244628906
-0.202392578125,0.956298828125,0.046142578125,-119.7509765625,3.84521484375,-3.47900390625,-1.7869499921798706,65.76695251464844,145.97207641601562
-0.347412109375,0.89892578125,0.061279296875,-109.130859375,3.90625,3.173828125,-0.9562416672706604,62.13056182861328,146.11456298828125
-0.2744140625,0.880126953125,0.0830078125,-100.7080078125,-7.2021484375,22.4609375,-1.170879364013672,58.92620849609375,146.2672576904297
-0.23291015625,0.767822265625,0.181396484375,-97.35107421875,-13.48876953125,38.51318359375,-2.070014238357544,55.68375778198242,146.60589599609375
-0.049072265625,0.813232421875,0.143798828125,-86.73095703125,-21.17919921875,39.1845703125,-3.623096466064453,53.1331901550293,146.78570556640625
-0.043701171875,0.75244140625,0.10693359375,-87.890625,-23.37646484375,33.02001953125,-4.979058265686035,50.70386505126953,146.78504943847656
-0.0263671875,0.7705078125,0.04443359375,-97.47314453125,-25.32958984375,29.47998046875,-6.293206214904785,48.145362854003906,146.65614318847656
0.00439453125,0.703857421875,0.115966796875,-110.41259765625,-27.52685546875,24.169921875,-7.5526671409606925,44.97739028930664,146.3760528564453
-0.014892578125,0.665283203125,0.260986328125,-111.9384765625,-29.6630859375,18.00537109375,-8.586381912231445,41.463035583496094,145.95130920410156
0.019287109375,0.631103515625,0.309326171875,-109.4970703125,-27.28271484375,18.4326171875,-9.641925811767578,37.9858283996582,145.6774444580078
-0.014892578125,0.623779296875,0.4228515625,-102.23388671875,-24.2919921875,19.71435546875,-10.482950210571287,34.59870147705078,145.60519409179688
0.02197265625,0.654296875,0.33740234375,-93.07861328125,-30.09033203125,20.1416015625,-11.63057804107666,31.96730995178223,145.40953063964844
0.098388671875,0.639404296875,0.35205078125,-97.5341796875,-32.04345703125,18.12744140625,-13.000835418701172,29.20024108886719,145.14877319335938
0.155517578125,0.64208984375,0.365966796875,-103.515625,-26.9775390625,8.85009765625,-14.146796226501465,26.29181289672852,144.68687438964844
0.1064453125,0.623046875,0.46826171875,-104.736328125,-20.751953125,-2.9296875,-14.658409118652346,23.27297401428223,143.95509338378906
0.089599609375,0.5986328125,0.54296875,-98.44970703125,-20.1416015625,-8.1787109375,-15.006306648254395,20.471498489379886,143.07681274414062
0.101318359375,0.61962890625,0.533447265625,-94.970703125,-21.8505859375,-14.16015625,-15.402668952941895,18.028902053833008,141.92547607421875
0.0751953125,0.693603515625,0.487548828125,-99.365234375,-20.8740234375,-25.5126953125,-15.618210792541506,15.810230255126953,140.27754211425778
0.05615234375,0.7080078125,0.562744140625,-107.2998046875,-17.2119140625,-26.9775390625,-15.656349182128904,13.245992660522461,138.63230895996094
0.018798828125,0.735107421875,0.642333984375,-105.1025390625,-11.1083984375,-25.146484375,-15.430192947387695,10.725126266479492,137.13218688964844
-0.03857421875,0.76025390625,0.69384765625,-94.42138671875,-12.26806640625,-23.193359375,-15.195531845092773,8.645794868469237,135.70884704589844
-0.061767578125,0.78173828125,0.647216796875,-91.1865234375,-17.822265625,-19.83642578125,-15.220702171325685,6.812808513641357,134.37174987792972
0.06494140625,0.743408203125,0.671875,-95.0927734375,-24.47509765625,-21.97265625,-15.799458503723145,4.834940910339356,132.94682312011722
0.04052734375,0.725830078125,0.742431640625,-103.33251953125,-20.56884765625,-28.99169921875,-16.156373977661133,2.564581155776977,131.267333984375
-0.053466796875,0.731201171875,0.8125,-108.2763671875,-21.17919921875,-28.9306640625,-16.385435104370114,0.09527306258678436,129.60710144042972
-0.13623046875,0.706298828125,0.88818359375,-107.421875,-26.4892578125,-23.4375,-16.708927154541016,-2.449618339538574,128.21882629394528
-0.066650390625,0.590087890625,1.001708984375,-87.7685546875,-35.58349609375,-15.07568359375,-17.493518829345707,-4.4963555335998535,127.29273986816406
-0.0693359375,0.633544921875,0.90380859375,-62.56103515625,-30.09033203125,-11.3525390625,-18.066768646240234,-5.361772060394287,126.46148681640624
-0.06103515625,0.622802734375,0.830810546875,-54.87060546875,-22.3388671875,-3.47900390625,-18.319137573242188,-5.92821216583252,125.90318298339844
-0.11865234375,0.664794921875,0.686279296875,-63.232421875,-24.71923828125,-3.60107421875,-18.59580421447754,-6.617785930633545,125.28507995605469
0.005126953125,0.630126953125,0.62939453125,-77.880859375,-35.0341796875,-7.26318359375,-19.584035873413086,-7.797462463378906,124.55531311035156
-0.016357421875,0.533203125,0.68408203125,-95.0927734375,-40.0390625,-17.578125,-20.702938079833984,-9.687397956848145,123.4794921875
-0.105224609375,0.442138671875,0.88037109375,-96.923828125,-45.7763671875,-16.17431640625,-21.75553131103516,-11.995368957519533,122.63795471191406
-0.070068359375,0.416748046875,0.939208984375,-84.28955078125,-39.48974609375,-5.31005859375,-22.5187931060791,-13.972965240478516,122.24659729003906
-0.04150390625,0.4140625,0.886474609375,-77.7587890625,-34.66796875,-2.99072265625,-23.12669944763184,-15.618605613708494,121.89614868164062
-0.063232421875,0.509033203125,0.89697265625,-82.03125,-43.64013671875,-6.77490234375,-24.122224807739254,-17.228803634643555,121.44534301757812
-0.0419921875,0.50048828125,0.91259765625,-84.28955078125,-46.2646484375,-5.4931640625,-25.22155952453613,-18.9537296295166,121.09706115722656
0.0556640625,0.5087890625,0.879638671875,-80.87158203125,-45.83740234375,-2.86865234375,-26.46440887451172,-20.518156051635746,120.84147644042969
0.062255859375,0.430419921875,0.939208984375,-70.00732421875,-27.4658203125,-1.3427734375,-26.91826820373535,-21.677326202392575,120.4128875732422
0.012451171875,0.44873046875,0.926025390625,-57.861328125,-21.30126953125,0.732421875,-27.02606201171875,-22.275346755981445,119.93875122070312
0.042724609375,0.362060546875,0.917724609375,-56.884765625,-21.240234375,2.44140625,-27.11511421203613,-22.98822784423828,119.59465026855469
0.0673828125,0.311279296875,0.91552734375,-55.6640625,-23.4375,-2.9296875,-27.39044761657715,-23.64108467102051,119.10707092285156
0.056884765625,0.21044921875,0.954345703125,-56.0302734375,-23.62060546875,-2.01416015625,-27.55829620361328,-24.52587127685547,118.75452423095705
0.09619140625,0.2158203125,0.91357421875,-52.79541015625,-23.25439453125,-2.5634765625,-27.821184158325195,-25.21516227722168,118.35630798339844
0.0654296875,0.2509765625,0.921142578125,-51.6357421875,-18.06640625,-3.47900390625,-27.863365173339844,-25.70287132263184,117.77910614013672
0.02294921875,0.254150390625,0.96044921875,-46.9970703125,-17.27294921875,0.244140625,-27.717937469482425,-26.06789588928223,117.34119415283205
0.03515625,0.260986328125,0.9541015625,-43.8232421875,-19.4091796875,5.4931640625,-27.59328269958496,-26.40042495727539,117.15459442138672
0.065673828125,0.190673828125,1.005615234375,-40.52734375,-23.681640625,9.521484375,-27.55691719055176,-26.86539649963379,117.2930145263672
0.078857421875,0.21923828125,0.98291015625,-34.66796875,-22.39990234375,10.8642578125,-27.501562118530273,-27.03436088562012,117.4298095703125
0.087646484375,0.21826171875,0.98583984375,-32.04345703125,-17.578125,14.7705078125,-27.22190093994141,-27.12392997741699,117.6263656616211
0.059326171875,0.258544921875,0.966552734375,-31.92138671875,-14.0380859375,13.427734375,-26.82270622253418,-27.0615291595459,117.66304779052734
0.081787109375,0.2373046875,0.977783203125,-38.51318359375,-15.2587890625,15.2587890625,-26.47323989868164,-27.35295867919922,117.82855987548828
0.095458984375,0.154296875,1.00244140625,-43.64013671875,-15.80810546875,15.68603515625,-26.115779876708984,-28.019546508789066,118.10279846191406
0.11767578125,0.144287109375,1.024658203125,-44.37255859375,-17.51708984375,9.82666015625,-25.97010612487793,-28.634958267211914,118.19730377197266
0.06103515625,0.16845703125,0.97998046875,-45.83740234375,-13.0615234375,9.521484375,-25.58923530578613,-29.176727294921875,118.15361785888672
0.08154296875,0.12109375,1.044189453125,-47.4853515625,-12.63427734375,8.85009765625,-25.217891693115234,-29.86002540588379,118.1257781982422
0.06298828125,0.1533203125,1.046630859375,-49.74365234375,-15.869140625,8.1787109375,-24.962949752807614,-30.56890869140625,118.11981201171876
0.091552734375,0.142822265625,1.03076171875,-51.025390625,-16.66259765625,10.19287109375,-24.7559814453125,-31.365129470825195,118.21734619140624
0.11669921875,0.119384765625,1.02001953125,-51.69677734375,-18.5546875,10.009765625,-24.66291427612305,-32.22396469116211,118.37057495117188
0.10693359375,0.085693359375,1.0556640625,-55.17578125,-19.83642578125,9.27734375,-24.58128547668457,-33.26282501220703,118.55165100097656
0.10498046875,0.062744140625,1.0537109375,-55.419921875,-22.705078125,7.32421875,-24.621755599975586,-34.320995330810554,118.74560546875
0.104248046875,0.074462890625,1.0400390625,-55.60302734375,-21.17919921875,9.33837890625,-24.57038116455078,-35.346004486083984,118.95968627929688
0.116455078125,0.054443359375,1.04296875,-52.490234375,-17.4560546875,12.20703125,-24.342758178710934,-36.257320404052734,119.19232940673828
0.10693359375,0.052490234375,1.01806640625,-51.8798828125,-15.31982421875,12.451171875,-24.030717849731445,-37.095890045166016,119.3750991821289
0.1318359375,0.001220703125,1.027099609375,-49.98779296875,-13.916015625,13.5498046875,-23.674457550048828,-37.93191146850586,119.59886169433594
0.154296875,-0.086181640625,1.089111328125,-40.46630859375,-8.72802734375,14.892578125,-23.11547088623047,-38.4824447631836,119.7923583984375
0.16748046875,-0.07470703125,1.06201171875,-28.076171875,-2.9296875,19.6533203125,-22.31322288513184,-38.50476455688477,119.98968505859376
0.193603515625,-0.04833984375,1.008056640625,-20.8740234375,5.126953125,23.5595703125,-21.273704528808594,-38.17023468017578,120.10780334472656
0.193115234375,-0.03662109375,1.08740234375,-17.15087890625,5.37109375,19.95849609375,-20.325559616088867,-37.62080383300781,120.12026977539062
0.15771484375,0.020263671875,1.104736328125,-12.6953125,6.16455078125,17.578125,-19.390628814697266,-36.77428817749024,120.03260803222656
0.139892578125,0.078125,1.033935546875,-14.46533203125,2.99072265625,20.20263671875,-18.533615112304688,-35.97910690307617,120.12046813964844
0.1728515625,0.087646484375,1.005126953125,-24.23095703125,-0.244140625,23.3154296875,-17.818984985351562,-35.64471435546875,120.4249267578125
0.203857421875,0.070068359375,0.9951171875,-28.9306640625,4.69970703125,24.47509765625,-17.003669738769528,-35.51884841918945,120.68199157714844
0.173583984375,0.045654296875,0.98876953125,-35.82763671875,10.3759765625,22.3388671875,-16.007444381713867,-35.64417266845703,120.75936889648438
0.156982421875,-0.001708984375,1.058837890625,-44.12841796875,9.3994140625,18.37158203125,-15.089330673217773,-36.14447021484375,120.76701354980469
0.123046875,0.01806640625,1.03173828125,-47.36328125,8.60595703125,16.54052734375,-14.212712287902832,-36.70411682128906,120.73231506347656
0.095458984375,-0.022216796875,1.020751953125,-49.62158203125,9.033203125,15.68603515625,-13.300995826721193,-37.39468765258789,120.68498229980469
0.1005859375,-0.06591796875,1.041015625,-56.09130859375,6.04248046875,13.97705078125,-12.548659324645994,-38.40138626098633,120.68145751953124
0.14208984375,-0.09423828125,1.013671875,-56.2744140625,5.7373046875,14.58740234375,-11.902425765991213,-39.44866180419922,120.71931457519531
0.149658203125,-0.103759765625,1.00537109375,-55.419921875,6.34765625,12.51220703125,-11.32766056060791,-40.42901611328125,120.67771911621094
0.13671875,-0.160400390625,0.997802734375,-50.84228515625,10.07080078125,13.12255859375,-10.602453231811523,-41.28387451171875,120.57420349121094
0.158935546875,-0.1630859375,1.07958984375,-40.22216796875,8.1787109375,10.19287109375,-10.061635971069336,-41.661319732666016,120.43254089355469
0.114990234375,-0.1611328125,1.075439453125,-27.16064453125,5.7373046875,6.34765625,-9.62552261352539,-41.48874282836914,120.2478485107422
0.11865234375,-0.117431640625,0.999755859375,-10.8642578125,-1.46484375,10.1318359375,-9.352917671203613,-40.66709518432617,120.37525939941406
0.170166015625,-0.104736328125,0.92578125,-2.50244140625,0.30517578125,13.48876953125,-9.09521198272705,-39.55139923095703,120.57337951660156
0.161376953125,-0.103271484375,0.9091796875,-0.732421875,4.5166015625,15.869140625,-8.646389007568361,-38.39566040039063,120.75715637207031
0.1611328125,-0.130615234375,0.907470703125,6.28662109375,8.60595703125,20.32470703125,-7.972989082336426,-37.061912536621094,121.01734924316406
0.121337890625,-0.19287109375,0.96435546875,13.427734375,10.31494140625,18.6767578125,-7.190671920776367,-35.57894897460937,121.2373504638672
0.103759765625,-0.18359375,0.940185546875,19.8974609375,10.009765625,15.0146484375,-6.503770351409912,-33.86629104614258,121.38368225097656
0.13134765625,-0.184326171875,0.89501953125,26.55029296875,12.39013671875,13.3056640625,-5.883038520812987,-31.96310615539551,121.4606475830078
0.114501953125,-0.154052734375,0.90576171875,21.54541015625,14.46533203125,9.8876953125,-5.248783588409424,-30.24057388305664,121.40858459472656
0.07861328125,-0.153564453125,0.956787109375,22.39990234375,16.29638671875,7.62939453125,-4.521157264709473,-28.5183219909668,121.27742004394531
0.089111328125,-0.14306640625,0.996826171875,32.16552734375,14.70947265625,8.60595703125,-3.872875690460205,-26.44363784790039,121.24649047851562
0.11767578125,-0.120361328125,0.990966796875,41.8701171875,13.48876953125,9.6435546875,-3.3419768810272217,-24.021503448486328,121.31011962890624
0.129638671875,-0.10888671875,1.004638671875,52.06298828125,15.07568359375,10.68115234375,-2.7847580909729004,-21.25858497619629,121.42645263671876
0.07666015625,-0.017578125,0.956298828125,60.48583984375,18.6767578125,11.16943359375,-2.01003646850586,-18.068342208862305,121.55409240722656
0.064208984375,0.021484375,0.93701171875,55.0537109375,18.73779296875,13.12255859375,-1.2236278057098389,-15.126132011413574,121.81330871582031
0.033203125,0.0283203125,1.009521484375,46.38671875,16.54052734375,14.892578125,-0.4684665501117706,-12.627280235290527,122.21745300292969
0.0283203125,-0.026123046875,1.013916015625,47.119140625,7.01904296875,20.81298828125,-0.07371232658624649,-10.311172485351562,122.97247314453124
0.088623046875,-0.0087890625,0.966552734375,52.978515625,0.06103515625,21.97265625,-0.13670668005943298,-7.814836025238037,123.83462524414062
0.110595703125,0.01025390625,0.955322265625,54.3212890625,-0.244140625,19.6533203125,-0.31150782108306885,-5.320720195770264,124.60997009277344
0.06103515625,0.047119140625,0.96923828125,55.23681640625,6.9580078125,18.49365234375,-0.11233774572610856,-2.8016819953918457,125.32322692871094
0.03076171875,0.06591796875,1.0087890625,55.84716796875,13.00048828125,18.798828125,0.3616214990615845,-0.3153977394104004,126.05859375
-0.00341796875,0.0546875,1.023193359375,54.931640625,12.939453125,16.4794921875,0.8606805801391602,2.014784574508667,126.72599792480469
-0.010986328125,0.069091796875,1.03076171875,51.45263671875,6.4697265625,11.23046875,1.083865761756897,4.145035743713379,127.18939208984376
0.0244140625,0.09765625,1.0185546875,48.2177734375,2.5634765625,7.99560546875,1.0598127841949463,6.1247310638427725,127.51646423339844
0.02587890625,0.1025390625,1.02587890625,48.2177734375,1.77001953125,5.126953125,1.0054951906204224,8.032469749450684,127.72677612304688
0.02099609375,0.1474609375,0.984375,44.921875,1.52587890625,3.72314453125,0.9546929001808168,9.842968940734863,127.88233947753906
0.062744140625,0.162353515625,0.993408203125,42.66357421875,6.103515625,1.708984375,1.0022407770156858,11.520833969116213,127.99195861816406
0.0234375,0.201904296875,1.009033203125,43.45703125,11.71875,-1.220703125,1.3773709535598757,13.243118286132812,128.04360961914062
-0.024169921875,0.22802734375,1.01025390625,42.05322265625,9.033203125,-1.28173828125,1.7370723485946655,14.896392822265625,128.08140563964844
0.00341796875,0.202392578125,0.99072265625,41.015625,3.2958984375,-2.44140625,1.8132615089416504,16.393291473388672,128.01791381835938
-0.002685546875,0.234619140625,1.039306640625,41.19873046875,3.11279296875,-6.28662109375,1.9395451545715328,17.879383087158203,127.80880737304688
-0.0107421875,0.278564453125,1.06640625,49.13330078125,12.63427734375,-8.97216796875,2.4766972064971924,19.69834518432617,127.6269989013672
-0.062744140625,0.292724609375,0.990234375,52.734375,17.88330078125,-9.765625,3.320363521575928,21.662242889404297,127.50984191894531
-0.029541015625,0.29541015625,0.9638671875,51.513671875,12.451171875,-9.27734375,3.8556640148162837,23.51799011230469,127.34703063964844
-0.038330078125,0.32958984375,0.945556640625,55.96923828125,3.96728515625,-15.68603515625,4.1936893463134775,25.537620544433594,126.82843017578124
-0.0966796875,0.3818359375,0.893798828125,58.41064453125,1.953125,-16.66259765625,4.6197896003723145,27.72197532653809,126.26017761230469
-0.069091796875,0.395263671875,0.795654296875,58.16650390625,1.64794921875,-15.31982421875,4.964728355407715,29.94017219543457,125.74909973144531
-0.041259765625,0.41552734375,0.7646484375,57.7392578125,2.9296875,-12.20703125,5.226200580596924,32.14658737182617,125.38327026367188
-0.04296875,0.455810546875,0.7802734375,56.0302734375,4.638671875,-9.765625,5.494338512420653,34.27791976928711,125.14857482910156
-0.0634765625,0.544677734375,0.746337890625,53.7109375,7.87353515625,-7.9345703125,5.870132446289063,36.476966857910156,125.07777404785156
-0.10888671875,0.54296875,0.73486328125,51.45263671875,14.892578125,-9.033203125,6.595317840576173,38.52778244018555,125.15519714355469
-0.11279296875,0.482177734375,0.74072265625,47.42431640625,18.6767578125,-8.7890625,7.419432163238525,40.21871566772461,125.33477783203124
-0.147216796875,0.48046875,0.74755859375,47.18017578125,20.01953125,-9.09423828125,8.338829040527344,41.83101272583008,125.551513671875
-0.08154296875,0.570556640625,0.722412109375,52.6123046875,16.29638671875,-6.103515625,8.849294662475586,43.81829833984375,125.79591369628906
-0.1953125,0.590087890625,0.75341796875,52.978515625,16.90673828125,-5.43212890625,9.585859298706056,45.748329162597656,126.08872985839844
-0.128173828125,0.62548828125,0.683837890625,54.8095703125,13.73291015625,-0.18310546875,9.895956993103027,47.8603744506836,126.46580505371094
-0.181396484375,0.654052734375,0.809326171875,64.94140625,9.82666015625,8.1787109375,9.908957481384276,50.17731475830078,126.9218292236328
-0.2021484375,0.599853515625,0.798095703125,89.84375,9.94873046875,16.66259765625,9.70240879058838,53.35874938964844,127.56668090820312
-0.24169921875,0.54541015625,0.755859375,117.1875,11.90185546875,29.84619140625,9.199718475341797,57.53084182739258,128.53912353515622
-0.2060546875,0.603271484375,0.681640625,169.43359375,20.44677734375,63.1103515625,7.558541774749756,63.94701766967773,130.40591430664062
-0.073486328125,0.64111328125,0.537841796875,176.94091796875,26.67236328125,83.55712890625,4.804771900177002,70.69358825683594,132.59994506835938
0.051025390625,0.693115234375,0.42578125,169.189453125,25.2685546875,85.38818359375,1.489142894744873,77.05644226074219,134.44999694824222
0.092041015625,0.735595703125,0.263671875,143.73779296875,20.01953125,63.29345703125,-1.1764731407165527,82.51834106445312,135.6556396484375
0.080322265625,0.720947265625,0.2421875,119.56787109375,16.11328125,46.69189453125,-3.1643445491790767,86.81587982177734,136.46743774414062
0.09423828125,0.734619140625,0.251220703125,95.27587890625,17.2119140625,35.09521484375,-4.699326038360597,89.94750213623047,137.22303771972656
0.094482421875,0.734619140625,0.279296875,75.0732421875,26.18408203125,25.45166015625,-5.8334083557128915,92.03485107421876,138.31919860839844
0.03564453125,0.732421875,0.330810546875,66.58935546875,33.26416015625,21.3623046875,-6.6469902992248535,93.5263900756836,139.71720886230472
0.01220703125,0.73193359375,0.390869140625,66.650390625,34.0576171875,17.27294921875,-7.247362613677978,94.81429290771484,141.1754608154297
0.028564453125,0.80029296875,0.3388671875,75.8056640625,26.06201171875,10.55908203125,-7.595219135284424,96.63093566894531,142.3167266845703
0.04736328125,0.86328125,0.238525390625,77.63671875,24.84130859375,5.37109375,-7.785293102264403,98.72757720947266,143.39907836914062
0.062255859375,0.95849609375,0.197265625,71.22802734375,36.2548828125,-0.67138671875,-7.862030982971191,100.56555938720705,144.95819091796875
-0.118896484375,0.981201171875,0.28369140625,64.3310546875,50.35400390625,3.2958984375,-7.851438999176025,101.8266830444336,147.07199096679688
-0.1865234375,0.98095703125,0.358154296875,67.626953125,49.072265625,14.46533203125,-8.186899185180664,103.06583404541016,149.04925537109375
-0.093505859375,0.95849609375,0.357177734375,80.26123046875,38.9404296875,21.30126953125,-8.917319297790527,104.79718017578124,150.5550994873047
0.019775390625,1.076904296875,0.19482421875,89.78271484375,42.48046875,14.22119140625,-9.656634330749512,107.15264129638672,152.2073516845703
-0.025146484375,1.1923828125,0.088134765625,85.99853515625,56.15234375,5.92041015625,-10.188525199890137,109.37301635742188,154.44467163085938
-0.14892578125,1.247314453125,0.0751953125,72.6318359375,69.3359375,5.9814453125,-10.740452766418457,110.9037628173828,157.1717987060547
-0.134765625,1.249267578125,0.1259765625,54.13818359375,64.453125,9.6435546875,-11.422245979309082,111.57395935058594,159.67160034179688
-0.098388671875,1.20654296875,0.1455078125,41.748046875,57.7392578125,2.62451171875,-11.799736976623535,111.68962097167969,162.04173278808594
-0.159423828125,1.16943359375,0.18212890625,31.43310546875,58.16650390625,-3.47900390625,-11.831548690795898,111.29434204101562,164.5419464111328
-0.23828125,1.093994140625,0.21240234375,33.87451171875,53.1005859375,4.39453125,-11.911966323852539,111.01345825195312,166.74659729003906
-1.70654296875,1.309814453125,-0.276611328125,6.65283203125,69.82421875,-38.63525390625,-9.998228073120117,110.79763793945312,-183.60467529296875
0.05712890625,1.407470703125,0.28564453125,-13.73291015625,46.32568359375,47.30224609375,-12.151803970336914,108.77558135986328,-182.27572631835938
-0.223876953125,1.134765625,0.1904296875,12.451171875,57.18994140625,31.31103515625,-13.216056823730467,107.77029418945312,-180.2357177734375
-0.13330078125,1.139404296875,-0.02294921875,-16.9677734375,59.87548828125,-5.2490234375,-14.172819137573242,104.04193115234376,-171.7753448486328
-0.10986328125,1.017578125,-0.008056640625,-10.55908203125,58.837890625,-2.38037109375,-13.848191261291506,102.4778289794922,-169.26824951171875
-0.101318359375,0.98583984375,-0.001220703125,-8.4228515625,59.38720703125,-2.62451171875,-13.47960376739502,101.05333709716795,-166.74240112304688
-0.093017578125,0.964599609375,-0.008544921875,-8.97216796875,55.0537109375,-0.1220703125,-13.145270347595215,99.73942565917969,-164.4247283935547
-0.1064453125,0.93115234375,0.04931640625,-1.220703125,49.8046875,-3.47900390625,-12.57822322845459,98.70671081542969,-162.2740936279297
-0.135498046875,0.881591796875,-0.069580078125,15.0146484375,50.10986328125,-14.70947265625,-11.481131553649902,98.68112182617188,-160.119140625
0.038330078125,1.0087890625,-0.153564453125,7.14111328125,41.80908203125,-16.54052734375,-10.71556568145752,98.60535430908205,-158.32965087890625
-0.08935546875,1.001953125,-0.177001953125,-7.26318359375,36.56005859375,-26.30615234375,-9.276867866516113,98.07410430908205,-156.7154083251953
-0.01953125,0.98046875,-0.09130859375,-19.8974609375,24.23095703125,-24.23095703125,-8.038002967834473,96.98609161376952,-155.5970916748047
-0.12890625,0.950927734375,-0.019287109375,-15.93017578125,24.23095703125,-19.6533203125,-6.7551445960998535,95.9659652709961,-154.50738525390625
-0.139404296875,0.988037109375,-0.044921875,-2.3193359375,19.04296875,-8.1787109375,-5.930037498474121,95.63685607910156,-153.69691467285156
-0.111083984375,0.980712890625,-0.0771484375,10.80322265625,14.16015625,7.080078125,-5.781919002532959,95.95352935791016,-153.1543426513672
-0.037109375,1.00341796875,-0.14453125,11.71875,11.16943359375,12.939453125,-6.0317816734313965,96.45648956298828,-152.77316284179688
0.03173828125,1.014892578125,-0.13623046875,4.0283203125,8.60595703125,10.25390625,-6.3083553314208975,96.61785888671876,-152.48135375976562
0.02197265625,0.95166015625,-0.079833984375,-6.04248046875,4.8828125,1.220703125,-6.180671691894531,96.26699829101562,-152.2834014892578
0.0029296875,0.9462890625,-0.0400390625,-5.859375,2.9296875,-3.41796875,-5.819730758666992,95.84947967529295,-152.1346893310547
-0.1005859375,0.9501953125,-0.16552734375,-17.578125,-1.89208984375,-1.89208984375,-5.273199081420898,95.29822540283205,-152.22128295898438
0.00537109375,0.994384765625,-0.0166015625,-22.76611328125,-8.36181640625,-8.9111328125,-4.693700790405273,94.22537231445312,-152.5099639892578
-0.052001953125,0.813232421875,0.060791015625,-14.34326171875,-12.63427734375,-23.3154296875,-0.4633883535861969,91.16109466552734,-153.98931884765625
-0.089111328125,0.854736328125,0.125,4.638671875,-13.427734375,-22.5830078125,0.6998433470726013,90.9564437866211,-154.50466918945312
-0.147705078125,1.02001953125,-0.11279296875,21.54541015625,-10.31494140625,-9.1552734375,1.3732767105102541,92.00666809082031,-154.9022979736328
-0.024658203125,0.957275390625,-0.1787109375,9.21630859375,-15.31982421875,-1.64794921875,1.4693903923034668,92.68473052978516,-155.50393676757812
0.15087890625,1.01611328125,-0.241943359375,-9.033203125,-19.95849609375,-10.6201171875,1.5500136613845823,92.70809936523438,-156.26846313476562
-0.529052734375,1.126220703125,-0.5859375,-19.10400390625,-12.51220703125,-37.90283203125,3.9072749614715576,92.794189453125,-156.6693115234375
-0.158203125,1.138916015625,0.077880859375,-20.93505859375,-25.2685546875,-15.2587890625,4.715476512908936,91.60175323486328,-157.67776489257812
-0.792724609375,0.645751953125,0.238037109375,-26.06201171875,-13.916015625,-20.81298828125,7.151538848876952,89.92949676513672,-158.29905700683594
-0.2041015625,0.864501953125,0.01708984375,-2.86865234375,-23.98681640625,-14.58740234375,7.9746742248535165,89.62956237792969,-159.2758026123047
-0.17822265625,0.90234375,0.03369140625,6.103515625,-34.36279296875,-18.798828125,8.845073699951172,89.5835189819336,-160.6802215576172
-0.21142578125,0.9521484375,-0.015380859375,12.02392578125,-36.62109375,-22.8271484375,9.897269248962402,89.85841369628906,-162.1605682373047
-0.283935546875,0.89404296875,-0.07421875,15.56396484375,-35.21728515625,-32.28759765625,11.49523639678955,90.3878936767578,-163.55642700195312
-0.157470703125,0.952880859375,-0.05712890625,14.5263671875,-38.14697265625,-34.0576171875,12.787458419799805,90.74884796142578,-165.07717895507812
-0.099365234375,0.95556640625,-0.063720703125,13.0615234375,-36.19384765625,-41.68701171875,14.203371047973633,91.03785705566406,-166.50875854492188
-0.127685546875,0.99609375,-0.090087890625,8.23974609375,-36.07177734375,-63.3544921875,16.484930038452152,91.136474609375,-167.9071807861328
-0.2685546875,1.03955078125,0.0107421875,7.568359375,-37.109375,-75.01220703125,19.42291831970215,90.88738250732422,-169.4243621826172
-0.162109375,1.146728515625,-0.036376953125,8.1787109375,-37.53662109375,-75.1953125,21.992942810058594,90.68384552001952,-170.96395874023438
-0.53857421875,1.18994140625,-0.141357421875,-14.2822265625,-34.0576171875,-61.8896484375,24.5574951171875,89.75157928466797,-172.34422302246094
-0.0107421875,1.59814453125,-0.167724609375,-30.029296875,-35.15625,-36.2548828125,25.05477905273437,88.14961242675781,-173.79322814941406
-0.767333984375,0.670654296875,0.3916015625,-23.01025390625,-18.00537109375,-39.9169921875,27.44514465332031,85.94680786132812,-175.07403564453125
-0.347900390625,0.955322265625,0.026123046875,33.8134765625,-18.12744140625,-12.939453125,27.61999320983887,86.98989868164062,-175.88656616210938
-0.56201171875,0.964111328125,0.048095703125,29.47998046875,-16.66259765625,-1.28173828125,27.74191474914551,87.80587768554688,-176.64639282226562
-0.489501953125,1.043701171875,0.075439453125,33.69140625,-21.17919921875,4.39453125,27.434675216674805,88.61505889892578,-177.64291381835938
-0.53173828125,1.013916015625,-0.030029296875,45.7763671875,-18.12744140625,16.845703125,26.76458549499512,90.18179321289062,-178.40438842773438
-0.4423828125,1.09130859375,-0.243408203125,48.9501953125,-17.2119140625,29.60205078125,25.41242790222168,92.27745056152344,-178.98623657226562
-0.35888671875,1.083984375,-0.294921875,35.09521484375,-14.0380859375,29.23583984375,23.99444007873535,93.91129302978516,-179.45790100097656
-0.345947265625,1.036376953125,-0.239013671875,21.42333984375,-21.91162109375,27.16064453125,22.754213333129886,94.70997619628906,-180.35911560058597
-0.356201171875,0.99755859375,-0.197265625,11.474609375,-20.93505859375,25.32958984375,21.68777275085449,95.03770446777344,-181.2620849609375
0.000244140625,1.071044921875,-0.222900390625,11.23046875,-24.169921875,18.06640625,20.22299575805664,95.36178588867188,-182.26573181152344
-0.009521484375,0.982666015625,-0.252197265625,9.1552734375,-6.89697265625,-2.44140625,19.588356018066406,95.99640655517578,-182.4224395751953
-0.071044921875,0.9716796875,-0.25,0.30517578125,-4.2724609375,-18.49365234375,19.73592567443848,96.31465911865234,-182.40182495117188
-0.13623046875,0.94921875,-0.235595703125,-3.72314453125,4.2724609375,-23.62060546875,20.189937591552734,96.56928253173828,-182.00177001953125
-0.196044921875,0.927978515625,-0.170166015625,-8.6669921875,12.14599609375,-22.27783203125,20.67930221557617,96.5840835571289,-181.3239898681641
-0.2138671875,0.866455078125,-0.105712890625,-5.67626953125,15.07568359375,-15.9912109375,20.964370727539066,96.6128921508789,-180.60153198242188
-0.27001953125,0.896728515625,-0.09228515625,1.220703125,16.7236328125,-10.68115234375,21.133434295654297,96.8911590576172,-179.8508758544922
-0.3046875,0.9169921875,-0.1796875,3.5400390625,22.5830078125,4.33349609375,20.723243713378906,97.5220947265625,-178.8601837158203
-0.322509765625,0.94921875,-0.295654296875,5.79833984375,24.84130859375,10.6201171875,20.06106376647949,98.47706604003906,-177.74176025390625
0.158935546875,1.024169921875,-0.322021484375,-10.009765625,0.48828125,22.3388671875,18.099624633789066,98.39723205566406,-177.73585510253906
-0.0791015625,0.935302734375,-0.382568359375,-37.4755859375,18.4326171875,-29.1748046875,18.627485275268555,97.75569915771484,-176.61099243164062
-0.083984375,0.96484375,-0.360107421875,-55.72509765625,15.56396484375,-43.3349609375,19.73004722595215,96.33356475830078,-175.5517578125
-0.16455078125,0.975341796875,-0.270263671875,-61.6455078125,26.18408203125,-54.443359375,21.378273010253906,94.70787811279295,-174.07481384277344
-0.32763671875,1.042724609375,-0.229248046875,-55.60302734375,39.73388671875,-48.03466796875,23.001243591308594,93.48902130126952,-172.09503173828125
-0.407470703125,1.0634765625,-0.200439453125,-47.91259765625,48.27880859375,-28.6865234375,23.940711975097656,92.71524810791016,-169.81141662597656
-0.36865234375,0.991455078125,-0.165771484375,-38.63525390625,53.7109375,-5.55419921875,23.910419464111328,92.3908233642578,-167.34410095214844
-0.322265625,0.830810546875,-0.501953125,-5.126953125,78.18603515625,-12.51220703125,24.07835960388184,94.72018432617188,-163.43557739257812
-0.0634765625,0.88818359375,-0.353271484375,-30.21240234375,65.24658203125,-2.0751953125,23.16984558105469,95.3656768798828,-160.30128479003906
-0.142333984375,0.8349609375,-0.25341796875,-49.6826171875,77.1484375,-7.32421875,22.634950637817386,95.1663589477539,-156.7462921142578
-0.25830078125,0.760498046875,-0.13720703125,-54.19921875,87.21923828125,-14.83154296875,22.74873352050781,94.6694564819336,-152.84722900390625
-0.307861328125,0.759765625,-0.038818359375,-35.5224609375,89.111328125,-16.7236328125,23.0789852142334,94.69281005859376,-148.96221923828125
-0.28369140625,0.877197265625,-0.28173828125,-23.62060546875,99.91455078125,-7.080078125,22.755733489990234,95.96867370605469,-144.41017150878906
-0.28564453125,0.909423828125,-0.29296875,-28.564453125,98.69384765625,-5.7373046875,22.297739028930664,96.9413604736328,-139.95433044433594
-0.29931640625,0.95703125,-0.3291015625,-37.53662109375,103.57666015625,-8.72802734375,21.8880615234375,97.60958099365234,-135.29092407226562
-0.343505859375,1.0029296875,-0.27099609375,-43.3349609375,101.806640625,-11.5966796875,21.64814567565918,97.80809783935548,-130.77056884765622
-0.246826171875,1.064697265625,-0.313232421875,-46.93603515625,86.60888671875,-25.0244140625,21.803668975830078,97.7004165649414,-126.79953002929688
-0.19482421875,0.94921875,-0.17626953125,-45.2880859375,83.55712890625,-31.005859375,22.166635513305664,97.40068817138672,-123.00655364990234
-0.42333984375,0.933349609375,-0.536376953125,-41.56494140625,107.97119140625,-33.63037109375,22.91042900085449,98.46318817138672,-117.8440933227539
-0.3916015625,0.94775390625,-0.4130859375,-55.35888671875,122.25341796875,-26.67236328125,23.14270401000977,98.96915435791016,-112.18627166748048
-0.37158203125,0.94677734375,-0.37060546875,-68.90869140625,130.126953125,-17.27294921875,22.891101837158203,98.936767578125,-106.2938003540039
-0.34765625,0.9482421875,-0.313232421875,-73.73046875,146.30126953125,-7.38525390625,22.124713897705078,98.77499389648438,-99.84917449951172
-0.338134765625,0.93505859375,-0.241943359375,-66.5283203125,164.306640625,1.220703125,20.936866760253906,98.89952850341795,-92.80396270751952
-0.334716796875,0.937744140625,-0.2548828125,-56.09130859375,161.43798828125,3.173828125,19.69927215576172,99.2549057006836,-85.95014190673828
-0.3564453125,0.89990234375,-0.239501953125,-57.92236328125,140.93017578125,10.7421875,18.4144229888916,99.04942321777344,-80.07329559326172
-0.176513671875,0.768310546875,-0.246826171875,-49.9267578125,132.01904296875,-28.01513671875,18.428510665893555,99.1970672607422,-74.28340911865234
-0.38671875,0.906982421875,-0.387451171875,-53.5888671875,128.23486328125,-30.21240234375,18.909420013427734,99.36190795898438,-68.56916809082031
-0.341796875,0.922119140625,-0.3701171875,-69.580078125,125.42724609375,-18.4326171875,18.8455753326416,98.79766082763672,-63.0577392578125
-0.302978515625,0.876708984375,-0.245849609375,-76.0498046875,126.03759765625,-14.0380859375,18.644695281982425,97.73976135253906,-57.62397003173828
-0.358642578125,0.8583984375,-0.1875,-72.44873046875,121.64306640625,-12.939453125,18.672771453857425,96.6614761352539,-52.4131088256836
-0.3720703125,0.845703125,-0.181640625,-66.0400390625,114.19677734375,-9.58251953125,18.726940155029297,95.7708740234375,-47.516944885253906
-0.36865234375,0.822509765625,-0.196533203125,-61.70654296875,100.76904296875,-3.41796875,18.668678283691406,94.94871520996094,-43.180763244628906
-0.357421875,0.86474609375,-0.24658203125,-56.21337890625,95.21484375,1.28173828125,18.42498588562012,94.38632202148438,-39.05276489257813
-0.3173828125,0.863037109375,-0.269287109375,-53.16162109375,89.2333984375,6.7138671875,17.939571380615234,93.91886138916016,-35.172927856445305
-0.254150390625,0.84326171875,-0.24560546875,-47.05810546875,90.576171875,8.7890625,17.280481338500973,93.65646362304688,-31.25977325439453
-0.271484375,0.851806640625,-0.235595703125,-40.0390625,91.796875,5.55419921875,16.817176818847653,93.63006591796876,-27.30919647216797
-0.324462890625,0.87451171875,-0.231689453125,-35.2783203125,90.33203125,3.96728515625,16.540668487548828,93.72038269042969,-23.43572807312012
-0.34326171875,0.906494140625,-0.21337890625,-34.3017578125,79.58984375,9.21630859375,16.112146377563473,93.6286849975586,-20.051700592041016
-0.3076171875,0.896240234375,-0.197265625,-29.4189453125,74.5849609375,15.380859375,15.403000831604006,93.61155700683594,-16.910516738891598
-0.24951171875,0.86474609375,-0.199462890625,-22.4609375,71.4111328125,21.54541015625,14.369361877441404,93.81383514404295,-13.928102493286133
-0.18017578125,0.91357421875,-0.258544921875,-15.2587890625,73.79150390625,22.216796875,13.131881713867188,94.37458038330078,-10.851441383361816
-0.185546875,0.924560546875,-0.272216796875,-15.80810546875,75.927734375,19.59228515625,12.019539833068848,94.86885833740234,-7.713104724884032
-0.1708984375,0.940673828125,-0.2890625,-20.20263671875,72.265625,14.5263671875,11.10505485534668,95.1115951538086,-4.730400085449219
-0.15380859375,0.9423828125,-0.2734375,-24.84130859375,69.82421875,7.2021484375,10.48203945159912,95.07037353515624,-1.8441457748413088
-0.12890625,0.9755859375,-0.276611328125,-25.81787109375,69.39697265625,1.89208984375,10.033130645751953,94.95294189453124,1.034001350402832
-0.121337890625,1.011474609375,-0.25634765625,-24.35302734375,71.6552734375,-4.45556640625,9.825270652770996,94.83876037597656,4.010695457458496
-0.15478515625,1.0439453125,-0.28173828125,-23.0712890625,74.89013671875,-10.3759765625,9.913347244262695,94.83684539794922,7.14366340637207
-0.173095703125,1.089599609375,-0.294189453125,-23.37646484375,76.96533203125,-13.24462890625,10.127157211303713,94.84708404541016,10.372686386108398
-0.19287109375,1.093994140625,-0.272216796875,-25.20751953125,79.7119140625,-14.95361328125,10.43057918548584,94.77351379394531,13.71458625793457
-0.221923828125,1.070556640625,-0.2119140625,-26.3671875,80.078125,-15.07568359375,10.801925659179688,94.56771087646484,17.056415557861328
-0.22119140625,1.02392578125,-0.194580078125,-24.84130859375,77.94189453125,-14.70947265625,11.180112838745117,94.4187469482422,20.313220977783203
-0.220703125,1.0556640625,-0.215087890625,-23.98681640625,76.72119140625,-15.07568359375,11.552300453186035,94.3523178100586,23.533920288085934
-0.23291015625,1.036865234375,-0.190185546875,-24.96337890625,74.462890625,-15.19775390625,11.961451530456545,94.20777130126952,26.659954071044922
-0.25390625,0.984375,-0.166259765625,-26.67236328125,73.6083984375,-13.671875,12.377337455749512,93.98133087158205,29.74545288085937
-0.2451171875,0.9638671875,-0.14501953125,-26.30615234375,71.59423828125,-9.09423828125,12.6058988571167,93.7347412109375,32.73254776000977
-0.225341796875,0.896484375,-0.08935546875,-20.6298828125,68.7255859375,-3.90625,12.632524490356445,93.58992004394531,35.56715774536133
-0.17919921875,0.902587890625,-0.09130859375,-15.7470703125,67.7490234375,-1.28173828125,12.444721221923828,93.63623809814452,38.35652542114258
-0.166748046875,0.9189453125,-0.125732421875,-11.90185546875,67.93212890625,-0.8544921875,12.201300621032715,93.90605926513672,41.16625595092773
-0.150634765625,0.92578125,-0.153564453125,-11.474609375,67.5048828125,-2.5634765625,11.98102569580078,94.23345947265624,43.97141647338867
-0.15625,0.941650390625,-0.157470703125,-14.0380859375,67.138671875,-7.080078125,11.94447422027588,94.44119262695312,46.77157211303711
-0.15576171875,0.935302734375,-0.155029296875,-18.798828125,65.185546875,-12.0849609375,12.110968589782715,94.43687438964844,49.50714492797852
-0.167236328125,0.9130859375,-0.143310546875,-22.88818359375,63.1103515625,-19.71435546875,12.621227264404295,94.25244903564452,52.1821403503418
-0.19775390625,0.938232421875,-0.1357421875,-24.169921875,62.1337890625,-25.0244140625,13.39486026763916,94.02035522460938,54.83479309082031
-0.25244140625,0.952392578125,-0.10107421875,-23.86474609375,59.814453125,-26.79443359375,14.343442916870115,93.74007415771484,57.38627624511719
-0.31201171875,0.949462890625,-0.079833984375,-22.03369140625,52.91748046875,-21.78955078125,15.218591690063475,93.45832824707031,59.63605499267578
-0.3193359375,0.93359375,-0.05859375,-18.49365234375,46.9970703125,-14.95361328125,15.83933162689209,93.24081420898438,61.618568420410156
-0.28515625,0.929443359375,-0.044189453125,-15.44189453125,39.1845703125,-7.9345703125,16.109487533569336,93.04119110107422,63.25547790527344
-0.24267578125,0.927001953125,-0.076171875,-9.765625,33.99658203125,-4.57763671875,16.153432846069336,93.0979995727539,64.69416046142578
-0.236572265625,0.923583984375,-0.10009765625,-9.1552734375,31.06689453125,-4.82177734375,16.197465896606445,93.20413970947266,66.02821350097656
-0.2197265625,0.935546875,-0.118408203125,-10.07080078125,26.67236328125,-5.18798828125,16.217281341552734,93.26123809814452,67.19160461425781
-0.220458984375,0.923583984375,-0.114501953125,-12.02392578125,22.03369140625,-7.50732421875,16.348007202148438,93.1808090209961,68.16606140136719
-0.216796875,0.92724609375,-0.0927734375,-11.962890625,19.34814453125,-8.544921875,16.513019561767578,93.0229263305664,69.017333984375
-0.22705078125,0.927978515625,-0.092529296875,-10.68115234375,17.4560546875,-8.72802734375,16.708158493041992,92.90167236328124,69.79184722900389
-0.2197265625,0.9384765625,-0.1044921875,-8.72802734375,14.09912109375,-7.75146484375,16.842288970947266,92.8513641357422,70.43378448486328
-0.200927734375,0.951416015625,-0.110107421875,-7.6904296875,12.63427734375,-7.8125,16.927665710449222,92.8388442993164,71.01903533935547
-0.227783203125,0.962890625,-0.123291015625,-7.32421875,12.14599609375,-7.99560546875,17.07210350036621,92.86412048339844,71.5927963256836
-0.224365234375,0.9599609375,-0.11767578125,-6.65283203125,9.70458984375,-8.36181640625,17.224483489990234,92.87450408935548,72.06236267089844
-0.23828125,0.958984375,-0.12060546875,-9.33837890625,8.1787109375,-7.99560546875,17.391164779663086,92.76573944091795,72.46969604492188
-0.2353515625,0.955810546875,-0.107666015625,-8.544921875,5.0048828125,-9.21630859375,17.602527618408203,92.62499237060548,72.73925018310547
-0.246826171875,0.957275390625,-0.08642578125,-7.080078125,2.8076171875,-9.8876953125,17.862157821655273,92.4698715209961,72.9037857055664
