0.10107421875,0.974609375,0.052001953125,-6.8359375,-5.06591796875,4.94384765625,-6.084901332855225,80.9595718383789,123.01597595214844
0.10107421875,1.007080078125,0.007568359375,-7.32421875,-4.5166015625,-0.1220703125,-6.095304012298584,81.01219177246094,122.80088806152344
0.024169921875,0.976806640625,-0.000244140625,-8.1787109375,-4.57763671875,-1.15966796875,-5.894131183624268,81.04820251464844,122.5746612548828
0.0732421875,0.977294921875,0.088623046875,-9.46044921875,-4.82177734375,3.84521484375,-5.884293079376222,80.81874084472656,120.53498840332031
0.080810546875,0.96630859375,0.052978515625,-6.65283203125,-4.638671875,0.732421875,-5.8983211517333975,80.7962646484375,120.33204650878906
0.052490234375,1.002685546875,-0.00732421875,-5.615234375,-5.18798828125,0.1220703125,-5.8224220275878915,80.95997619628906,120.0885772705078
0.1044921875,0.996826171875,0.062744140625,-6.16455078125,-4.150390625,3.90625,-5.992919921875,80.67232513427734,119.34525299072266
0.090576171875,0.998046875,0.0068359375,-6.2255859375,-4.94384765625,-0.1220703125,-5.9889960289001465,80.78324890136719,119.11249542236328
0.03173828125,0.996826171875,0.0078125,-7.75146484375,-4.45556640625,-0.67138671875,-5.8270931243896475,80.82586669921875,118.89582824707031
0.100830078125,0.99560546875,0.002197265625,-8.056640625,-4.21142578125,2.50244140625,-5.983585834503174,80.83275604248047,118.14960479736328
0.047607421875,0.9599609375,0.054443359375,-7.6904296875,-4.33349609375,-1.03759765625,-5.845264911651611,80.7645492553711,117.94733428955078
0.013671875,0.966796875,0.05419921875,-7.75146484375,-4.45556640625,-0.1220703125,-5.6694092750549325,80.69772338867188,117.7458724975586
0.06787109375,0.966796875,0.091796875,-10.07080078125,-4.94384765625,4.08935546875,-5.775397777557372,80.63024139404297,116.9622039794922
0.0751953125,0.970703125,0.06884765625,-5.859375,-5.06591796875,1.52587890625,-5.813918113708496,80.61146545410156,116.75091552734376
0.0478515625,0.984130859375,0.004150390625,-5.43212890625,-4.45556640625,0.06103515625,-5.726271152496338,80.76049041748047,116.53874206542969
0.101318359375,0.964599609375,0.03125,-6.28662109375,-4.33349609375,4.0283203125,-5.807155132293701,80.66187286376953,115.76203918457031
0.07080078125,0.974365234375,0.003173828125,-6.34765625,-4.5166015625,0.48828125,-5.791241645812987,80.77403259277344,115.55030822753906
0.03466796875,0.99755859375,0.009765625,-9.1552734375,-4.8828125,-0.42724609375,-5.656064510345459,80.75726318359375,115.31981658935548
0.104248046875,0.98046875,-0.0029296875,-8.11767578125,-4.82177734375,2.62451171875,-5.7949461936950675,80.77360534667969,114.5759506225586
0.060791015625,0.976318359375,0.048828125,-8.36181640625,-4.638671875,0.1220703125,-5.740722179412843,80.69584655761719,114.3680648803711
0.016357421875,0.976806640625,0.06982421875,-7.2021484375,-4.7607421875,-0.1220703125,-5.576680660247803,80.61955261230469,114.15821838378906
0.0634765625,0.974853515625,0.06201171875,-9.09423828125,-4.45556640625,2.5634765625,-5.694425106048584,80.53626251220703,113.40745544433594
0.058349609375,0.972412109375,0.047607421875,-5.92041015625,-4.150390625,1.28173828125,-5.6822662353515625,80.56497192382812,113.22589874267578
0.049560546875,1.000732421875,-0.002685546875,-6.53076171875,-5.2490234375,1.708984375,-5.672182559967041,80.689208984375,112.99193572998048
0.211181640625,0.841552734375,0.213134765625,5.126953125,80.62744140625,30.1513671875,-7.691784858703612,79.42371368408203,119.18946075439452
0.220458984375,0.951904296875,-0.08203125,11.962890625,70.98388671875,18.798828125,-8.154237747192383,80.07763671875,122.06507873535156
0.09130859375,0.950439453125,-0.11572265625,4.150390625,79.58984375,15.07568359375,-8.12498664855957,80.42877960205078,125.24429321289062
0.157470703125,1.01416015625,0.04541015625,3.5400390625,82.70263671875,12.39013671875,-8.101401329040527,80.3545150756836,128.58488464355472
-0.00244140625,1.337646484375,0.4638671875,17.333984375,88.9892578125,19.1650390625,-7.944406509399414,80.13883972167969,132.31143188476562
0.09033203125,1.129638671875,0.599853515625,36.92626953125,101.37939453125,26.30615234375,-8.165225028991701,80.29456329345703,136.62580871582028
0.548828125,0.695068359375,0.460693359375,64.02587890625,146.66748046875,20.6298828125,-9.044493675231934,81.16566467285156,142.71900939941406
0.448974609375,0.654052734375,0.318115234375,90.14892578125,164.4287109375,-6.28662109375,-8.813641548156738,83.16102600097656,149.35545349121094
-0.423095703125,1.611083984375,-2.364013671875,87.09716796875,150.57373046875,-21.728515625,-6.999747276306152,87.82901000976562,155.0504150390625
-1.234130859375,0.92822265625,-0.699951171875,39.97802734375,117.61474609375,2.38037109375,-5.225255012512207,89.90155029296875,159.68495178222656
-0.120849609375,0.82421875,0.6689453125,37.29248046875,91.4306640625,39.794921875,-6.390317440032959,89.57344055175781,163.49102783203125
0.151611328125,0.77001953125,-0.197265625,68.17626953125,156.67724609375,42.78564453125,-8.385100364685059,92.0513687133789,169.70408630371094
0.1005859375,0.980712890625,-0.046142578125,78.06396484375,173.33984375,43.39599609375,-10.401198387145996,94.05150604248048,-183.3900604248047
0.134765625,0.8798828125,-0.1240234375,74.8291015625,166.3818359375,38.75732421875,-12.463374137878418,95.8696517944336,-176.80430603027344
0.152099609375,1.036376953125,-0.1806640625,68.9697265625,66.46728515625,5.126953125,-12.829446792602539,98.1845474243164,-174.15724182128906
0.295166015625,1.2978515625,-0.027099609375,64.63623046875,23.49853515625,-26.79443359375,-11.931857109069824,100.23603057861328,-172.96348571777344
0.282470703125,1.474853515625,0.138916015625,72.8759765625,61.70654296875,-49.62158203125,-10.447335243225098,101.96485137939452,-169.96994018554688
0.259033203125,1.250244140625,0.021484375,81.787109375,104.736328125,-51.57470703125,-9.454937934875488,103.9139404296875,-165.2611541748047
0.1650390625,1.0234375,-0.18798828125,91.73583984375,110.9619140625,-51.33056640625,-8.646443367004395,106.65906524658205,-160.35391235351562
0.14990234375,1.08837890625,-0.306640625,103.69873046875,70.068359375,-56.70166015625,-7.355286598205566,110.2812271118164,-156.93374633789062
0.228759765625,1.181640625,-0.218017578125,107.7880859375,48.15673828125,-58.10546875,-6.0809526443481445,113.88245391845705,-154.20697021484375
0.2265625,1.198974609375,-0.169677734375,108.45947265625,55.72509765625,-53.3447265625,-5.321901798248291,117.3026123046875,-151.19796752929688
0.103271484375,1.092041015625,-0.237060546875,112.97607421875,72.57080078125,-50.78125,-4.977861404418945,120.9001922607422,-147.60523986816406
0.066162109375,1.0712890625,-0.3154296875,115.29541015625,70.61767578125,-52.978515625,-4.680385112762451,124.6321792602539,-144.02047729492188
0.09130859375,1.089599609375,-0.376220703125,113.95263671875,59.14306640625,-56.396484375,-4.285433769226073,128.31452941894528,-140.71771240234378
0.1396484375,0.960693359375,-0.44921875,108.88671875,48.33984375,-56.70166015625,-3.940211057662964,131.93138122558594,-137.73493957519528
0.125244140625,0.84765625,-0.491455078125,106.38427734375,44.98291015625,-52.06298828125,-3.8238985538482666,135.53070068359378,-134.96139526367188
0.149658203125,0.8291015625,-0.46630859375,103.82080078125,46.7529296875,-44.25048828125,-4.208861827850342,138.86918640136722,-132.35061645507812
0.197265625,0.825439453125,-0.52880859375,96.86279296875,53.5888671875,-33.63037109375,-5.2966346740722665,141.91305541992188,-129.90274047851562
0.153076171875,0.764404296875,-0.594482421875,93.6279296875,54.0771484375,-29.4189453125,-6.48576545715332,144.87454223632812,-127.61162567138672
0.17138671875,0.6318359375,-0.671630859375,91.12548828125,46.08154296875,-27.7099609375,-7.572531700134277,147.95816040039062,-125.62358856201172
0.19580078125,0.627685546875,-0.68115234375,87.34130859375,36.0107421875,-24.7802734375,-8.487133979797362,150.81063842773438,-123.97136688232422
0.20703125,0.6025390625,-0.660888671875,82.51953125,32.28759765625,-23.193359375,-9.384971618652344,153.37258911132812,-122.45806121826172
0.201416015625,0.6171875,-0.62451171875,76.23291015625,32.04345703125,-20.08056640625,-10.354125022888184,155.4973602294922,-121.04989624023438
0.17724609375,0.5615234375,-0.696533203125,71.2890625,34.5458984375,-18.1884765625,-11.37804889678955,157.5463409423828,-119.70895385742188
0.185302734375,0.49462890625,-0.744140625,70.6787109375,27.83203125,-20.8740234375,-12.132342338562012,159.6836395263672,-118.4130401611328
0.1298828125,0.384521484375,-0.769287109375,72.57080078125,20.751953125,-24.10888671875,-12.463178634643555,162.0770721435547,-117.14604949951172
0.178955078125,0.486572265625,-0.704345703125,73.73046875,21.42333984375,-24.5361328125,-12.993457794189453,164.09774780273438,-115.7847671508789
0.1923828125,0.46826171875,-0.739990234375,72.44873046875,26.3671875,-23.5595703125,-13.767009735107422,166.0653076171875,-114.42323303222656
0.1796875,0.3876953125,-0.791748046875,71.96044921875,22.15576171875,-23.4375,-14.344923973083494,168.17991638183594,-113.15982818603516
0.215087890625,0.361083984375,-0.814208984375,74.0966796875,16.54052734375,-21.1181640625,-14.820723533630373,170.41664123535156,-112.0549545288086
0.197509765625,0.352783203125,-0.81787109375,73.974609375,13.00048828125,-15.5029296875,-15.169114112854006,172.6439971923828,-111.1979751586914
0.212158203125,0.33642578125,-0.82373046875,74.27978515625,6.8359375,-9.58251953125,-15.351031303405762,174.9154052734375,-110.61579132080078
0.2373046875,0.302734375,-0.842041015625,74.462890625,5.7373046875,-0.42724609375,-15.580272674560547,177.30859375,-110.42736053466795
0.1943359375,0.2578125,-0.882568359375,75.37841796875,5.67626953125,3.84521484375,-15.684938430786133,179.82510375976562,-110.43113708496094
0.19091796875,0.266845703125,-0.88330078125,75.01220703125,1.708984375,5.79833984375,-15.618772506713867,-177.76861572265625,-110.4900360107422
0.2060546875,0.3154296875,-0.883544921875,71.10595703125,-1.8310546875,4.39453125,-15.454575538635256,-175.7342071533203,-110.43372344970705
0.21337890625,0.2646484375,-0.895751953125,67.81005859375,-5.615234375,2.86865234375,-15.160185813903807,-173.8075714111328,-110.31201934814452
0.204345703125,0.225830078125,-0.89013671875,64.208984375,-8.1787109375,1.89208984375,-14.762958526611328,-172.03054809570312,-110.13619995117188
0.2177734375,0.24755859375,-0.841796875,59.50927734375,-4.69970703125,4.638671875,-14.570127487182615,-170.5506134033203,-110.05563354492188
0.183837890625,0.202880859375,-0.869384765625,55.6640625,-2.0751953125,6.7138671875,-14.370417594909668,-169.14279174804688,-110.08929443359376
0.1796875,0.160888671875,-0.9140625,52.734375,-4.57763671875,7.568359375,-14.034157752990724,-167.78562927246094,-110.15227508544922
0.17529296875,0.118408203125,-0.902099609375,50.4150390625,-7.32421875,8.23974609375,-13.585686683654785,-166.47946166992188,-110.2265396118164
0.1904296875,0.10791015625,-0.898193359375,47.91259765625,-5.37109375,9.3994140625,-13.253775596618652,-165.2833709716797,-110.35969543457031
0.189453125,0.1396484375,-0.892578125,45.10498046875,-5.2490234375,11.1083984375,-12.924259185791016,-164.30728149414062,-110.53298950195312
0.187744140625,0.06640625,-0.93017578125,41.015625,-8.7890625,13.916015625,-12.403019905090332,-163.3395233154297,-110.8075180053711
0.185791015625,0.031982421875,-0.93017578125,38.57421875,-10.8642578125,16.17431640625,-11.78168487548828,-162.41754150390625,-111.15282440185548
0.159423828125,0.044921875,-0.92138671875,36.376953125,-10.68115234375,20.08056640625,-11.081209182739258,-161.6291046142578,-111.63529205322266
0.19287109375,0.141357421875,-0.90234375,33.203125,-8.60595703125,23.62060546875,-10.538533210754396,-161.19036865234375,-112.23624420166016
0.144287109375,0.087646484375,-0.927001953125,32.5927734375,-7.4462890625,22.0947265625,-9.939054489135742,-160.6899871826172,-112.81507110595705
0.1318359375,0.078857421875,-0.918212890625,34.912109375,-12.02392578125,20.751953125,-9.174079895019533,-160.12564086914062,-113.28313446044922
0.13134765625,0.138671875,-0.953857421875,40.58837890625,-10.43701171875,18.98193359375,-8.510104179382324,-159.4886932373047,-113.68738555908205
0.160400390625,0.14990234375,-0.95166015625,43.64013671875,-8.544921875,17.578125,-8.024173736572267,-158.77944946289062,-114.06430053710938
0.1611328125,0.130859375,-0.9453125,43.76220703125,-8.60595703125,15.0146484375,-7.587929725646973,-158.0695037841797,-114.34781646728516
0.145263671875,0.053466796875,-0.95458984375,43.5791015625,-11.16943359375,13.427734375,-7.0437331199646,-157.2447509765625,-114.5516357421875
0.143798828125,0.01904296875,-0.967041015625,44.98291015625,-12.5732421875,12.3291015625,-6.470276355743407,-156.32913208007812,-114.69760131835938
0.144775390625,0.02490234375,-0.9541015625,44.5556640625,-15.625,11.90185546875,-5.818650722503662,-155.48635864257812,-114.7717514038086
0.140869140625,-0.00927734375,-0.94287109375,41.44287109375,-14.2822265625,13.73291015625,-5.198843955993652,-154.71868896484375,-114.93976593017578
0.148681640625,-0.043212890625,-0.9306640625,39.73388671875,-13.48876953125,15.380859375,-4.6191673278808585,-153.96630859375,-115.185791015625
0.1123046875,-0.093017578125,-0.95068359375,40.58837890625,-11.53564453125,15.07568359375,-4.0349979400634775,-153.10433959960938,-115.45922088623048
0.10302734375,-0.117431640625,-0.9326171875,40.8935546875,-7.14111328125,12.51220703125,-3.651554822921753,-152.2078857421875,-115.72122192382812
0.12841796875,-0.065185546875,-0.903564453125,36.07177734375,-7.38525390625,9.765625,-3.396986484527588,-151.6562042236328,-115.87152099609376
0.147705078125,-0.018798828125,-0.917724609375,32.65380859375,-8.056640625,9.3994140625,-3.1795046329498287,-151.36691284179688,-115.98936462402344
0.124267578125,-0.09521484375,-0.94482421875,29.052734375,-12.51220703125,9.521484375,-2.739633798599243,-151.07557678222656,-116.03549194335938
0.0849609375,-0.13134765625,-0.9248046875,29.96826171875,-11.77978515625,9.27734375,-2.254572868347168,-150.67677307128906,-116.09343719482422
0.125732421875,-0.104248046875,-0.89111328125,28.1982421875,-9.765625,8.72802734375,-1.9791704416275024,-150.41114807128906,-116.17306518554688
0.126953125,-0.095458984375,-0.8876953125,23.3154296875,-6.77490234375,8.36181640625,-1.8294174671173096,-150.3691864013672,-116.3002700805664
0.111328125,-0.16064453125,-0.8935546875,20.56884765625,-5.7373046875,9.033203125,-1.6622269153594968,-150.28994750976562,-116.47789001464844
0.09423828125,-0.23095703125,-0.921630859375,18.1884765625,-7.9345703125,9.46044921875,-1.36227285861969,-150.16441345214844,-116.63243103027344
0.098388671875,-0.19091796875,-0.907470703125,14.892578125,-6.7138671875,10.3759765625,-1.1142531633377075,-150.25909423828125,-116.84364318847656
0.114990234375,-0.12939453125,-0.87548828125,10.1318359375,-4.5166015625,10.19287109375,-1.0106604099273682,-150.6693572998047,-117.09353637695312
0.09326171875,-0.158203125,-0.90185546875,6.8359375,-6.28662109375,8.23974609375,-0.8256494402885437,-151.14395141601562,-117.2462158203125
0.088623046875,-0.21923828125,-0.934326171875,8.4228515625,-9.33837890625,6.04248046875,-0.5615172982215881,-151.41473388671875,-117.27051544189452
0.087890625,-0.223388671875,-0.957275390625,11.65771484375,-8.72802734375,6.16455078125,-0.3200514316558838,-151.54820251464844,-117.3153839111328
0.1064453125,-0.209716796875,-0.947021484375,13.18359375,-8.48388671875,5.859375,-0.1479693353176117,-151.6392364501953,-117.35749816894531
0.104736328125,-0.17626953125,-0.890869140625,9.21630859375,-9.82666015625,6.591796875,0.06540913879871367,-151.9362335205078,-117.40281677246094
0.106201171875,-0.169189453125,-0.911865234375,5.9814453125,-8.6669921875,6.8359375,0.2358782589435577,-152.3779296875,-117.48355102539062
0.081787109375,-0.216064453125,-0.924072265625,6.103515625,-7.568359375,6.8359375,0.4241453409194946,-152.69798278808594,-117.58924865722656
0.091796875,-0.245361328125,-0.941162109375,6.7138671875,-8.72802734375,2.74658203125,0.553187370300293,-152.92294311523438,-117.53156280517578
0.1142578125,-0.246826171875,-0.934814453125,7.32421875,-11.53564453125,-0.9765625,0.6568248867988586,-153.10446166992188,-117.29254150390624
0.114501953125,-0.251953125,-0.90625,5.126953125,-10.92529296875,-3.11279296875,0.6889938116073608,-153.33734130859375,-116.98988342285156
0.1259765625,-0.1904296875,-0.90234375,2.197265625,-7.8125,1.28173828125,0.6554504036903381,-153.82090759277344,-116.90316009521484
0.1064453125,-0.225830078125,-0.92724609375,2.3193359375,-7.14111328125,3.2958984375,0.690829336643219,-154.21450805664062,-116.90200805664062
0.077392578125,-0.23095703125,-0.922119140625,3.173828125,-6.34765625,2.197265625,0.7449392080307007,-154.54525756835938,-116.87706756591795
0.08544921875,-0.229736328125,-0.88916015625,1.52587890625,-5.31005859375,-3.2958984375,0.6399970054626465,-154.91033935546875,-116.67250061035156
0.097900390625,-0.2490234375,-0.86767578125,-1.64794921875,-6.28662109375,-4.5166015625,0.5207508802413939,-155.32766723632812,-116.40635681152344
0.1005859375,-0.254150390625,-0.8505859375,-6.7138671875,-4.5166015625,-2.44140625,0.3673664629459381,-155.90858459472656,-116.24481201171876
0.073974609375,-0.201904296875,-0.8076171875,-15.9912109375,0.30517578125,-4.45556640625,0.06923286616802216,-156.94248962402344,-116.08710479736328
0.07861328125,-0.228515625,-0.836181640625,-23.0712890625,0.9765625,-10.1318359375,-0.32925522327423096,-158.17234802246094,-115.7256088256836
0.095947265625,-0.21533203125,-0.865234375,-29.47998046875,0.54931640625,-15.68603515625,-0.8051574230194092,-159.66746520996094,-115.143310546875
0.125244140625,-0.23779296875,-0.908447265625,-33.38623046875,5.31005859375,-15.13671875,-1.4759016036987305,-161.2366485595703,-114.63684844970705
0.135986328125,-0.33740234375,-0.958984375,-26.67236328125,0.732421875,-10.43701171875,-1.8776079416275024,-162.288818359375,-114.24797058105469
0.18359375,-0.271728515625,-0.98583984375,-19.775390625,-1.46484375,-3.0517578125,-2.1823477745056152,-163.12596130371094,-114.1106414794922
0.127197265625,-0.2958984375,-0.97216796875,-9.6435546875,-3.41796875,2.01416015625,-2.225790739059448,-163.50486755371094,-114.14852905273438
0.15380859375,-0.25537109375,-0.90234375,-8.60595703125,-4.21142578125,5.4931640625,-2.2849161624908447,-163.8668670654297,-114.3109130859375
0.170654296875,-0.18798828125,-0.85498046875,-12.8173828125,-4.0283203125,8.23974609375,-2.388457775115967,-164.5128173828125,-114.57727813720705
0.13525390625,-0.17626953125,-0.852294921875,-21.6064453125,-3.41796875,9.46044921875,-2.415938377380371,-165.5126190185547,-114.8998565673828
0.091064453125,-0.17529296875,-0.82177734375,-26.91650390625,-2.62451171875,8.60595703125,-2.3821463584899902,-166.67347717285156,-115.20384216308594
0.109619140625,-0.203857421875,-0.787353515625,-32.958984375,-3.72314453125,6.89697265625,-2.3874993324279785,-167.93551635742188,-115.44053649902344
0.08984375,-0.166748046875,-0.77685546875,-45.2880859375,-0.1220703125,3.41796875,-2.517970085144043,-169.7420654296875,-115.57164001464844
0.0732421875,-0.121826171875,-0.75244140625,-61.1572265625,5.18798828125,-1.28173828125,-2.8482885360717773,-172.2367706298828,-115.54913330078124
0.04541015625,-0.087646484375,-0.7451171875,-75.68359375,9.3994140625,-5.79833984375,-3.270059823989868,-175.32400512695312,-115.35631561279295
0.052734375,-0.0419921875,-0.698974609375,-93.3837890625,17.822265625,-13.671875,-4.04667329788208,-179.15206909179688,-114.83942413330078
0.0830078125,-0.009521484375,-0.7119140625,-101.98974609375,25.45166015625,-22.4609375,-5.144670009613037,176.67840576171875,-113.9129638671875
0.11376953125,0.035400390625,-0.74169921875,-112.24365234375,20.8740234375,-32.5927734375,-5.986989974975586,172.0624237060547,-112.5247039794922
0.20166015625,0.08056640625,-0.8154296875,-129.82177734375,12.63427734375,-36.7431640625,-6.524811267852782,166.77203369140625,-110.97418975830078
0.21240234375,0.065185546875,-0.83935546875,-139.404296875,12.75634765625,-29.23583984375,-7.002101421356201,161.36776733398438,-109.725830078125
0.174560546875,0.11328125,-0.87060546875,-141.29638671875,14.16015625,-23.193359375,-7.369100570678711,156.00189208984375,-108.6931610107422
0.185302734375,0.240966796875,-0.896484375,-145.81298828125,15.625,-23.13232421875,-7.671507835388184,150.35494995117188,-107.61346435546876
0.2802734375,0.283447265625,-0.96533203125,-147.76611328125,8.48388671875,-29.84619140625,-7.644920825958253,144.77369689941406,-106.4646453857422
0.265869140625,0.26416015625,-1.032958984375,-144.1650390625,2.01416015625,-31.06689453125,-7.228119373321532,139.65031433105472,-105.51620483398438
0.290771484375,0.298583984375,-1.023681640625,-139.2822265625,-6.77490234375,-19.95849609375,-6.837759017944336,134.9176025390625,-105.20710754394531
0.3017578125,0.355224609375,-0.968505859375,-134.94873046875,-4.39453125,-7.62939453125,-6.898576259613037,130.42369079589844,-105.2213134765625
0.21435546875,0.381103515625,-0.94677734375,-131.591796875,-6.77490234375,-3.90625,-6.840339183807372,126.20230865478516,-105.45249938964844
0.2216796875,0.372802734375,-0.93115234375,-120.60546875,-5.615234375,-7.50732421875,-6.734067440032959,122.55363464355469,-105.59886169433594
0.224853515625,0.469970703125,-0.895263671875,-111.26708984375,-5.92041015625,-12.14599609375,-6.465388298034668,119.1956787109375,-105.6719207763672
0.22412109375,0.431640625,-0.861083984375,-104.91943359375,-5.4931640625,-9.21630859375,-6.347005367279053,116.24308776855469,-105.8254852294922
0.3232421875,0.49267578125,-0.6689453125,-105.5908203125,4.08935546875,2.685546875,-7.1270179748535165,112.97630310058594,-105.80980682373048
0.2392578125,0.49560546875,-0.66015625,-107.666015625,13.916015625,3.47900390625,-7.8562378883361825,109.70183563232422,-105.46309661865234
0.1982421875,0.580810546875,-0.654296875,-104.8583984375,25.0244140625,-0.732421875,-8.376052856445312,106.43526458740234,-104.63285064697266
0.240478515625,0.53662109375,-0.73876953125,-110.83984375,30.3955078125,-4.08935546875,-8.855432510375977,103.16415405273438,-103.58950805664062
0.244873046875,0.7197265625,-0.745849609375,-108.70361328125,32.40966796875,-4.39453125,-9.180006980895996,99.81481170654295,-102.44741821289062
0.27099609375,0.583984375,-0.9091796875,-108.94775390625,27.9541015625,-10.43701171875,-9.24787425994873,96.90911102294922,-101.51856994628906
0.372314453125,0.385498046875,-0.890869140625,-115.05126953125,17.822265625,-18.9208984375,-9.205251693725586,94.03392791748048,-101.00535583496094
0.40673828125,0.468994140625,-0.974853515625,-119.81201171875,5.43212890625,-21.54541015625,-8.985167503356934,91.06976318359376,-101.0256118774414
0.4619140625,0.416259765625,-0.9423828125,-123.6572265625,1.220703125,-23.0712890625,-8.854365348815918,88.02083587646484,-101.25521850585938
0.50341796875,0.691162109375,-0.92333984375,-124.8779296875,-16.78466796875,-19.22607421875,-8.848878860473633,84.86332702636719,-102.22312927246094
0.4052734375,0.638671875,-0.8056640625,-126.46484375,-38.57421875,-14.2822265625,-9.106892585754396,81.84689331054688,-104.0963363647461
0.338623046875,0.693115234375,-0.622314453125,-134.765625,-53.89404296875,-11.1083984375,-9.584922790527344,78.4747314453125,-106.56875610351562
0.312255859375,0.711181640625,-0.71533203125,-153.25927734375,-54.931640625,-9.21630859375,-10.202582359313963,74.57633209228516,-109.11353302001952
0.276123046875,1.01220703125,-0.799560546875,-147.4609375,-47.79052734375,-9.21630859375,-10.654305458068848,70.85694885253906,-111.39472198486328
0.27734375,0.74462890625,-0.615234375,-160.400390625,-48.9501953125,-13.61083984375,-11.263357162475586,66.73628234863281,-113.78943634033205
0.268798828125,0.861328125,-0.55419921875,-154.84619140625,-46.0205078125,-24.169921875,-11.502169609069824,62.82537841796875,-116.25830841064452
0.26416015625,0.79931640625,-0.525390625,-148.681640625,-44.5556640625,-37.7197265625,-11.42524528503418,59.29084396362305,-118.96739196777344
0.183837890625,0.813720703125,-0.4306640625,-141.78466796875,-59.6923828125,-47.79052734375,-11.289802551269533,56.17685317993164,-122.4437484741211
0.256103515625,0.89990234375,-0.336669921875,-137.75634765625,-80.9326171875,-45.34912109375,-11.996054649353027,53.25128555297852,-126.55748748779295
0.197509765625,0.8720703125,-0.208740234375,-133.23974609375,-91.1865234375,-35.46142578125,-13.305171966552734,50.51595687866211,-130.75521850585938
0.136962890625,0.89404296875,-0.149658203125,-129.08935546875,-100.09765625,-23.193359375,-15.193415641784668,48.03283309936523,-134.91659545898438
0.084228515625,0.957275390625,-0.06396484375,-125.18310546875,-102.294921875,-4.150390625,-17.63648223876953,45.63506698608398,-138.60049438476562
0.04931640625,0.9833984375,-0.080810546875,-117.67578125,-100.15869140625,9.33837890625,-20.394132614135746,43.62576675415039,-141.86114501953125
-0.008544921875,0.87255859375,-0.1328125,-105.46875,-100.64697265625,16.05224609375,-23.286605834960934,42.33322525024414,-145.0295867919922
-0.026611328125,0.85205078125,-0.118408203125,-77.45361328125,-107.2998046875,20.56884765625,-26.41548156738281,42.36035919189453,-148.37725830078125
0.015380859375,0.8798828125,-0.068603515625,-55.72509765625,-109.43603515625,21.05712890625,-29.575603485107425,43.416664123535156,-151.96713256835938
0.043212890625,0.9130859375,0.01123046875,-39.61181640625,-109.7412109375,20.08056640625,-32.548248291015625,45.23065185546875,-155.8224334716797
0.088623046875,0.951416015625,0.0712890625,-23.74267578125,-109.19189453125,17.9443359375,-35.27667617797852,47.8369369506836,-159.99842834472656
0.0810546875,0.9345703125,0.1396484375,-16.11328125,-103.21044921875,18.61572265625,-37.55656814575195,50.68278884887695,-164.17413330078125
0.014892578125,0.978271484375,0.18896484375,-9.1552734375,-100.03662109375,20.1416015625,-39.4052734375,53.79087829589844,-168.4054412841797
0.002685546875,0.98095703125,0.26806640625,-8.9111328125,-108.58154296875,20.32470703125,-41.14788818359375,57.10609436035156,-173.13699340820312
0.00537109375,1.017578125,0.25537109375,-6.9580078125,-113.22021484375,21.91162109375,-42.77462768554688,60.85888290405274,-178.36114501953125
0.025634765625,0.97119140625,0.23486328125,-0.42724609375,-112.97607421875,24.658203125,-44.21561050415039,65.02787780761719,-183.81390380859372
0.020751953125,0.97216796875,0.206298828125,10.19287109375,-107.2998046875,28.38134765625,-45.3609504699707,69.59652709960939,170.78050231933594
-0.350830078125,0.96533203125,0.247802734375,15.07568359375,-105.52978515625,31.1279296875,-45.77340698242188,74.14586639404297,165.46319580078125
0.044921875,0.93701171875,0.11669921875,20.56884765625,-106.62841796875,27.40478515625,-46.23737335205078,79.44435119628906,159.567138671875
0.080078125,0.9755859375,0.160400390625,24.4140625,-102.35595703125,20.81298828125,-46.094482421875,84.53201293945312,153.91065979003906
0.073974609375,0.950927734375,0.176025390625,21.240234375,-103.33251953125,13.85498046875,-45.34816360473633,89.24549865722656,148.32534790039062
0.115966796875,0.970947265625,0.2412109375,17.7001953125,-104.91943359375,5.92041015625,-44.10318374633789,93.34722137451172,142.99618530273438
0.1015625,1.00390625,0.197265625,16.17431640625,-104.79736328125,-3.5400390625,-42.2144660949707,97.08523559570312,137.89590454101562
0.117431640625,1.050048828125,0.1669921875,12.02392578125,-94.6044921875,-7.6904296875,-40.07423782348633,99.93447875976562,133.59840393066406
0.119384765625,1.031982421875,0.1904296875,9.82666015625,-82.51953125,-11.1083984375,-37.84751510620117,101.84619140625,130.22784423828122
0.037353515625,1.05517578125,0.197509765625,5.67626953125,-78.7353515625,-17.76123046875,-35.246681213378906,103.13908386230469,127.28662109375
0.042236328125,1.075439453125,0.18603515625,0.3662109375,-84.16748046875,-19.775390625,-32.547069549560554,104.14250183105469,124.21296691894531
1.106201171875,0.17724609375,1.80908203125,-81.6650390625,-49.74365234375,-14.58740234375,-32.67671585083008,99.72201538085938,123.34178161621094
-0.4541015625,0.9052734375,-0.318359375,-43.76220703125,-88.80615234375,-25.7568359375,-29.12139892578125,100.35486602783205,119.27546691894531
0.2041015625,1.245849609375,0.1865234375,-43.02978515625,-41.56494140625,-13.73291015625,-27.58112907409668,98.63459777832031,117.9152603149414
-0.15234375,0.823974609375,-0.225341796875,-47.18017578125,-39.306640625,-2.38037109375,-25.87245750427246,97.81060028076172,116.0446319580078
0.064208984375,1.125244140625,-0.015625,-43.15185546875,-27.52685546875,9.8876953125,-25.25319480895996,96.31309509277344,114.90476989746094
-0.14111328125,0.992919921875,-0.052490234375,-40.6494140625,-29.9072265625,12.39013671875,-24.3713436126709,95.11139678955078,113.58609008789062
0.110107421875,0.943115234375,-0.000244140625,-41.50390625,-38.26904296875,12.26806640625,-24.04102325439453,93.92340087890624,111.95662689208984
0.01904296875,1.003662109375,-0.01123046875,-40.58837890625,-28.74755859375,10.8642578125,-23.51522445678711,92.66463470458984,110.72428131103516
0.14892578125,0.9580078125,0.0322265625,-41.07666015625,-11.65771484375,9.94873046875,-23.317975997924805,91.02044677734376,110.27523040771484
0.107177734375,1.481689453125,0.319580078125,-37.29248046875,-5.126953125,7.6904296875,-22.89153480529785,89.04187774658203,110.26541900634766
0.0048828125,0.707275390625,0.268798828125,-27.16064453125,-3.2958984375,13.00048828125,-22.58878326416016,87.15484619140625,110.45573425292969
0.03515625,1.04052734375,0.113525390625,-9.46044921875,-3.90625,18.310546875,-22.521039962768555,86.6651611328125,110.38277435302734
0.139892578125,0.977294921875,0.114990234375,-9.70458984375,-5.67626953125,17.63916015625,-22.668197631835934,86.19420623779297,110.23939514160156
0.046630859375,0.94189453125,0.158203125,-7.62939453125,-23.3154296875,10.19287109375,-22.36220932006836,86.00331115722656,109.3575668334961
0.026123046875,0.966064453125,0.170654296875,-2.99072265625,-39.306640625,6.34765625,-21.90921211242676,86.24285125732422,107.784423828125
0.091552734375,0.97607421875,0.0625,-0.06103515625,-52.001953125,3.47900390625,-21.51081085205078,87.05322265625,105.56373596191406
0.3134765625,1.0078125,-0.133056640625,2.01416015625,-30.82275390625,0.79345703125,-21.425655364990234,88.02881622314453,104.09085083007812
0.304443359375,1.0029296875,-0.2412109375,-3.7841796875,0.18310546875,-2.0751953125,-21.169597625732425,88.48763275146484,103.87210083007812
-0.0927734375,0.933349609375,0.036376953125,10.3759765625,-7.38525390625,-4.39453125,-16.137214660644528,86.692138671875,104.6518783569336
-0.1630859375,0.79296875,-0.04296875,-17.08984375,1.46484375,2.38037109375,-15.173056602478027,86.23656463623047,104.6424331665039
-0.085205078125,0.78759765625,0.17724609375,-16.05224609375,-3.90625,7.99560546875,-14.68528938293457,85.25341796875,104.5940933227539
-0.059814453125,0.8447265625,0.168701171875,-9.3994140625,-4.69970703125,16.54052734375,-14.632403373718262,84.62925720214844,104.52406311035156
0.285888671875,1.123291015625,-0.0576171875,-3.41796875,-5.31005859375,20.263671875,-15.444053649902346,84.84461212158203,104.29910278320312
0.225341796875,0.896728515625,-0.0244140625,-9.21630859375,-20.20263671875,3.11279296875,-15.584577560424805,84.95001220703125,103.4066390991211
0.309326171875,0.841796875,0.073974609375,-14.2822265625,-40.0390625,-14.70947265625,-15.314149856567385,84.82086181640625,101.70331573486328
0.021484375,1.01611328125,0.13427734375,-2.13623046875,-5.4931640625,-9.8876953125,-14.384855270385742,84.69129943847656,101.46818542480469
0.01220703125,1.042724609375,-0.019775390625,-0.67138671875,-5.126953125,-5.859375,-13.631770133972168,84.96720123291016,101.17475128173828
-0.0048828125,0.99951171875,0.006591796875,-16.90673828125,-4.08935546875,17.02880859375,-11.79843044281006,83.94065856933594,99.68744659423828
0.2626953125,0.90625,0.16015625,-11.962890625,-5.43212890625,11.962890625,-12.45877170562744,83.32662963867188,99.5555191040039
0.230224609375,0.9091796875,0.127197265625,-2.99072265625,-7.8125,-3.0517578125,-12.435884475708008,83.21216583251953,99.23802185058594
0.263427734375,0.958740234375,0.078857421875,-10.31494140625,-5.06591796875,4.57763671875,-11.033953666687012,82.81777954101562,97.70673370361328
0.107421875,1.01416015625,0.088134765625,-6.28662109375,-5.126953125,-7.26318359375,-10.571800231933594,82.68614959716797,97.44813537597656
-0.01806640625,0.96826171875,0.072021484375,-3.90625,-5.126953125,-7.50732421875,-9.84097385406494,82.68195343017578,97.18204498291016
-0.064208984375,0.9794921875,0.09521484375,-11.3525390625,-5.0048828125,6.89697265625,-8.514383316040039,82.38868713378906,96.25626373291016
-0.025390625,1.0048828125,0.041015625,-8.11767578125,-4.638671875,13.24462890625,-8.668989181518555,82.27796936035156,96.10895538330078
0.172607421875,0.94287109375,0.014404296875,-9.21630859375,-4.45556640625,13.12255859375,-9.279470443725586,82.18144226074219,95.96179962158205
0.257568359375,0.935302734375,0.0439453125,-9.82666015625,-4.7607421875,2.86865234375,-9.659602165222168,82.00114440917969,95.75751495361328
0.057373046875,0.9912109375,0.079833984375,-6.34765625,-4.69970703125,-8.72802734375,-9.088170051574707,81.90740966796875,95.49897003173828
-0.059326171875,0.961669921875,0.06787109375,-5.43212890625,-5.0048828125,-6.53076171875,-8.361449241638184,81.87406921386719,95.23675537109376
0.097900390625,0.9443359375,0.099609375,-12.6953125,-4.57763671875,9.6435546875,-8.29472541809082,81.58950805664062,94.44367218017578
0.2119140625,0.962890625,0.128662109375,-4.21142578125,-5.06591796875,0.732421875,-8.51031494140625,81.4661636352539,94.24359893798828
0.0703125,1.046630859375,-0.022216796875,-1.953125,-5.18798828125,-5.615234375,-8.136260032653809,81.79734802246094,93.947998046875
0.1806640625,0.939453125,0.147216796875,-10.1318359375,-5.2490234375,3.173828125,-7.84294319152832,81.12891387939453,92.5280990600586
0.06787109375,0.99072265625,0.05615234375,-3.72314453125,-4.7607421875,-5.126953125,-7.513852596282959,81.21934509277344,92.27794647216795
0.00390625,1.0009765625,0.00390625,-3.0517578125,-4.8828125,-4.2724609375,-7.087771415710449,81.45203399658203,92.0145263671875
