-0.080322265625,1.041748046875,-0.087158203125,-4.82177734375,-2.197265625,-13.73291015625,-1.152275800704956,82.38001251220703,-157.04380798339844
-0.02587890625,0.863525390625,0.1484375,-12.3291015625,2.197265625,-6.4697265625,-0.7719604372978209,81.78606414794922,-156.99044799804688
-0.0458984375,1.0693359375,-0.128662109375,-1.28173828125,-1.708984375,-7.4462890625,-0.3604154884815216,82.31410217285156,-157.10604858398438
-0.132568359375,0.924072265625,0.03515625,-13.0615234375,-5.859375,0.42724609375,-0.07141909748315811,81.99443817138672,-157.33941650390625
-0.149169921875,0.9931640625,-0.01806640625,-8.11767578125,-19.8974609375,10.92529296875,-0.27046337723731995,82.01148986816406,-158.07009887695312
0.0625,0.886474609375,0.1494140625,-17.7001953125,-43.39599609375,2.13623046875,-0.09542730450630188,81.73267364501953,-159.78228759765625
0.2626953125,1.154296875,-0.1005859375,-24.47509765625,-73.42529296875,26.2451171875,-2.051626682281494,81.30060577392578,-162.53399658203125
-0.22607421875,1.026611328125,-0.12548828125,-29.47998046875,-71.77734375,10.43701171875,-2.335744619369507,80.8167495727539,-165.33505249023438
0.0029296875,0.867431640625,-0.01220703125,-32.1044921875,-103.08837890625,16.11328125,-3.55261492729187,80.11835479736328,-169.3190155029297
0.207763671875,0.901611328125,-0.060302734375,-15.93017578125,-95.8251953125,18.1884765625,-5.279708385467528,80.27822875976562,-173.01730346679688
0.07958984375,0.80810546875,0.04931640625,-2.50244140625,-82.45849609375,15.380859375,-6.429549217224121,80.73439025878906,-176.20997619628906
0.04248046875,0.94970703125,0.06982421875,19.775390625,-91.00341796875,7.9345703125,-7.116679191589356,82.1348876953125,-179.80856323242188
0.21484375,0.982177734375,0.073974609375,4.638671875,-86.73095703125,-20.81298828125,-6.937630653381348,82.88313293457031,-183.39739990234372
0.2353515625,1.0849609375,0.008544921875,-13.3056640625,-82.33642578125,-24.35302734375,-6.57696008682251,82.99922943115234,-186.8357696533203
0.2568359375,0.99560546875,-0.115234375,-22.94921875,-45.47119140625,-22.5830078125,-6.215677261352539,82.80528259277344,171.1812744140625
-0.1572265625,0.9912109375,0.068359375,-19.775390625,-13.12255859375,-7.9345703125,-3.1573281288146973,79.59359741210938,169.43988037109375
0.09716796875,1.075927734375,-0.0595703125,-22.0947265625,-16.90673828125,-9.1552734375,-3.0019285678863525,79.26914978027344,168.67942810058594
-0.09423828125,1.040283203125,-0.026611328125,-44.12841796875,-25.2685546875,-20.81298828125,-2.0620160102844243,78.0220947265625,167.49656677246094
-0.201904296875,0.850341796875,0.1533203125,-51.33056640625,-50.9033203125,-28.1982421875,-0.8171815872192383,76.08063507080078,165.24758911132812
-0.1435546875,1.160888671875,0.081787109375,-30.6396484375,-51.8798828125,-16.29638671875,-0.3826690912246704,75.25273895263672,163.06759643554688
-0.044189453125,1.024169921875,0.104736328125,-26.4892578125,-55.35888671875,-20.56884765625,0.1520158052444458,74.70230865478516,160.71090698242188
-0.1435546875,1.247802734375,-0.0244140625,-42.1142578125,-67.93212890625,-32.04345703125,0.9050006866455078,73.61687469482422,157.74771118164062
-0.24267578125,1.18115234375,0.083740234375,-45.47119140625,-79.2236328125,-38.87939453125,1.8902138471603396,72.17655181884766,154.26438903808594
-0.33740234375,1.107421875,0.108154296875,-36.92626953125,-101.25732421875,-30.94482421875,2.3876843452453613,70.99105072021484,150.0361785888672
-0.377685546875,1.105224609375,0.00244140625,-27.77099609375,-147.39990234375,-26.85546875,2.1199414730072017,70.33229827880861,144.1376190185547
-0.14697265625,1.125244140625,-0.01953125,-27.4658203125,-191.7724609375,-34.3017578125,1.0397607088088991,69.80918121337889,136.49052429199222
-0.173095703125,1.086669921875,0.023193359375,-34.3017578125,-193.115234375,-33.26416015625,-0.07796256989240646,69.09236145019531,128.80769348144528
-0.231689453125,0.9326171875,0.16943359375,-17.51708984375,-164.0625,-10.3759765625,-1.476136565208435,68.86804962158203,122.52976989746094
-0.27001953125,0.891845703125,0.10107421875,2.50244140625,-185.36376953125,-12.51220703125,-2.8868122100830083,69.78044128417969,115.40335845947266
-0.08935546875,0.97607421875,0.17919921875,5.2490234375,-189.75830078125,-21.30126953125,-4.2969021797180185,70.83161926269531,107.94379425048828
-0.408203125,0.87353515625,0.08935546875,1.89208984375,-182.55615234375,-23.13232421875,-4.617897033691406,71.93408966064453,100.68357849121094
-0.2021484375,0.9453125,0.048095703125,-2.197265625,-188.41552734375,-18.06640625,-5.518933773040772,73.0752182006836,93.21304321289062
-0.075439453125,0.843017578125,0.116943359375,-4.0283203125,-170.83740234375,-26.123046875,-6.0150580406188965,73.9490966796875,86.30288696289062
-0.227783203125,0.8291015625,0.169677734375,20.44677734375,-164.85595703125,-34.36279296875,-5.578737258911133,75.60807037353516,79.54358673095703
0.029541015625,1.636962890625,0.126953125,31.494140625,-210.9375,-50.72021484375,-5.317446231842041,78.08305358886719,70.81010437011719
0.2275390625,1.261474609375,0.074462890625,58.53271484375,-212.7685546875,-63.8427734375,-4.481712341308594,81.50311279296875,61.93745422363281
0.2392578125,1.09521484375,0.12939453125,-3.47900390625,-162.65869140625,-79.52880859375,-2.5677735805511475,81.83741760253906,55.03810119628906
-0.049560546875,0.975341796875,0.144775390625,-24.35302734375,-103.45458984375,-66.7724609375,-0.32247593998909,80.94972229003906,50.55426788330078
0.364990234375,0.436767578125,0.05126953125,-11.5966796875,-80.810546875,-38.02490234375,-0.77435302734375,80.57950592041016,47.13304138183594
-0.43359375,0.318359375,0.64111328125,-28.01513671875,-65.24658203125,-63.8427734375,2.439154863357544,77.82816314697266,44.089027404785156
-0.119873046875,0.824951171875,0.342041015625,52.06298828125,-28.6865234375,-29.84619140625,3.592172384262085,79.41632080078125,42.714317321777344
-0.15966796875,1.0595703125,-0.042724609375,67.3828125,-11.474609375,-36.4990234375,5.158157825469972,82.54737091064453,42.070743560791016
-0.293701171875,1.154296875,-0.191162109375,27.77099609375,-19.1650390625,-30.57861328125,6.643220901489258,84.1945571899414,41.2281379699707
-0.31884765625,1.189453125,-0.136962890625,-0.30517578125,-24.71923828125,-23.8037109375,7.82547664642334,84.50603485107422,40.198055267333984
-0.2861328125,1.181640625,-0.06005859375,-13.671875,-26.3671875,-10.55908203125,8.374350547790527,84.11524200439453,39.13782501220703
-0.2744140625,1.219970703125,0.03271484375,-22.03369140625,-29.84619140625,-5.4931640625,8.634775161743164,83.20745086669922,37.9345817565918
-0.269775390625,1.18017578125,0.1103515625,-29.9072265625,-36.7431640625,-15.13671875,9.211978912353516,81.81097412109375,36.38478469848633
-0.263916015625,1.114013671875,0.198486328125,-34.0576171875,-36.92626953125,-18.37158203125,9.828746795654297,80.02881622314453,34.76279067993164
-0.2802734375,1.1494140625,0.22509765625,-23.4375,-27.9541015625,-15.07568359375,10.361217498779297,78.81670379638672,33.52310943603516
-0.293701171875,1.159912109375,0.198974609375,-24.59716796875,-28.01513671875,-22.88818359375,11.17387580871582,77.62992858886719,32.22402191162109
-0.33837890625,1.1015625,0.17431640625,-36.9873046875,-28.25927734375,-35.46142578125,12.522378921508787,75.96730041503906,30.7910270690918
-0.36474609375,1.049560546875,0.251708984375,-46.5087890625,-41.68701171875,-43.3349609375,14.00144100189209,73.62580108642578,28.670764923095703
-0.364013671875,1.01416015625,0.28466796875,-49.31640625,-41.68701171875,-45.5322265625,15.432544708251953,71.10231018066406,26.45944595336914
-0.352294921875,0.943359375,0.34033203125,-53.52783203125,-32.3486328125,-32.8369140625,16.37246322631836,68.43482971191406,24.70941162109375
-0.282470703125,0.86181640625,0.379150390625,-46.38671875,-29.23583984375,-37.17041015625,17.301822662353516,65.97871398925781,22.955158233642575
-0.249755859375,0.796875,0.390625,-42.17529296875,-35.33935546875,-60.72998046875,18.829265594482425,63.43878173828125,20.49664306640625
-0.2509765625,0.744873046875,0.446044921875,-41.19873046875,-40.83251953125,-86.73095703125,21.01392364501953,60.48774719238281,17.17807960510254
-0.3466796875,0.7119140625,0.455322265625,-33.447265625,-41.19873046875,-105.95703125,23.84511375427246,57.52756118774414,13.247686386108398
-0.390869140625,0.687255859375,0.4599609375,-27.77099609375,-41.1376953125,-105.3466796875,26.475322723388672,54.60183334350586,9.119930267333984
-0.46826171875,0.683837890625,0.43798828125,-20.56884765625,-36.865234375,-88.7451171875,28.58029365539551,52.14834594726562,5.44044303894043
-0.48193359375,0.7421875,0.375,-18.1884765625,-36.80419921875,-65.12451171875,29.76559257507324,50.28512954711914,2.4584646224975586
-0.4013671875,0.704345703125,0.36962890625,-26.9775390625,-40.4052734375,-56.21337890625,30.31720924377441,48.125205993652344,-0.4125251770019531
-0.37841796875,0.655029296875,0.437744140625,-32.16552734375,-44.25048828125,-57.12890625,30.599651336669922,45.48553085327149,-3.556396007537842
-0.42822265625,0.611328125,0.51611328125,-23.01025390625,-51.26953125,-67.93212890625,30.92590522766113,42.718528747558594,-7.403349876403809
-0.412109375,0.600830078125,0.52197265625,-12.0849609375,-51.81884765625,-73.6083984375,31.193706512451172,40.32597351074219,-11.45213508605957
-0.485107421875,0.74072265625,0.442138671875,-3.5400390625,-48.52294921875,-73.8525390625,31.563520431518555,38.77616500854492,-15.185215950012207
-0.569091796875,0.779052734375,0.379150390625,-19.53125,-57.0068359375,-67.2607421875,31.580888748168945,36.768714904785156,-18.83197593688965
-0.53271484375,0.729736328125,0.493896484375,-30.09033203125,-53.77197265625,-48.7060546875,31.01631164550781,34.57730865478516,-21.769386291503906
-0.562744140625,0.708740234375,0.5390625,-25.69580078125,-41.1376953125,-27.40478515625,30.363513946533203,33.15325164794922,-23.542755126953125
-0.49560546875,0.729736328125,0.50439453125,-23.3154296875,-43.0908203125,-26.4892578125,29.513103485107425,32.02858352661133,-25.212751388549805
-0.45849609375,0.65185546875,0.562255859375,-24.23095703125,-42.8466796875,-39.73388671875,28.86161994934082,30.47471618652344,-27.458518981933594
-0.51318359375,0.651611328125,0.5556640625,-15.9912109375,-38.26904296875,-44.677734375,28.55970764160156,29.28521156311035,-29.75079917907715
-0.59619140625,0.6982421875,0.53173828125,-13.24462890625,-32.5927734375,-45.41015625,28.590560913085934,28.38853645324707,-31.877817153930664
-0.61376953125,0.695068359375,0.529541015625,-16.7236328125,-31.3720703125,-44.677734375,28.65349769592285,27.40115737915039,-33.93498992919922
-0.6015625,0.71826171875,0.504150390625,-24.169921875,-34.66796875,-56.45751953125,28.76167297363281,25.968393325805664,-36.47920989990234
-0.69482421875,0.5869140625,0.577392578125,-34.66796875,-36.4990234375,-68.2373046875,29.078554153442386,23.5269775390625,-39.7071533203125
-0.672607421875,0.5419921875,0.593994140625,-38.4521484375,-40.95458984375,-76.7822265625,29.19382667541504,20.69439697265625,-43.37527465820313
-0.63330078125,0.579345703125,0.565185546875,-43.0908203125,-39.85595703125,-86.669921875,29.266756057739254,17.704334259033203,-47.32107925415039
-0.675537109375,0.604248046875,0.57470703125,-47.7294921875,-38.75732421875,-92.59033203125,29.30517578125,14.524096488952635,-51.43611526489258
-0.611572265625,0.632568359375,0.551025390625,-51.94091796875,-43.3349609375,-103.759765625,28.97683906555176,11.158161163330078,-55.94418716430664
-0.696533203125,0.56201171875,0.6201171875,-52.79541015625,-41.19873046875,-105.3466796875,28.597116470336914,7.6352577209472665,-60.51726913452149
-0.690185546875,0.520263671875,0.59521484375,-47.66845703125,-35.888671875,-89.4775390625,28.19506645202637,4.790412425994873,-64.24211120605469
-0.630859375,0.338623046875,0.670166015625,-44.12841796875,-33.8134765625,-84.8388671875,27.57382583618164,1.92452085018158,-67.83171081542969
-0.654296875,0.3662109375,0.63427734375,-39.73388671875,-30.09033203125,-81.298828125,27.06513595581055,-0.4592362940311432,-71.10835266113281
-0.667724609375,0.399658203125,0.628662109375,-36.80419921875,-25.390625,-73.54736328125,26.683359146118164,-2.382021427154541,-73.92015075683594
-0.638427734375,0.40087890625,0.62353515625,-35.400390625,-25.32958984375,-69.64111328125,26.21008491516113,-4.049361228942871,-76.47523498535156
-0.673828125,0.397705078125,0.61279296875,-33.935546875,-26.0009765625,-66.83349609375,25.74489784240723,-5.5456743240356445,-78.8563461303711
-0.65283203125,0.3154296875,0.66455078125,-28.86962890625,-30.57861328125,-61.6455078125,24.989200592041016,-6.834320068359375,-81.00944519042969
-0.614990234375,0.296142578125,0.6650390625,-26.2451171875,-26.30615234375,-56.5185546875,24.35588836669922,-7.872402667999268,-82.91828155517578
-0.636474609375,0.281494140625,0.689208984375,-25.69580078125,-19.83642578125,-51.94091796875,23.9962158203125,-8.821889877319336,-84.65709686279297
-0.661865234375,0.276123046875,0.687744140625,-23.5595703125,-9.46044921875,-45.166015625,24.11961936950684,-9.585322380065918,-86.16090393066406
-0.697021484375,0.291015625,0.67333984375,-22.705078125,-7.32421875,-39.306640625,24.420166015625,-10.184821128845217,-87.4041519165039
-0.7216796875,0.250732421875,0.66650390625,-24.35302734375,-11.3525390625,-34.5458984375,24.62335205078125,-10.8409423828125,-88.43668365478516
-0.719482421875,0.2421875,0.683349609375,-22.94921875,-15.13671875,-31.8603515625,24.655170440673828,-11.379751205444336,-89.31049346923828
-0.714599609375,0.245849609375,0.67041015625,-23.681640625,-13.36669921875,-32.04345703125,24.75808334350586,-11.928406715393065,-90.18802642822266
-0.724609375,0.220458984375,0.698486328125,-23.86474609375,-10.55908203125,-30.029296875,24.949058532714844,-12.507160186767578,-91.01692962646484
-0.73876953125,0.22119140625,0.68359375,-23.74267578125,-8.6669921875,-26.30615234375,25.274660110473636,-13.01229190826416,-91.69141387939452
-0.829345703125,0.170654296875,0.662109375,-23.86474609375,-13.427734375,-29.78515625,25.511165618896484,-13.717288970947266,-92.52423858642578
-0.78125,0.15966796875,0.694091796875,-22.64404296875,-21.240234375,-32.04345703125,25.30023956298828,-14.351557731628418,-93.34539031982422
-0.73388671875,0.19140625,0.661376953125,-20.751953125,-21.97265625,-33.5693359375,25.033977508544922,-14.81387424468994,-94.16287231445312
-0.707275390625,0.177001953125,0.71484375,-23.74267578125,-23.8037109375,-35.64453125,24.55912780761719,-15.413677215576172,-95.03750610351562
-0.687255859375,0.149658203125,0.7099609375,-23.92578125,-19.53125,-32.71484375,24.261512756347656,-16.011768341064453,-95.84232330322266
-0.67822265625,0.127197265625,0.71533203125,-21.54541015625,-17.9443359375,-28.564453125,24.04962158203125,-16.471155166625973,-96.49376678466795
-0.664794921875,0.14990234375,0.671875,-21.17919921875,-18.9208984375,-25.87890625,23.88385963439941,-16.790082931518555,-96.98497009277344
-0.724853515625,0.1083984375,0.6962890625,-21.17919921875,-20.263671875,-26.123046875,23.71133041381836,-17.22022819519043,-97.5128402709961
-0.66015625,0.08349609375,0.738525390625,-18.61572265625,-19.1650390625,-23.5595703125,23.450380325317386,-17.509029388427734,-97.94195556640624
-0.625,0.08984375,0.7109375,-16.845703125,-14.09912109375,-20.99609375,23.40585517883301,-17.670515060424805,-98.31378173828124
-0.658935546875,0.08642578125,0.712158203125,-16.66259765625,-9.33837890625,-18.37158203125,23.62628173828125,-17.82813262939453,-98.64734649658205
-0.72216796875,0.06640625,0.712158203125,-15.380859375,-10.92529296875,-17.27294921875,23.88247108459473,-17.98171043395996,-98.93960571289062
-0.6865234375,0.06298828125,0.746826171875,-14.09912109375,-12.8173828125,-14.70947265625,23.9858512878418,-18.007976531982422,-99.08563995361328
-0.650390625,0.081298828125,0.712646484375,-12.75634765625,-11.1083984375,-11.65771484375,24.184953689575195,-17.88529396057129,-99.10430145263672
-0.650146484375,0.0751953125,0.734130859375,-12.20703125,-5.92041015625,-7.50732421875,24.59108543395996,-17.711795806884766,-99.02375030517578
-0.654296875,0.086669921875,0.722900390625,-10.986328125,-3.72314453125,-3.11279296875,25.14456367492676,-17.406192779541016,-98.77567291259766
-0.644775390625,0.0546875,0.72705078125,-8.36181640625,-1.28173828125,2.197265625,25.803157806396484,-16.990575790405273,-98.36189270019531
-0.6884765625,0.03173828125,0.71484375,-8.30078125,-0.6103515625,5.4931640625,26.58042907714844,-16.59980583190918,-97.84644317626952
-0.688232421875,0.06298828125,0.711181640625,-6.40869140625,-1.52587890625,6.53076171875,27.31525611877441,-16.03671646118164,-97.23369598388672
-0.674560546875,0.066650390625,0.724365234375,-4.8828125,-2.5634765625,9.033203125,27.964435577392575,-15.346461296081545,-96.48650360107422
-0.692626953125,0.061767578125,0.7177734375,-2.01416015625,-1.03759765625,11.16943359375,28.698883056640625,-14.53807258605957,-95.6711196899414
-0.69580078125,0.080078125,0.73291015625,-0.6103515625,-0.06103515625,13.0615234375,29.43817710876465,-13.6037015914917,-94.75727081298828
-0.69384765625,0.071044921875,0.72119140625,-1.52587890625,-0.91552734375,15.44189453125,30.138288497924805,-12.68685245513916,-93.73753356933594
-0.649658203125,0.058837890625,0.73046875,-1.40380859375,0.732421875,19.287109375,30.80641746520996,-11.71106243133545,-92.5653076171875
-0.65625,0.099609375,0.721435546875,-1.03759765625,3.35693359375,25.2685546875,31.61120414733887,-10.500365257263184,-91.08552551269531
-0.685302734375,0.0869140625,0.741455078125,0.42724609375,5.615234375,28.80859375,32.486156463623054,-9.20693588256836,-89.47354888916016
-0.676513671875,0.122314453125,0.73388671875,1.220703125,7.01904296875,32.5927734375,33.37414932250977,-7.702647686004639,-87.62905883789062
-0.666259765625,0.10693359375,0.72021484375,-0.06103515625,9.82666015625,34.11865234375,34.30963897705078,-6.262124061584473,-85.73504638671875
-0.670166015625,0.10498046875,0.730224609375,0.1220703125,13.97705078125,36.1328125,35.33243942260742,-4.778026580810547,-83.74893951416016
-0.674072265625,0.14453125,0.69287109375,3.47900390625,16.29638671875,37.65869140625,36.43249130249024,-2.9997565746307373,-81.60045623779297
-0.697265625,0.151611328125,0.685546875,3.90625,13.97705078125,38.87939453125,37.39422225952149,-1.1483290195465088,-79.34856414794922
-0.669677734375,0.132568359375,0.702880859375,6.89697265625,14.58740234375,42.3583984375,38.21133804321289,0.8745562434196472,-76.93256378173828
-0.634033203125,0.152099609375,0.689208984375,8.97216796875,17.51708984375,52.3681640625,38.98329544067383,3.3616669178009038,-73.94019317626953
-0.578369140625,0.19287109375,0.686279296875,12.26806640625,23.4375,61.1572265625,39.71524429321289,6.403847217559815,-70.36805725097656
-0.585205078125,0.23828125,0.670654296875,13.916015625,31.8603515625,70.00732421875,40.56993103027344,9.973124504089355,-66.15936279296875
-0.640625,0.2451171875,0.654052734375,16.05224609375,41.44287109375,76.66015625,41.62492370605469,13.940255165100098,-61.44202041625977
-0.71875,0.201171875,0.7080078125,18.798828125,45.59326171875,81.787109375,42.560638427734375,18.06161499023437,-56.46229934692383
-0.64501953125,0.28857421875,0.6640625,22.76611328125,50.537109375,90.51513671875,43.1284294128418,22.98906707763672,-50.71255874633789
-0.615478515625,0.345703125,0.61474609375,22.705078125,50.10986328125,98.7548828125,43.12574005126953,28.2996883392334,-44.459957122802734
-0.561767578125,0.3583984375,0.644775390625,23.8037109375,58.65478515625,104.6142578125,42.72726821899414,33.73210906982422,-37.89459228515625
-0.576904296875,0.36279296875,0.635498046875,24.47509765625,76.904296875,111.2060546875,42.34943389892578,39.49119567871094,-30.678428649902344
-0.597900390625,0.41455078125,0.531982421875,23.3154296875,93.44482421875,123.6572265625,41.68573760986328,45.91901779174805,-22.41299819946289
-0.53271484375,0.47509765625,0.50830078125,26.7333984375,98.08349609375,132.2021484375,40.0622673034668,52.42277908325195,-14.00871467590332
-0.5859375,0.464111328125,0.458984375,27.7099609375,103.515625,133.056640625,38.09326934814453,58.48419952392578,-5.905474185943604
-0.67919921875,0.331298828125,0.50634765625,45.47119140625,108.154296875,149.90234375,35.38648986816406,64.48748016357422,1.9229078292846682
-0.689697265625,0.458251953125,0.34716796875,75.01220703125,110.53466796875,183.4716796875,30.83546257019043,71.62353515625,9.89596176147461
-0.51708984375,0.65185546875,0.178466796875,62.56103515625,110.90087890625,201.35498046875,24.5120906829834,77.6011734008789,17.16170883178711
-0.4296875,0.618896484375,0.21337890625,14.70947265625,110.16845703125,187.07275390625,18.37501335144043,80.208984375,23.223398208618164
-0.4921875,0.556640625,0.31494140625,10.986328125,97.65625,155.76171875,13.63367748260498,81.39436340332031,28.047142028808594
-0.601318359375,0.53466796875,0.345703125,24.90234375,75.0732421875,127.62451171875,10.167886734008787,82.46356201171875,31.63913726806641
-0.48193359375,0.63037109375,0.3095703125,48.095703125,50.4150390625,114.68505859375,6.807072639465332,84.1488037109375,34.08968734741211
-0.39404296875,0.78759765625,0.213623046875,61.95068359375,50.59814453125,98.2666015625,3.8033537864685063,86.49639892578125,36.39456558227539
-0.49462890625,0.93310546875,0.09521484375,62.31689453125,51.26953125,84.716796875,1.4279775619506836,88.99346923828125,38.57768630981445
-0.578369140625,1.037353515625,0.09423828125,45.0439453125,43.39599609375,80.4443359375,-0.7249499559402466,90.64697265625,40.31982803344727
-0.52099609375,1.030029296875,0.0986328125,36.2548828125,36.07177734375,85.9375,-3.136450290679932,91.81973266601562,41.68709945678711
-0.42919921875,1.067626953125,0.07080078125,38.87939453125,32.40966796875,79.16259765625,-5.386865139007568,93.06584167480469,42.85871505737305
-0.4443359375,1.11328125,0.039306640625,31.25,24.96337890625,62.31689453125,-6.893754005432129,94.02149963378906,43.72166442871094
-0.43896484375,1.07666015625,0.041748046875,25.69580078125,24.7802734375,59.2041015625,-8.220541954040527,94.69570922851562,44.561134338378906
-0.446533203125,1.091796875,0.037353515625,33.935546875,20.81298828125,45.83740234375,-8.966170310974121,95.69039154052734,45.26901245117188
-0.53564453125,1.152587890625,-0.07470703125,42.96875,5.06591796875,15.56396484375,-8.339358329772951,97.30160522460938,45.42644119262695
-0.54833984375,1.13818359375,-0.096923828125,35.400390625,-5.06591796875,7.38525390625,-7.331090450286865,98.64844512939452,45.20724487304688
-0.489013671875,1.135009765625,-0.104736328125,32.3486328125,-5.615234375,10.55908203125,-6.5537428855896,99.83921813964844,44.94021606445313
-1.5390625,2.44091796875,-0.048095703125,23.4375,-6.53076171875,1.220703125,-5.131316184997559,100.49752044677734,44.71165084838867
0.17822265625,1.087158203125,-0.134033203125,-63.3544921875,34.48486328125,181.5185546875,-12.644596099853516,97.77922058105469,44.91556167602539
-0.394775390625,0.954345703125,-0.261962890625,-17.76123046875,18.85986328125,72.021484375,-14.305973052978516,97.2522430419922,45.21638488769531
-0.28564453125,0.96826171875,0.086181640625,-12.26806640625,-41.3818359375,27.89306640625,-14.053152084350586,96.7176742553711,43.49214172363281
-0.257568359375,0.988525390625,-0.051513671875,0.732421875,-17.39501953125,-3.0517578125,-12.758234977722168,96.7469482421875,42.83337783813477
-0.154296875,0.96044921875,0.060302734375,13.00048828125,-22.5830078125,-33.0810546875,-10.035923957824707,97.30753326416016,42.11504364013672
-0.276611328125,0.992431640625,-0.0029296875,30.33447265625,-38.9404296875,-92.71240234375,-5.181408405303955,98.36932373046876,41.13932418823242
-0.46923828125,0.916748046875,-0.068603515625,29.9072265625,-34.11865234375,-96.5576171875,0.04410579428076744,99.44099426269531,40.42414855957031
-0.511474609375,0.92529296875,-0.033447265625,22.8271484375,-27.64892578125,-62.98828125,3.8059704303741455,100.06233978271484,39.77194213867188
-0.40283203125,0.96923828125,-0.06005859375,11.474609375,-8.4228515625,-13.427734375,5.1244049072265625,100.24845123291016,39.5180892944336
-0.371337890625,0.926025390625,-0.032470703125,0.8544921875,-3.41796875,-4.33349609375,5.974088191986084,99.9526596069336,39.381568908691406
-0.28076171875,0.929931640625,-0.01220703125,2.25830078125,-12.14599609375,-28.4423828125,7.603867530822754,99.64203643798828,39.05763244628906
-0.45361328125,1.215576171875,-0.240478515625,4.0283203125,-36.56005859375,-78.2470703125,11.416525840759276,99.69258880615234,38.145111083984375
-1.1787109375,0.240966796875,0.33544921875,-5.9814453125,-41.68701171875,-31.18896484375,14.945653915405273,98.40436553955078,36.491844177246094
-0.503662109375,0.985107421875,0.1181640625,14.0380859375,-10.986328125,5.06591796875,15.466290473937988,98.71665954589844,35.97759246826172
-0.458740234375,0.7607421875,-0.01953125,21.05712890625,-34.11865234375,-16.6015625,16.948280334472653,98.92330169677734,34.608612060546875
-0.545654296875,0.89990234375,-0.035400390625,29.9072265625,-49.31640625,-32.89794921875,19.122875213623047,99.29751586914062,32.71108627319336
-0.4111328125,0.96728515625,-0.07763671875,14.0380859375,-48.7060546875,-38.63525390625,21.110254287719727,99.0419921875,30.865074157714844
-0.29150390625,0.744140625,0.1298828125,32.71484375,-55.23681640625,-82.3974609375,24.739591598510746,98.87551879882812,28.790058135986328
-0.46142578125,1.12109375,-0.246337890625,32.65380859375,-51.3916015625,-74.27978515625,27.87810516357422,99.53827667236328,27.12302017211914
-0.4638671875,1.153564453125,-0.2119140625,22.8271484375,-39.1845703125,-59.5703125,30.23046112060547,99.83244323730469,25.83362197875977
-0.48291015625,0.796142578125,-0.044189453125,14.2822265625,-39.794921875,-63.17138671875,33.02022171020508,99.40948486328124,24.35419845581055
-0.53759765625,0.866455078125,-0.115478515625,0.06103515625,-40.52734375,-70.9228515625,36.00334930419922,98.51705932617188,22.910253524780273
-0.605712890625,0.5263671875,0.13916015625,0.3662109375,-43.39599609375,-70.9228515625,39.57064437866211,96.6917953491211,20.748498916625977
-0.718505859375,0.96826171875,-0.123779296875,0.42724609375,-34.72900390625,-49.560546875,41.5512924194336,95.70980834960938,19.226171493530273
-0.682861328125,0.931396484375,-0.0673828125,-3.72314453125,-20.1416015625,-33.447265625,42.73357391357422,94.8547134399414,18.25961685180664
-0.70361328125,0.966064453125,-0.129150390625,-16.78466796875,-16.41845703125,-12.8173828125,43.01557159423828,93.71047973632812,17.492033004760742
-0.5751953125,0.85693359375,-0.023681640625,-28.564453125,-11.1083984375,9.58251953125,42.29196548461914,92.02666473388672,16.78620719909668
-0.43408203125,0.905029296875,-0.056640625,-21.1181640625,7.99560546875,18.85986328125,40.87348937988281,91.50413513183594,17.220481872558597
-0.51025390625,0.908935546875,-0.124267578125,-17.08984375,23.62060546875,22.64404296875,39.47820663452149,91.86542510986328,18.592578887939453
-0.626953125,0.822021484375,-0.083984375,-21.78955078125,38.26904296875,28.076171875,38.20517349243164,92.34101104736328,20.59127426147461
-0.734619140625,0.831298828125,-0.797119140625,13.18359375,33.8134765625,45.22705078125,36.35718536376953,95.39745330810548,23.11313056945801
-0.656982421875,0.471435546875,-0.29052734375,-25.69580078125,44.37255859375,22.52197265625,35.88787078857422,96.3906707763672,25.65720367431641
-0.73681640625,0.805908203125,-0.100830078125,-3.0517578125,7.6904296875,18.73779296875,35.3572998046875,96.43678283691406,25.931262969970703
-0.50439453125,0.7412109375,-0.021728515625,9.765625,23.01025390625,14.22119140625,34.63794708251953,97.2127914428711,26.84029769897461
-0.6103515625,0.791259765625,-0.060791015625,8.97216796875,32.65380859375,11.5966796875,34.113414764404304,98.29328155517578,28.26070785522461
-0.645751953125,0.23974609375,0.4833984375,-33.50830078125,25.87890625,24.2919921875,34.195873260498054,95.85929870605469,28.368019104003906
-0.584716796875,0.88671875,-0.1220703125,-31.43310546875,32.71484375,24.7802734375,33.035552978515625,95.4674835205078,29.845420837402344
-0.556640625,0.81640625,-0.156982421875,-45.22705078125,37.59765625,23.3154296875,32.002769470214844,94.75861358642578,31.62616729736328
-0.20166015625,0.75390625,-0.06591796875,-44.7998046875,70.3125,34.24072265625,29.734699249267575,94.57691192626952,34.756309509277344
-0.21435546875,0.803466796875,-0.08447265625,-40.46630859375,119.0185546875,50.048828125,26.7301025390625,95.46416473388672,39.94892883300781
-0.151123046875,0.774658203125,-0.130859375,-37.41455078125,174.1943359375,72.20458984375,22.464021682739254,97.1664047241211,47.25762939453125
-0.4755859375,0.76171875,-0.155517578125,-39.00146484375,221.5576171875,84.28955078125,18.23594856262207,98.84990692138672,56.141685485839844
-0.46044921875,0.89599609375,-0.28564453125,-28.80859375,219.66552734375,80.13916015625,13.914478302001953,100.36297607421876,64.66853332519531
-0.266845703125,0.9462890625,-0.36767578125,-24.7802734375,227.11181640625,81.72607421875,9.015605926513672,101.47372436523438,73.19965362548828
-0.140380859375,1.097900390625,-0.43603515625,-32.71484375,249.6337890625,70.556640625,4.156466484069823,101.62517547607422,82.49683380126953
-0.045654296875,1.159912109375,-0.50146484375,-49.62158203125,283.99658203125,88.19580078125,-1.55899977684021,100.33513641357422,92.95305633544922
-0.291748046875,0.8359375,-0.3515625,-65.5517578125,320.80078125,101.1962890625,-6.784912586212157,97.29532623291016,104.93449401855469
-0.291259765625,0.962890625,-0.4111328125,-33.69140625,301.69677734375,74.64599609375,-10.189945220947266,94.790283203125,116.6017608642578
-0.459716796875,0.782958984375,-0.244384765625,-27.03857421875,270.08056640625,63.78173828125,-11.9652738571167,92.05087280273438,127.27996826171876
-0.47705078125,1.035888671875,-0.32470703125,-20.81298828125,209.16748046875,47.42431640625,-12.71489715576172,89.93993377685547,135.64573669433594
-0.09326171875,1.0576171875,-0.40185546875,-36.1328125,149.2919921875,23.3154296875,-12.905768394470215,87.94327545166016,141.58535766601562
0.255859375,0.962890625,-0.45068359375,-58.7158203125,156.67724609375,9.09423828125,-12.996520042419435,85.17121887207031,147.7943878173828
0.613525390625,1.01611328125,-0.44873046875,-75.01220703125,194.39697265625,-12.02392578125,-12.324146270751953,81.41014099121094,155.45278930664062
0.548828125,0.9306640625,-0.406005859375,-84.04541015625,275.5126953125,-29.4189453125,-9.857053756713867,77.04815673828125,166.03860473632812
0.33740234375,0.883544921875,-0.3583984375,-85.75439453125,316.58935546875,-35.15625,-5.754196643829347,73.22696685791016,-182.20225524902344
0.447998046875,0.80224609375,-0.3388671875,-73.42529296875,362.6708984375,-24.23095703125,-1.2834991216659546,70.75279998779297,-168.8452606201172
0.10546875,0.92822265625,-0.4287109375,-63.5986328125,420.2880859375,15.93017578125,3.493685245513916,70.10108947753906,-152.92715454101562
-0.453369140625,1.010009765625,-0.312255859375,-71.8994140625,395.20263671875,28.01513671875,8.561348915100098,70.09889221191406,-137.61717224121094
-0.240234375,1.11376953125,-0.185791015625,-73.3642578125,323.3642578125,19.22607421875,12.322126388549805,70.55079650878906,-124.85231018066406
-0.2998046875,1.09814453125,-0.203369140625,-63.04931640625,272.8271484375,12.939453125,15.48068141937256,71.7458267211914,-113.82418060302734
0.1240234375,0.94677734375,-0.178955078125,-63.96484375,258.9111328125,15.869140625,17.136240005493164,73.26439666748047,-103.05953216552734
0.21630859375,0.841064453125,-0.089599609375,-44.86083984375,265.07568359375,19.287109375,18.04863739013672,75.66519927978516,-91.90611267089844
-0.21923828125,1.200439453125,-0.109375,-11.71875,193.05419921875,13.671875,18.93214607238769,78.52645111083984,-83.6106185913086
-0.05810546875,1.296142578125,-0.240478515625,-37.04833984375,145.99609375,18.6767578125,18.671342849731445,79.9319839477539,-77.1222152709961
0.27099609375,0.9208984375,-0.058837890625,-56.70166015625,141.66259765625,28.076171875,17.242170333862305,80.0748519897461,-70.88249206542969
0.4521484375,0.87646484375,-0.107421875,-46.81396484375,164.61181640625,35.70556640625,15.3420991897583,80.77902221679688,-63.70500564575195
0.04931640625,1.0234375,-0.0732421875,-66.95556640625,167.17529296875,38.63525390625,14.194533348083494,80.44246673583984,-56.48709487915039
-0.126708984375,1.015625,0.047119140625,-75.68359375,136.53564453125,21.78955078125,14.009910583496096,79.07410430908203,-50.72087478637695
-0.34228515625,1.0146484375,0.02685546875,-72.81494140625,58.10546875,-9.6435546875,15.04595947265625,77.08334350585938,-48.37038040161133
-0.30126953125,1.066650390625,-0.03857421875,-62.80517578125,-1.03759765625,-35.2783203125,16.448991775512695,75.0404281616211,-48.6116943359375
-0.12158203125,1.0810546875,-0.029296875,-46.142578125,-36.19384765625,-50.6591796875,17.633407592773438,73.25916290283203,-50.44721984863281
-0.207763671875,1.12939453125,-0.141357421875,-34.1796875,-76.2939453125,-45.59326171875,18.23238945007324,71.71150207519531,-53.79029083251953
-0.4365234375,0.986083984375,-0.06787109375,-28.076171875,-134.1552734375,-30.029296875,17.88019561767578,69.6182861328125,-59.28448867797852
-0.40087890625,1.099609375,-0.153564453125,-44.98291015625,-251.15966796875,-39.73388671875,15.752289772033693,65.87871551513672,-69.29548645019531
-0.223388671875,0.9814453125,-0.139892578125,-79.4677734375,-328.61328125,-123.046875,14.21236515045166,60.1967658996582,-83.3413314819336
-0.25,0.9482421875,-0.10107421875,-72.93701171875,-366.69921875,-166.259765625,12.1297025680542,54.87041854858398,-99.30689239501952
-0.1142578125,0.755859375,-0.02685546875,-48.583984375,-383.30078125,-160.94970703125,8.094679832458496,51.42453002929688,-115.29981994628906
-0.0869140625,0.6572265625,0.019775390625,13.18359375,-390.0146484375,-151.123046875,3.222087383270264,51.71826934814453,-131.06044006347656
-0.26025390625,0.660888671875,0.014892578125,56.21337890625,-406.06689453125,-138.0615234375,-1.2609232664108276,54.9532699584961,-147.18199157714844
-0.091064453125,0.82275390625,-0.1083984375,91.30859375,-403.1982421875,-139.70947265625,-4.740036964416504,60.99623107910156,-163.72901916503906
0.05419921875,0.95166015625,-0.28662109375,82.33642578125,-374.0234375,-141.357421875,-6.101136207580566,67.4200439453125,-179.7498016357422
0.261474609375,0.84765625,-0.222900390625,59.75341796875,-324.8291015625,-90.02685546875,-7.558399200439452,72.73346710205078,166.61782836914062
0.257568359375,0.872314453125,-0.069580078125,68.66455078125,-260.80322265625,-10.6201171875,-10.119025230407717,77.86580657958984,156.20188903808594
0.192626953125,1.216796875,-0.215087890625,44.7998046875,-195.49560546875,81.48193359375,-14.619544982910154,82.07044219970703,148.75111389160156
0.2666015625,1.0517578125,-0.102294921875,-7.9345703125,-171.69189453125,128.23486328125,-20.475584030151367,84.24663543701172,142.09910583496094
0.440673828125,1.030029296875,-0.062255859375,-18.310546875,-161.80419921875,122.55859375,-25.948583602905273,86.46927642822266,135.37545776367188
0.59521484375,0.819580078125,0.109130859375,-2.8076171875,-145.5078125,71.2890625,-29.36777114868164,89.19584655761719,128.98188781738278
0.492431640625,0.88134765625,0.09765625,18.49365234375,-127.86865234375,46.142578125,-31.09148597717285,92.70745086669922,123.13502502441406
0.36767578125,0.918212890625,0.08154296875,32.89794921875,-114.68505859375,36.68212890625,-31.80363464355469,96.54503631591795,117.8241729736328
0.3056640625,0.8779296875,-0.03955078125,41.6259765625,-110.4736328125,22.27783203125,-31.50497436523437,100.79698181152344,112.6520004272461
0.455810546875,1.1005859375,-0.084228515625,53.89404296875,-113.46435546875,1.220703125,-30.16551399230957,105.31356811523438,107.65996551513672
0.849609375,1.4755859375,-0.069580078125,49.6826171875,-114.07470703125,-55.35888671875,-26.72982978820801,108.8163833618164,103.70723724365234
0.477783203125,1.399658203125,-0.228759765625,17.02880859375,-86.7919921875,-147.5830078125,-19.73518180847168,109.66751861572266,102.46916961669922
0.014404296875,1.0634765625,-0.050048828125,-12.63427734375,-66.34521484375,-141.845703125,-12.824504852294922,108.64360809326172,102.0507583618164
-0.29443359375,0.872314453125,0.01220703125,-13.18359375,-52.8564453125,-76.72119140625,-8.098228454589844,107.56696319580078,101.14081573486328
-0.177001953125,0.7119140625,0.036865234375,4.21142578125,-43.76220703125,24.7802734375,-7.677879810333253,107.21111297607422,99.26141357421876
0.09130859375,0.721435546875,0.125,30.45654296875,-35.64453125,44.98291015625,-8.967438697814941,107.65380096435548,97.47898864746094
-0.13427734375,1.182861328125,0.060791015625,-38.63525390625,-31.18896484375,-42.05322265625,-6.419392108917236,105.38638305664062,96.87589263916016
-1.5048828125,1.907958984375,0.16455078125,13.36669921875,-8.9111328125,-34.97314453125,-3.39680814743042,105.28331756591795,96.97158813476562
-0.03955078125,1.290771484375,-0.0927734375,26.9775390625,-17.08984375,18.798828125,-3.7306511402130127,105.9593505859375,96.13506317138672
0.302978515625,1.068115234375,0.437255859375,-3.47900390625,-32.470703125,-0.8544921875,-3.81646466255188,104.51968383789062,94.98698425292969
-0.082763671875,1.210693359375,-0.369384765625,-1.89208984375,-45.22705078125,3.23486328125,-3.18221378326416,104.6361312866211,93.19530487060548
-0.013916015625,0.954345703125,-0.186279296875,-6.103515625,-40.22216796875,6.28662109375,-2.8598968982696533,104.31954193115234,91.5808563232422
-0.00341796875,0.900634765625,0.072021484375,-5.43212890625,-40.283203125,1.52587890625,-2.4122600555419917,103.41949462890624,90.03791046142578
0.15576171875,0.831787109375,-0.042724609375,-2.62451171875,-7.080078125,-1.8310546875,-2.6011183261871342,102.9022979736328,89.79942321777344
0.22802734375,1.019775390625,-0.427978515625,7.4462890625,4.5166015625,-2.9296875,-2.888589143753052,103.56018829345705,89.98490142822266
0.27685546875,0.755859375,-0.10888671875,-19.47021484375,0.244140625,-11.71875,-3.1025724411010738,102.5591812133789,90.1208953857422
-0.0888671875,0.983154296875,0.05712890625,-5.79833984375,-3.96728515625,10.19287109375,-2.167828321456909,96.46619415283205,87.19184875488281
0.102294921875,1.039794921875,-0.133056640625,-3.173828125,-3.72314453125,5.67626953125,-2.5105345249176025,96.36377716064452,87.01754760742188
-0.07470703125,1.01025390625,-0.075927734375,-14.2822265625,-5.7373046875,-6.77490234375,-1.9505075216293333,95.7027587890625,86.82048797607422
