0.185546875,0.982177734375,-0.005615234375,-10.19287109375,-2.685546875,0.42724609375,-11.901041030883787,84.05392456054688,-37.971435546875
0.191162109375,0.978759765625,-0.007568359375,-12.8173828125,-3.173828125,1.77001953125,-11.951485633850098,83.80538940429688,-38.14275360107422
0.18603515625,0.973876953125,-0.018310546875,-13.00048828125,-4.21142578125,2.74658203125,-12.034893035888672,83.5927963256836,-38.359291076660156
0.194580078125,0.95947265625,-0.0166015625,-13.00048828125,-3.84521484375,2.3193359375,-12.122905731201172,83.38207244873047,-38.563636779785156
0.2080078125,0.955322265625,-0.0400390625,-12.39013671875,-4.21142578125,1.708984375,-12.219271659851074,83.26271057128906,-38.798988342285156
0.1826171875,0.962890625,-0.0234375,-10.25390625,-4.150390625,0.42724609375,-12.199049949645994,83.19657135009766,-39.031532287597656
0.1953125,0.9677734375,-0.017578125,-10.31494140625,-4.69970703125,1.5869140625,-12.254591941833494,83.1194839477539,-39.278114318847656
0.19140625,0.956298828125,-0.023193359375,-10.498046875,-5.9814453125,3.2958984375,-12.349153518676758,83.04188537597656,-39.56838989257813
0.19482421875,0.939208984375,-0.013671875,-8.7890625,-6.8359375,4.638671875,-12.542113304138185,83.03997802734375,-39.88742446899414
0.18310546875,0.94482421875,-0.02685546875,-7.9345703125,-6.2255859375,4.5166015625,-12.690667152404785,83.1001968383789,-40.19062805175781
0.190673828125,0.95703125,-0.014892578125,-5.7373046875,-5.37109375,3.84521484375,-12.813549041748047,83.21012878417969,-40.45641708374024
0.20166015625,0.96826171875,-0.005859375,-3.7841796875,-5.0048828125,1.46484375,-12.854201316833494,83.37136840820312,-40.71353530883789
0.193603515625,0.9619140625,0.001220703125,-4.08935546875,-4.39453125,1.46484375,-12.87427806854248,83.49232482910156,-40.9411735534668
0.194580078125,0.969970703125,-0.001220703125,-5.18798828125,-5.126953125,1.3427734375,-12.8902006149292,83.5772705078125,-41.19972610473633
0.188720703125,0.96826171875,0.001953125,-7.9345703125,-6.103515625,3.2958984375,-12.97436237335205,83.54899597167969,-41.48730850219727
0.19482421875,0.974853515625,-0.01904296875,-7.99560546875,-5.126953125,4.0283203125,-13.092011451721193,83.55900573730469,-41.7433967590332
0.19140625,0.9814453125,-0.00830078125,-8.30078125,-4.7607421875,4.33349609375,-13.204402923583984,83.5282211303711,-41.9781379699707
0.192138671875,0.979248046875,-0.003173828125,-7.99560546875,-3.72314453125,4.7607421875,-13.32717990875244,83.48917388916016,-42.16659927368164
0.191162109375,0.997314453125,0.000732421875,-8.23974609375,-3.84521484375,4.57763671875,-13.428337097167967,83.43489837646484,-42.35973739624024
0.1904296875,0.994384765625,-0.016845703125,-7.4462890625,-5.0048828125,4.69970703125,-13.53614330291748,83.46621704101562,-42.61006546020508
0.1923828125,0.981689453125,-0.018310546875,-8.36181640625,-4.7607421875,5.55419921875,-13.682333946228027,83.46048736572266,-42.84778213500977
0.1689453125,0.98291015625,-0.02001953125,-9.33837890625,-5.31005859375,5.859375,-13.784658432006836,83.42671966552734,-43.1088752746582
0.17041015625,0.968994140625,-0.021240234375,-9.33837890625,-5.4931640625,6.2255859375,-13.907246589660645,83.3995361328125,-43.37738800048828
0.1669921875,0.968017578125,-0.015625,-8.72802734375,-5.79833984375,6.53076171875,-14.03080940246582,83.38800811767578,-43.6547966003418
0.17529296875,0.978271484375,-0.0234375,-8.11767578125,-5.37109375,5.43212890625,-14.119211196899414,83.41645812988281,-43.92483520507813
0.172119140625,0.982421875,-0.030029296875,-7.62939453125,-6.04248046875,3.7841796875,-14.133265495300293,83.48756408691406,-44.23410034179688
0.191650390625,0.968017578125,-0.0244140625,-7.75146484375,-5.859375,0.9765625,-14.083944320678713,83.53868103027344,-44.54466247558594
0.185546875,0.974365234375,-0.030029296875,-8.544921875,-6.28662109375,-0.06103515625,-13.980939865112305,83.5743179321289,-44.879878997802734
0.19580078125,0.98583984375,-0.016845703125,-9.33837890625,-7.01904296875,1.40380859375,-13.960174560546875,83.55026245117188,-45.22985458374024
0.1923828125,0.978271484375,-0.023193359375,-8.60595703125,-7.9345703125,3.7841796875,-14.034646034240724,83.57823944091797,-45.61050415039063
0.2060546875,0.95654296875,-0.026611328125,-9.58251953125,-9.033203125,4.7607421875,-14.190560340881348,83.58494567871094,-46.034095764160156
0.192138671875,0.946044921875,-0.02880859375,-7.568359375,-8.23974609375,4.8828125,-14.314842224121096,83.67163848876953,-46.4274787902832
0.173583984375,0.9697265625,-0.029541015625,-6.04248046875,-8.544921875,2.99072265625,-14.30708122253418,83.82313537597656,-46.84244155883789
0.19140625,0.962646484375,-0.01025390625,-5.2490234375,-7.9345703125,2.0751953125,-14.302040100097654,83.9486083984375,-47.22346878051758
0.193359375,0.9609375,-0.021484375,-4.7607421875,-7.6904296875,2.25830078125,-14.308422088623047,84.1126480102539,-47.59930419921875
0.178466796875,0.966552734375,-0.010498046875,-5.7373046875,-8.48388671875,4.0283203125,-14.350171089172365,84.21207427978516,-47.99311828613281
0.1904296875,0.95703125,0.005615234375,-5.67626953125,-7.9345703125,4.8828125,-14.451976776123047,84.26490783691406,-48.35074996948242
0.188720703125,0.96728515625,-0.016357421875,-6.9580078125,-6.7138671875,5.4931640625,-14.561787605285645,84.30437469482422,-48.66913604736328
0.180908203125,0.987548828125,-0.025146484375,-6.40869140625,-6.591796875,5.2490234375,-14.631196022033693,84.38410186767578,-48.98907470703125
0.1689453125,1.005859375,-0.0068359375,-3.2958984375,-4.69970703125,3.0517578125,-14.56846523284912,84.52552795410156,-49.22884368896485
0.155029296875,1.00048828125,-0.00146484375,-1.52587890625,-4.2724609375,0.42724609375,-14.372930526733398,84.71776580810547,-49.45635223388672
0.172119140625,0.978271484375,0.007080078125,-2.3193359375,-4.8828125,-0.732421875,-14.186477661132812,84.85611724853516,-49.7052001953125
0.172607421875,0.9755859375,0.005859375,-3.96728515625,-3.47900390625,-1.77001953125,-13.963213920593262,84.91178131103516,-49.89863204956055
0.17431640625,0.9677734375,-0.006591796875,-4.82177734375,-1.46484375,-4.150390625,-13.654900550842285,84.94178771972656,-50.02334213256836
0.172607421875,0.983154296875,-0.033935546875,-1.953125,1.28173828125,-8.1787109375,-13.180752754211426,85.1252212524414,-50.062278747558594
0.175537109375,1.00146484375,-0.03515625,-2.197265625,0.91552734375,-8.056640625,-12.730533599853516,85.29582214355469,-50.111183166503906
0.169921875,0.9873046875,-0.024658203125,-4.57763671875,-1.708984375,-4.57763671875,-12.43706512451172,85.36167907714844,-50.24692153930664
0.175048828125,0.991455078125,-0.029541015625,-8.11767578125,-5.43212890625,2.01416015625,-12.438627243041992,85.32201385498047,-50.51427459716797
0.166748046875,0.986572265625,-0.021240234375,-11.23046875,-8.1787109375,6.103515625,-12.594844818115234,85.16250610351562,-50.87690353393555
0.212890625,0.9501953125,-0.01416015625,-12.39013671875,-9.94873046875,9.1552734375,-12.993011474609375,84.96068572998047,-51.29868698120117
0.206787109375,0.92236328125,-0.00048828125,-13.36669921875,-8.30078125,8.97216796875,-13.36382007598877,84.6826171875,-51.64860916137695
0.230224609375,0.892578125,-0.01318359375,-12.63427734375,-4.45556640625,7.87353515625,-13.73702335357666,84.44149017333984,-51.8543815612793
0.2119140625,0.9091796875,-0.028076171875,-11.16943359375,-0.67138671875,6.591796875,-13.99616527557373,84.30084228515625,-51.92914581298828
0.19287109375,0.91845703125,-0.04248046875,-8.544921875,2.62451171875,5.43212890625,-14.1196928024292,84.2461166381836,-51.87749481201172
0.191650390625,0.939208984375,-0.058837890625,-5.7373046875,4.45556640625,5.0048828125,-14.202519416809082,84.32501983642578,-51.76264572143555
0.1904296875,0.941162109375,-0.046875,-3.7841796875,4.150390625,4.57763671875,-14.262015342712402,84.4532241821289,-51.65484237670898
0.1904296875,0.95458984375,-0.055419921875,-1.77001953125,3.90625,1.52587890625,-14.19355297088623,84.68125915527344,-51.57273483276367
0.181884765625,0.966552734375,-0.06298828125,-1.0986328125,2.5634765625,-0.42724609375,-14.030966758728027,84.95948028564453,-51.5545768737793
0.2138671875,0.969970703125,-0.06103515625,-1.46484375,2.38037109375,-2.86865234375,-13.824600219726562,85.19865417480469,-51.54424667358398
0.214599609375,0.995361328125,-0.06787109375,-2.8076171875,3.173828125,-4.0283203125,-13.591435432434082,85.3902816772461,-51.50663375854492
0.210205078125,0.981201171875,-0.06689453125,-2.74658203125,2.38037109375,-2.25830078125,-13.437387466430664,85.58293914794922,-51.49240493774414
0.20166015625,0.978515625,-0.05615234375,-3.96728515625,1.5869140625,0.67138671875,-13.390103340148926,85.7005844116211,-51.493553161621094
0.177978515625,0.9833984375,-0.056640625,-5.615234375,0.6103515625,5.2490234375,-13.474638938903807,85.75563049316406,-51.5207405090332
0.169677734375,0.968017578125,-0.044677734375,-7.38525390625,-0.54931640625,8.72802734375,-13.684431076049805,85.72063446044922,-51.57945251464844
0.177978515625,0.9736328125,-0.053955078125,-9.82666015625,-0.732421875,11.3525390625,-13.979726791381836,85.61095428466797,-51.64405822753906
0.1796875,0.968017578125,-0.060791015625,-11.23046875,0.8544921875,11.77978515625,-14.310384750366213,85.44932556152344,-51.64738082885742
0.167236328125,1.00244140625,-0.0517578125,-11.1083984375,2.62451171875,10.07080078125,-14.512744903564453,85.25760650634766,-51.579368591308594
0.16259765625,1.005615234375,-0.06982421875,-10.07080078125,3.35693359375,8.85009765625,-14.645831108093262,85.14922332763672,-51.49734497070313
0.130615234375,1.02197265625,-0.07275390625,-8.4228515625,1.0986328125,7.9345703125,-14.669825553894045,85.14119720458984,-51.5145263671875
0.146484375,1.012451171875,-0.0751953125,-11.3525390625,-1.8310546875,7.9345703125,-14.740013122558596,85.05326080322266,-51.65406799316406
0.14208984375,0.999267578125,-0.070556640625,-12.63427734375,-3.60107421875,7.8125,-14.80828857421875,84.89034271240234,-51.85607528686523
0.1396484375,0.965576171875,-0.0439453125,-15.7470703125,-5.92041015625,8.1787109375,-14.896145820617676,84.61329650878906,-52.14824295043945
0.13134765625,0.962890625,-0.071533203125,-15.56396484375,-7.38525390625,8.97216796875,-15.002397537231445,84.43637084960938,-52.51689529418945
0.1376953125,0.977783203125,-0.05859375,-15.68603515625,-8.36181640625,7.8125,-15.07203483581543,84.24041748046875,-52.92316818237305
0.123779296875,0.974609375,-0.058837890625,-15.625,-11.41357421875,7.6904296875,-15.116765975952148,84.08964538574219,-53.45778274536133
0.132080078125,0.984619140625,-0.048583984375,-15.80810546875,-12.5732421875,6.9580078125,-15.151734352111815,83.92532348632812,-54.0374641418457
0.1279296875,0.996337890625,-0.062255859375,-18.798828125,-13.73291015625,7.87353515625,-15.232098579406738,83.67092895507812,-54.66498184204102
0.131103515625,1.015625,-0.0546875,-22.64404296875,-17.15087890625,12.5732421875,-15.499032974243164,83.30612182617188,-55.41402816772461
0.11083984375,1.08984375,-0.036376953125,-26.55029296875,-19.22607421875,17.76123046875,-15.913654327392578,82.77359771728516,-56.21419906616211
0.09326171875,1.194580078125,0.0009765625,-30.09033203125,-27.9541015625,28.25927734375,-16.724626541137695,82.13379669189453,-57.30059814453125
0.111083984375,1.265625,0.056396484375,-42.54150390625,-52.55126953125,37.353515625,-18.033403396606445,81.22406768798828,-59.32456970214844
0.246337890625,1.200439453125,0.05126953125,-54.38232421875,-64.75830078125,34.423828125,-19.544193267822266,80.09111022949219,-61.87428283691406
0.370361328125,1.05615234375,0.067138671875,-55.96923828125,-44.43359375,23.01025390625,-20.41579818725586,78.83268737792969,-63.69940185546875
0.286376953125,1.07421875,0.048828125,-52.001953125,-42.05322265625,33.63037109375,-21.85231208801269,77.623291015625,-65.29814147949219
0.261962890625,1.01611328125,0.03125,-37.4755859375,-31.55517578125,24.96337890625,-22.81328201293945,76.96717834472656,-66.55833435058594
0.24072265625,1.06591796875,0.03271484375,-22.88818359375,-25.2685546875,19.22607421875,-23.40524864196777,76.84697723388672,-67.61941528320311
0.22802734375,1.072998046875,0.0693359375,-8.48388671875,-18.98193359375,12.5732421875,-23.61776733398437,77.16500091552734,-68.45909118652344
0.28857421875,1.085205078125,0.058837890625,-4.69970703125,-13.0615234375,5.615234375,-23.61023712158203,77.5694808959961,-69.12042999267578
0.44775390625,0.953369140625,0.0302734375,1.3427734375,9.1552734375,-5.4931640625,-22.72662734985352,77.9971694946289,-68.9842529296875
0.242431640625,0.946044921875,0.056396484375,3.7841796875,18.00537109375,-1.5869140625,-22.19371795654297,78.20213317871094,-68.36715698242189
0.215576171875,0.974609375,0.017578125,4.150390625,23.98681640625,1.40380859375,-21.68514633178711,78.41559600830078,-67.50520324707031
0.179931640625,0.998046875,0.023681640625,0.79345703125,31.3720703125,-1.03759765625,-20.95838737487793,78.37377166748047,-66.34445190429689
0.111572265625,0.9580078125,0.033203125,-8.1787109375,40.10009765625,-8.4228515625,-19.75319480895996,77.87808227539062,-64.88496398925781
0.122802734375,0.9609375,0.044921875,-15.68603515625,37.59765625,-10.986328125,-18.523691177368164,77.1512222290039,-63.56075668334961
0.1318359375,0.955322265625,0.034423828125,-22.39990234375,40.1611328125,-23.0712890625,-16.785722732543945,76.23641204833984,-62.27473068237305
0.033203125,1.016357421875,0.0458984375,-30.1513671875,38.2080078125,-36.56005859375,-14.427562713623047,75.16273498535156,-61.241859436035156
0.111083984375,1.035888671875,0.031982421875,-38.330078125,35.33935546875,-46.69189453125,-11.946565628051758,73.9400405883789,-60.47858428955078
0.03076171875,0.970458984375,-0.007080078125,-47.18017578125,34.11865234375,-50.048828125,-9.13485336303711,72.27567291259766,-59.81745529174805
0.18994140625,0.856689453125,0.0625,-63.1103515625,25.57373046875,-35.21728515625,-7.6212830543518075,70.19022369384766,-59.36991882324219
0.396240234375,1.130126953125,-0.123779296875,-61.70654296875,20.93505859375,-25.93994140625,-6.846515655517577,68.60982513427734,-59.06065368652344
0.165283203125,0.772705078125,0.096923828125,-45.7763671875,43.9453125,-48.15673828125,-4.680309295654297,67.22850799560547,-58.20431137084961
0.129150390625,0.96240234375,0.095703125,-7.9345703125,53.1005859375,-78.61328125,-1.099623441696167,67.52302551269531,-57.49440383911133
0.09423828125,1.146484375,0.120361328125,16.845703125,48.76708984375,-85.3271484375,2.6345233917236333,68.83316802978516,-56.95360946655274
0.092041015625,1.217041015625,0.17626953125,23.193359375,41.19873046875,-72.81494140625,5.509262561798097,70.28932952880861,-56.39608764648438
0.260986328125,1.0927734375,0.227783203125,11.29150390625,47.9736328125,-60.1806640625,7.674891471862793,71.15222930908203,-55.338356018066406
0.220458984375,0.87109375,0.230712890625,-0.8544921875,53.1005859375,-36.376953125,8.890389442443848,71.48628234863281,-53.74998092651367
0.31005859375,0.7255859375,0.24169921875,-3.84521484375,74.21875,-37.53662109375,10.311060905456543,71.7458267211914,-51.36219787597656
0.152587890625,0.828125,0.14794921875,17.39501953125,91.6748046875,-37.59765625,12.029017448425293,73.35073852539062,-48.20186233520508
0.03662109375,0.9443359375,0.163330078125,41.259765625,95.947265625,-37.65869140625,13.91748332977295,76.02281951904297,-44.76081466674805
0.027587890625,0.978759765625,0.182373046875,52.42919921875,86.85302734375,-25.634765625,14.981213569641113,78.99067687988281,-41.48381042480469
0.10693359375,0.869384765625,0.21923828125,47.91259765625,80.56640625,-17.63916015625,15.3609619140625,81.5888900756836,-38.36632537841797
0.117919921875,0.815673828125,0.151123046875,44.189453125,86.42578125,-15.56396484375,15.486590385437012,84.17822265625,-34.92942428588867
0.082763671875,0.847412109375,0.155029296875,39.85595703125,93.26171875,-15.19775390625,15.672234535217285,86.6727066040039,-31.16293334960937
-0.0673828125,0.94140625,0.1640625,28.6865234375,80.50537109375,-10.68115234375,15.767976760864258,88.43599700927734,-27.92084503173828
-0.125732421875,0.98291015625,0.111328125,17.76123046875,65.91796875,7.26318359375,15.17700481414795,89.66295623779297,-25.24270820617676
-0.006591796875,0.990234375,0.170654296875,-11.474609375,50.10986328125,39.794921875,12.91440200805664,89.26905059814453,-23.2788028717041
0.057373046875,0.76904296875,0.11083984375,-46.875,59.38720703125,39.61181640625,10.725702285766602,87.58710479736328,-20.87350082397461
-0.142333984375,0.86279296875,0.05615234375,-58.349609375,59.9365234375,51.6357421875,8.748405456542969,85.61917877197266,-18.34040069580078
-0.1943359375,0.9560546875,0.09619140625,-66.71142578125,37.90283203125,75.0732421875,6.017070293426514,83.11891174316406,-16.545591354370114
-0.18408203125,0.971923828125,0.081298828125,-65.4296875,13.48876953125,87.09716796875,2.83821177482605,80.64972686767578,-15.526153564453125
-0.047119140625,0.854248046875,0.049072265625,-45.95947265625,21.6064453125,73.3642578125,0.11984565854072572,79.07321166992188,-14.157106399536133
-0.02392578125,0.779296875,0.113037109375,-35.400390625,25.5126953125,54.5654296875,-1.6353644132614136,77.70957946777344,-12.727442741394045
-0.13232421875,0.905517578125,0.1279296875,-37.29248046875,17.333984375,44.0673828125,-2.8055336475372314,76.33016204833984,-11.67077350616455
-0.17626953125,1.020751953125,0.1005859375,-40.58837890625,7.6904296875,33.8134765625,-3.5439724922180176,74.97345733642578,-11.062992095947266
0.348876953125,1.005126953125,0.016357421875,-33.38623046875,-164.794921875,54.6875,-7.172877788543701,74.84899139404297,-16.930200576782227
0.148681640625,0.927490234375,0.012451171875,-4.21142578125,-114.19677734375,25.2685546875,-9.368623733520508,75.83744049072266,-21.211647033691406
0.04296875,0.866943359375,-0.009033203125,-1.220703125,-90.14892578125,-9.033203125,-9.602657318115234,76.96302795410156,-24.94401741027832
0.00732421875,0.976806640625,-0.06396484375,-5.92041015625,-88.56201171875,-10.68115234375,-9.69107437133789,78.03263854980469,-28.66217803955078
-0.068115234375,1.148681640625,-0.0810546875,-2.74658203125,-97.2900390625,-4.94384765625,-9.747764587402344,79.20616912841797,-32.674758911132805
-0.0576171875,1.206787109375,-0.038330078125,2.74658203125,-118.7744140625,-6.40869140625,-9.82499885559082,80.62144470214844,-37.54528427124024
0.02978515625,1.223388671875,-0.010986328125,-1.15966796875,-127.9296875,-34.24072265625,-8.88951587677002,81.8654556274414,-42.94622421264648
0.0947265625,1.283203125,-0.144775390625,0.1220703125,-144.287109375,-46.875,-7.581680774688722,83.2986068725586,-49.04981231689453
0.31494140625,1.260986328125,-0.211669921875,7.2021484375,-143.98193359375,-32.89794921875,-7.1013145446777335,84.95376586914062,-55.0378303527832
0.332763671875,1.1494140625,-0.21142578125,13.916015625,-130.43212890625,-19.95849609375,-6.989267826080322,86.73882293701172,-60.40940856933594
0.154052734375,1.075439453125,-0.1298828125,16.05224609375,-110.41259765625,-17.4560546875,-6.5161004066467285,88.29446411132812,-64.92658996582031
0.0927734375,1.08740234375,-0.13623046875,7.32421875,-117.12646484375,-29.84619140625,-5.339033126831055,89.41419982910156,-69.69114685058594
0.17724609375,0.97021484375,-0.14501953125,-4.7607421875,-111.2060546875,-48.15673828125,-3.7710235118865967,89.96283721923828,-74.19098663330078
0.213623046875,0.7607421875,-0.163818359375,-3.47900390625,-85.3271484375,-54.62646484375,-2.028528451919556,90.4469985961914,-77.62181091308594
0.152587890625,0.956298828125,-0.203857421875,7.01904296875,-94.6044921875,-28.80859375,-1.0829938650131226,91.26815032958984,-81.40059661865234
0.205078125,1.009521484375,-0.1875,11.53564453125,-108.21533203125,-1.220703125,-1.2293980121612549,92.10787200927734,-85.73084259033203
0.119384765625,0.935546875,-0.119873046875,4.82177734375,-119.81201171875,5.9814453125,-1.49226975440979,92.60490417480469,-90.53204345703124
0.072509765625,0.821044921875,-0.072265625,-3.173828125,-129.08935546875,11.77978515625,-1.8452869653701784,92.71012878417969,-95.71309661865234
0.325439453125,0.5908203125,-0.11376953125,6.65283203125,-144.59228515625,28.3203125,-2.70212459564209,93.97247314453124,-101.58007049560548
0.147705078125,0.795654296875,-0.240234375,23.92578125,-159.423828125,29.96826171875,-3.6245038509368896,95.77266693115234,-108.06681823730469
-0.061279296875,0.79931640625,0.045166015625,35.21728515625,-167.96875,17.08984375,-3.2067651748657227,97.21460723876952,-114.79703521728516
-0.145263671875,0.849609375,-0.160400390625,47.79052734375,-203.4912109375,-19.04296875,-1.7303155660629272,99.86690521240234,-122.75109100341795
0.113525390625,0.9814453125,-0.18310546875,70.73974609375,-177.91748046875,-31.18896484375,0.7133004069328308,102.76873016357422,-129.46951293945312
0.2900390625,0.772216796875,0.0830078125,61.46240234375,-153.3203125,-43.8232421875,3.0407390594482417,104.33642578125,-135.02474975585938
0.186279296875,0.95166015625,0.03271484375,16.41845703125,-128.7841796875,-28.564453125,5.123154640197754,104.00743865966795,-139.77296447753906
0.14404296875,0.864501953125,-0.1552734375,-14.70947265625,-112.60986328125,-13.7939453125,6.145954608917236,102.83204650878906,-144.04672241210938
0.170654296875,1.024169921875,-0.259521484375,-14.0380859375,-103.94287109375,14.70947265625,5.870890140533447,101.8684310913086,-148.24298095703125
0.01025390625,0.842041015625,-0.1611328125,-16.845703125,-99.18212890625,27.89306640625,4.994328022003174,100.98392486572266,-152.34536743164062
0.138916015625,0.845458984375,-0.16650390625,-8.36181640625,-97.59521484375,40.771484375,3.5733067989349365,100.32964324951172,-156.49159240722656
-0.037109375,1.001220703125,-0.134765625,-6.7138671875,-82.45849609375,38.87939453125,2.5733449459075928,99.7499008178711,-160.02464294433594
-0.005126953125,0.992919921875,-0.177490234375,-2.74658203125,-70.98388671875,41.68701171875,1.3235265016555786,99.42079162597656,-163.11134338378906
-0.1162109375,0.99169921875,-0.137939453125,10.07080078125,-58.28857421875,38.26904296875,0.4236735701560974,99.71016693115234,-165.67025756835938
-0.0029296875,1.03076171875,-0.108154296875,11.3525390625,-77.2705078125,36.2548828125,-0.4724305868148804,100.00238800048828,-168.9668731689453
-0.159912109375,0.946044921875,0.110595703125,13.5498046875,-45.34912109375,33.5693359375,-1.2782065868377686,100.17925262451172,-170.9884033203125
-0.000732421875,1.122802734375,-0.134765625,14.09912109375,-47.18017578125,43.02978515625,-2.5654127597808842,100.66829681396484,-173.15782165527344
-0.09765625,1.041748046875,-0.11328125,9.521484375,-43.02978515625,29.23583984375,-3.0696218013763428,100.95138549804688,-175.06431579589844
-0.105712890625,1.034423828125,-0.1552734375,8.1787109375,-55.908203125,25.32958984375,-2.3247721195220947,101.56553649902344,-177.46617126464844
0.512451171875,1.143798828125,-0.202880859375,2.38037109375,-124.81689453125,41.6259765625,-3.7542428970336914,101.87010955810548,-182.6950225830078
0.047119140625,1.263671875,-0.170166015625,8.36181640625,-35.64453125,2.99072265625,-3.506022453308105,102.11296081542969,-184.10482788085938
0.0732421875,1.216552734375,-0.1982421875,-9.521484375,-36.865234375,-0.06103515625,-3.2366755008697514,101.73186492919922,-185.54302978515625
0.177001953125,1.4775390625,-0.23974609375,-26.9775390625,-11.3525390625,-12.3291015625,-2.8047475814819336,100.5557861328125,-185.8834228515625
0.0791015625,1.538818359375,-0.2939453125,-41.9921875,-0.9765625,-19.287109375,-2.0438148975372314,98.86644744873048,-185.7888641357422
0.240966796875,1.600341796875,-0.352294921875,-53.466796875,0.0,-14.09912109375,-1.7826873064041138,96.8827133178711,-185.7092437744141
0.20703125,1.5380859375,-0.37939453125,-68.78662109375,24.5361328125,-12.939453125,-1.5933578014373782,94.35984802246094,-184.6826171875
0.233154296875,1.408447265625,-0.340087890625,-67.87109375,34.97314453125,0.9765625,-2.013085126876831,91.94664764404295,-183.29034423828125
0.18212890625,1.287109375,-0.255859375,-63.78173828125,46.38671875,5.859375,-2.560621738433838,89.63196563720703,-181.44248962402344
0.16552734375,1.320068359375,-0.213134765625,-60.36376953125,63.04931640625,-9.1552734375,-2.320246458053589,87.47064208984375,-178.93980407714844
0.118408203125,1.398193359375,-0.197021484375,-71.35009765625,69.091796875,-32.958984375,-0.9360839128494264,84.94284057617188,-176.2783203125
0.0546875,1.35107421875,-0.1787109375,-84.5947265625,70.3125,-51.26953125,1.401641607284546,82.0546646118164,-173.71786499023438
0.058349609375,1.26904296875,-0.148193359375,-96.6796875,66.0400390625,-53.64990234375,3.7814147472381587,78.85234832763672,-171.44093322753906
0.06982421875,1.220458984375,-0.1416015625,-101.6845703125,71.22802734375,-57.6171875,6.368267059326173,75.673828125,-169.09974670410156
-0.06591796875,1.1455078125,-0.089111328125,-109.375,72.57080078125,-60.546875,9.398930549621582,72.30389404296875,-166.86773681640625
-0.0380859375,1.069580078125,-0.024169921875,-108.82568359375,62.6220703125,-59.02099609375,12.169085502624512,69.00067901611328,-165.11875915527344
-0.033203125,0.974365234375,0.042724609375,-108.33740234375,60.1806640625,-70.49560546875,15.303949356079102,65.68302917480469,-163.7725830078125
-0.062744140625,0.90576171875,0.0791015625,-107.23876953125,57.80029296875,-84.77783203125,18.949764251708984,62.354469299316406,-162.92234802246094
-0.06005859375,0.799560546875,0.137451171875,-105.89599609375,50.96435546875,-100.2197265625,22.88500785827637,58.79145431518555,-162.85604858398438
-0.01611328125,0.719970703125,0.1845703125,-102.35595703125,43.51806640625,-113.1591796875,26.81219291687012,54.96052932739258,-163.64813232421875
-0.090087890625,0.666259765625,0.22021484375,-96.74072265625,50.6591796875,-123.22998046875,31.30815887451172,51.13338851928711,-164.7918243408203
-0.257568359375,0.6650390625,0.25341796875,-97.10693359375,46.875,-112.48779296875,35.525360107421875,47.03643417358398,-166.18344116210938
-0.25732421875,0.633056640625,0.275146484375,-98.7548828125,31.3720703125,-94.78759765625,38.561073303222656,42.6272087097168,-167.893310546875
-0.25146484375,0.619873046875,0.30859375,-102.84423828125,21.1181640625,-89.90478515625,40.81500625610352,37.77638626098633,-170.0455780029297
-0.240234375,0.561279296875,0.29541015625,-104.98046875,23.0712890625,-115.66162109375,43.56685256958008,31.83016014099121,-173.63583374023438
-0.33447265625,0.47509765625,0.2998046875,-102.11181640625,21.484375,-132.14111328125,46.47318649291992,24.723064422607425,-178.78485107421875
-0.445556640625,0.488525390625,0.341796875,-90.33203125,16.05224609375,-131.77490234375,48.835365295410156,17.343008041381836,-184.7505798339844
-0.437255859375,0.58349609375,0.354248046875,-79.4677734375,1.8310546875,-121.03271484375,49.84553909301758,10.671363830566406,169.5360107421875
-0.47998046875,0.6103515625,0.392822265625,-75.01220703125,-5.859375,-119.68994140625,50.09121704101562,4.133499622344972,163.74249267578125
-0.46826171875,0.57080078125,0.39697265625,-76.72119140625,-11.5966796875,-118.2861328125,49.60120010375977,-2.243192434310913,158.15577697753906
-0.5478515625,0.5078125,0.435302734375,-73.91357421875,-5.615234375,-113.83056640625,49.1064567565918,-8.343563079833983,152.81927490234375
-0.58154296875,0.535400390625,0.423828125,-67.138671875,-10.31494140625,-95.5810546875,48.34380340576172,-12.957799911499025,148.93704223632812
-0.654296875,0.564697265625,0.43359375,-54.3212890625,-12.8173828125,-87.21923828125,47.51422119140625,-16.433513641357422,145.796142578125
-0.587158203125,0.544921875,0.43310546875,-38.63525390625,-19.775390625,-83.0078125,46.28807067871094,-18.752330780029297,143.248291015625
-0.63671875,0.5703125,0.468994140625,-23.0712890625,-15.44189453125,-78.61328125,45.25472640991211,-20.20604133605957,140.96173095703125
-0.748046875,0.571533203125,0.511474609375,-16.357421875,-7.4462890625,-69.2138671875,44.86381530761719,-21.140729904174805,139.09852600097656
-0.789306640625,0.56201171875,0.4755859375,-19.47021484375,-6.53076171875,-57.06787109375,44.60447692871094,-21.86436080932617,137.70498657226562
-0.833251953125,0.51416015625,0.464111328125,-18.06640625,-9.70458984375,-60.05859375,44.227394104003906,-22.711162567138672,136.14358520507812
-0.806396484375,0.625732421875,0.422119140625,-16.845703125,-17.39501953125,-70.9228515625,43.4114990234375,-23.491662979125977,134.40118408203122
-0.74560546875,0.5693359375,0.482421875,-27.2216796875,-31.25,-88.37890625,41.68426513671875,-24.982160568237305,132.15911865234378
-0.643310546875,0.42333984375,0.440185546875,-38.330078125,-29.60205078125,-94.970703125,39.828067779541016,-27.08775329589844,129.61505126953122
-0.699951171875,0.31591796875,0.40576171875,-35.0341796875,-22.64404296875,-83.984375,38.47900772094727,-28.95425033569336,127.36204528808594
-0.70068359375,0.34033203125,0.425048828125,-17.88330078125,-23.8037109375,-62.80517578125,37.499900817871094,-29.379474639892575,126.196533203125
-0.70263671875,0.357177734375,0.50390625,-15.93017578125,-27.89306640625,-60.11962890625,36.31172561645508,-29.47394371032715,125.3116455078125
-0.677001953125,0.362548828125,0.546630859375,-24.4140625,-28.38134765625,-65.00244140625,34.90772247314453,-29.922576904296875,124.26637268066406
-0.6533203125,0.39794921875,0.509521484375,-36.56005859375,-21.91162109375,-60.48583984375,33.916637420654304,-30.71132659912109,123.30665588378906
-0.664306640625,0.357421875,0.4931640625,-39.73388671875,-23.8037109375,-46.7529296875,33.19139862060547,-31.338741302490234,122.92579650878906
-0.645751953125,0.320556640625,0.49853515625,-35.15625,-21.42333984375,-34.1796875,32.770591735839844,-31.63288688659668,122.9404296875
-0.7646484375,0.290771484375,0.583251953125,-32.470703125,-14.2822265625,-26.3671875,32.75966262817383,-31.818645477294922,123.0478515625
-0.807861328125,0.27880859375,0.592529296875,-36.43798828125,-16.9677734375,-23.74267578125,32.74274063110352,-32.12596893310547,123.30035400390624
-0.793212890625,0.24169921875,0.60107421875,-43.9453125,-18.9208984375,-32.77587890625,32.40868377685547,-32.930946350097656,123.22976684570312
-0.716796875,0.222900390625,0.58837890625,-54.87060546875,-16.41845703125,-53.22265625,31.652626037597656,-34.575740814208984,122.33364868164062
-0.83642578125,0.14208984375,0.57666015625,-56.2744140625,-17.822265625,-48.27880859375,31.075838088989254,-36.377254486083984,121.57438659667969
-0.791015625,0.12646484375,0.55224609375,-52.734375,-24.169921875,-33.14208984375,30.628780364990234,-37.62763977050781,121.60598754882812
-0.765625,0.169921875,0.580078125,-49.13330078125,-27.587890625,-27.77099609375,30.19045066833496,-38.37945556640625,122.05793762207031
-0.684326171875,0.15869140625,0.573486328125,-52.42919921875,-27.9541015625,-33.5693359375,29.523303985595703,-39.276023864746094,122.36532592773438
-0.640625,0.105712890625,0.550048828125,-54.38232421875,-20.751953125,-35.7666015625,28.929033279418945,-40.51848983764648,122.3316650390625
-0.691162109375,0.0595703125,0.559326171875,-47.54638671875,-9.21630859375,-31.005859375,28.904062271118164,-41.60371017456055,122.11785888671876
-0.76171875,0.064453125,0.592529296875,-47.91259765625,-6.53076171875,-23.74267578125,29.184818267822266,-42.61982345581055,122.08699035644531
-0.780517578125,0.033935546875,0.603271484375,-50.96435546875,-8.48388671875,-20.56884765625,29.44656753540039,-43.736778259277344,122.21182250976562
-0.7685546875,0.010986328125,0.608642578125,-48.9501953125,-11.77978515625,-21.54541015625,29.56673812866211,-44.70744323730469,122.44410705566406
-0.813232421875,-0.009033203125,0.643310546875,-44.12841796875,-12.51220703125,-21.42333984375,29.656049728393555,-45.47904968261719,122.71707153320312
-0.79638671875,0.052978515625,0.67626953125,-41.6259765625,-14.16015625,-17.63916015625,29.80702018737793,-45.87055206298828,123.27540588378906
-0.799072265625,0.039306640625,0.677978515625,-43.15185546875,-14.404296875,-8.30078125,30.19194030761719,-46.18978881835938,124.13882446289062
-0.811767578125,0.034423828125,0.69970703125,-37.53662109375,-13.48876953125,-5.0048828125,30.669273376464844,-46.22834777832031,125.09793090820312
-0.8037109375,0.053955078125,0.739990234375,-32.89794921875,-13.427734375,-3.2958984375,31.09267425537109,-45.9440803527832,126.17745971679688
-0.732421875,0.054443359375,0.775146484375,-33.50830078125,-9.82666015625,-4.21142578125,31.4791259765625,-45.68591690063477,127.15235900878906
-0.723876953125,-0.03125,0.735595703125,-35.5224609375,-2.5634765625,1.953125,32.20035171508789,-45.70438003540039,127.99855041503906
-0.689453125,-0.13427734375,0.661376953125,-24.71923828125,-3.0517578125,22.39990234375,33.440338134765625,-45.2083625793457,129.40046691894528
-0.66162109375,-0.11083984375,0.67041015625,-1.28173828125,-3.2958984375,54.13818359375,35.427433013916016,-42.95170974731445,132.05935668945312
-0.5810546875,-0.07470703125,0.68505859375,14.404296875,-0.79345703125,78.06396484375,37.812904357910156,-39.29333114624024,135.79293823242188
-0.5263671875,0.12255859375,0.71826171875,31.06689453125,7.99560546875,96.61865234375,40.64657211303711,-33.732521057128906,140.76416015625
-0.599609375,0.2216796875,0.79052734375,30.6396484375,25.57373046875,96.25244140625,43.677391052246094,-28.09218978881836,145.76625061035156
-0.643798828125,0.20263671875,0.752685546875,19.4091796875,28.9306640625,83.19091796875,46.265968322753906,-23.104759216308594,150.50096130371094
-0.62451171875,0.155029296875,0.663818359375,15.56396484375,36.07177734375,71.1669921875,48.70790100097656,-18.631303787231445,154.78440856933594
-0.62060546875,0.2431640625,0.610595703125,28.13720703125,39.36767578125,81.60400390625,51.11713409423828,-12.594613075256348,160.29478454589844
-0.781005859375,0.234130859375,0.664306640625,33.447265625,38.0859375,89.599609375,53.178627014160156,-5.680715560913086,166.73622131347656
-0.72216796875,0.26220703125,0.646484375,36.1328125,38.4521484375,88.80615234375,54.548988342285156,1.8614622354507449,-186.2579803466797
-0.63818359375,0.2734375,0.612060546875,33.38623046875,45.654296875,85.205078125,55.63725280761719,9.38754653930664,-179.11732482910156
-0.625732421875,0.2705078125,0.54931640625,29.6630859375,52.55126953125,82.09228515625,56.54367065429688,16.851995468139652,-171.8329620361328
-0.607666015625,0.2841796875,0.501708984375,29.4189453125,57.861328125,81.48193359375,57.14416885375977,24.56543731689453,-164.22024536132812
-0.594970703125,0.3203125,0.399658203125,36.1328125,70.9228515625,80.87158203125,57.73054885864258,33.25794219970703,-155.81930541992188
-0.754638671875,0.351806640625,0.394775390625,38.9404296875,73.486328125,77.33154296875,58.02491760253906,41.95122528076172,-147.48565673828125
-0.6806640625,0.4501953125,0.3974609375,31.494140625,56.94580078125,72.08251953125,57.02961730957031,48.98140335083008,-140.65850830078122
-0.606689453125,0.34375,0.41552734375,20.56884765625,59.02099609375,61.21826171875,56.23178100585938,54.4620590209961,-134.91619873046878
-0.59130859375,0.248046875,0.330322265625,22.15576171875,64.8193359375,62.07275390625,55.54711151123047,59.86236572265625,-129.19979858398438
-0.646728515625,0.21435546875,0.249267578125,37.841796875,69.580078125,80.56640625,54.19164657592773,66.54940032958984,-122.7007064819336
-0.662841796875,0.380615234375,0.256103515625,66.0400390625,58.349609375,127.685546875,50.25283432006836,73.88159942626953,-116.6251983642578
-0.49169921875,0.44140625,0.23828125,68.603515625,55.2978515625,159.66796875,44.36516952514648,80.00442504882812,-111.77581787109376
-0.46484375,0.515625,0.25341796875,58.9599609375,70.86181640625,176.94091796875,37.565711975097656,84.91560363769531,-107.3667449951172
-0.470458984375,0.531982421875,0.18505859375,34.60693359375,89.90478515625,186.03515625,30.49698638916016,88.49685668945312,-102.8782958984375
-0.571533203125,0.563232421875,0.100341796875,22.5830078125,95.15380859375,192.68798828125,23.40540885925293,91.0783920288086,-98.74715423583984
-0.618408203125,0.59130859375,0.053466796875,18.85986328125,80.74951171875,207.21435546875,15.845521926879885,92.77253723144531,-95.69104766845705
-0.54833984375,0.8125,-0.025390625,6.28662109375,53.22265625,221.00830078125,7.650510311126709,93.32386779785156,-94.04659271240234
-0.32373046875,0.892822265625,-0.082763671875,-26.42822265625,54.38232421875,217.529296875,-0.6305382251739502,92.43316650390624,-92.33894348144531
-0.280029296875,1.01318359375,-0.1708984375,-68.90869140625,96.435546875,205.078125,-7.961364269256593,89.60050201416016,-88.68220520019531
-0.989501953125,0.7744140625,-0.07470703125,-90.6982421875,91.00341796875,260.498046875,-16.207868576049805,85.25499725341797,-84.6357192993164
-0.640625,0.901123046875,-0.194091796875,-75.3173828125,6.28662109375,325.3173828125,-27.295856475830078,82.17633056640625,-83.10458374023438
-0.161865234375,1.21484375,-0.21435546875,-72.75390625,2.99072265625,300.1708984375,-37.9200553894043,78.76119995117188,-81.08565521240234
-0.147216796875,1.26220703125,-0.189208984375,-79.1015625,40.4052734375,184.4482421875,-43.16944122314453,73.77952575683594,-77.45084381103516
-0.4150390625,1.2255859375,-0.150634765625,-57.373046875,17.63916015625,122.13134765625,-45.7198600769043,70.5912094116211,-75.32640075683594
-0.442138671875,1.30224609375,-0.0947265625,-18.6767578125,-61.279296875,93.81103515625,-48.30304336547852,74.03225708007812,-79.59317016601562
-0.088623046875,1.498046875,-0.10986328125,20.81298828125,-151.611328125,78.30810546875,-50.84334945678711,82.176025390625,-88.526611328125
0.0576171875,1.6123046875,-0.08740234375,29.35791015625,-171.44775390625,46.56982421875,-51.28416061401367,92.2837371826172,-99.6357650756836
0.08056640625,1.56201171875,-0.010009765625,31.73828125,-182.55615234375,19.8974609375,-49.43856430053711,102.1990203857422,-110.8617172241211
0.1416015625,1.3505859375,0.025390625,28.80859375,-197.6318359375,7.99560546875,-45.98200988769531,110.94349670410156,-121.501708984375
0.187255859375,1.151611328125,0.0771484375,29.96826171875,-204.04052734375,1.3427734375,-41.47204208374024,117.93756103515624,-130.75637817382812
0.298583984375,1.025634765625,0.08447265625,32.77587890625,-205.87158203125,-17.27294921875,-35.71906661987305,122.95921325683594,-138.05961608886722
0.4013671875,0.954833984375,0.11865234375,33.02001953125,-197.20458984375,-64.8193359375,-28.935171127319336,125.87020874023438,-143.04409790039062
0.35107421875,0.909912109375,0.146484375,43.5791015625,-185.11962890625,-89.2333984375,-21.663087844848636,127.73804473876952,-146.3935546875
0.321533203125,0.874755859375,0.19970703125,56.09130859375,-181.884765625,-88.0126953125,-14.66338348388672,129.34515380859378,-149.3873291015625
0.385498046875,0.7529296875,0.2294921875,69.15283203125,-182.06787109375,-64.02587890625,-8.710661888122559,131.17607116699222,-152.91445922851562
0.445556640625,0.72021484375,0.20068359375,71.6552734375,-178.1005859375,-40.283203125,-3.75321364402771,132.85113525390622,-156.89407348632812
0.524658203125,0.742431640625,0.223388671875,65.73486328125,-168.9453125,-27.4658203125,0.1622053235769272,133.89012145996094,-160.75779724121094
0.474609375,0.628662109375,0.2841796875,64.94140625,-140.9912109375,-17.51708984375,3.299457550048828,134.62937927246094,-164.3062286376953
0.498291015625,0.504638671875,0.332763671875,74.27978515625,-123.22998046875,-6.103515625,5.493240833282472,135.61563110351562,-167.71932983398438
0.494140625,0.4130859375,0.3486328125,93.017578125,-96.3134765625,6.40869140625,6.524214267730713,137.38725280761722,-170.7445831298828
0.470458984375,0.601806640625,0.232421875,116.69921875,-55.419921875,20.56884765625,6.2441163063049325,140.09269714355472,-173.06163024902344
0.510986328125,0.87841796875,0.160400390625,116.69921875,-33.02001953125,5.55419921875,5.911728382110597,142.91665649414062,-174.2783660888672
0.420166015625,1.14453125,0.16162109375,105.5908203125,-16.2353515625,-27.83203125,6.402210235595702,145.14373779296875,-173.48330688476562
0.348388671875,1.217529296875,0.24560546875,83.984375,-4.2724609375,-62.80517578125,7.236600875854492,146.70703125,-171.71697998046875
0.45849609375,1.425537109375,0.250244140625,53.8330078125,7.8125,-57.80029296875,7.439618587493896,147.1116943359375,-169.84629821777344
0.5,1.6337890625,0.19775390625,2.13623046875,35.7666015625,-23.62060546875,6.0008482933044425,145.4221649169922,-168.49757385253906
0.392333984375,1.692626953125,0.06103515625,-83.984375,75.439453125,40.95458984375,1.97835385799408,140.2022705078125,-168.15216064453125
0.224853515625,1.5908203125,-0.033203125,-129.82177734375,85.8154296875,89.17236328125,-3.307950735092163,133.29463195800778,-168.44459533691406
0.191650390625,1.418701171875,-0.143798828125,-153.564453125,73.66943359375,131.40869140625,-9.6344575881958,125.8819808959961,-169.7254180908203
0.234619140625,1.294921875,-0.22998046875,-138.97705078125,79.9560546875,144.53125,-16.232690811157227,119.39891815185548,-170.0060272216797
0.293701171875,1.20361328125,-0.33837890625,-106.93359375,94.8486328125,112.24365234375,-21.81151390075684,114.06914520263672,-168.42568969726562
0.212158203125,1.010009765625,-0.404052734375,-65.36865234375,114.68505859375,59.6923828125,-24.76433563232422,110.34722137451172,-164.36000061035156
0.056884765625,0.9970703125,-0.4482421875,-15.0146484375,133.36181640625,7.6904296875,-25.95332145690918,107.55467987060548,-158.98440551757812
-0.062255859375,1.19287109375,-0.4296875,5.92041015625,132.2021484375,-16.29638671875,-25.745370864868164,105.327392578125,-153.2099609375
-0.163818359375,1.29296875,-0.35546875,18.1884765625,120.9716796875,-30.517578125,-24.4409236907959,103.86009216308594,-147.95913696289062
-0.135986328125,1.28076171875,-0.265380859375,25.7568359375,90.02685546875,-28.25927734375,-23.04509735107422,103.12258911132812,-143.8102569580078
-0.0537109375,1.21630859375,-0.19970703125,25.7568359375,71.59423828125,-17.4560546875,-22.035808563232425,102.74748229980469,-140.55413818359378
-0.038818359375,1.1298828125,-0.222412109375,27.83203125,56.7626953125,-5.79833984375,-21.611459732055664,102.74181365966795,-138.2261962890625
0.166015625,1.123779296875,-0.2646484375,23.62060546875,58.04443359375,-3.5400390625,-21.46220588684082,102.78290557861328,-135.76214599609378
-0.065185546875,1.229248046875,-0.277587890625,9.3994140625,80.26123046875,-36.0107421875,-19.812294006347656,101.84174346923828,-132.08384704589844
-0.11474609375,1.249755859375,-0.27197265625,-7.38525390625,59.26513671875,-33.26416015625,-18.165346145629886,100.65757751464844,-129.658203125
-0.2001953125,0.823486328125,-0.094970703125,-32.77587890625,35.94970703125,-10.8642578125,-16.787757873535153,98.70183563232422,-128.06370544433594
-0.025390625,0.82861328125,-0.34033203125,-20.08056640625,22.4609375,-10.1318359375,-15.82086944580078,98.16704559326172,-127.23835754394531
0.02294921875,0.742919921875,-0.258056640625,-6.77490234375,29.23583984375,-34.66796875,-13.765331268310547,97.92781829833984,-125.79447174072266
-0.00830078125,0.945556640625,-0.232177734375,14.16015625,30.3955078125,-58.59375,-11.072275161743164,98.37808227539062,-124.26740264892578
-0.035400390625,0.96337890625,-0.19873046875,20.01953125,20.69091796875,-55.48095703125,-8.498794555664062,99.09587097167969,-123.10929107666016
0.058837890625,1.178955078125,-0.36083984375,23.49853515625,1.77001953125,-31.31103515625,-6.9229369163513175,99.51715850830078,-122.98888397216795
0.15185546875,0.906494140625,-0.095947265625,11.53564453125,-11.16943359375,14.95361328125,-7.534191131591798,99.89466857910156,-123.51769256591795
-0.009765625,0.050537109375,-0.237060546875,25.32958984375,19.4091796875,-47.36328125,-5.6304893493652335,102.8998031616211,-122.6437759399414
-0.1767578125,0.6123046875,-0.098388671875,62.31689453125,-2.0751953125,-74.27978515625,-2.309643507003784,105.41209411621094,-122.51846313476562
0.079833984375,0.969970703125,-0.060546875,66.89453125,-21.17919921875,-58.89892578125,0.084295354783535,107.61138916015624,-122.6350555419922
-0.319091796875,0.99755859375,0.05615234375,38.9404296875,-20.93505859375,-34.66796875,2.347482204437256,108.37444305419922,-122.9968490600586
0.093017578125,1.00244140625,-0.102294921875,7.62939453125,-23.8037109375,2.86865234375,1.9767229557037356,107.90130615234376,-123.759033203125
-0.06201171875,0.814453125,-0.247802734375,-9.21630859375,-12.02392578125,26.06201171875,1.221687912940979,107.45687866210938,-124.5393295288086
-0.1064453125,0.90283203125,-0.2646484375,-4.5166015625,-17.578125,30.6396484375,0.4753857553005218,107.20152282714844,-125.58114624023438
-0.10693359375,0.965576171875,-0.298095703125,0.1220703125,-25.08544921875,29.84619140625,-0.13366839289665222,107.29885864257812,-126.85406494140624
-0.07861328125,1.038330078125,-0.255859375,0.54931640625,-18.37158203125,16.17431640625,-0.35725292563438416,107.1724090576172,-127.74929809570312
0.03466796875,0.78076171875,-0.03271484375,-22.76611328125,-6.40869140625,8.1787109375,-0.683697521686554,105.66773986816406,-128.08328247070312
-0.14990234375,0.653564453125,-0.243896484375,-6.16455078125,-20.99609375,28.38134765625,-1.0620855093002322,105.97144317626952,-129.32539367675778
-0.119873046875,0.68701171875,-0.295166015625,44.5556640625,-50.72021484375,37.17041015625,-1.4775539636611938,108.07931518554688,-131.70205688476562
-0.208740234375,0.927001953125,-0.2578125,70.1904296875,-72.8759765625,28.50341796875,-1.0317448377609253,110.84486389160156,-134.81561279296878
0.2109375,0.9892578125,0.1083984375,17.88330078125,-95.39794921875,48.583984375,-1.956674337387085,110.50614166259766,-138.61366271972656
0.054931640625,0.7275390625,-0.1474609375,-25.32958984375,-76.7822265625,59.14306640625,-3.2112090587615967,109.28582000732422,-142.29847717285156
-0.13037109375,0.71533203125,-0.252685546875,-14.70947265625,-71.1669921875,20.263671875,-2.5280632972717285,108.83821105957031,-145.25942993164062
0.03759765625,1.022216796875,-0.2587890625,-7.8125,-95.0927734375,-11.1083984375,-0.6202925443649292,108.18026733398438,-148.70445251464844
0.2470703125,1.26123046875,-0.067138671875,-31.1279296875,-94.1162109375,-42.90771484375,1.7215833663940432,106.30503845214844,-151.7659912109375
0.175048828125,1.20166015625,-0.4208984375,-42.78564453125,-75.25634765625,-67.3828125,4.738197326660156,104.57271575927734,-153.93115234375
0.134765625,1.100830078125,-0.372802734375,-28.9306640625,-79.65087890625,-53.1005859375,6.39568567276001,103.5762939453125,-156.71905517578125
0.247802734375,1.2392578125,-0.44873046875,-0.244140625,-48.52294921875,-1.46484375,6.246832847595215,103.59295654296876,-158.57330322265625
0.2255859375,1.235107421875,-0.4189453125,8.85009765625,-20.08056640625,23.92578125,4.886041641235352,104.03659057617188,-159.56883239746094
0.2001953125,1.230224609375,-0.294189453125,2.197265625,-1.708984375,37.04833984375,2.8819282054901123,103.8233413696289,-159.69305419921875
-0.123046875,1.189453125,-0.212158203125,-20.32470703125,11.77978515625,40.71044921875,1.3106681108474731,102.85063934326172,-159.62530517578125
-0.16455078125,1.16796875,-0.170654296875,-40.71044921875,-22.64404296875,58.59375,-0.520593523979187,101.0177230834961,-161.01223754882812
0.0673828125,0.738525390625,-0.192626953125,-44.73876953125,-46.142578125,84.8388671875,-3.4359247684478764,99.84496307373048,-163.58961486816406
0.09228515625,0.59619140625,-0.248046875,-27.9541015625,-33.99658203125,81.4208984375,-6.591897010803223,99.37760925292969,-165.518310546875
-0.043701171875,0.802001953125,-0.318603515625,-10.8642578125,-16.6015625,66.0400390625,-8.705526351928711,99.56486511230469,-166.68138122558594
-0.049072265625,0.5634765625,-0.0810546875,-30.6396484375,-6.7138671875,36.4990234375,-9.333900451660156,98.991943359375,-167.25860595703125
0.142822265625,1.427734375,-0.23681640625,-34.24072265625,25.146484375,37.109375,-10.796101570129396,97.48422241210938,-166.47195434570312
0.59130859375,1.021728515625,-0.222412109375,-53.7109375,-29.60205078125,43.0908203125,-13.089701652526855,95.77967834472656,-167.89840698242188
0.113037109375,1.0146484375,-0.6923828125,-7.9345703125,72.8759765625,18.1884765625,-13.515310287475586,95.87562561035156,-165.23733520507812
0.464599609375,1.10009765625,-0.39404296875,1.40380859375,50.47607421875,20.69091796875,-14.884583473205565,95.95106506347656,-163.37542724609375
0.319091796875,1.111572265625,-0.2568359375,-3.60107421875,70.3125,27.03857421875,-16.273443222045902,95.31787872314452,-160.65277099609375
0.15478515625,1.0068359375,-0.237548828125,-18.06640625,65.185546875,30.517578125,-17.865644454956055,93.34601593017578,-158.04742431640625
0.073486328125,0.910888671875,-0.0849609375,-40.71044921875,73.30322265625,15.13671875,-18.06156349182129,90.84188842773438,-155.02716064453125
0.08837890625,0.676513671875,-0.079345703125,-46.81396484375,88.68408203125,-5.0048828125,-17.42262840270996,88.06060791015625,-151.38658142089844
0.188232421875,0.689453125,-0.06005859375,-49.13330078125,96.19140625,-7.38525390625,-17.17600440979004,85.13880920410156,-147.3709259033203
0.40380859375,0.78076171875,-0.112060546875,-53.52783203125,116.27197265625,11.29150390625,-17.528528213500973,81.99471282958984,-142.60171508789062
0.3369140625,0.95263671875,-0.06396484375,-54.6875,142.51708984375,24.2919921875,-17.626699447631836,78.41731262207031,-136.67094421386722
0.2685546875,0.876220703125,-0.051513671875,-54.87060546875,154.6630859375,21.05712890625,-16.724163055419922,74.99564361572266,-130.32960510253906
-0.1484375,0.870361328125,-0.06591796875,-41.015625,147.0947265625,15.2587890625,-14.71445369720459,72.48017883300781,-124.52944946289062
0.13916015625,0.835693359375,-0.2744140625,-33.447265625,96.19140625,35.70556640625,-14.773207664489744,71.40824127197266,-120.63520050048828
-0.0380859375,0.872314453125,-0.176025390625,-5.18798828125,106.14013671875,12.87841796875,-12.389320373535154,71.5309829711914,-116.52156829833984
-0.23486328125,0.681396484375,-0.150634765625,31.43310546875,111.328125,-43.9453125,-8.281188011169434,73.22122955322266,-112.96976470947266
-0.468505859375,0.965576171875,-0.0693359375,59.63134765625,92.83447265625,-65.7958984375,-3.525393009185791,76.02466583251953,-110.14190673828124
-0.356689453125,1.113037109375,-0.005126953125,55.48095703125,31.43310546875,-50.29296875,-1.2529957294464111,78.17156219482422,-109.80171966552734
-0.1328125,1.03857421875,0.061279296875,4.39453125,-5.0048828125,-4.82177734375,-0.7669987678527832,78.6691665649414,-110.042724609375
-0.026123046875,0.939208984375,0.038330078125,-24.0478515625,-6.9580078125,-1.708984375,-0.6619466543197632,78.05292510986328,-110.33450317382812
-0.146240234375,0.86767578125,0.0517578125,-40.0390625,-3.47900390625,-18.98193359375,0.702680766582489,76.63921356201172,-110.89289855957031
-0.2275390625,0.99169921875,0.059814453125,-50.47607421875,-36.56005859375,-29.1748046875,1.958290100097656,74.94982147216797,-112.59864807128906
-0.07861328125,0.926513671875,0.023681640625,-56.57958984375,-61.4013671875,-41.3818359375,2.9959588050842285,73.08619689941406,-115.39862823486328
-0.0625,0.98486328125,-0.0537109375,-46.630859375,-69.091796875,-49.01123046875,4.120316028594972,72.12178802490234,-118.70022583007812
-0.0419921875,1.02880859375,-0.091552734375,-16.6015625,-77.94189453125,-56.15234375,5.246850490570068,72.03547668457031,-122.3012924194336
-0.095703125,1.015380859375,-0.14013671875,19.83642578125,-87.70751953125,-53.28369140625,6.271194934844972,73.40496826171875,-126.20903778076172
-0.00146484375,1.067626953125,-0.201171875,54.26025390625,-117.0654296875,-37.17041015625,6.023201942443848,76.50138092041016,-131.34173583984378
0.11376953125,1.233154296875,-0.29296875,83.55712890625,-148.193359375,-25.57373046875,5.433903217315674,80.25215911865234,-137.28057861328122
0.212158203125,1.310791015625,-0.21484375,66.7724609375,-158.3251953125,-4.69970703125,4.16748046875,83.1128158569336,-143.5330352783203
0.35595703125,1.3701171875,-0.1572265625,26.611328125,-154.296875,10.498046875,2.26485276222229,83.75480651855469,-149.33331298828125
0.60546875,1.5947265625,0.284912109375,-30.517578125,-125.79345703125,17.7001953125,0.09197690337896347,82.27479553222656,-154.2347412109375
0.259521484375,1.3798828125,-0.1875,-74.52392578125,-121.09375,-0.244140625,-1.0493218898773191,79.91915130615234,-159.00917053222656
0.206298828125,1.293701171875,-0.25244140625,-99.91455078125,-112.548828125,-2.38037109375,-2.104623794555664,76.72599029541016,-163.35025024414062
0.2333984375,1.1123046875,-0.3046875,-114.07470703125,-105.28564453125,-4.0283203125,-3.3955798149108887,73.42222595214844,-167.49166870117188
0.1611328125,1.030029296875,-0.31640625,-108.7646484375,-106.99462890625,1.40380859375,-4.97765064239502,70.61408233642578,-171.62429809570312
0.124755859375,0.934814453125,-0.29248046875,-97.35107421875,-120.60546875,10.3759765625,-7.273060321807861,68.65499877929689,-176.34603881835938
0.11279296875,0.8896484375,-0.2236328125,-86.73095703125,-143.1884765625,15.869140625,-10.026487350463867,67.27788543701172,-181.64532470703125
0.1767578125,0.869873046875,-0.162109375,-86.24267578125,-150.146484375,9.58251953125,-12.838648796081545,66.15802001953125,-187.33702087402344
0.1845703125,0.798095703125,-0.11865234375,-89.90478515625,-143.49365234375,-1.708984375,-15.005093574523926,65.03504180908203,167.01649475097656
0.124755859375,0.69775390625,-0.109130859375,-93.994140625,-141.17431640625,-9.521484375,-16.962278366088867,64.07910919189453,161.20370483398438
0.006591796875,0.55224609375,-0.08837890625,-90.51513671875,-138.5498046875,-7.50732421875,-18.598407745361328,63.46625518798828,155.4364471435547
0.171142578125,0.440185546875,-0.065185546875,-89.7216796875,-154.72412109375,11.5966796875,-21.78510856628418,63.2433090209961,149.54273986816406
0.140625,0.349365234375,-0.046630859375,-77.08740234375,-152.4658203125,32.53173828125,-25.77277755737305,63.60738754272461,143.72695922851562
0.197265625,0.2802734375,-0.04736328125,-63.78173828125,-148.0712890625,44.61669921875,-30.42292022705078,64.73322296142578,138.00801086425778
0.18603515625,0.24951171875,-0.029296875,-42.78564453125,-142.63916015625,58.4716796875,-35.31352615356445,67.35932922363281,132.30003356933594
0.2451171875,0.37744140625,-0.04150390625,-7.38525390625,-158.26416015625,59.75341796875,-39.71250915527344,72.15923309326172,125.15737915039062
0.246337890625,0.546142578125,-0.083984375,24.35302734375,-174.1943359375,26.79443359375,-41.87002182006836,79.96111297607422,115.80380249023438
0.28271484375,0.680908203125,-0.08984375,58.349609375,-183.837890625,-21.1181640625,-40.18073654174805,90.10194396972656,105.41095733642578
0.3662109375,0.84326171875,-0.142578125,97.10693359375,-172.2412109375,-89.90478515625,-35.35122299194336,99.48014831542969,96.92691040039062
0.378173828125,0.925537109375,-0.179443359375,110.107421875,-161.62109375,-117.919921875,-28.75427627563477,107.1861572265625,90.8389663696289
0.3134765625,0.930908203125,-0.1748046875,108.88671875,-158.99658203125,-116.69921875,-21.990800857543945,113.28030395507812,86.05348205566406
0.26220703125,0.990966796875,-0.20947265625,95.52001953125,-166.32080078125,-77.5146484375,-16.045995712280273,118.23255157470705,81.35859680175781
0.34716796875,1.028564453125,-0.237548828125,74.951171875,-176.81884765625,-34.36279296875,-11.424514770507812,121.96644592285156,75.95478057861328
0.477294921875,1.00732421875,-0.246826171875,43.5791015625,-179.0771484375,-4.94384765625,-8.176838874816895,123.61224365234376,69.97212982177734
0.36474609375,0.668701171875,-0.22021484375,18.1884765625,-187.1337890625,31.1279296875,-5.7602081298828125,124.63549041748048,63.118141174316406
0.2626953125,0.77099609375,-0.20458984375,17.76123046875,-181.94580078125,54.50439453125,-3.874582767486572,125.2093505859375,55.96791076660156
0.23486328125,1.019775390625,-0.272705078125,37.29248046875,-182.31201171875,43.51806640625,-0.9129170179367064,126.62277221679688,49.22901916503906
0.173095703125,1.010498046875,-0.3935546875,67.19970703125,-211.5478515625,19.10400390625,3.3195109367370605,128.55668640136722,42.088565826416016
0.373779296875,0.933349609375,-0.42626953125,73.6083984375,-235.4736328125,10.43701171875,8.071139335632324,130.21697998046878,34.49820709228516
0.4384765625,0.996337890625,-0.428955078125,72.44873046875,-238.09814453125,0.8544921875,13.234820365905762,131.14727783203122,27.170856475830078
0.4287109375,1.03369140625,-0.53955078125,59.75341796875,-240.05126953125,-0.244140625,18.299936294555664,130.95516967773438,19.56936836242676
0.567138671875,1.040283203125,-0.560546875,45.0439453125,-240.29541015625,12.939453125,22.53707695007324,129.40306091308594,11.280040740966795
0.565185546875,1.104736328125,-0.59912109375,38.818359375,-240.478515625,30.45654296875,25.76595497131348,126.66278076171876,1.861133575439453
0.620361328125,1.052734375,-0.647705078125,39.12353515625,-252.44140625,50.29296875,28.11074066162109,123.22772216796876,-8.714349746704103
0.630615234375,1.08203125,-0.66796875,45.5322265625,-252.74658203125,65.97900390625,29.285104751586914,119.50377655029295,-20.05675506591797
0.74853515625,1.106201171875,-0.6455078125,50.10986328125,-246.15478515625,76.904296875,28.99000740051269,116.16950988769531,-31.33632469177246
0.754150390625,1.174560546875,-0.629150390625,57.80029296875,-215.27099609375,88.7451171875,27.477256774902344,113.55284118652344,-41.79509353637695
0.7177734375,1.2255859375,-0.645263671875,66.650390625,-189.14794921875,94.29931640625,25.11338806152344,112.1971206665039,-51.09480667114258
0.670166015625,1.180908203125,-0.609375,89.9658203125,-158.447265625,95.64208984375,22.119115829467773,113.32302856445312,-58.53047561645508
0.60546875,1.166259765625,-0.560791015625,120.9716796875,-101.25732421875,81.9091796875,19.19631004333496,116.3145980834961,-63.93796157836914
0.450927734375,1.20361328125,-0.513427734375,133.97216796875,-54.6875,61.09619140625,16.697137832641598,120.5159683227539,-67.27876281738281
0.2822265625,1.225830078125,-0.4736328125,135.43701171875,-18.9208984375,44.677734375,14.584552764892578,125.06658172607422,-68.85337829589844
0.074951171875,1.267578125,-0.389404296875,127.25830078125,-12.26806640625,42.96875,12.855611801147461,129.07073974609378,-70.53291320800781
0.079833984375,1.234130859375,-0.34375,115.8447265625,-30.82275390625,52.3681640625,11.48391342163086,132.26779174804688,-73.11194610595703
0.061279296875,1.177001953125,-0.28857421875,97.2900390625,-48.64501953125,67.2607421875,11.234211921691896,134.28868103027344,-76.97976684570312
0.321044921875,0.996337890625,-0.3291015625,82.33642578125,-88.43994140625,98.14453125,9.934656143188477,135.607666015625,-82.54584503173828
0.090087890625,0.944580078125,-0.356689453125,62.744140625,-105.5908203125,111.328125,9.324312210083008,136.09004211425778,-88.935302734375
0.213623046875,0.863525390625,-0.377197265625,56.7626953125,-97.5341796875,122.0703125,7.90364408493042,136.41691589355472,-95.45095825195312
0.200927734375,0.924072265625,-0.39306640625,53.03955078125,-98.14453125,134.33837890625,6.3588643074035645,136.80462646484378,-102.22335815429688
0.189208984375,0.876220703125,-0.37939453125,37.7197265625,-105.16357421875,133.1787109375,5.125013828277588,136.72698974609378,-109.11114501953124
0.1767578125,0.846435546875,-0.39990234375,23.4375,-115.234375,130.31005859375,4.168407440185547,136.0994873046875,-116.2591552734375
0.310302734375,0.812255859375,-0.57763671875,14.95361328125,-82.58056640625,142.578125,1.7740949392318726,135.9481201171875,-122.68832397460938
0.29345703125,0.887939453125,-0.534912109375,11.29150390625,-54.26025390625,148.4375,-1.4653177261352541,135.80783081054688,-128.475830078125
0.14111328125,1.049072265625,-0.57861328125,3.96728515625,-52.06298828125,136.8408203125,-3.7393510341644287,135.36827087402344,-133.72865295410156
0.12109375,0.917724609375,-0.58642578125,-12.3291015625,-44.25048828125,109.31396484375,-5.666649341583253,134.71623229980472,-138.05528259277344
