0.398193359375,1.40283203125,-0.055419921875,-51.6357421875,-6.34765625,-30.33447265625,-2.1732463836669917,77.34771728515625,-133.48687744140622
0.211669921875,1.593994140625,-0.037109375,-74.5849609375,59.63134765625,-52.490234375,0.2062591761350632,74.86660766601562,-131.6824951171875
0.04931640625,1.560546875,-0.048583984375,-102.294921875,56.7626953125,-75.01220703125,3.6374483108520512,71.47146606445312,-130.36212158203122
0.12939453125,1.518798828125,-0.04443359375,-118.65234375,49.98779296875,-82.763671875,7.094050407409668,67.57357025146484,-129.57102966308594
0.125,1.437255859375,-0.03759765625,-130.18798828125,49.37744140625,-82.45849609375,10.44894027709961,63.361595153808594,-128.99496459960938
0.069091796875,1.252685546875,0.009033203125,-128.72314453125,44.7998046875,-65.4296875,13.103567123413086,59.305152893066406,-128.45785522460938
0.091796875,1.11279296875,0.070068359375,-117.73681640625,38.0859375,-43.8232421875,14.756248474121096,55.74897384643555,-127.83407592773438
0.10009765625,1.015625,0.09814453125,-102.9052734375,38.9404296875,-20.1416015625,15.595017433166506,52.97939682006836,-126.69798278808594
0.037109375,0.8408203125,0.132080078125,-81.72607421875,37.41455078125,14.22119140625,15.42733669281006,51.24455261230469,-124.7991714477539
0.104248046875,0.737548828125,0.146484375,-62.01171875,33.5693359375,41.259765625,14.160821914672852,50.38764190673828,-122.35144805908205
0.09521484375,0.677490234375,0.1513671875,-44.37255859375,40.8935546875,66.162109375,12.369132041931152,50.353675842285156,-119.06741333007812
0.075439453125,0.629150390625,0.12451171875,-25.7568359375,32.5927734375,92.7734375,9.63417911529541,51.06290817260742,-115.42137908935548
0.175048828125,0.6982421875,0.101806640625,-15.56396484375,34.3017578125,103.6376953125,6.378898143768311,52.08025360107422,-111.55890655517578
0.155517578125,0.715087890625,0.11669921875,-8.30078125,54.26025390625,107.421875,3.5849802494049072,53.18533706665039,-107.10521697998048
0.034912109375,0.691650390625,0.1162109375,3.5400390625,62.8662109375,113.525390625,1.1547458171844482,54.55220031738281,-102.33998107910156
0.010498046875,0.7109375,0.1220703125,13.00048828125,58.349609375,117.61474609375,-1.4621360301971436,56.03339385986328,-97.73470306396484
-0.038330078125,0.743408203125,0.1201171875,21.97265625,48.64501953125,121.337890625,-4.2930636405944815,57.63575744628906,-93.47991943359376
-0.0380859375,0.775390625,0.11181640625,33.3251953125,30.1513671875,123.47412109375,-7.608614921569824,59.51107025146485,-89.93557739257812
-0.01708984375,0.796142578125,0.12841796875,36.1328125,17.39501953125,121.9482421875,-11.168871879577637,61.278297424316406,-86.99977111816406
-0.010498046875,0.829345703125,0.11474609375,37.7197265625,16.41845703125,119.2626953125,-14.62800121307373,62.95486450195313,-84.28350067138672
0.054443359375,0.81689453125,0.12744140625,41.19873046875,15.9912109375,109.55810546875,-17.864830017089844,64.58908843994139,-81.86077117919922
0.009765625,0.872802734375,0.11865234375,47.36328125,24.47509765625,102.9052734375,-20.54960823059082,66.28723907470703,-79.33145904541016
-0.045166015625,0.92236328125,0.105224609375,51.8798828125,19.10400390625,93.1396484375,-22.811376571655273,68.20951080322266,-77.27157592773438
0.123291015625,0.9013671875,0.122314453125,57.6171875,23.0712890625,79.7119140625,-24.886144638061523,70.20775604248047,-75.31932067871094
0.06884765625,0.905029296875,0.13525390625,63.65966796875,45.47119140625,72.021484375,-26.23358917236328,71.95046997070312,-72.57549285888672
0.006591796875,0.919189453125,0.13427734375,67.68798828125,50.10986328125,64.51416015625,-27.126235961914066,73.71499633789062,-69.75709533691406
-0.055419921875,0.92919921875,0.114501953125,71.8994140625,36.7431640625,57.9833984375,-27.77837371826172,76.15409088134766,-67.97035217285156
-0.9951171875,1.599609375,1.354736328125,71.8994140625,16.78466796875,40.58837890625,-27.489152908325195,77.43562316894531,-66.31275939941406
0.591552734375,0.948974609375,0.82568359375,-23.92578125,-19.71435546875,-10.986328125,-27.2562255859375,75.8076171875,-66.76960754394531
-0.255859375,0.673095703125,0.105224609375,-36.80419921875,62.255859375,-16.78466796875,-24.5061092376709,74.02581787109375,-65.32276916503906
0.0654296875,0.506591796875,-0.137939453125,-10.3759765625,-25.0244140625,-6.591796875,-23.95720863342285,75.34840393066406,-66.98360443115234
0.240234375,0.721435546875,-0.011962890625,30.029296875,-105.04150390625,11.1083984375,-25.1038875579834,78.99923706054688,-71.63236999511719
0.40625,1.285400390625,0.306884765625,46.44775390625,-114.2578125,21.17919921875,-26.105823516845703,82.6444320678711,-76.0271224975586
0.30908203125,1.079345703125,0.12744140625,44.00634765625,-90.02685546875,-1.5869140625,-25.97128295898437,86.1681137084961,-80.01690673828125
0.310546875,1.0244140625,-0.05810546875,42.41943359375,-103.57666015625,-6.04248046875,-25.48608207702637,90.14781188964844,-84.73377990722656
0.686279296875,0.95703125,-0.114013671875,43.27392578125,-92.7734375,0.54931640625,-25.960115432739254,93.66423034667969,-88.37765502929688
0.4287109375,1.222412109375,0.033935546875,38.87939453125,-32.5927734375,15.625,-26.209835052490234,95.64494323730469,-89.77583312988281
0.105712890625,1.238037109375,0.072998046875,19.775390625,-45.34912109375,11.53564453125,-25.64692497253418,96.9246826171875,-91.6487045288086
0.478271484375,1.053955078125,0.002197265625,0.6103515625,-66.58935546875,3.84521484375,-25.506702423095703,97.6696319580078,-94.23339080810548
0.761474609375,1.072021484375,0.078857421875,-14.09912109375,-21.3623046875,13.00048828125,-26.308202743530273,97.10758209228516,-95.0577392578125
0.369384765625,1.19140625,0.069091796875,-22.5830078125,20.08056640625,18.73779296875,-26.79072380065918,95.38859558105469,-94.06243133544922
0.23828125,0.943115234375,0.121826171875,-19.10400390625,-10.19287109375,28.6865234375,-27.70206069946289,94.53045654296876,-94.3902587890625
0.53466796875,0.901611328125,0.138916015625,-15.7470703125,-48.52294921875,32.65380859375,-28.96648406982422,94.4715805053711,-96.46330261230469
0.761962890625,0.91943359375,0.023681640625,-16.90673828125,-33.8134765625,29.052734375,-30.432016372680664,94.3919448852539,-98.01370239257812
-0.403564453125,0.73876953125,-0.2626953125,-17.02880859375,3.7841796875,21.97265625,-29.22163963317871,94.70703887939452,-98.88793182373048
-0.91015625,0.94970703125,-0.54052734375,-0.3662109375,-124.51171875,0.3662109375,-26.60644340515137,98.12774658203124,-104.83157348632812
-0.115234375,0.745849609375,-0.625732421875,-7.32421875,-289.0625,-30.517578125,-22.0269775390625,104.17621612548828,-117.48989868164062
-0.12646484375,0.97314453125,-0.53857421875,-16.78466796875,-254.0283203125,-51.3916015625,-16.233491897583008,106.71246337890624,-127.15779113769531
-0.199951171875,0.85546875,-0.520751953125,-54.8095703125,-310.4248046875,-48.03466796875,-9.682056427001953,107.70333099365234,-138.82566833496094
1.145263671875,0.767333984375,0.000732421875,-57.80029296875,-327.08740234375,-19.53125,-6.702225685119629,106.7576141357422,-151.06561279296875
0.888427734375,0.812744140625,0.157958984375,-56.45751953125,-231.01806640625,-7.32421875,-5.799252986907959,104.7050552368164,-159.20263671875
1.113525390625,0.952880859375,0.126220703125,-36.56005859375,-184.814453125,-2.3193359375,-5.473748683929443,103.36518096923828,-166.28884887695312
1.290771484375,1.00439453125,0.1767578125,-31.67724609375,-84.65576171875,15.68603515625,-6.986068248748778,101.89618682861328,-169.66722106933594
0.8984375,1.041748046875,0.172119140625,-20.99609375,64.14794921875,24.7802734375,-10.067869186401367,99.92977142333984,-166.2854461669922
0.6572265625,0.962890625,0.039306640625,-14.09912109375,145.56884765625,36.7431640625,-13.365324020385742,97.78704071044922,-160.56007385253906
0.335693359375,0.908203125,-0.103515625,-0.42724609375,142.578125,34.60693359375,-15.716168403625488,96.2737274169922,-154.8795166015625
-0.06005859375,1.060791015625,-0.270751953125,17.7001953125,103.515625,34.912109375,-16.858661651611328,96.4922103881836,-151.47288513183594
0.117919921875,1.121337890625,-0.313232421875,27.77099609375,56.15234375,42.3583984375,-18.378677368164066,97.31866455078124,-149.4574737548828
0.388671875,1.0556640625,-0.176025390625,21.3623046875,54.87060546875,36.07177734375,-20.15455818176269,97.54418182373048,-147.37753295898438
0.3603515625,0.847412109375,-0.042236328125,11.3525390625,85.693359375,21.78955078125,-21.384807586669922,96.36053466796876,-143.4542999267578
0.278076171875,0.762451171875,-0.0078125,19.04296875,91.796875,0.6103515625,-21.74514579772949,95.4255142211914,-139.44026184082028
0.380859375,0.81640625,0.017578125,23.62060546875,92.71240234375,-5.0048828125,-22.01404571533203,94.59780883789062,-135.33641052246094
0.325439453125,0.805419921875,0.0390625,27.099609375,121.826171875,-2.8076171875,-22.442197799682614,93.34589385986328,-129.61373901367188
0.425537109375,0.83740234375,-0.055419921875,33.0810546875,149.47509765625,17.9443359375,-23.63609313964844,92.13275146484376,-123.1649398803711
0.26953125,0.878662109375,-0.072998046875,37.7197265625,167.54150390625,34.5458984375,-24.93801307678223,90.71609497070312,-115.90383911132812
0.271240234375,0.881103515625,-0.105712890625,41.80908203125,156.92138671875,55.419921875,-27.122892379760746,89.74922943115234,-109.38238525390624
0.483154296875,0.88818359375,-0.068115234375,40.4052734375,155.76171875,76.23291015625,-30.11960792541504,88.08755493164062,-102.31063079833984
0.55322265625,0.893798828125,-0.08203125,36.2548828125,176.8798828125,90.9423828125,-33.424571990966804,85.2811279296875,-93.90444946289062
0.3515625,0.825927734375,-0.142578125,29.96826171875,186.8896484375,100.4638671875,-36.32050704956055,81.59996032714844,-85.02597045898438
0.373046875,0.879638671875,-0.266357421875,8.4228515625,144.6533203125,100.28076171875,-38.829368591308594,78.11322784423828,-77.6386947631836
0.702392578125,0.923095703125,-0.292236328125,-20.56884765625,128.11279296875,92.95654296875,-41.23913955688477,73.49437713623047,-70.69322967529297
0.422607421875,0.778564453125,-0.10205078125,-35.7666015625,126.5869140625,60.60791015625,-41.26801681518555,69.10273742675781,-65.01970672607422
0.197021484375,0.6728515625,-0.02392578125,5.859375,30.8837890625,23.74267578125,-40.865806579589844,69.14672088623047,-63.77820205688477
0.022705078125,0.968994140625,-0.193359375,33.3251953125,-71.044921875,-15.0146484375,-39.908775329589844,74.4745864868164,-68.54194641113281
0.749755859375,1.019287109375,-0.335205078125,34.5458984375,-156.982421875,-38.9404296875,-39.54954528808594,81.97496032714844,-77.42124938964844
0.594482421875,0.8759765625,-0.099365234375,0.79345703125,-102.6611328125,-26.91650390625,-38.69251251220703,86.02397155761719,-83.20695495605469
-0.637939453125,0.707275390625,0.108154296875,-3.173828125,-139.09912109375,-13.36669921875,-36.10064697265625,89.94609832763672,-90.02973175048828
0.98046875,1.862548828125,-0.95458984375,30.70068359375,-420.166015625,-54.01611328125,-31.1875114440918,104.0454330444336,-112.16091918945312
0.714599609375,0.95556640625,-0.58544921875,-34.0576171875,-392.08984375,-47.2412109375,-24.709156036376953,110.97986602783205,-128.67559814453122
1.313720703125,1.015625,-0.228759765625,-60.4248046875,-313.90380859375,-37.29248046875,-19.65566062927246,112.85882568359376,-140.51248168945312
0.435546875,0.856689453125,-0.184814453125,-79.52880859375,-147.8271484375,-17.7001953125,-17.66518211364746,110.6075210571289,-145.08596801757812
-0.001953125,0.600830078125,-0.29296875,-77.57568359375,-162.109375,13.916015625,-15.252245903015135,109.5787353515625,-151.69342041015625
0.34326171875,0.582763671875,-0.234375,-45.59326171875,-210.02197265625,33.3251953125,-14.166675567626953,110.03119659423828,-160.33157348632812
1.172119140625,0.9521484375,-0.198486328125,-8.72802734375,-241.455078125,16.11328125,-12.575460433959961,111.5530776977539,-168.943115234375
0.78076171875,0.94287109375,-0.152099609375,-21.54541015625,-96.3134765625,-18.49365234375,-11.513957023620605,110.99498748779295,-172.23655700683594
0.385498046875,0.884521484375,-0.12255859375,-22.216796875,-45.95947265625,-16.90673828125,-10.713706970214844,109.89884185791016,-173.6412353515625
0.388671875,0.836181640625,-0.257568359375,-12.63427734375,-24.5361328125,0.1220703125,-11.12458038330078,109.3899917602539,-174.21990966796875
0.5419921875,0.86669921875,-0.23681640625,-12.0849609375,8.23974609375,6.8359375,-12.268095970153807,108.70143127441406,-173.95651245117188
0.575927734375,0.831298828125,-0.134033203125,-13.18359375,44.12841796875,5.7373046875,-13.896893501281738,107.4610595703125,-172.22608947753906
0.390869140625,0.834228515625,-0.150390625,-19.8974609375,95.21484375,-10.80322265625,-14.788203239440918,105.6650848388672,-168.3275909423828
0.360595703125,0.798828125,-0.245361328125,-0.79345703125,79.1015625,-35.7666015625,-14.589143753051758,104.76801300048828,-164.7873992919922
0.3515625,0.903076171875,-0.2978515625,7.080078125,54.6875,-37.4755859375,-13.929232597351074,104.53350067138672,-162.2382354736328
0.38427734375,0.861083984375,-0.232177734375,9.6435546875,53.77197265625,-25.81787109375,-13.993877410888672,104.31974029541016,-159.67774963378906
0.378173828125,0.857177734375,-0.21142578125,7.9345703125,82.03125,-13.48876953125,-14.638510704040527,103.75448608398438,-156.24769592285156
0.27392578125,0.846435546875,-0.2626953125,11.5966796875,100.52490234375,-0.3662109375,-15.674220085144045,103.27608489990234,-152.22781372070312
0.17529296875,0.86474609375,-0.348388671875,13.7939453125,97.59521484375,19.47021484375,-17.296821594238278,103.14778900146484,-148.86587524414062
0.28662109375,0.86962890625,-0.328857421875,11.3525390625,67.87109375,37.90283203125,-19.38714599609375,103.12362670898438,-146.5365753173828
0.336181640625,0.8251953125,-0.316650390625,9.765625,59.814453125,39.73388671875,-21.53731918334961,103.07244873046876,-144.53956604003906
0.37109375,0.866455078125,-0.2958984375,9.27734375,53.22265625,38.818359375,-23.55780029296875,102.94474029541016,-142.83615112304688
0.27392578125,0.8076171875,-0.29248046875,9.3994140625,43.51806640625,43.5791015625,-25.413801193237305,102.99781036376952,-141.5199737548828
0.305419921875,0.739013671875,-0.263916015625,9.765625,18.98193359375,52.490234375,-27.46095848083496,103.51876831054688,-141.35226440429688
0.557373046875,0.855712890625,-0.361328125,25.634765625,-4.2724609375,41.44287109375,-28.82363128662109,105.1374740600586,-142.455078125
0.556640625,0.9248046875,-0.3896484375,2.44140625,-8.544921875,9.33837890625,-29.101789474487305,105.7640380859375,-143.0870819091797
0.216796875,0.66064453125,-0.273681640625,-17.7001953125,-17.51708984375,7.38525390625,-28.7144832611084,105.75125885009766,-144.0863800048828
0.500732421875,0.939453125,-0.481689453125,-0.18310546875,-59.14306640625,3.2958984375,-27.38365364074707,107.81574249267578,-147.42649841308594
0.394775390625,0.932373046875,-0.36767578125,-4.7607421875,-118.2861328125,-51.513671875,-23.68082046508789,109.59432983398438,-151.7059326171875
0.412109375,0.837158203125,-0.329345703125,0.8544921875,-147.76611328125,-58.77685546875,-19.43917465209961,111.55606079101562,-156.77197265625
0.447265625,0.787841796875,-0.2431640625,-0.732421875,-137.8173828125,-67.87109375,-15.067008018493652,112.6914291381836,-160.81427001953125
0.3876953125,0.857421875,-0.351318359375,0.06103515625,-152.03857421875,-81.787109375,-9.977294921875,113.62525939941406,-165.19459533691406
0.53564453125,1.186279296875,-0.458251953125,-27.64892578125,-136.23046875,-89.9658203125,-5.036967277526856,112.88557434082031,-168.76605224609375
0.375244140625,0.712158203125,-0.267333984375,-61.5234375,-84.716796875,-50.35400390625,-3.5455434322357178,110.3632583618164,-170.73619079589844
0.608642578125,0.857421875,-0.281982421875,-65.85693359375,-14.2822265625,-21.05712890625,-3.7197377681732178,107.65765380859376,-170.9630126953125
0.4501953125,0.965087890625,-0.22216796875,-68.2373046875,38.87939453125,-23.25439453125,-4.0715904235839835,104.62020111083984,-169.16964721679688
0.28759765625,0.975341796875,-0.263427734375,-55.72509765625,58.89892578125,-17.08984375,-4.494880676269531,102.42140197753906,-166.73297119140625
0.3017578125,1.006591796875,-0.2880859375,-37.17041015625,48.583984375,-15.31982421875,-4.752034664154053,100.8902816772461,-164.7008056640625
0.405029296875,1.003173828125,-0.295166015625,-37.841796875,45.83740234375,-27.2216796875,-4.656546115875244,99.40081024169922,-162.70050048828125
0.413818359375,1.079833984375,-0.30126953125,-45.71533203125,56.5185546875,-41.6259765625,-3.843567371368408,97.4263153076172,-160.0453643798828
0.382568359375,1.07080078125,-0.283935546875,-63.96484375,74.76806640625,-52.6123046875,-2.68854022026062,94.94776916503906,-156.8385009765625
0.3134765625,1.026123046875,-0.29052734375,-72.44873046875,85.02197265625,-59.2041015625,-1.1013128757476809,92.3300552368164,-153.2918243408203
0.2880859375,1.05078125,-0.238037109375,-75.439453125,84.28955078125,-65.5517578125,0.9396858215332032,89.7390365600586,-149.79843139648438
0.273193359375,1.104736328125,-0.220458984375,-77.0263671875,98.32763671875,-62.3779296875,2.9442601203918457,87.22014617919922,-145.9033966064453
0.281494140625,1.1142578125,-0.219970703125,-82.1533203125,112.060546875,-53.3447265625,4.70710039138794,84.74664306640625,-141.5240478515625
0.244384765625,1.026611328125,-0.16845703125,-90.6982421875,128.72314453125,-50.537109375,6.683518409729004,82.06185913085938,-136.29261779785156
0.0595703125,0.982177734375,-0.0859375,-99.7314453125,136.962890625,-54.931640625,9.317398071289062,79.28816223144531,-131.12002563476562
0.0966796875,1.007568359375,-0.01171875,-102.4169921875,127.44140625,-44.73876953125,11.53711986541748,76.4885482788086,-126.34191131591795
0.01025390625,0.95166015625,0.054931640625,-103.759765625,125.06103515625,-33.69140625,13.512125968933105,73.80647277832031,-121.69507598876952
0.019775390625,0.9716796875,0.13232421875,-94.29931640625,115.17333984375,-20.56884765625,15.08131217956543,71.43263244628906,-117.31603240966795
-0.0224609375,0.973876953125,0.15087890625,-88.623046875,111.9384765625,-8.544921875,16.349027633666992,69.43888854980469,-112.93618774414062
0.006591796875,0.93408203125,0.168212890625,-87.5244140625,105.95703125,2.86865234375,17.015144348144528,67.5662841796875,-108.62548065185548
-0.1337890625,0.892822265625,0.20703125,-84.5947265625,97.83935546875,16.845703125,17.593242645263672,65.76496124267578,-104.46514892578124
-0.10986328125,0.8876953125,0.232421875,-72.509765625,78.369140625,32.5927734375,17.305423736572266,64.31906127929689,-100.78755950927734
0.062744140625,0.943115234375,0.17919921875,-63.04931640625,68.84765625,45.0439453125,16.02450180053711,63.38584899902344,-97.1718292236328
0.01806640625,0.94873046875,0.169189453125,-72.08251953125,71.96044921875,45.34912109375,15.077836990356445,62.11169052124024,-93.4636688232422
-0.05517578125,0.925048828125,0.19287109375,-80.01708984375,60.97412109375,41.6259765625,14.345317840576172,60.33029556274414,-90.2509994506836
0.074951171875,1.01123046875,0.17333984375,-75.3173828125,48.2177734375,49.49951171875,12.832258224487305,58.7558479309082,-87.28992462158203
0.141357421875,0.996337890625,0.1494140625,-82.8857421875,45.7763671875,49.37744140625,11.36337947845459,56.88570022583008,-84.42098236083984
0.09716796875,0.974365234375,0.197021484375,-94.8486328125,48.2177734375,37.7197265625,10.571331977844238,54.41583633422852,-81.75121307373047
0.049560546875,0.950927734375,0.263427734375,-101.01318359375,36.92626953125,27.16064453125,10.06549835205078,51.554771423339844,-79.89605712890625
0.134765625,0.933349609375,0.33251953125,-100.15869140625,28.6865234375,25.634765625,9.341279983520508,48.55032730102539,-78.18889617919922
0.1494140625,0.88720703125,0.40185546875,-103.45458984375,36.31591796875,25.08544921875,8.90849494934082,45.36356735229492,-76.29156494140625
-0.02490234375,0.845703125,0.4970703125,-99.91455078125,39.1845703125,20.263671875,8.990592002868652,42.23541641235352,-74.6661605834961
0.076171875,0.845458984375,0.55712890625,-89.78271484375,24.7802734375,25.45166015625,8.561227798461914,39.43420028686523,-73.12931060791016
0.08544921875,0.784912109375,0.53662109375,-86.42578125,25.0244140625,30.76171875,8.061714172363281,36.84905242919922,-71.41949462890625
0.155517578125,0.7607421875,0.53076171875,-79.1015625,22.64404296875,31.8603515625,7.3590660095214835,34.626792907714844,-69.76232147216797
0.177978515625,0.78564453125,0.536376953125,-76.59912109375,21.8505859375,30.09033203125,6.738964080810548,32.5560302734375,-68.14805603027344
0.1240234375,0.791015625,0.531982421875,-79.345703125,20.69091796875,26.67236328125,6.352504253387451,30.44293594360352,-66.68016052246094
0.204833984375,0.767822265625,0.634765625,-79.16259765625,13.48876953125,23.0712890625,5.63741397857666,28.22274780273437,-65.56721496582031
0.238037109375,0.7265625,0.6904296875,-66.5283203125,7.26318359375,17.39501953125,4.8483548164367685,26.327167510986328,-64.73122406005861
0.23583984375,0.7412109375,0.681640625,-55.60302734375,3.72314453125,7.4462890625,4.163477897644043,24.927471160888672,-64.32024383544922
0.23583984375,0.764892578125,0.666748046875,-48.33984375,5.31005859375,-0.18310546875,3.696099758148194,23.92157554626465,-64.15184020996094
0.294921875,0.77880859375,0.659423828125,-53.16162109375,10.19287109375,3.72314453125,3.2545738220214844,22.76663398742676,-63.78227615356445
0.293701171875,0.7978515625,0.6416015625,-62.1337890625,21.30126953125,3.41796875,3.2562804222106934,21.35044288635254,-63.26449203491211
0.202880859375,0.750732421875,0.739990234375,-76.72119140625,27.52685546875,1.52587890625,3.713999509811402,19.026897430419922,-62.72777557373047
0.2666015625,0.71240234375,0.82568359375,-85.44921875,30.70068359375,9.33837890625,4.095430850982666,16.485830307006836,-61.92591857910156
0.22607421875,0.668212890625,0.864990234375,-84.77783203125,47.8515625,15.80810546875,5.163041114807129,13.999638557434082,-60.7360954284668
0.106689453125,0.61572265625,0.85302734375,-83.80126953125,49.8046875,16.357421875,6.501335144042969,11.653369903564453,-59.594703674316406
0.10205078125,0.66650390625,0.8232421875,-85.205078125,39.306640625,17.02880859375,7.4743895530700675,9.417532920837402,-58.50147247314453
0.17431640625,0.68994140625,0.830810546875,-90.27099609375,36.19384765625,25.0244140625,8.149264335632324,7.123644828796388,-57.12879180908203
0.252685546875,0.670654296875,0.85986328125,-97.10693359375,39.0625,28.50341796875,8.94867992401123,4.472053050994873,-55.64020538330078
0.146484375,0.5908203125,0.869873046875,-106.0791015625,50.10986328125,23.86474609375,10.28252124786377,1.5546249151229858,-54.37321090698242
0.104736328125,0.54931640625,0.91748046875,-107.48291015625,46.20361328125,24.2919921875,11.556622505187988,-1.4114280939102173,-53.1633415222168
0.134521484375,0.539306640625,0.92041015625,-105.77392578125,44.12841796875,29.47998046875,12.800596237182615,-4.042091369628906,-51.74328994750977
0.0986328125,0.52490234375,0.907958984375,-101.6845703125,49.13330078125,32.8369140625,14.253036499023438,-6.518120765686035,-50.27990341186523
0.026123046875,0.503662109375,0.90185546875,-103.6376953125,46.08154296875,30.33447265625,15.73184871673584,-9.019487380981444,-48.94216918945313
0.03857421875,0.45263671875,0.91259765625,-107.84912109375,39.1845703125,32.958984375,16.91545295715332,-11.69971752166748,-47.42351150512695
0.067138671875,0.382568359375,0.963134765625,-106.201171875,33.99658203125,38.9404296875,17.899520874023438,-14.240104675292967,-45.75443649291992
0.068359375,0.405029296875,0.94189453125,-102.05078125,37.353515625,37.7197265625,19.04426383972168,-16.49344825744629,-44.17412567138672
-0.064697265625,0.33642578125,0.9296875,-102.84423828125,37.7197265625,34.97314453125,20.335763931274414,-18.881208419799805,-42.76988220214844
-0.04833984375,0.2646484375,0.958740234375,-103.02734375,23.62060546875,34.0576171875,21.14582061767578,-21.252674102783203,-41.25810241699219
-0.0146484375,0.241455078125,0.985595703125,-99.91455078125,18.5546875,31.79931640625,21.67947578430176,-23.477182388305664,-39.776039123535156
0.025390625,0.24560546875,0.96533203125,-93.68896484375,17.9443359375,28.564453125,22.149776458740234,-25.407848358154297,-38.43524169921875
-0.07421875,0.222412109375,0.956787109375,-91.73583984375,15.2587890625,24.0478515625,22.61768341064453,-27.29048156738281,-37.20777893066406
-0.097412109375,0.177734375,0.96435546875,-89.78271484375,7.32421875,22.52197265625,22.82594108581543,-29.08885765075684,-35.90702819824219
-0.100341796875,0.139404296875,0.952880859375,-84.65576171875,0.67138671875,18.4326171875,22.555376052856445,-30.65072250366211,-34.62517547607422
-0.052734375,0.11767578125,0.94580078125,-78.857421875,-9.27734375,15.31982421875,21.99051094055176,-31.993061065673828,-33.261520385742195
-0.075927734375,0.0908203125,0.99462890625,-78.9794921875,-12.51220703125,13.7939453125,21.35777473449707,-33.36905670166016,-31.90584373474121
-0.05712890625,0.08984375,0.974609375,-78.79638671875,-18.98193359375,13.5498046875,20.456876754760746,-34.61864471435547,-30.427165985107425
-0.099853515625,0.051025390625,0.97314453125,-70.86181640625,-26.3671875,8.85009765625,19.39642143249512,-35.645660400390625,-28.94950866699219
-0.058837890625,0.012939453125,0.98193359375,-65.61279296875,-39.794921875,5.92041015625,17.779373168945312,-36.45659255981445,-27.27627182006836
0.126953125,-0.00537109375,1.011474609375,-64.208984375,-30.517578125,5.9814453125,16.35622787475586,-37.35014343261719,-26.061752319335934
0.080810546875,-0.042236328125,1.037841796875,-57.80029296875,-12.6953125,4.5166015625,15.37728500366211,-38.16670608520508,-25.199506759643555
0.017578125,-0.020263671875,1.021240234375,-51.8798828125,-5.2490234375,1.15966796875,14.724806785583494,-38.76723098754883,-24.643781661987305
-0.02197265625,-0.0205078125,1.001220703125,-48.2177734375,-6.77490234375,-1.40380859375,13.95012664794922,-39.23406219482422,-24.020137786865234
0.06201171875,-0.0380859375,1.001708984375,-47.91259765625,-13.7939453125,-0.54931640625,12.940732955932615,-39.65426254272461,-23.332054138183594
0.0927734375,-0.041259765625,1.0224609375,-47.119140625,-9.6435546875,-0.1220703125,12.040712356567385,-40.0667724609375,-22.761873245239254
0.049072265625,-0.101318359375,1.003662109375,-45.22705078125,-2.3193359375,0.8544921875,11.56545352935791,-40.52930068969727,-22.38419342041016
0.05322265625,-0.10400390625,1.014404296875,-46.56982421875,0.91552734375,3.11279296875,11.184568405151367,-41.04855346679688,-22.043720245361328
0.06884765625,-0.109375,1.024169921875,-45.5322265625,0.6103515625,5.18798828125,10.830686569213867,-41.50657653808594,-21.6402587890625
0.067626953125,-0.127197265625,1.02734375,-43.15185546875,3.60107421875,5.79833984375,10.71873378753662,-41.88299560546875,-21.360427856445312
0.000732421875,-0.13818359375,0.939453125,-36.92626953125,8.056640625,5.859375,10.758905410766602,-42.078914642333984,-21.162561416625977
-0.04345703125,-0.158447265625,0.948486328125,-31.92138671875,0.244140625,4.69970703125,10.63473892211914,-42.075660705566406,-20.792461395263672
0.00439453125,-0.15478515625,0.976318359375,-29.78515625,-7.14111328125,4.08935546875,10.084186553955078,-41.89414596557617,-20.178247451782227
0.0341796875,-0.150634765625,0.974853515625,-25.20751953125,-10.55908203125,2.44140625,9.424116134643556,-41.57374954223633,-19.597064971923828
0.00634765625,-0.166748046875,0.97705078125,-23.0712890625,-9.09423828125,2.50244140625,8.887395858764648,-41.22077941894531,-19.076723098754886
0.013671875,-0.14892578125,0.98388671875,-22.76611328125,-9.09423828125,3.5400390625,8.35660457611084,-40.817832946777344,-18.52183151245117
0.05126953125,-0.1708984375,1.02294921875,-21.17919921875,-10.07080078125,4.39453125,7.772627353668213,-40.40678787231445,-17.948163986206055
0.056396484375,-0.179443359375,1.03662109375,-20.93505859375,-6.8359375,5.2490234375,7.3143439292907715,-40.02452087402344,-17.450309753417972
0.03662109375,-0.174072265625,1.00537109375,-21.484375,-4.82177734375,6.04248046875,6.967174530029298,-39.72076416015625,-16.94305419921875
0.03515625,-0.200927734375,1.003662109375,-22.52197265625,-3.0517578125,8.85009765625,6.778432846069336,-39.48134994506836,-16.457527160644528
0.02197265625,-0.19580078125,1.011474609375,-23.3154296875,-4.638671875,9.70458984375,6.597128391265869,-39.2623291015625,-15.907268524169922
0.05712890625,-0.182373046875,1.027587890625,-21.8505859375,-5.126953125,10.07080078125,6.357556819915772,-39.03412628173828,-15.326841354370115
0.027099609375,-0.189697265625,1.003662109375,-22.705078125,-1.52587890625,9.21630859375,6.259636402130128,-38.81193923950195,-14.879264831542967
0.006591796875,-0.208740234375,1.003662109375,-21.484375,-2.685546875,8.85009765625,6.161309242248535,-38.58403396606445,-14.419828414916992
0.011474609375,-0.210205078125,1.007080078125,-20.3857421875,-4.0283203125,7.4462890625,5.911186695098878,-38.28328323364258,-13.9296236038208
0.01416015625,-0.237060546875,1.007080078125,-19.47021484375,-7.14111328125,6.40869140625,5.60215425491333,-38.047447204589844,-13.449285507202148
0.01171875,-0.22802734375,0.98779296875,-20.3857421875,-6.9580078125,4.94384765625,5.277521133422852,-37.85582733154297,-13.02546501159668
0.000244140625,-0.202880859375,1.001220703125,-19.1650390625,-9.94873046875,4.2724609375,4.8046555519104,-37.59341430664063,-12.495304107666016
0.03076171875,-0.222900390625,1.0322265625,-18.98193359375,-9.58251953125,4.39453125,4.370196342468262,-37.33494186401367,-12.038763046264648
0.037353515625,-0.234619140625,1.02734375,-19.53125,-8.30078125,4.69970703125,3.98239803314209,-37.13720703125,-11.614717483520508
0.0205078125,-0.2314453125,0.994873046875,-18.06640625,-6.89697265625,3.72314453125,3.6433961391448975,-36.88734436035156,-11.270562171936035
0.029296875,-0.23486328125,1.002685546875,-17.88330078125,-9.46044921875,3.5400390625,3.2293272018432617,-36.65788650512695,-10.871209144592283
0.014892578125,-0.236572265625,1.004150390625,-17.9443359375,-10.6201171875,4.33349609375,2.8421933650970463,-36.44157409667969,-10.426749229431152
0.017822265625,-0.242431640625,1.0283203125,-16.845703125,-11.71875,4.150390625,2.4304578304290767,-36.26333618164063,-9.999307632446287
0.032470703125,-0.24462890625,1.02001953125,-16.845703125,-10.1318359375,3.84521484375,2.03605055809021,-36.03327560424805,-9.5979585647583
0.010498046875,-0.249755859375,1.007568359375,-15.625,-10.1318359375,3.662109375,1.697143793106079,-35.781463623046875,-9.21042251586914
0.041015625,-0.252197265625,1.02001953125,-14.0380859375,-10.498046875,2.62451171875,1.3060301542282104,-35.41193771362305,-8.888935089111328
0.0546875,-0.253662109375,1.01513671875,-14.6484375,-8.60595703125,2.8076171875,0.924368143081665,-35.155330657958984,-8.579442977905272
0.040771484375,-0.245849609375,1.012451171875,-15.0146484375,-6.28662109375,2.0751953125,0.6440891623497009,-34.911216735839844,-8.353625297546388
0.039306640625,-0.2568359375,1.002197265625,-16.54052734375,-6.77490234375,1.5869140625,0.3608213365077973,-34.77783203125,-8.124111175537111
0.053466796875,-0.251220703125,1.007568359375,-17.15087890625,-5.67626953125,1.8310546875,0.08664469420909883,-34.64862823486328,-7.929564952850343
0.0537109375,-0.2646484375,1.009033203125,-17.578125,-4.7607421875,1.77001953125,-0.14909589290618894,-34.567855834960945,-7.762036323547362
0.04638671875,-0.271484375,1.00537109375,-17.88330078125,-3.35693359375,2.74658203125,-0.2866598963737488,-34.505813598632805,-7.603192329406737
0.042724609375,-0.24951171875,0.98681640625,-18.00537109375,-2.50244140625,2.3193359375,-0.4007417857646942,-34.429443359375,-7.474231719970702
0.0263671875,-0.272216796875,0.986572265625,-15.31982421875,-4.638671875,1.89208984375,-0.5538323521614075,-34.294857025146484,-7.312220096588135
0.0400390625,-0.268798828125,0.9833984375,-16.41845703125,-5.06591796875,3.11279296875,-0.7245970368385315,-34.19662475585937,-7.116004943847656
0.03369140625,-0.275634765625,0.96826171875,-14.6484375,-5.7373046875,1.708984375,-0.923798441886902,-34.063262939453125,-6.939692974090576
0.029052734375,-0.287841796875,1.004150390625,-12.939453125,-7.6904296875,1.8310546875,-1.1649384498596191,-33.871353149414055,-6.718323230743407
0.047607421875,-0.28125,0.9921875,-10.92529296875,-6.9580078125,1.708984375,-1.4149928092956543,-33.57571029663086,-6.517561912536621
0.041748046875,-0.277587890625,0.981689453125,-8.6669921875,-4.45556640625,1.46484375,-1.5699284076690674,-33.22428512573242,-6.387930870056152
0.02880859375,-0.273193359375,0.984375,-8.7890625,-5.31005859375,1.64794921875,-1.7155594825744631,-32.88127899169922,-6.2358336448669425
0.04443359375,-0.2802734375,1.00146484375,-9.033203125,-7.8125,1.220703125,-2.0443587303161617,-32.574661254882805,-6.022737979888916
0.0595703125,-0.27587890625,1.000244140625,-9.3994140625,-6.16455078125,1.03759765625,-2.281558990478516,-32.278961181640625,-5.8796257972717285
0.043212890625,-0.27783203125,0.99951171875,-10.498046875,-3.96728515625,1.89208984375,-2.3824143409729004,-32.04184341430664,-5.7574119567871085
0.0224609375,-0.278564453125,1.02197265625,-11.1083984375,-3.96728515625,2.25830078125,-2.4536757469177246,-31.799768447875977,-5.639897346496582
0.047607421875,-0.269287109375,1.000732421875,-11.16943359375,-4.5166015625,1.15966796875,-2.592864990234375,-31.589683532714844,-5.533766746520996
0.05126953125,-0.27685546875,0.9921875,-11.53564453125,-2.9296875,1.46484375,-2.675241231918335,-31.421693801879886,-5.451281547546387
0.0263671875,-0.28515625,1.008544921875,-12.3291015625,-2.8076171875,1.89208984375,-2.7261862754821777,-31.29727935791016,-5.361495494842528
0.02197265625,-0.2734375,1.006591796875,-13.24462890625,-4.5166015625,2.0751953125,-2.7803611755371094,-31.19563293457031,-5.226893424987793
0.06640625,-0.2705078125,0.994140625,-13.5498046875,-4.94384765625,2.0751953125,-2.9454545974731445,-31.11294937133789,-5.084136486053467
0.029296875,-0.28857421875,0.990234375,-13.427734375,-4.57763671875,2.01416015625,-3.0328600406646733,-31.06208801269531,-4.924732208251953
0.030029296875,-0.29248046875,0.999755859375,-13.00048828125,-7.01904296875,1.46484375,-3.1907334327697754,-31.00472450256348,-4.760323524475098
0.057861328125,-0.292236328125,0.98681640625,-12.8173828125,-6.103515625,1.8310546875,-3.365808248519897,-30.950428009033203,-4.603640556335449
0.049072265625,-0.291259765625,1.00244140625,-12.0849609375,-5.4931640625,1.953125,-3.4619216918945312,-30.90344619750977,-4.425536155700684
0.03759765625,-0.302734375,0.997314453125,-11.962890625,-6.2255859375,3.173828125,-3.5576143264770512,-30.836856842041016,-4.2219882011413565
0.047119140625,-0.30615234375,0.986328125,-10.1318359375,-7.26318359375,2.685546875,-3.71685791015625,-30.71465301513672,-4.01403284072876
0.057373046875,-0.30029296875,0.99560546875,-9.521484375,-8.056640625,2.9296875,-3.90157699584961,-30.55242347717285,-3.8087568283081055
0.0634765625,-0.288330078125,0.994873046875,-8.36181640625,-6.4697265625,2.38037109375,-4.063741683959962,-30.32875823974609,-3.6339712142944336
0.04736328125,-0.289306640625,0.99560546875,-9.27734375,-5.859375,2.74658203125,-4.156573295593262,-30.15172004699707,-3.460263729095459
0.046875,-0.287109375,0.993896484375,-8.6669921875,-5.859375,3.47900390625,-4.280270576477052,-30.04326057434082,-3.237045764923096
0.04931640625,-0.2919921875,1.0,-8.72802734375,-7.568359375,4.0283203125,-4.4026641845703125,-29.86483192443848,-2.986264705657959
0.053466796875,-0.2978515625,0.993896484375,-7.8125,-6.04248046875,4.08935546875,-4.476368427276611,-29.6707763671875,-2.7638344764709477
0.026123046875,-0.300537109375,0.991943359375,-9.09423828125,-5.92041015625,3.90625,-4.537148475646973,-29.572908401489254,-2.5242881774902344
0.022705078125,-0.290771484375,0.994384765625,-9.33837890625,-8.85009765625,2.685546875,-4.664864540100098,-29.436845779418945,-2.2971134185791016
0.050048828125,-0.310546875,1.01611328125,-8.48388671875,-7.14111328125,2.50244140625,-4.788926124572754,-29.296255111694336,-2.1093263626098637
0.07177734375,-0.282958984375,1.001953125,-10.43701171875,-7.26318359375,2.685546875,-4.914013385772705,-29.216949462890625,-1.9441847801208496
0.051025390625,-0.287353515625,0.995361328125,-10.498046875,-5.859375,2.3193359375,-4.993561744689941,-29.12895774841309,-1.7930116653442385
0.0693359375,-0.29638671875,1.004638671875,-11.1083984375,-6.34765625,2.9296875,-5.113335609436035,-29.084983825683594,-1.610403060913086
0.06298828125,-0.285888671875,1.01611328125,-11.04736328125,-5.37109375,3.0517578125,-5.160902500152588,-29.07790184020996,-1.4520578384399414
0.050048828125,-0.30078125,0.994873046875,-11.474609375,-5.06591796875,3.0517578125,-5.186239719390869,-29.063512802124023,-1.2902469635009766
0.063232421875,-0.29296875,0.993896484375,-11.90185546875,-4.69970703125,3.0517578125,-5.227283000946045,-29.05111312866211,-1.137214183807373
0.0400390625,-0.297119140625,0.98486328125,-10.3759765625,-3.662109375,3.173828125,-5.20508337020874,-29.05531311035156,-0.9997591972351074
0.046630859375,-0.30712890625,0.98876953125,-11.23046875,-4.638671875,3.11279296875,-5.20532751083374,-29.048429489135746,-0.8429455757141113
0.04541015625,-0.306884765625,0.97607421875,-8.85009765625,-3.23486328125,2.62451171875,-5.164670944213867,-28.95062065124512,-0.7299604415893555
0.04052734375,-0.2978515625,0.9697265625,-11.16943359375,-4.94384765625,3.72314453125,-5.1452317237854,-28.88886260986328,-0.5369753837585449
0.047607421875,-0.29345703125,1.007080078125,-8.72802734375,-6.89697265625,3.23486328125,-5.2264084815979,-28.753623962402344,-0.3347997665405273
0.05712890625,-0.299072265625,0.9931640625,-9.3994140625,-5.55419921875,2.50244140625,-5.293522834777832,-28.66615295410156,-0.18318462371826166
0.030517578125,-0.300537109375,0.994873046875,-8.97216796875,-4.57763671875,2.62451171875,-5.254192352294922,-28.553691864013672,-0.043824195861816406
0.033447265625,-0.29931640625,0.994384765625,-9.6435546875,-7.2021484375,2.5634765625,-5.325516700744629,-28.48620986938477,0.1416912078857422
0.047119140625,-0.30029296875,1.00341796875,-10.25390625,-7.38525390625,2.44140625,-5.431933403015137,-28.442495346069336,0.3254976272583008
0.071044921875,-0.30322265625,1.00830078125,-10.07080078125,-6.65283203125,2.01416015625,-5.582503795623778,-28.398305892944336,0.4913215637207031
0.07080078125,-0.295654296875,0.99560546875,-12.20703125,-4.2724609375,3.0517578125,-5.610900402069092,-28.42883110046387,0.6345300674438477
0.044677734375,-0.301025390625,0.991455078125,-13.5498046875,-3.96728515625,3.72314453125,-5.557680606842041,-28.52643966674805,0.7966079711914062
0.051025390625,-0.300537109375,0.999267578125,-11.962890625,-4.21142578125,3.173828125,-5.543928146362305,-28.58592796325684,0.9638547897338868
0.068359375,-0.3076171875,0.996826171875,-13.12255859375,-3.2958984375,4.33349609375,-5.5081443786621085,-28.67164421081543,1.1355867385864258
0.04931640625,-0.30615234375,0.997802734375,-12.63427734375,-1.40380859375,4.8828125,-5.3556718826293945,-28.72856712341309,1.2896881103515625
0.044677734375,-0.312255859375,0.998779296875,-12.939453125,-2.9296875,4.57763671875,-5.259356021881104,-28.75681114196777,1.4405136108398438
0.028076171875,-0.325439453125,0.990966796875,-12.39013671875,-2.38037109375,4.8828125,-5.103597640991211,-28.84513282775879,1.6191730499267578
0.04443359375,-0.318359375,0.992431640625,-12.0849609375,-4.39453125,4.33349609375,-5.070372581481934,-28.90410423278809,1.8171463012695312
0.028076171875,-0.32568359375,0.980712890625,-11.16943359375,-5.06591796875,4.21142578125,-5.089788436889648,-28.9398250579834,2.0236587524414062
0.03857421875,-0.31787109375,0.972900390625,-9.8876953125,-5.0048828125,3.60107421875,-5.081011772155762,-28.91833877563477,2.208824157714844
0.025634765625,-0.32470703125,0.9658203125,-9.82666015625,-5.92041015625,3.2958984375,-5.081798553466797,-28.91486167907715,2.402947425842285
0.042236328125,-0.30908203125,0.96337890625,-9.6435546875,-6.9580078125,2.9296875,-5.167661190032959,-28.84236145019531,2.6119346618652344
0.047607421875,-0.320556640625,0.97412109375,-8.6669921875,-7.38525390625,2.3193359375,-5.283647537231445,-28.781402587890625,2.7982664108276367
0.042236328125,-0.313720703125,1.00830078125,-8.85009765625,-7.2021484375,2.9296875,-5.363268852233887,-28.695390701293945,2.9982938766479488
0.04931640625,-0.316650390625,0.9951171875,-9.94873046875,-7.38525390625,2.44140625,-5.435840129852295,-28.63416290283203,3.154932975769043
0.0517578125,-0.31787109375,0.9833984375,-10.68115234375,-5.4931640625,2.74658203125,-5.476013660430908,-28.64853858947754,3.3167753219604488
0.048583984375,-0.31396484375,0.9853515625,-10.3759765625,-5.18798828125,2.9296875,-5.493592739105225,-28.640928268432614,3.477960586547852
0.033935546875,-0.3154296875,0.988037109375,-9.3994140625,-4.82177734375,3.11279296875,-5.445098876953125,-28.63220977783203,3.657242774963379
0.03271484375,-0.320556640625,0.98828125,-9.70458984375,-6.8359375,3.2958984375,-5.479291915893555,-28.61395835876465,3.8645534515380864
0.0517578125,-0.310302734375,0.98876953125,-9.27734375,-4.2724609375,2.99072265625,-5.470608711242676,-28.552663803100586,4.0093021392822275
0.050048828125,-0.3154296875,0.983642578125,-7.8125,-4.0283203125,3.0517578125,-5.444275856018066,-28.536901473999023,4.1870880126953125
0.044677734375,-0.314697265625,0.977294921875,-8.48388671875,-4.33349609375,3.2958984375,-5.418668270111084,-28.46457099914551,4.345827102661134
0.044189453125,-0.31103515625,0.97314453125,-10.009765625,-5.55419921875,3.0517578125,-5.441086292266847,-28.452526092529297,4.519268989562988
0.03271484375,-0.314208984375,0.98974609375,-8.544921875,-6.04248046875,3.173828125,-5.441678047180176,-28.44624900817871,4.710611343383789
0.04052734375,-0.324462890625,0.988037109375,-8.1787109375,-6.8359375,2.0751953125,-5.516764163970947,-28.378602981567386,4.875703811645508
0.055419921875,-0.32568359375,0.998779296875,-8.72802734375,-7.32421875,1.953125,-5.639732837677003,-28.331771850585934,5.044854164123535
0.06103515625,-0.327392578125,0.99169921875,-10.3759765625,-4.8828125,2.74658203125,-5.656726360321045,-28.33314323425293,5.192766189575195
0.043701171875,-0.309326171875,0.986328125,-9.46044921875,-2.25830078125,2.62451171875,-5.560800552368164,-28.284881591796875,5.28532600402832
0.0322265625,-0.322021484375,0.97265625,-9.94873046875,-3.5400390625,2.74658203125,-5.486217975616455,-28.29597282409668,5.411009788513184
0.0302734375,-0.328369140625,0.96875,-8.30078125,-4.0283203125,2.13623046875,-5.437969207763672,-28.266639709472656,5.527566909790039
0.03515625,-0.333251953125,0.944091796875,-6.103515625,-5.615234375,1.52587890625,-5.47196102142334,-28.169002532958984,5.654796600341798
0.0244140625,-0.3388671875,0.95166015625,-4.2724609375,-6.103515625,1.03759765625,-5.50637674331665,-28.007421493530273,5.774507522583008
0.0263671875,-0.340576171875,0.939208984375,-2.74658203125,-8.30078125,0.1220703125,-5.6707634925842285,-27.792621612548828,5.9029293060302725
0.0185546875,-0.335693359375,0.937255859375,2.01416015625,-7.9345703125,-1.40380859375,-5.7957763671875,-27.39460372924805,5.969406127929688
-0.004150390625,-0.321044921875,0.90869140625,6.2255859375,-8.9111328125,-3.41796875,-5.93611478805542,-26.82900619506836,5.979731559753418
-0.010009765625,-0.321044921875,0.8857421875,10.68115234375,-14.0380859375,-4.39453125,-6.280710220336914,-26.12490081787109,6.045872688293457
0.047119140625,-0.313720703125,0.902099609375,16.7236328125,-18.06640625,-5.92041015625,-6.895256042480469,-25.18700981140137,6.117190361022949
0.074462890625,-0.30712890625,0.91357421875,20.3857421875,-16.4794921875,-6.591796875,-7.503693580627441,-24.11017799377441,6.122283935546875
0.063232421875,-0.300537109375,0.899658203125,25.81787109375,-10.986328125,-6.77490234375,-7.8291378021240225,-22.84439468383789,6.021255493164063
0.01708984375,-0.268310546875,0.869140625,34.0576171875,-11.1083984375,-7.4462890625,-8.083417892456055,-21.238622665405273,5.883637428283691
0.063232421875,-0.26416015625,0.87548828125,40.0390625,-17.02880859375,-6.9580078125,-8.651443481445312,-19.456016540527344,5.836959838867188
0.10546875,-0.267822265625,0.8916015625,44.98291015625,-14.95361328125,-5.4931640625,-9.215800285339355,-17.513206481933597,5.797685623168945
0.047119140625,-0.224365234375,0.85302734375,54.443359375,-4.7607421875,-7.62939453125,-9.238180160522461,-15.189019203186035,5.542203903198242
-0.001953125,-0.2197265625,0.838623046875,62.31689453125,-5.126953125,-10.68115234375,-9.167844772338867,-12.622797966003418,5.1771650314331055
-0.035888671875,-0.1806640625,0.841552734375,71.96044921875,-13.36669921875,-13.5498046875,-9.363038063049316,-9.631577491760254,4.7463722229003915
0.046142578125,-0.116943359375,0.84375,82.94677734375,-26.79443359375,-14.46533203125,-10.250313758850098,-6.1813316345214835,4.311012268066406
0.12890625,-0.095947265625,0.866943359375,89.05029296875,-26.18408203125,-14.16015625,-11.25790309906006,-2.544677972793579,3.8208894729614262
0.0390625,-0.04443359375,0.881591796875,97.0458984375,-18.06640625,-17.39501953125,-11.573308944702148,1.4311610460281372,3.138680458068848
-0.059814453125,-0.029052734375,0.8310546875,107.91015625,-22.52197265625,-21.728515625,-11.801275253295898,5.778502941131593,2.2473297119140625
-0.055908203125,0.046142578125,0.836181640625,117.431640625,-40.83251953125,-21.78955078125,-12.676304817199707,10.581781387329102,1.1751375198364258
0.14404296875,0.126953125,0.881103515625,122.86376953125,-60.72998046875,-20.751953125,-14.858255386352539,15.765756607055664,-0.2183856964111328
0.243408203125,0.1767578125,0.96826171875,125.0,-49.13330078125,-23.5595703125,-16.380887985229492,20.94852638244629,-1.7316770553588867
0.07666015625,0.17578125,0.93212890625,131.65283203125,-35.58349609375,-32.8369140625,-16.703147888183597,26.288949966430664,-3.4390039443969727
-0.056396484375,0.26708984375,0.845458984375,140.68603515625,-46.9970703125,-39.73388671875,-16.789655685424805,32.269336700439446,-5.715984344482423
0.16845703125,0.400146484375,0.89013671875,143.24951171875,-89.05029296875,-37.7197265625,-18.53041076660156,38.68541717529297,-9.061664581298828
0.388427734375,0.38916015625,0.9482421875,139.46533203125,-91.73583984375,-35.46142578125,-20.427440643310547,44.84184646606445,-12.57733917236328
0.424072265625,0.44384765625,0.968017578125,138.12255859375,-65.3076171875,-40.34423828125,-21.021129608154297,50.69161987304688,-15.52463150024414
0.070068359375,0.540771484375,0.850830078125,139.58740234375,-42.236328125,-47.4853515625,-19.87909507751465,56.40743637084961,-17.866500854492188
0.1171875,0.6435546875,0.846435546875,136.474609375,-70.73974609375,-44.0673828125,-19.316761016845703,62.23181915283203,-21.102584838867188
0.408447265625,0.705810546875,0.9287109375,129.7607421875,-89.599609375,-35.94970703125,-19.722713470458984,67.80867767333984,-24.87724304199219
0.552001953125,0.621337890625,0.99853515625,121.9482421875,-60.6689453125,-36.865234375,-19.51595687866211,72.38321685791016,-27.404451370239254
0.316650390625,0.5751953125,0.93212890625,129.8828125,-31.06689453125,-43.64013671875,-18.22471809387207,76.62145233154297,-28.648670196533203
0.0029296875,0.721923828125,0.735107421875,139.83154296875,-48.88916015625,-52.30712890625,-15.877781867980955,81.7835464477539,-30.67665863037109
0.294189453125,0.96337890625,0.72021484375,128.11279296875,-97.7783203125,-49.6826171875,-14.27924346923828,86.8984146118164,-34.596145629882805
0.40625,1.022216796875,0.736083984375,110.53466796875,-87.46337890625,-46.20361328125,-12.728139877319336,90.95374298095705,-37.92709732055664
0.41943359375,0.979248046875,0.89208984375,103.57666015625,-66.46728515625,-46.93603515625,-10.886306762695312,94.11140441894531,-40.21430587768555
0.103271484375,0.97705078125,0.659423828125,103.515625,-82.58056640625,-53.7109375,-8.28411865234375,97.33657836914062,-43.04433822631836
0.14453125,1.030029296875,0.626220703125,90.14892578125,-101.01318359375,-47.42431640625,-5.8162102699279785,99.96652221679688,-46.56353759765625
0.3642578125,0.9921875,0.662841796875,76.23291015625,-104.1259765625,-31.55517578125,-4.457761764526367,101.92240142822266,-50.28279113769531
0.365966796875,0.821044921875,0.590576171875,69.7021484375,-88.92822265625,-15.5029296875,-3.730471849441528,103.34928131103516,-53.50222778320313
0.279541015625,0.72900390625,0.536865234375,67.44384765625,-84.3505859375,-17.63916015625,-2.8073480129241943,104.54875946044922,-56.50066757202149
0.0888671875,0.607666015625,0.662109375,83.740234375,-98.2666015625,-25.45166015625,-0.8847818970680237,106.02790832519531,-59.92071914672852
0.266357421875,0.64892578125,0.453125,125.67138671875,-142.15087890625,-27.099609375,1.1766399145126345,109.35498809814452,-64.98529815673828
0.392333984375,0.768310546875,0.301025390625,144.95849609375,-142.51708984375,-22.4609375,3.095808744430542,113.61109161376952,-70.00977325439453
0.339599609375,0.756103515625,0.16845703125,138.12255859375,-126.220703125,-27.03857421875,5.30465030670166,117.65531158447266,-74.18427276611328
0.15966796875,0.758544921875,0.086181640625,114.8681640625,-122.25341796875,-38.63525390625,8.397851943969728,120.55382537841795,-77.84770965576172
0.15771484375,0.818359375,0.032470703125,104.91943359375,-140.13671875,-31.67724609375,11.718267440795898,122.77572631835938,-82.19481658935547
0.284912109375,0.868408203125,-0.05712890625,108.7646484375,-146.484375,-10.25390625,14.023714065551758,125.03482055664062,-87.16439819335938
0.546630859375,0.895751953125,-0.063720703125,94.78759765625,-97.35107421875,7.568359375,14.518306732177734,126.9283676147461,-90.86798858642578
0.279052734375,0.90673828125,-0.068115234375,79.1015625,-58.7158203125,15.380859375,14.363725662231445,128.287353515625,-93.49268341064452
0.21484375,0.9248046875,-0.115478515625,67.626953125,-66.58935546875,24.23095703125,14.369590759277346,129.13858032226562,-96.55479431152344
0.2783203125,0.930419921875,-0.228515625,74.951171875,-94.05517578125,40.4052734375,14.428043365478516,130.14471435546878,-100.85620880126952
0.43212890625,0.974853515625,-0.270751953125,71.22802734375,-104.30908203125,42.05322265625,14.528254508972168,130.97358703613278,-105.48873901367188
0.40185546875,0.961181640625,-0.297119140625,56.82373046875,-93.1396484375,38.0859375,14.636673927307127,131.34854125976562,-109.6465835571289
0.28173828125,0.932373046875,-0.387939453125,40.283203125,-104.30908203125,44.86083984375,14.922979354858398,131.07272338867188,-114.2928237915039
0.3740234375,0.973388671875,-0.44091796875,41.748046875,-124.32861328125,61.5234375,15.064949035644533,130.64663696289062,-120.00672149658205
0.624267578125,1.0244140625,-0.382080078125,34.5458984375,-119.5068359375,73.486328125,14.342982292175293,129.82234191894528,-125.91517639160156
0.454833984375,0.96142578125,-0.362548828125,14.22119140625,-85.9375,71.77734375,12.919333457946776,128.58633422851562,-130.68045043945312
0.33984375,0.884521484375,-0.416748046875,8.48388671875,-98.69384765625,67.7490234375,12.024162292480467,127.34339904785156,-135.67276000976562
0.424072265625,0.9296875,-0.447509765625,11.53564453125,-127.44140625,66.71142578125,11.584745407104492,126.16053009033205,-141.54660034179688
0.75439453125,1.00537109375,-0.336181640625,0.732421875,-125.1220703125,59.26513671875,10.907952308654783,124.51844787597656,-147.18984985351562
0.665283203125,0.91064453125,-0.2451171875,-7.8125,-93.75,36.19384765625,10.166755676269533,122.83342742919922,-151.26956176757812
0.44091796875,0.831787109375,-0.233154296875,-4.45556640625,-90.576171875,9.33837890625,10.625243186950684,121.41038513183594,-154.681640625
0.145263671875,1.053466796875,-0.62060546875,14.46533203125,-111.38916015625,9.1552734375,11.94849681854248,121.13854217529295,-158.7568817138672
0.328125,0.91357421875,-0.414306640625,17.2119140625,-120.849609375,22.64404296875,12.517354965209961,120.55021667480469,-163.51913452148438
0.730224609375,0.896484375,-0.44091796875,15.44189453125,-113.83056640625,27.2216796875,12.235268592834473,119.95541381835938,-168.13751220703125
0.263427734375,0.82177734375,-0.377685546875,-0.79345703125,-89.4775390625,16.6015625,12.33766269683838,118.9531021118164,-171.69070434570312
0.240234375,0.758544921875,-0.475830078125,8.7890625,-117.98095703125,21.8505859375,12.796308517456055,118.39666748046876,-176.32400512695312
0.242919921875,0.8076171875,-0.498779296875,15.19775390625,-133.48388671875,25.2685546875,13.463618278503418,117.92674255371094,-181.6027069091797
0.05517578125,0.75830078125,-0.422119140625,15.19775390625,-152.587890625,32.8369140625,14.458632469177244,117.06707763671876,-187.78143310546875
0.068603515625,0.76513671875,-0.539306640625,30.517578125,-188.04931640625,43.15185546875,15.606589317321776,116.5911102294922,164.5624542236328
0.209228515625,0.795166015625,-0.5732421875,40.771484375,-208.49609375,39.73388671875,16.63218879699707,116.13434600830078,156.15403747558594
0.190673828125,0.77587890625,-0.4658203125,38.14697265625,-193.9697265625,36.0107421875,17.64221954345703,115.4893569946289,148.2673797607422
-0.040771484375,0.778076171875,-0.628173828125,35.400390625,-193.78662109375,40.0390625,18.927467346191406,114.89789581298828,140.34803771972656
0.0390625,0.771728515625,-0.769775390625,25.20751953125,-204.65087890625,49.9267578125,19.73289680480957,113.76795196533205,131.84968566894528
0.241455078125,0.68603515625,-0.5458984375,-11.41357421875,-197.509765625,41.56494140625,19.94205665588379,111.0277328491211,123.65826416015624
0.376708984375,0.723388671875,-0.685302734375,1.708984375,-202.0263671875,52.001953125,19.350675582885746,108.9836883544922,115.1759033203125
0.148681640625,0.95361328125,-0.544921875,4.0283203125,-207.70263671875,38.330078125,20.112363815307614,106.83507537841795,106.53307342529295
0.3173828125,0.66064453125,-0.4267578125,27.89306640625,-217.10205078125,0.9765625,21.01101493835449,105.4252700805664,97.8662109375
0.755126953125,1.061767578125,-0.429443359375,22.03369140625,-151.42822265625,-17.7001953125,21.41263008117676,104.32333374023438,91.89680480957031
0.601318359375,0.7998046875,-0.698486328125,-21.30126953125,-89.41650390625,-25.93994140625,21.521461486816406,102.94352722167969,88.7291259765625
1.273681640625,1.03076171875,-0.21044921875,1.03759765625,63.78173828125,-33.87451171875,20.07025909423828,104.00130462646484,91.69293975830078
1.286376953125,0.947509765625,-0.260986328125,11.3525390625,277.83203125,-26.30615234375,15.820422172546387,108.04923248291016,103.11846160888672
0.66650390625,0.721923828125,-1.4609375,-72.021484375,417.1142578125,-21.30126953125,9.216336250305176,109.97093963623048,119.71353149414062
0.842041015625,-0.3203125,-0.90478515625,-74.951171875,491.63818359375,-60.791015625,3.131382465362549,110.80603790283205,139.15255737304688
0.9130859375,0.36865234375,-0.940185546875,-11.65771484375,517.39501953125,-103.21044921875,-2.156646728515625,111.77424621582031,159.73959350585938
0.061279296875,0.182861328125,-1.15283203125,35.09521484375,445.6787109375,-77.08740234375,-5.0120158195495605,113.3998794555664,-182.7729949951172
-0.551513671875,0.73046875,-1.298828125,79.4677734375,149.84130859375,13.916015625,-7.1374125480651855,117.27561950683594,-177.6641082763672
0.0869140625,0.884033203125,-1.083740234375,41.07666015625,166.6259765625,14.16015625,-10.658098220825195,118.94593811035156,-172.1143341064453
-0.10107421875,0.65869140625,-0.795166015625,7.26318359375,193.29833984375,-13.61083984375,-12.764389038085938,118.71003723144531,-165.12648010253906
-0.38330078125,0.508056640625,-0.80224609375,0.79345703125,37.109375,-30.8837890625,-11.1692476272583,119.37555694580078,-163.41189575195312
-0.09765625,0.608154296875,-0.798828125,4.94384765625,-103.3935546875,-37.90283203125,-7.163217067718506,120.93020629882812,-166.41827392578125
0.35205078125,0.771728515625,-0.709228515625,-16.78466796875,-213.2568359375,-40.1611328125,-1.809399962425232,121.02588653564452,-172.92483520507812
0.138427734375,0.628662109375,-0.680908203125,-59.38720703125,-258.30078125,-18.24951171875,3.732325315475464,119.13013458251952,-181.4720916748047
-0.0751953125,0.475341796875,-0.821044921875,-54.99267578125,-330.87158203125,-18.6767578125,10.642129898071287,116.66661071777344,167.2408905029297
-0.01416015625,0.48681640625,-0.931640625,-36.0107421875,-390.68603515625,-8.48388671875,17.001953125,112.8943099975586,153.10745239257812
0.02685546875,0.612060546875,-0.84814453125,-63.29345703125,-375.54931640625,46.142578125,19.774349212646484,106.68431091308594,138.03892517089844
0.13525390625,0.4443359375,-0.38525390625,-67.56591796875,-325.98876953125,99.79248046875,17.826160430908203,100.29998016357422,124.11061096191406
0.39501953125,0.5078125,0.09326171875,-25.390625,-277.83203125,118.83544921875,12.998516082763672,96.17386627197266,112.13706970214844
0.884033203125,0.882568359375,-0.1650390625,45.5322265625,-217.34619140625,48.9501953125,10.105010986328123,96.28571319580078,103.14663696289062
1.052490234375,1.282470703125,-0.52099609375,29.35791015625,-111.75537109375,-1.52587890625,9.037785530090332,97.19123077392578,98.734619140625
1.08935546875,1.2724609375,-0.671630859375,-45.71533203125,27.099609375,-5.55419921875,7.39125919342041,96.14036560058594,99.96758270263672
1.01904296875,0.77001953125,-0.58642578125,-96.86279296875,234.06982421875,2.25830078125,4.634791851043701,94.07579803466795,109.4500732421875
0.155517578125,0.84521484375,-0.780029296875,-36.92626953125,264.58740234375,-21.240234375,4.179053783416748,94.82764434814452,120.180419921875
-0.664306640625,0.41357421875,-1.059814453125,-52.79541015625,185.36376953125,-1.708984375,3.076873302459717,95.1473617553711,127.71896362304688
-0.639404296875,0.80615234375,-0.9365234375,-6.77490234375,227.05078125,-9.8876953125,3.4619333744049072,96.80711364746094,136.87232971191406
-0.47607421875,0.928955078125,-0.697998046875,-13.5498046875,253.7841796875,-42.724609375,4.560549259185791,98.04435729980469,147.2266387939453
-1.573486328125,0.51416015625,-0.91357421875,6.53076171875,76.11083984375,-21.484375,2.96590518951416,98.28179168701172,150.3538360595703
0.315185546875,1.128173828125,-0.461669921875,5.7373046875,189.453125,-2.197265625,1.1934866905212402,99.3071517944336,157.86898803710938
0.08251953125,1.128662109375,-0.69873046875,-33.203125,236.9384765625,16.17431640625,-1.1479161977767944,98.84477996826172,167.11593627929688
0.217041015625,1.067138671875,-0.685302734375,-61.03515625,243.5302734375,18.00537109375,-3.5239334106445312,96.9453353881836,-183.3702087402344
-0.033203125,0.984130859375,-0.75,-74.64599609375,212.0361328125,17.63916015625,-4.911027431488037,94.4790267944336,-175.0743865966797
0.0009765625,0.82568359375,-0.529541015625,-68.9697265625,103.8818359375,11.5966796875,-5.465933322906494,92.40780639648438,-171.03738403320312
-0.093505859375,0.57763671875,-0.308349609375,-54.38232421875,23.193359375,-8.056640625,-4.8076171875,91.0252914428711,-170.18521118164062
-0.130859375,0.599365234375,-0.32080078125,-21.17919921875,-103.21044921875,-41.259765625,-2.464521884918213,91.4494857788086,-174.36146545410156
-0.014404296875,0.8115234375,-0.3955078125,2.25830078125,-193.66455078125,-63.96484375,0.5081609487533569,92.6095962524414,-182.0292816162109
0.25537109375,0.982177734375,-0.372802734375,6.53076171875,-244.140625,-73.73046875,3.2140896320343018,93.152587890625,168.40122985839844
0.60986328125,1.087646484375,-0.22900390625,-10.92529296875,-222.71728515625,-69.3359375,5.227063655853272,92.35599517822266,159.6693572998047
0.59765625,1.185302734375,-0.287841796875,-33.63037109375,-151.3671875,-53.955078125,6.3824219703674325,90.78440856933594,153.7144012451172
0.37646484375,1.102294921875,-0.338134765625,-45.166015625,-97.7783203125,-46.08154296875,7.347042560577393,89.18466186523438,149.87347412109375
0.1357421875,0.886962890625,-0.4052734375,-41.44287109375,-81.4208984375,-40.52734375,8.323779106140138,88.03620910644531,146.6846466064453
0.33740234375,1.032958984375,-0.47021484375,-41.3818359375,-109.68017578125,-32.2265625,8.497884750366211,86.6954574584961,142.35528564453125
0.275634765625,1.0576171875,-0.364990234375,-48.095703125,-105.28564453125,-21.17919921875,8.210485458374022,84.98426055908203,138.19119262695312
-0.4013671875,1.41845703125,-0.120361328125,-56.5185546875,-150.146484375,-6.28662109375,8.115692138671875,82.2252426147461,132.18159484863278
0.067626953125,1.23583984375,-0.085693359375,-91.9189453125,-262.939453125,9.21630859375,5.535954475402832,77.78462982177734,121.92283630371094
0.49560546875,1.064697265625,-0.17138671875,-109.0087890625,-233.58154296875,17.08984375,1.478587031364441,73.62744140625,113.15554809570312
0.386962890625,1.041015625,-0.113525390625,-105.04150390625,-77.0263671875,12.75634765625,-0.7863951921463013,70.21186828613281,110.43128204345705
-0.22705078125,1.0087890625,-0.107666015625,-100.89111328125,-33.935546875,10.19287109375,-1.129730224609375,67.15868377685547,109.28353881835938
-0.4296875,0.92822265625,-0.11328125,-97.10693359375,-106.26220703125,8.9111328125,-2.196361541748047,64.40673828125,105.50108337402344
-0.10009765625,0.768798828125,-0.13623046875,-88.9892578125,-212.5244140625,9.33837890625,-5.921515464782715,62.69319152832031,97.98442840576172
-0.036376953125,0.72802734375,-0.161376953125,-76.96533203125,-229.00390625,4.2724609375,-9.979887008666992,62.20475769042969,89.71707916259766
0.0986328125,0.867919921875,-0.189453125,-71.83837890625,-215.9423828125,13.12255859375,-14.364177703857422,62.4150390625,81.88702392578125
-0.115478515625,0.78173828125,-0.15576171875,-66.22314453125,-178.40576171875,23.0712890625,-17.671777725219727,62.92459487915039,75.36399841308594
-0.224365234375,0.7021484375,-0.16650390625,-60.24169921875,-200.1953125,25.390625,-20.94783592224121,64.36045074462889,67.79235076904297
-0.177734375,0.64697265625,-0.158203125,-53.89404296875,-239.44091796875,25.634765625,-24.59983253479004,67.20548248291016,58.26210021972656
0.053955078125,0.745361328125,-0.169921875,-49.49951171875,-238.95263671875,34.5458984375,-28.61713409423828,70.92464447021484,48.23551559448242
0.05810546875,0.71142578125,-0.1279296875,-48.2177734375,-197.08251953125,40.46630859375,-31.662731170654297,74.35236358642578,39.49589920043945
-0.0986328125,0.655029296875,-0.120361328125,-47.7294921875,-170.95947265625,40.283203125,-33.482139587402344,77.58521270751953,31.49948501586914
-0.146240234375,0.656982421875,-0.097412109375,-44.37255859375,-181.640625,38.4521484375,-34.711654663085945,81.39061737060547,22.73081398010254
-0.046630859375,0.74951171875,-0.080078125,-43.45703125,-175.72021484375,39.36767578125,-35.68301010131836,85.1311264038086,14.054346084594727
0.00927734375,0.828125,-0.065673828125,-44.12841796875,-145.56884765625,39.55078125,-36.28339767456055,87.95896911621094,6.749007225036621
-0.15478515625,0.827392578125,-0.05029296875,-42.3583984375,-118.59130859375,34.60693359375,-36.07010269165039,89.96621704101562,0.771575927734375
-0.15966796875,0.865478515625,-0.037109375,-39.00146484375,-129.45556640625,31.6162109375,-35.55449295043945,92.2627182006836,-5.681393623352051
-0.0888671875,0.849853515625,-0.04150390625,-36.9873046875,-133.97216796875,29.84619140625,-34.888748168945305,94.6203842163086,-12.299509048461914
-0.020263671875,0.92919921875,-0.032958984375,-29.6630859375,-106.93359375,28.564453125,-34.25557327270508,96.30484771728516,-17.5101318359375
-0.109375,0.986572265625,-0.028076171875,-21.91162109375,-86.97509765625,22.94921875,-33.255420684814446,97.5754165649414,-21.654232025146484
-0.13623046875,1.02587890625,-0.010986328125,-15.2587890625,-86.7919921875,19.34814453125,-32.03099822998047,98.89768981933594,-25.6676082611084
-0.0498046875,1.183349609375,0.086181640625,3.2958984375,-62.8662109375,18.98193359375,-28.349855422973636,102.94717407226562,-37.496337890625
0.0126953125,1.179931640625,0.08740234375,0.9765625,-58.65478515625,17.4560546875,-27.47312164306641,103.50569152832031,-39.890724182128906
0.0439453125,1.129150390625,0.097900390625,-1.8310546875,-46.5087890625,16.9677734375,-26.770679473876953,103.61669158935548,-41.722557067871094
-0.021728515625,1.05859375,0.10546875,-3.23486328125,-41.015625,16.11328125,-25.994821548461914,103.4994125366211,-43.29016876220703
0.013671875,1.050048828125,0.102294921875,-4.57763671875,-40.71044921875,17.2119140625,-25.361331939697266,103.31560516357422,-44.86091995239258
0.051513671875,1.033935546875,0.089599609375,-7.2021484375,-29.296875,18.61572265625,-24.9897518157959,102.84149169921876,-45.97117233276367
-0.063232421875,1.002685546875,0.08349609375,-9.1552734375,-21.240234375,17.2119140625,-24.426616668701172,102.1569595336914,-46.73321914672852
-0.05712890625,1.000732421875,0.08349609375,-10.31494140625,-35.7666015625,14.5263671875,-23.675161361694336,101.68595886230469,-48.09965133666992
0.027587890625,1.016845703125,0.083251953125,-10.43701171875,-38.330078125,12.63427734375,-23.03697395324707,101.2488250732422,-49.5649528503418
0.072998046875,1.021484375,0.07275390625,-11.71875,-17.08984375,10.3759765625,-22.601476669311523,100.42977905273438,-50.12470626831055
-0.027587890625,0.9931640625,0.07666015625,-12.6953125,-4.7607421875,6.2255859375,-21.906822204589844,99.37330627441406,-50.13717269897461
-0.036865234375,0.969970703125,0.07470703125,-11.41357421875,-10.6201171875,2.50244140625,-21.032245635986328,98.49262237548828,-50.39137268066406
0.00439453125,0.966796875,0.080810546875,-9.3994140625,-22.0947265625,-4.45556640625,-19.94147300720215,97.86244201660156,-51.097633361816406
0.065673828125,0.993896484375,0.09228515625,-8.11767578125,-14.70947265625,-7.14111328125,-18.965261459350586,97.1669692993164,-51.48789596557617
0.0458984375,1.0380859375,0.091796875,-9.27734375,-0.79345703125,-7.38525390625,-18.03905296325684,96.27140808105469,-51.319618225097656
-0.0244140625,1.01416015625,0.10009765625,-9.94873046875,1.15966796875,-9.033203125,-16.942497253417972,95.34012603759766,-51.08216094970703
-0.02978515625,1.021728515625,0.078125,-7.50732421875,-7.38525390625,-12.8173828125,-15.688547134399414,94.69784545898438,-51.22488784790039
0.012939453125,1.0302734375,0.0830078125,-7.4462890625,-10.009765625,-14.404296875,-14.502639770507812,94.09910583496094,-51.48759078979492
-0.011474609375,1.025146484375,0.026123046875,-14.16015625,14.6484375,8.11767578125,-7.74915885925293,89.13850402832031,-51.54866790771485
0.396728515625,1.510986328125,-1.466796875,-8.30078125,5.9814453125,-16.6015625,-7.287745952606201,90.36547088623048,-51.52458190917969
0.02734375,1.40283203125,-0.41943359375,4.33349609375,15.19775390625,2.86865234375,-7.175355434417725,91.09149169921876,-50.99319076538086
0.055908203125,0.924560546875,0.0830078125,-5.615234375,-5.18798828125,1.46484375,-7.082603931427003,90.62860870361328,-51.17133712768555
0.06689453125,0.968017578125,0.0556640625,-5.4931640625,-5.126953125,-0.42724609375,-6.938686847686768,90.26203918457031,-51.35728454589844
0.073486328125,0.979248046875,0.0634765625,-3.35693359375,-5.55419921875,-3.11279296875,-6.707823753356934,89.98035430908203,-51.55986785888672
0.0703125,0.9365234375,0.084716796875,3.173828125,-5.55419921875,-9.09423828125,-6.248456001281737,89.9115219116211,-51.75703430175781
0.055419921875,0.966064453125,0.079345703125,8.9111328125,-5.92041015625,-12.20703125,-5.643112659454347,90.09339904785156,-51.971885681152344
0.0009765625,0.9892578125,0.029052734375,12.20703125,-5.79833984375,-12.87841796875,-4.905924320220947,90.5164566040039,-52.19168472290039
0.141357421875,0.99072265625,-0.00634765625,-6.7138671875,-4.57763671875,7.9345703125,-5.476761817932129,89.74962615966797,-52.94094467163086
0.0205078125,1.011474609375,-0.12890625,-10.07080078125,-5.615234375,-1.52587890625,-5.245911598205566,89.65228271484375,-53.19460678100586
0.085205078125,0.997802734375,-0.06201171875,-22.8271484375,-4.8828125,-2.44140625,-5.135354995727539,88.89705657958984,-53.40460586547852
0.06103515625,0.65673828125,0.1474609375,-25.20751953125,-4.94384765625,-10.3759765625,-4.732414245605469,87.4353256225586,-53.57245635986328
-0.1181640625,1.029052734375,0.071533203125,-7.62939453125,-4.5166015625,-11.1083984375,-3.8529579639434814,87.07428741455078,-53.77029418945313
-0.157958984375,0.9921875,-0.0283203125,-9.6435546875,-5.126953125,4.7607421875,-3.545375108718872,86.86571502685547,-53.979835510253906
-0.034423828125,1.06103515625,0.014404296875,2.5634765625,-5.31005859375,12.63427734375,-3.844204187393189,87.05886840820312,-54.17253494262695
0.14208984375,0.92724609375,0.01025390625,-5.06591796875,-4.39453125,13.85498046875,-4.597063064575195,86.9427719116211,-54.32563781738281
0.10302734375,1.03466796875,-0.058837890625,-7.38525390625,-5.4931640625,-3.0517578125,-4.529871463775635,86.90064239501953,-54.57069778442383
0.034423828125,0.78076171875,0.182861328125,-18.00537109375,-5.2490234375,-1.64794921875,-4.396744728088379,85.78234100341797,-54.75305938720703
-0.09716796875,1.098876953125,-0.047607421875,-4.21142578125,-4.8828125,-2.685546875,-3.9304745197296143,85.8795166015625,-54.97611999511719
0.018798828125,0.944091796875,0.1162109375,-11.16943359375,-5.79833984375,7.080078125,-4.117516994476318,85.31671142578125,-55.17908477783203
