-0.07568359375,0.969970703125,0.05517578125,-8.72802734375,-4.2724609375,-4.150390625,-4.214627265930177,79.58462524414062,141.25315856933594
-0.080810546875,0.99462890625,0.02783203125,-7.080078125,-4.2724609375,5.2490234375,-4.102214813232422,79.6449203491211,141.0961456298828
-0.01708984375,1.0234375,-0.1083984375,-7.32421875,-4.21142578125,13.12255859375,-4.451965808868408,79.98847198486328,140.9757080078125
0.081298828125,1.025146484375,0.012939453125,-11.3525390625,-4.57763671875,15.80810546875,-5.1088829040527335,79.8935546875,140.87591552734375
0.086181640625,0.978759765625,0.09326171875,-12.39013671875,-4.69970703125,12.20703125,-5.616674423217773,79.57755279541016,140.76052856445312
0.09326171875,0.9658203125,0.101318359375,-10.3759765625,-4.33349609375,6.9580078125,-5.915127277374268,79.33582305908203,140.62356567382812
0.131103515625,0.976318359375,0.064453125,-7.2021484375,-5.126953125,-0.3662109375,-6.006618976593018,79.32633972167969,140.39173889160156
0.12353515625,0.978759765625,0.048828125,-4.39453125,-4.5166015625,-5.615234375,-5.86679744720459,79.46741485595703,140.1414794921875
0.0751953125,1.0068359375,-0.005859375,-4.150390625,-4.82177734375,-10.7421875,-5.419119358062744,79.743408203125,139.83152770996094
0.11572265625,0.95654296875,0.081298828125,-10.25390625,-4.69970703125,6.2255859375,-5.973843574523926,79.16706085205078,138.59474182128906
0.12255859375,0.96630859375,0.066650390625,-8.11767578125,-4.150390625,0.42724609375,-6.070919990539551,79.11679077148438,138.40716552734378
0.11572265625,0.9775390625,0.06005859375,-5.37109375,-4.39453125,-5.0048828125,-5.934572696685791,79.20077514648438,138.16693115234378
0.0908203125,0.973876953125,0.085205078125,-11.5966796875,-4.150390625,11.41357421875,-5.572165012359619,79.14779663085938,136.83653259277344
0.11328125,0.964599609375,0.084716796875,-10.80322265625,-5.126953125,6.34765625,-5.902745723724365,78.94725799560547,136.66084289550778
0.112548828125,0.962646484375,0.088623046875,-7.568359375,-4.69970703125,0.54931640625,-5.989092350006104,78.8779525756836,136.45738220214844
0.0634765625,1.004150390625,0.044677734375,-11.04736328125,-4.57763671875,13.97705078125,-5.056947231292725,79.1655502319336,134.95274353027344
0.089111328125,0.960205078125,0.095703125,-11.8408203125,-4.0283203125,10.6201171875,-5.511537075042725,78.88837432861328,134.85690307617188
0.10009765625,0.969482421875,0.079345703125,-9.82666015625,-4.5166015625,5.55419921875,-5.778066158294678,78.74879455566406,134.69815063476562
0.11767578125,0.97265625,0.0625,-6.16455078125,-5.126953125,-2.38037109375,-5.768822193145753,78.80912017822266,134.44888305664062
0.10693359375,0.983154296875,0.042236328125,-4.7607421875,-4.8828125,-6.9580078125,-5.552051067352295,78.9735336303711,134.16984558105472
0.04248046875,0.98681640625,0.053955078125,-5.615234375,-5.126953125,-9.8876953125,-5.081723690032959,79.07377624511719,133.86384582519528
-0.03955078125,0.989013671875,0.02880859375,-7.38525390625,-5.126953125,-8.36181640625,-4.502449035644531,79.15325164794922,133.56719970703122
-0.07666015625,0.963134765625,0.08642578125,-8.60595703125,-4.5166015625,-1.03759765625,-4.1387853622436515,79.03524780273438,133.36317443847656
-0.068359375,0.98095703125,0.049072265625,-7.4462890625,-4.57763671875,6.4697265625,-4.106354236602783,79.05313110351562,133.20808410644528
0.03515625,1.0244140625,-0.011962890625,-10.19287109375,-4.57763671875,13.7939453125,-4.598249912261963,79.09656524658203,133.09844970703122
0.105712890625,1.015625,-0.0126953125,-11.90185546875,-4.94384765625,13.61083984375,-5.224199771881104,79.07200622558594,132.9696044921875
0.110595703125,0.985107421875,0.04443359375,-11.41357421875,-4.21142578125,9.521484375,-5.6763572692871085,78.93955993652344,132.84649658203122
0.107421875,0.971435546875,0.08935546875,-8.48388671875,-4.5166015625,3.0517578125,-5.8541927337646475,78.83097076416016,132.67019653320312
0.098876953125,0.978759765625,0.076416015625,-5.92041015625,-5.0048828125,-3.0517578125,-5.7691521644592285,78.8675765991211,132.423583984375
0.083740234375,0.991455078125,0.0458984375,-4.8828125,-4.638671875,-7.568359375,-5.47162675857544,79.01738739013672,132.15061950683594
-0.01611328125,0.98779296875,0.060791015625,-8.7890625,-4.21142578125,10.6201171875,-4.459862232208252,79.45462036132812,131.23463439941406
0.030517578125,0.962646484375,0.099365234375,-10.25390625,-4.150390625,13.24462890625,-4.9038357734680185,79.22016906738281,131.15357971191406
0.06884765625,0.979736328125,0.0673828125,-11.23046875,-4.39453125,11.962890625,-5.370072841644287,79.03543853759766,131.04698181152344
0.125244140625,0.97509765625,0.046630859375,-10.43701171875,-4.33349609375,6.04248046875,-5.7172608375549325,78.93997955322266,130.89271545410156
0.125244140625,0.971923828125,0.048828125,-7.6904296875,-5.18798828125,0.79345703125,-5.8526129722595215,78.96075439453125,130.66323852539062
0.11572265625,0.976318359375,0.052978515625,-5.79833984375,-5.06591796875,-4.150390625,-5.764656066894531,79.05118560791016,130.4013671875
0.044189453125,0.983642578125,0.03759765625,-5.06591796875,-4.638671875,-8.9111328125,-5.324888229370117,79.20603942871094,130.11795043945312
-0.018310546875,0.9814453125,0.05712890625,-7.14111328125,-4.8828125,-8.23974609375,-4.785820484161377,79.22496032714844,129.83731079101562
-0.061279296875,0.96826171875,0.083740234375,-8.4228515625,-4.57763671875,-4.45556640625,-4.3136043548583975,79.12201690673828,129.60421752929688
0.117431640625,0.97216796875,0.037109375,-11.41357421875,-4.5166015625,9.27734375,-5.5759854316711435,79.26277160644531,128.9962158203125
0.10693359375,0.96923828125,0.06396484375,-9.82666015625,-4.94384765625,4.2724609375,-5.808324337005615,79.14677429199219,128.80717468261722
0.107666015625,0.97119140625,0.07861328125,-6.65283203125,-5.06591796875,-1.0986328125,-5.822726249694824,79.13362884521484,128.57533264160156
0.06298828125,0.977783203125,0.075927734375,-11.1083984375,-4.45556640625,11.474609375,-5.3666954040527335,79.39566802978516,127.1227569580078
0.07568359375,0.955810546875,0.09375,-11.04736328125,-4.08935546875,7.50732421875,-5.656539440155028,79.14794921875,126.99891662597656
0.09326171875,0.968017578125,0.09423828125,-8.23974609375,-4.08935546875,2.9296875,-5.79451322555542,79.02745819091797,126.8399658203125
0.109375,0.978515625,0.028076171875,-5.859375,-4.8828125,-3.35693359375,-5.724149703979492,79.1689453125,126.58615112304688
0.07177734375,1.011474609375,0.00732421875,-5.67626953125,-4.08935546875,-7.32421875,-5.403531074523926,79.3609848022461,126.33073425292969
0.047607421875,1.03076171875,-0.01220703125,-5.18798828125,-4.69970703125,-8.85009765625,-4.983647346496582,79.61017608642578,126.0401611328125
-0.03857421875,1.01416015625,-0.013671875,-11.41357421875,-4.5166015625,11.41357421875,-5.452436923980713,79.72496795654297,125.55567932128906
-0.213134765625,1.012451171875,0.012939453125,-16.2353515625,-11.1083984375,17.9443359375,-5.559369087219238,79.46308135986328,125.20631408691406
-0.173583984375,1.135986328125,0.096923828125,-21.1181640625,-17.2119140625,24.96337890625,-6.105927467346191,78.87800598144531,124.6864013671875
-0.165283203125,1.637451171875,0.052490234375,-46.69189453125,-10.80322265625,-6.8359375,-5.461751937866211,77.41374206542969,124.16029357910156
-0.1611328125,1.56787109375,0.046875,-72.8759765625,-11.77978515625,-44.49462890625,-3.4068737030029297,74.98452758789062,123.23069763183594
-0.233154296875,1.285888671875,0.114501953125,-85.693359375,4.21142578125,-62.8662109375,-0.4229569137096405,71.95170593261719,122.64657592773438
-0.489990234375,1.09716796875,0.176025390625,-71.35009765625,3.72314453125,-72.20458984375,3.273889780044556,69.39038848876953,121.81419372558594
-0.570068359375,1.073486328125,0.181640625,-50.23193359375,-6.65283203125,-74.03564453125,6.86388635635376,67.63703918457031,120.4898681640625
-0.439697265625,1.132568359375,0.05615234375,-33.8134765625,-18.06640625,-77.94189453125,10.028822898864746,66.70975494384766,118.68085479736328
-0.036376953125,0.94287109375,0.004150390625,-14.95361328125,-8.30078125,-65.36865234375,12.015851020812988,66.74528503417969,117.48239135742188
-0.11279296875,0.85986328125,0.04150390625,8.23974609375,-27.40478515625,-51.025390625,13.315855979919435,67.46417236328125,115.80451202392578
-0.272216796875,0.912841796875,0.140380859375,16.54052734375,-27.2216796875,-5.0048828125,13.230192184448242,68.38921356201172,114.81088256835938
-0.3486328125,0.603271484375,0.33740234375,5.615234375,-45.10498046875,7.6904296875,12.815167427062988,67.96111297607422,113.13538360595705
-0.277099609375,0.732666015625,0.30517578125,5.9814453125,-55.60302734375,-38.6962890625,13.663854598999025,67.53945159912111,110.4106674194336
-0.24658203125,0.881103515625,0.23193359375,38.9404296875,-50.59814453125,-62.255859375,15.282553672790527,68.65901947021484,107.58708190917969
0.236328125,1.069580078125,0.113037109375,69.15283203125,-41.56494140625,-26.0009765625,14.657464981079102,71.49578857421875,105.73828125
0.27294921875,1.00390625,-0.019287109375,44.7998046875,12.0849609375,8.056640625,13.385014533996582,74.16670227050781,106.47872161865234
0.192626953125,0.851318359375,-0.073974609375,38.75732421875,51.94091796875,8.48388671875,12.593549728393555,76.99200439453125,108.79456329345705
-0.10302734375,0.8232421875,0.017822265625,59.87548828125,85.75439453125,16.6015625,12.44905948638916,90.99032592773438,120.84622192382812
-0.0869140625,0.767333984375,-0.05322265625,91.24755859375,61.46240234375,35.7666015625,10.646133422851562,95.22943115234376,123.27978515625
0.18798828125,0.873046875,-0.265625,121.39892578125,50.4150390625,45.95947265625,7.690273761749268,100.80384826660156,125.0759735107422
0.451416015625,1.269287109375,-0.365966796875,65.3076171875,80.2001953125,52.42919921875,3.9410226345062256,103.8755874633789,127.7646026611328
0.21044921875,0.904541015625,-0.331298828125,34.423828125,94.6044921875,31.1279296875,1.1338363885879517,105.63030242919922,131.10887145996094
-0.068115234375,-0.013671875,-0.530517578125,67.19970703125,87.158203125,-21.91162109375,1.1493664979934692,110.5876693725586,134.74501037597656
-0.3310546875,0.644287109375,-0.085693359375,61.767578125,54.5654296875,-24.71923828125,2.249920129776001,112.66145324707031,137.14437866210938
-0.009765625,0.82666015625,-0.091796875,98.5107421875,24.90234375,32.77587890625,0.5917798280715942,115.9590301513672,137.48008728027344
-0.002685546875,1.219482421875,-0.406005859375,121.2158203125,22.0947265625,63.90380859375,-2.0839052200317383,120.50445556640624,137.03813171386722
0.158203125,1.522705078125,-0.421142578125,51.94091796875,20.751953125,37.353515625,-3.9329411983489986,121.98489379882812,136.98828125
-0.2060546875,1.249267578125,-0.187744140625,-14.46533203125,-1.0986328125,20.69091796875,-4.106123924255371,120.52644348144531,136.57281494140622
-0.75390625,0.37255859375,-1.03857421875,-25.32958984375,-168.701171875,-21.05712890625,1.4444615840911863,120.8381805419922,131.13414001464844
-0.251220703125,0.822509765625,-0.265869140625,-81.97021484375,-147.3388671875,42.66357421875,3.3831229209899902,116.79508972167969,125.1211395263672
-0.277587890625,1.01318359375,-0.22412109375,-71.4111328125,-153.4423828125,36.2548828125,5.121152400970459,112.91085815429688,118.88841247558594
-0.712890625,0.919921875,-0.209228515625,-80.6884765625,-180.419921875,20.5078125,8.126617431640625,108.5237274169922,111.7409439086914
-0.012451171875,0.82861328125,-0.15185546875,-60.97412109375,-205.74951171875,13.24462890625,9.688111305236816,104.47826385498048,103.58578491210938
-0.54541015625,0.793212890625,-0.135009765625,-46.9970703125,-236.63330078125,10.25390625,12.30746078491211,100.6002960205078,94.046875
-0.20849609375,1.074462890625,-0.39697265625,-46.69189453125,-272.4609375,-10.07080078125,14.290040016174315,96.56775665283205,83.1557388305664
1.44677734375,0.775634765625,-0.7763671875,-61.8896484375,-171.69189453125,-25.634765625,13.89543628692627,93.27164459228516,76.48756408691406
1.1513671875,0.79541015625,-0.6943359375,-25.81787109375,-4.82177734375,-24.96337890625,12.98160171508789,93.17350006103516,76.59166717529297
0.59326171875,0.93701171875,-0.53759765625,7.50732421875,125.91552734375,-29.23583984375,12.27331829071045,95.52568817138672,82.00733184814453
-0.1171875,0.98583984375,-0.438232421875,21.42333984375,197.8759765625,-9.46044921875,11.417964935302734,98.769287109375,90.21247100830078
-0.13330078125,0.709228515625,-0.357666015625,58.77685546875,196.533203125,-3.2958984375,9.963565826416016,103.2822265625,98.20658111572266
-0.232177734375,0.62841796875,-0.194580078125,117.7978515625,202.20947265625,5.31005859375,7.847026824951173,109.34749603271484,106.01847839355469
-0.395751953125,1.01416015625,-0.272705078125,187.43896484375,178.64990234375,34.97314453125,4.2425551414489755,117.31417083740234,112.03688049316406
-0.361572265625,1.1953125,-0.301513671875,192.9931640625,152.77099609375,63.96484375,-0.5948641896247864,124.64974975585938,115.92516326904295
-0.26904296875,1.167724609375,-0.365478515625,168.3349609375,126.03759765625,76.0498046875,-5.548964977264403,130.59507751464844,118.07711791992188
-0.14453125,1.1591796875,-0.46484375,134.033203125,76.35498046875,83.6181640625,-9.592381477355957,135.21771240234378,118.11553192138672
-0.154296875,-0.683349609375,0.138671875,103.82080078125,63.04931640625,81.60400390625,-13.441439628601074,140.80569458007812,117.14903259277344
0.19921875,0.46484375,-0.465576171875,124.1455078125,31.982421875,94.23828125,-16.832160949707028,146.16329956054688,114.84366607666016
0.02197265625,0.700439453125,-0.541748046875,123.6572265625,36.1328125,55.419921875,-18.648273468017575,150.70912170410156,113.89599609375
-0.36083984375,1.100341796875,-0.512939453125,74.15771484375,5.2490234375,5.31005859375,-17.7574520111084,152.35086059570312,114.25304412841795
-0.405517578125,1.227294921875,-0.396484375,-27.4658203125,-65.7958984375,-24.59716796875,-13.855666160583494,149.7765655517578,114.28748321533205
-0.893798828125,1.46728515625,-0.811279296875,-129.08935546875,-169.25048828125,-65.5517578125,-5.3401222229003915,143.8264617919922,112.94529724121094
0.008544921875,1.41650390625,-0.692138671875,-258.72802734375,-190.5517578125,-40.58837890625,1.5519527196884155,132.55622863769528,109.19437408447266
-0.29345703125,1.025390625,-0.559326171875,-306.396484375,-199.21875,-17.2119140625,7.238291263580322,119.32542419433594,103.11853790283205
-0.364990234375,0.87890625,-0.513916015625,-258.9111328125,-246.09375,-39.55078125,13.069059371948242,107.49446868896484,94.60446166992188
0.296630859375,1.004638671875,-0.63720703125,-236.75537109375,-240.8447265625,-61.82861328125,16.469694137573242,96.27967834472656,85.6771011352539
1.000732421875,0.8955078125,-0.75341796875,-219.970703125,-156.73828125,-94.17724609375,18.59274673461914,86.5811538696289,79.68618774414062
0.73828125,0.85791015625,-0.468505859375,-179.50439453125,-5.7373046875,-100.40283203125,20.76546287536621,80.2052993774414,79.4048080444336
-0.007080078125,0.689697265625,-0.24951171875,-130.18798828125,86.85302734375,-46.2646484375,22.55916976928711,77.42537689208984,83.14086151123047
-0.287841796875,0.434326171875,-0.074951171875,-40.0390625,108.88671875,27.34375,22.848613739013672,78.48359680175781,88.30631256103516
-0.0869140625,0.349853515625,-0.14794921875,108.82568359375,99.18212890625,76.72119140625,20.069271087646484,85.87576293945312,93.46438598632812
0.07177734375,0.43896484375,-0.40283203125,203.7353515625,123.4130859375,85.51025390625,15.690610885620115,97.27499389648438,99.02179718017578
-0.05322265625,0.8056640625,-0.615234375,262.14599609375,129.82177734375,101.13525390625,10.129281997680664,109.8256607055664,103.45072174072266
0.007080078125,1.064208984375,-0.643310546875,265.5029296875,128.5400390625,129.45556640625,2.88796067237854,121.13446807861328,105.88322448730469
-0.057861328125,0.94970703125,-0.601318359375,236.083984375,114.74609375,133.11767578125,-4.0623779296875,130.59693908691406,106.46524047851562
-0.051513671875,0.943603515625,-0.462158203125,211.12060546875,79.04052734375,98.32763671875,-8.786694526672362,138.50839233398438,106.00531005859376
-0.193603515625,1.141845703125,-0.608642578125,159.66796875,30.82275390625,51.57470703125,-10.375877380371094,144.22698974609375,105.30321502685548
0.136962890625,1.433349609375,-0.69775390625,84.1064453125,19.4091796875,27.34375,-11.466437339782715,146.57920837402344,105.0353775024414
-0.0478515625,1.1962890625,-0.663818359375,-7.32421875,1.8310546875,7.6904296875,-11.216246604919434,145.24000549316406,105.0264892578125
-0.03564453125,1.203125,-0.460693359375,-126.64794921875,-55.23681640625,-31.06689453125,-8.281888008117676,138.91929626464844,104.87960052490234
-0.6416015625,1.029541015625,-0.306884765625,-184.326171875,-108.5205078125,-65.185546875,-2.0100600719451904,130.61349487304688,103.69314575195312
-0.385009765625,1.173583984375,-0.393310546875,-223.20556640625,-193.4814453125,-81.4208984375,5.8438215255737305,120.72371673583984,99.31112670898438
-0.118896484375,1.169189453125,-0.496337890625,-269.10400390625,-237.79296875,-108.21533203125,13.667052268981935,108.49332427978516,92.41160583496094
0.34912109375,0.97509765625,-0.50830078125,-276.4892578125,-223.5107421875,-103.69873046875,18.40613555908203,95.5729522705078,84.50408935546875
0.528076171875,0.891357421875,-0.492919921875,-253.23486328125,-141.17431640625,-100.341796875,20.856258392333984,84.3343276977539,78.9750747680664
-0.0927734375,0.80419921875,-0.246826171875,-189.5751953125,-58.837890625,-78.79638671875,23.073034286499023,76.54508209228516,76.29314422607422
-0.07421875,0.60986328125,-0.01611328125,-137.6953125,-54.26025390625,-46.32568359375,23.64525032043457,70.54978942871094,73.740234375
-0.143310546875,0.593994140625,-0.140625,-76.904296875,-42.90771484375,-28.86962890625,23.857072830200195,67.88949584960939,72.07103729248047
0.747802734375,0.046142578125,-0.312255859375,19.34814453125,55.6640625,-39.61181640625,24.28483009338379,70.27234649658203,74.08747863769531
0.422607421875,-0.0419921875,-0.547607421875,142.63916015625,169.98291015625,-45.34912109375,26.69297790527344,80.69210815429688,81.53160858154297
-0.494873046875,0.49853515625,-0.630859375,268.1884765625,194.88525390625,19.8974609375,26.54923820495605,97.23878479003906,91.14580535888672
-0.283447265625,0.940185546875,-0.619384765625,345.0927734375,81.48193359375,190.85693359375,18.00138282775879,112.48931884765624,92.79893493652344
0.711669921875,1.142578125,-0.7958984375,273.681640625,48.583984375,151.91650390625,10.185877799987793,123.51498413085938,91.59968566894531
-0.390625,1.5537109375,-0.765869140625,184.4482421875,142.02880859375,60.6689453125,4.941649913787842,130.99226379394528,94.61107635498048
-0.268310546875,1.11181640625,-0.49169921875,80.810546875,55.84716796875,9.58251953125,3.463658571243286,133.65655517578122,95.95214080810548
-0.35107421875,0.896728515625,-0.417236328125,17.333984375,46.875,-7.4462890625,3.0222113132476807,133.73594665527344,97.46968841552734
-0.30029296875,0.835205078125,-0.36279296875,-9.3994140625,16.357421875,-21.97265625,3.816950798034668,132.65847778320312,98.5031280517578
-0.603515625,1.1181640625,-0.3896484375,-27.4658203125,-29.052734375,-29.96826171875,6.386046409606934,130.72462463378906,98.36414337158205
-0.388671875,1.034423828125,-0.421875,-56.09130859375,-75.439453125,2.3193359375,8.730283737182617,127.44933319091795,95.85433197021484
-0.070068359375,0.843994140625,-0.561767578125,-79.04052734375,-82.3974609375,11.29150390625,10.090585708618164,123.62689971923828,92.85765838623048
0.248046875,0.97509765625,-0.732666015625,-94.7265625,-42.41943359375,-12.39013671875,10.565753936767578,119.7396469116211,91.71100616455078
0.113525390625,0.758544921875,-0.5546875,-101.01318359375,-5.31005859375,-36.56005859375,11.271016120910645,116.04113006591795,92.29014587402344
-0.26025390625,0.630126953125,-0.503173828125,-72.1435546875,-6.4697265625,-32.53173828125,12.827587127685547,113.68800354003906,92.69910430908205
-0.216064453125,0.606201171875,-0.4404296875,-9.09423828125,-20.751953125,1.77001953125,13.236409187316895,113.6070785522461,91.993408203125
-0.0791015625,0.742431640625,-0.49462890625,37.59765625,-30.21240234375,23.13232421875,12.580297470092773,115.16529846191406,90.55811309814452
-0.009033203125,0.923828125,-0.547119140625,58.2275390625,-23.681640625,35.888671875,11.243144989013672,117.38998413085938,89.07557678222656
-0.029296875,1.06982421875,-0.586181640625,47.66845703125,-12.26806640625,46.7529296875,9.446273803710938,119.09709167480469,87.7354736328125
0.010986328125,1.071533203125,-0.609375,16.11328125,-5.18798828125,45.83740234375,7.563986301422119,119.58812713623048,86.64043426513672
-0.082275390625,1.028076171875,-0.58251953125,-19.95849609375,4.5166015625,31.79931640625,6.227906703948975,118.71688079833984,86.17110443115234
-0.02490234375,0.660888671875,-0.761962890625,-14.09912109375,-13.73291015625,-4.69970703125,6.480552673339844,118.89590454101562,85.86490631103516
-0.212890625,0.900146484375,-0.587158203125,-3.11279296875,-23.01025390625,-18.98193359375,7.77535343170166,118.86908721923828,85.44234466552734
-0.14453125,0.790283203125,-0.460205078125,-14.83154296875,-27.4658203125,12.26806640625,7.919284343719482,118.14857482910156,84.23660278320312
-0.210205078125,0.942626953125,-0.5478515625,-16.54052734375,-39.306640625,12.87841796875,8.317653656005861,117.31806182861328,82.59750366210938
-0.285400390625,0.96484375,-0.336669921875,-36.2548828125,-50.048828125,22.3388671875,8.699432373046875,115.20826721191406,80.3294448852539
-0.00537109375,0.955810546875,-0.40673828125,-36.07177734375,-48.03466796875,15.68603515625,8.589597702026367,113.35618591308594,78.28901672363281
0.1181640625,0.916015625,-0.630126953125,-44.98291015625,-29.6630859375,2.74658203125,8.376130104064941,111.81755828857422,77.2139892578125
-0.104248046875,0.907958984375,-0.5556640625,-54.19921875,-24.2919921875,5.9814453125,8.395107269287111,109.8720474243164,76.2668685913086
-0.268310546875,0.82568359375,-0.473388671875,-43.5791015625,-40.8935546875,17.822265625,8.557003974914549,108.2302017211914,74.5169448852539
-0.038330078125,0.9462890625,-0.573486328125,-33.69140625,-53.03955078125,34.912109375,7.62680196762085,107.03717803955078,72.1241683959961
-0.00341796875,1.015625,-0.623779296875,-35.82763671875,-39.0625,41.19873046875,6.214106559753418,105.92646026611328,70.21900939941406
0.0361328125,1.089111328125,-0.6630859375,-40.771484375,-18.61572265625,38.14697265625,4.646564483642578,104.78250885009766,69.15634918212889
0.016357421875,1.347900390625,-0.682373046875,-60.60791015625,5.06591796875,27.77099609375,3.3190550804138184,102.81615447998048,69.12618255615234
-0.00537109375,1.444091796875,-0.651611328125,-83.3740234375,21.97265625,32.5927734375,1.7499765157699585,99.94618225097656,69.75499725341797
-0.083740234375,1.482177734375,-0.612060546875,-101.6845703125,36.0107421875,41.44287109375,-0.04111576452851296,96.37391662597656,70.95159149169922
-0.102783203125,1.468994140625,-0.524658203125,-98.0224609375,40.22216796875,46.93603515625,-1.889092206954956,92.9366455078125,72.3899154663086
-0.0634765625,1.464599609375,-0.47509765625,-85.3271484375,45.2880859375,59.814453125,-4.158438205718993,90.00852966308594,74.10861206054688
-0.0732421875,1.461181640625,-0.390380859375,-68.603515625,47.2412109375,80.13916015625,-7.050864219665527,87.64849853515625,76.01250457763672
-0.03662109375,1.3486328125,-0.322998046875,-56.0302734375,42.17529296875,118.34716796875,-11.339171409606935,85.70539093017578,77.89641571044922
0.0244140625,1.171875,-0.265625,-50.29296875,37.78076171875,136.474609375,-16.241266250610348,83.87677001953125,79.7951431274414
0.08154296875,0.978271484375,-0.245849609375,-43.27392578125,36.2548828125,144.22607421875,-21.35724449157715,82.23335266113281,81.79374694824219
0.21826171875,0.9853515625,-0.234619140625,-25.69580078125,33.3251953125,136.90185546875,-26.25653076171875,81.13687896728516,83.75907897949219
0.288330078125,1.044677734375,-0.19970703125,-21.54541015625,37.7197265625,128.23486328125,-30.66977310180664,79.83480834960938,86.02194213867188
0.201416015625,1.037841796875,-0.08642578125,-18.06640625,42.54150390625,131.7138671875,-34.77066802978516,78.06094360351562,88.82852172851562
0.31689453125,0.808837890625,-0.054443359375,-0.48828125,29.541015625,161.80419921875,-40.31936645507813,76.77786254882812,91.61622619628906
0.429931640625,0.80029296875,-0.066162109375,24.35302734375,27.2216796875,168.212890625,-46.1505012512207,76.09331512451172,94.6565933227539
0.40576171875,0.8642578125,-0.101318359375,43.212890625,26.7333984375,155.45654296875,-51.159706115722656,76.0005874633789,97.6809310913086
0.322998046875,0.91943359375,-0.096435546875,47.79052734375,22.88818359375,152.2216796875,-55.69618606567383,75.9151382446289,100.66558074951172
0.35595703125,0.82958984375,-0.139404296875,45.59326171875,16.05224609375,167.05322265625,-60.85881042480469,75.62691497802734,103.60989379882812
0.409423828125,0.771728515625,-0.19970703125,43.3349609375,17.578125,172.8515625,-66.22428894042969,74.56018829345703,107.1429672241211
0.5068359375,0.688232421875,-0.227783203125,38.330078125,26.9775390625,159.5458984375,-71.01673889160156,71.44747924804688,112.42039489746094
0.486328125,0.6318359375,-0.17822265625,34.0576171875,39.0625,153.86962890625,-75.0401611328125,63.74039840698242,122.05886840820312
0.3896484375,0.537109375,-0.1396484375,33.38623046875,42.66357421875,170.47119140625,-78.65261840820312,47.26034545898438,140.48150634765622
0.443115234375,0.40283203125,-0.23779296875,40.10009765625,34.912109375,194.7021484375,-81.36109924316406,10.555302619934082,-180.0010986328125
0.567626953125,0.35888671875,-0.289794921875,45.34912109375,34.912109375,189.8193359375,-79.9207534790039,-32.397979736328125,-133.717529296875
0.631591796875,0.356201171875,-0.24658203125,40.34423828125,45.7763671875,173.828125,-75.76457214355469,-49.62222290039063,-114.49732208251952
0.55908203125,0.243408203125,-0.18701171875,27.2216796875,52.79541015625,161.2548828125,-71.05493927001953,-56.29174423217773,-106.55990600585938
0.56982421875,0.144287109375,-0.1787109375,23.13232421875,42.54150390625,158.50830078125,-66.28701019287111,-61.03851699829102,-100.6762466430664
0.664794921875,0.156982421875,-0.209716796875,21.8505859375,32.77587890625,148.681640625,-61.9942855834961,-64.31034851074219,-96.3017120361328
0.73486328125,0.1689453125,-0.216064453125,10.68115234375,32.28759765625,126.64794921875,-58.50944900512695,-66.30050659179689,-93.75950622558594
0.706298828125,0.144287109375,-0.1259765625,6.8359375,35.64453125,111.083984375,-55.52052307128906,-67.05625915527344,-92.68124389648438
0.634765625,0.106689453125,-0.044189453125,22.27783203125,33.3251953125,117.3095703125,-52.30524444580078,-66.97966003417969,-91.7078628540039
0.851806640625,0.037109375,-0.19580078125,49.74365234375,17.822265625,158.69140625,-47.775306701660156,-67.80651092529297,-88.4246597290039
1.084716796875,0.061767578125,-0.380615234375,50.6591796875,26.85546875,165.83251953125,-42.98041534423828,-68.22257995605469,-85.65145111083984
1.1083984375,0.010986328125,-0.316162109375,35.5224609375,49.4384765625,158.3251953125,-38.16640090942383,-67.99741363525389,-84.48988342285156
0.7998046875,-0.23828125,-0.076416015625,29.60205078125,62.01171875,148.681640625,-33.13328170776367,-67.30771636962889,-84.24884796142578
0.6923828125,-0.1875,-0.04296875,41.9921875,45.59326171875,136.5966796875,-28.97730255126953,-66.31256866455078,-83.51575469970703
0.86181640625,0.040283203125,-0.113525390625,44.7998046875,29.296875,116.8212890625,-26.32256317138672,-65.21280670166016,-82.47844696044922
0.954833984375,0.177490234375,-0.158447265625,3.35693359375,34.97314453125,105.65185546875,-24.11857414245605,-65.48751831054689,-81.87360382080078
0.9326171875,-0.140625,-0.0634765625,-29.72412109375,45.95947265625,109.43603515625,-21.331661224365234,-67.01506805419922,-81.65901947021484
0.722412109375,-0.380615234375,0.044189453125,-31.25,47.119140625,110.3515625,-18.04341697692871,-68.55121612548828,-81.6265640258789
0.880859375,-0.2666015625,-0.078857421875,-13.73291015625,25.93994140625,101.01318359375,-15.802929878234865,-69.68229675292969,-80.99960327148438
0.865966796875,-0.188720703125,-0.09521484375,-14.404296875,25.390625,88.0126953125,-14.180951118469238,-70.72981262207031,-80.6434097290039
0.8427734375,-0.375732421875,-0.040771484375,-15.31982421875,27.89306640625,86.181640625,-12.37373161315918,-71.7614517211914,-80.4917221069336
0.814453125,-0.451171875,-0.017822265625,-0.1220703125,22.216796875,87.0361328125,-10.519163131713867,-72.20030975341797,-80.18269348144531
0.835693359375,-0.302001953125,0.015869140625,10.55908203125,24.658203125,89.41650390625,-8.788952827453612,-71.99881744384766,-80.0060806274414
0.79736328125,-0.4326171875,-0.0244140625,9.6435546875,24.47509765625,87.09716796875,-7.0038161277771,-72.0231704711914,-79.81730651855469
0.77099609375,-0.417236328125,0.013916015625,11.29150390625,23.25439453125,78.125,-5.611273765563965,-71.8748779296875,-79.7158203125
0.765625,-0.452392578125,0.04541015625,9.21630859375,17.578125,70.12939453125,-4.569647312164307,-71.76719665527344,-79.50101470947266
0.8017578125,-0.4921875,0.06396484375,7.6904296875,10.3759765625,67.2607421875,-3.7247872352600098,-71.70986938476562,-79.04899597167969
0.814208984375,-0.507568359375,0.054443359375,2.86865234375,7.50732421875,61.95068359375,-3.126619577407837,-71.87168884277344,-78.55410766601562
0.823486328125,-0.526611328125,0.064208984375,-1.03759765625,8.72802734375,57.55615234375,-2.6750428676605225,-72.16339111328125,-78.17090606689453
0.73681640625,-0.568115234375,0.077880859375,-0.244140625,9.94873046875,55.23681640625,-2.1836869716644287,-72.42041015625,-77.87556457519531
0.742431640625,-0.5322265625,0.06982421875,2.13623046875,5.7373046875,46.38671875,-2.1415035724639893,-72.57353973388672,-77.53683471679688
0.729736328125,-0.53173828125,0.070556640625,-0.244140625,0.1220703125,37.41455078125,-2.4956705570220947,-72.82378387451172,-77.09419250488281
0.79345703125,-0.568115234375,0.069091796875,-1.220703125,-4.82177734375,33.5693359375,-3.052816152572632,-73.12877655029297,-76.51099395751953
0.820556640625,-0.6015625,0.057373046875,-1.46484375,0.8544921875,32.2265625,-3.567560195922852,-73.46585845947266,-76.16338348388672
0.76171875,-0.5966796875,0.065673828125,3.11279296875,5.79833984375,31.55517578125,-3.98843765258789,-73.59205627441406,-76.02030181884766
0.709228515625,-0.603759765625,0.07666015625,4.39453125,3.662109375,31.73828125,-4.3518781661987305,-73.65929412841797,-75.79491424560547
0.7236328125,-0.592529296875,0.077880859375,1.89208984375,-4.5166015625,24.4140625,-5.105336666107178,-73.83477020263672,-75.33600616455078
0.71435546875,-0.563232421875,0.07470703125,0.30517578125,-8.72802734375,16.6015625,-6.2112979888916025,-74.07766723632812,-74.79983520507812
0.737548828125,-0.573974609375,0.072021484375,-2.01416015625,-9.46044921875,9.46044921875,-7.5767555236816415,-74.42091369628906,-74.30833435058594
0.7587890625,-0.61328125,0.068359375,-3.47900390625,-6.103515625,7.4462890625,-8.912446975708008,-74.82796478271484,-73.96144104003906
0.75927734375,-0.614990234375,0.076416015625,-3.173828125,-3.2958984375,8.544921875,-10.132804870605467,-75.18600463867188,-73.71343994140625
0.7568359375,-0.613037109375,0.080322265625,-3.84521484375,-3.5400390625,6.53076171875,-11.394536972045898,-75.55525207519531,-73.47623443603516
0.774169921875,-0.613037109375,0.0556640625,-6.34765625,-2.86865234375,4.0283203125,-12.731080055236815,-76.06401824951172,-73.27647399902344
0.783203125,-0.64892578125,0.064208984375,-3.23486328125,-2.13623046875,5.67626953125,-13.915188789367676,-76.4305648803711,-73.09102630615234
0.754638671875,-0.653564453125,0.087646484375,0.732421875,-1.64794921875,7.6904296875,-14.93211841583252,-76.5839614868164,-72.91834259033203
0.735107421875,-0.62060546875,0.079833984375,1.220703125,-0.06103515625,6.77490234375,-15.9608154296875,-76.70304870605469,-72.815673828125
0.759521484375,-0.59423828125,0.096435546875,-1.220703125,-0.79345703125,5.06591796875,-17.092594146728516,-76.86754608154297,-72.71231842041016
0.73388671875,-0.6005859375,0.114013671875,-5.67626953125,-2.01416015625,1.3427734375,-18.29705047607422,-77.1748275756836,-72.60265350341797
0.74609375,-0.613037109375,0.079833984375,-12.14599609375,-4.57763671875,-4.45556640625,-19.7131462097168,-77.84236907958984,-72.40817260742188
0.776611328125,-0.63916015625,0.080810546875,-11.29150390625,-3.47900390625,-6.9580078125,-21.167505264282227,-78.44558715820312,-72.27876281738281
0.7861328125,-0.63525390625,0.0703125,-10.498046875,-3.0517578125,-6.53076171875,-22.570831298828125,-79.02240753173828,-72.15449523925781
0.75341796875,-0.635986328125,0.0703125,-8.1787109375,-1.15966796875,-6.53076171875,-23.866853713989254,-79.46559143066406,-72.11065673828125
0.72607421875,-0.618408203125,0.0927734375,-6.7138671875,-2.5634765625,-8.11767578125,-25.17371368408203,-79.79664611816406,-72.0450439453125
0.7353515625,-0.6259765625,0.087646484375,-5.67626953125,-4.08935546875,-9.46044921875,-26.49761390686035,-80.11986541748047,-71.916259765625
0.717529296875,-0.616455078125,0.10009765625,-3.23486328125,-6.16455078125,-16.7236328125,-28.05910682678223,-80.32032775878906,-71.76649475097656
0.697509765625,-0.58154296875,0.11181640625,-5.79833984375,-9.1552734375,-25.634765625,-29.958282470703125,-80.60787963867188,-71.56690979003906
0.67724609375,-0.583740234375,0.14990234375,-10.43701171875,-10.3759765625,-36.43798828125,-32.17049026489258,-80.96125030517578,-71.43914031982422
0.653564453125,-0.5810546875,0.135009765625,-16.2353515625,-13.00048828125,-50.23193359375,-34.82598876953125,-81.60382843017578,-71.25379943847656
0.69091796875,-0.561767578125,0.111328125,-18.61572265625,-17.51708984375,-65.61279296875,-38.10909271240234,-82.4896011352539,-70.8845443725586
0.642578125,-0.485595703125,0.11962890625,-22.8271484375,-22.4609375,-83.740234375,-42.0675048828125,-83.59636688232422,-70.35905456542969
0.721435546875,-0.482421875,0.1259765625,-31.43310546875,-31.25,-107.0556640625,-46.93852233886719,-85.40360260009766,-69.33604431152344
0.7265625,-0.4443359375,0.117431640625,-36.56005859375,-35.64453125,-123.10791015625,-52.31917953491211,-87.86244201660156,-67.78590393066406
0.782470703125,-0.390625,0.05615234375,-42.236328125,-42.724609375,-135.8642578125,-58.1125602722168,-91.8198013305664,-64.88699340820311
0.823974609375,-0.421875,0.02001953125,-43.15185546875,-38.6962890625,-142.333984375,-63.75416564941406,-96.97467041015624,-60.84408950805664
0.782470703125,-0.340576171875,-0.0068359375,-35.33935546875,-43.45703125,-141.7236328125,-68.96765899658203,-104.6111297607422,-53.930442810058594
0.876953125,-0.2861328125,-0.063720703125,-30.1513671875,-50.23193359375,-139.95361328125,-73.38387298583984,-117.59305572509766,-41.436824798583984
0.87890625,-0.35498046875,-0.021728515625,-23.98681640625,-39.00146484375,-129.33349609375,-76.37770080566406,-133.92512512207028,-25.47035026550293
0.886962890625,-0.23095703125,-0.052978515625,-21.05712890625,-35.2783203125,-132.568359375,-78.08504486083984,-158.45254516601562,-1.4746971130371094
0.876220703125,-0.19970703125,-0.05322265625,-18.49365234375,-38.51318359375,-131.16455078125,-77.54742431640625,174.91751098632812,24.518901824951172
0.773193359375,-0.013916015625,-0.0546875,-15.19775390625,-54.5654296875,-132.38525390625,-74.52488708496094,154.51748657226562,44.58828353881836
0.875732421875,0.065673828125,-0.046875,-22.3388671875,-68.54248046875,-131.2255859375,-70.03347778320311,143.02235412597656,55.61531066894531
0.989501953125,0.038818359375,-0.119873046875,-32.71484375,-68.4814453125,-124.57275390625,-65.35795593261719,136.72152709960938,61.04912567138672
0.951904296875,-0.001220703125,-0.1142578125,-34.5458984375,-62.31689453125,-113.037109375,-61.23273468017578,132.80970764160156,63.9835433959961
0.940673828125,0.093994140625,-0.124755859375,-27.099609375,-59.08203125,-111.328125,-57.14237594604492,129.81048583984378,66.26483154296875
0.9150390625,0.173095703125,-0.1611328125,-25.57373046875,-54.99267578125,-111.87744140625,-53.03463363647461,127.24590301513672,68.17665100097656
0.82470703125,0.32421875,-0.176513671875,-34.85107421875,-57.80029296875,-119.2626953125,-48.36847686767578,124.45189666748048,69.88416290283203
0.866455078125,0.40380859375,-0.25439453125,-52.24609375,-70.80078125,-128.60107421875,-43.05624771118164,121.80966186523438,70.62593078613281
0.933349609375,0.37060546875,-0.303955078125,-65.91796875,-79.1015625,-140.31982421875,-37.430137634277344,119.21121215820312,70.73197937011719
0.98193359375,0.21630859375,-0.272216796875,-64.39208984375,-75.86669921875,-137.5732421875,-32.457408905029304,117.01380157470705,70.48235321044922
0.9462890625,0.263916015625,-0.240966796875,-51.513671875,-64.88037109375,-128.72314453125,-28.09853172302246,115.21100616455078,70.33280944824219
0.771484375,0.333251953125,-0.23388671875,-47.79052734375,-55.23681640625,-123.6572265625,-23.98758125305176,113.4654312133789,70.31657409667969
0.74853515625,0.51220703125,-0.323974609375,-51.7578125,-71.4111328125,-123.046875,-19.406404495239254,111.9063720703125,69.47043609619139
0.76806640625,0.544189453125,-0.289794921875,-62.43896484375,-73.1201171875,-123.779296875,-14.960538864135742,109.84757232666016,68.45419311523439
0.750244140625,0.53369140625,-0.251708984375,-67.626953125,-72.44873046875,-116.02783203125,-11.01876449584961,107.54979705810548,67.18301391601561
0.742919921875,0.4560546875,-0.2353515625,-65.5517578125,-63.04931640625,-102.9052734375,-7.9659385681152335,105.34378051757812,65.92395782470703
0.68359375,0.450927734375,-0.27734375,-63.29345703125,-50.9033203125,-107.421875,-4.910005569458008,103.2939910888672,65.00464630126953
0.702880859375,0.451904296875,-0.3046875,-64.8193359375,-43.27392578125,-123.10791015625,-1.4288305044174194,101.2201919555664,64.36955261230469
0.50927734375,0.427978515625,-0.2822265625,-70.068359375,-39.4287109375,-146.240234375,3.0186455249786377,99.01105499267578,63.88533020019531
0.523193359375,0.435791015625,-0.241943359375,-71.044921875,-51.08642578125,-148.25439453125,7.428639411926269,96.59245300292969,62.753150939941406
0.55029296875,0.392333984375,-0.1923828125,-71.47216796875,-52.55126953125,-140.625,11.267260551452635,93.95417785644531,61.29022216796875
0.4453125,0.242431640625,-0.101318359375,-71.83837890625,-48.40087890625,-129.5166015625,14.379785537719727,91.0807876586914,59.69548797607422
0.423583984375,0.10400390625,-0.0361328125,-62.6220703125,-42.8466796875,-132.99560546875,17.409736633300778,88.27981567382812,58.01390838623047
0.457763671875,-0.012939453125,-0.0341796875,-48.828125,-34.36279296875,-150.57373046875,21.19609832763672,85.9371337890625,56.36876678466797
0.218994140625,0.1025390625,-0.0517578125,-19.8974609375,-21.3623046875,-187.43896484375,26.37429237365723,85.10536193847656,55.06729507446289
0.1318359375,0.351318359375,-0.13671875,4.0283203125,-22.5830078125,-198.30322265625,32.63891220092773,85.46021270751953,53.79849624633789
-0.003662109375,0.637939453125,-0.198486328125,22.0947265625,-18.24951171875,-193.29833984375,39.12286376953125,86.44255828857422,52.81403350830078
-0.0888671875,0.9677734375,-0.259765625,30.33447265625,-20.32470703125,-177.42919921875,44.91741561889648,87.53070068359375,51.853431701660156
-0.048095703125,1.040771484375,-0.23095703125,23.25439453125,-12.451171875,-179.62646484375,50.5426025390625,88.4818344116211,51.38512420654297
-0.115966796875,0.970947265625,-0.2646484375,15.56396484375,2.74658203125,-187.1337890625,56.43931579589844,90.19196319580078,52.29663467407226
-0.674560546875,1.109375,-0.342529296875,46.69189453125,4.69970703125,-180.23681640625,62.57788467407226,93.89006042480469,54.144447326660156
-0.7099609375,1.524169921875,-0.392333984375,75.8056640625,-31.43310546875,-155.3955078125,67.38372802734375,96.20697784423828,53.27858352661133
-0.382080078125,1.701416015625,-0.473388671875,75.01220703125,-48.9501953125,-127.44140625,70.72473907470703,96.49935913085938,50.35572814941406
-0.0546875,1.453369140625,-0.550048828125,32.5927734375,-21.3623046875,-113.95263671875,73.1846923828125,98.75994110107422,51.27720642089844
-0.30810546875,1.218994140625,-0.59716796875,20.1416015625,2.13623046875,-116.02783203125,75.62592315673828,105.72429656982422,57.58012390136719
-0.555908203125,1.322998046875,-0.677734375,33.02001953125,-17.63916015625,-99.67041015625,77.61511993408203,111.25707244873048,61.923622131347656
-0.43115234375,1.451904296875,-0.699951171875,39.12353515625,-38.63525390625,-68.115234375,78.59632110595703,111.36014556884766,60.50703430175781
-0.333251953125,1.3056640625,-0.7060546875,30.3955078125,-36.56005859375,-52.3681640625,78.96440124511719,110.73937225341795,58.65000915527344
-0.2861328125,1.1474609375,-0.70703125,25.32958984375,-28.076171875,-48.2177734375,79.07599639892578,112.09058380126952,58.93566131591797
-0.384765625,1.141845703125,-0.62548828125,25.93994140625,-20.01953125,-49.31640625,79.1563949584961,114.60191345214844,60.39044952392578
-0.394775390625,1.220458984375,-0.567138671875,20.6298828125,-21.78955078125,-32.89794921875,78.71663665771484,114.08605194091795,58.99481201171875
-0.40478515625,1.174072265625,-0.56298828125,4.39453125,-22.52197265625,-13.3056640625,77.64305114746094,111.49861145019531,56.09954833984375
-0.36865234375,1.007080078125,-0.5595703125,-17.822265625,-23.13232421875,-8.85009765625,76.42623138427734,108.83057403564452,53.97608184814453
-0.37841796875,0.951904296875,-0.518310546875,-23.98681640625,-24.35302734375,-20.3857421875,75.65484619140625,106.67671966552734,52.63940048217773
-0.36669921875,0.99658203125,-0.490478515625,-24.90234375,-30.82275390625,-25.45166015625,75.0993423461914,103.59564208984376,50.39739227294922
-0.149169921875,1.050048828125,-0.39697265625,36.865234375,-38.2080078125,-15.0146484375,73.98533630371094,101.12773895263672,46.21292495727539
-0.005615234375,1.514404296875,-0.628662109375,37.53662109375,-36.92626953125,5.9814453125,71.9613265991211,99.24044799804688,42.48810958862305
-0.2255859375,1.308349609375,-0.4755859375,-34.36279296875,-4.150390625,34.24072265625,68.73519897460939,98.11144256591795,42.527381896972656
-0.182861328125,0.95556640625,-0.589599609375,-64.75830078125,-8.85009765625,-2.13623046875,67.10897827148439,97.12932586669922,43.88725662231445
-0.170654296875,0.256103515625,-0.423095703125,-72.8759765625,-12.63427734375,-35.58349609375,67.60066986083984,97.89338684082031,47.181800842285156
-0.213623046875,0.57275390625,-0.446044921875,-59.14306640625,-10.31494140625,-49.62158203125,68.08467864990234,98.129150390625,49.56605911254883
-0.339111328125,0.599365234375,-0.380615234375,-17.51708984375,-0.244140625,-33.447265625,68.00050354003906,100.16837310791016,52.18553924560547
-0.399658203125,0.64892578125,-0.406982421875,17.88330078125,-3.72314453125,-21.05712890625,67.48753356933594,102.8704071044922,54.0216178894043
-0.330322265625,0.79931640625,-0.43017578125,30.33447265625,1.64794921875,-18.00537109375,66.54853820800781,106.03132629394531,55.88385772705078
-0.37060546875,0.685791015625,-0.392822265625,29.84619140625,5.55419921875,-5.859375,65.24774932861328,108.98886108398438,57.57848358154297
-0.451416015625,0.73583984375,-0.42529296875,31.25,5.31005859375,0.67138671875,63.80583190917969,111.47216033935548,58.744483947753906
-0.258056640625,1.00634765625,-0.48583984375,27.28271484375,8.60595703125,-3.60107421875,62.05752944946289,113.59741973876952,59.80138397216797
-0.531982421875,1.296875,-0.490234375,-9.58251953125,22.705078125,-6.2255859375,60.42700576782226,114.6639175415039,61.49488830566406
-0.38134765625,0.836181640625,-0.4169921875,-38.63525390625,-3.0517578125,-8.30078125,59.37466430664063,113.29984283447266,61.671287536621094
-0.62841796875,0.601806640625,-0.3291015625,-37.841796875,-10.80322265625,-34.24072265625,60.12664794921875,112.3132553100586,62.21184539794922
-0.49169921875,0.464111328125,-0.2978515625,5.79833984375,-39.36767578125,-24.0478515625,60.89352798461914,111.17366027832031,60.49357604980469
-0.319580078125,0.757080078125,-0.423828125,44.921875,-41.56494140625,3.2958984375,59.90852355957031,110.71712493896484,57.74847412109375
-0.2724609375,0.9091796875,-0.474365234375,49.37744140625,-20.93505859375,16.17431640625,58.0235710144043,111.4635009765625,56.15879821777344
-0.402099609375,0.8271484375,-0.513427734375,35.33935546875,-3.7841796875,17.578125,56.14018630981445,112.90409088134766,55.94462585449219
-0.53076171875,0.70556640625,-0.42919921875,22.8271484375,-6.591796875,-0.30517578125,55.36498260498047,113.93490600585938,55.90252685546875
-0.49658203125,0.710693359375,-0.41162109375,20.81298828125,-28.13720703125,-7.6904296875,55.17324447631836,113.79673767089844,54.59521102905274
-0.338623046875,0.8740234375,-0.524169921875,13.24462890625,-36.80419921875,-5.615234375,54.61470413208008,112.9780044555664,52.77869415283203
-0.154541015625,1.0888671875,-0.677001953125,-12.87841796875,-11.77978515625,5.615234375,52.9357795715332,112.3358383178711,52.37619018554688
-0.199951171875,0.84814453125,-0.6953125,-51.025390625,30.6396484375,-5.18798828125,51.18587493896485,112.91287994384766,55.18606948852539
-0.7919921875,0.408203125,-0.43017578125,-47.91259765625,30.2734375,-20.20263671875,51.59502792358398,113.66779327392578,58.168128967285156
-0.549072265625,0.473876953125,-0.398681640625,5.31005859375,-18.85986328125,9.521484375,51.204261779785156,113.56949615478516,57.40127563476562
-0.07568359375,0.857666015625,-0.556884765625,38.818359375,-6.9580078125,24.10888671875,48.80723190307617,114.88931274414062,56.79204559326172
0.110107421875,1.971435546875,-0.86962890625,38.26904296875,137.20703125,70.9228515625,42.00756072998047,119.92200469970705,61.67961883544922
-0.45849609375,-0.05126953125,-0.470703125,31.55517578125,130.615234375,95.947265625,36.67265701293945,125.08441162109376,66.0205078125
-0.587158203125,-0.04296875,-0.428466796875,74.15771484375,88.7451171875,15.7470703125,35.022964477539055,131.29426574707028,69.9071044921875
-0.60693359375,0.625244140625,-0.4794921875,88.68408203125,-16.9677734375,21.6064453125,34.95491409301758,133.92597961425778,68.49113464355469
-0.091796875,1.199462890625,-0.46923828125,81.9091796875,-69.88525390625,30.3955078125,34.959423065185554,134.1160888671875,64.38739776611328
-0.196044921875,0.71484375,-0.58984375,71.8994140625,-14.0380859375,69.091796875,32.516738891601555,135.18978881835938,61.42378234863281
-0.246337890625,0.388671875,-0.387451171875,76.84326171875,63.41552734375,31.73828125,29.476865768432614,138.72705078125,62.32832336425781
0.162353515625,1.314697265625,-0.53955078125,35.2783203125,40.22216796875,56.70166015625,25.563032150268555,138.65339660644528,61.03367614746094
-0.826171875,0.717529296875,-0.60205078125,-17.63916015625,10.1318359375,47.119140625,24.635478973388672,137.11419677734378,59.64659118652344
-0.2470703125,0.959716796875,-0.711181640625,-66.95556640625,-39.55078125,5.615234375,25.099443435668945,133.37763977050778,58.07061767578125
0.071044921875,0.850341796875,-0.737548828125,-102.9052734375,-21.54541015625,-29.96826171875,25.46623039245605,129.22149658203122,58.22992706298828
-0.131103515625,0.63818359375,-0.6455078125,-100.4638671875,17.822265625,-47.18017578125,25.842884063720703,126.2894058227539,60.27093505859375
-0.400634765625,0.576904296875,-0.57763671875,-48.583984375,14.34326171875,-23.681640625,26.29314422607422,125.17854309082031,61.55315399169922
-0.00244140625,0.746337890625,-1.02490234375,-23.01025390625,-16.2353515625,25.81787109375,24.871295928955078,124.5225830078125,60.66993713378906
-0.26513671875,0.510986328125,-0.71142578125,-29.1748046875,-8.4228515625,33.87451171875,23.68077087402344,123.68509674072266,59.866676330566406
-0.268798828125,0.62939453125,-0.677490234375,-24.59716796875,-13.97705078125,-17.2119140625,24.28673553466797,123.20598602294922,59.99510192871094
-0.346923828125,0.826171875,-0.646728515625,-42.41943359375,-21.8505859375,-28.99169921875,25.49294853210449,121.64198303222656,59.953895568847656
-0.449951171875,0.832763671875,-0.609375,-65.61279296875,-36.376953125,-21.97265625,26.90612602233887,118.78157806396484,59.1263427734375
-0.404052734375,0.81494140625,-0.510986328125,-83.251953125,-49.4384765625,-28.1982421875,28.638057708740234,114.90723419189452,57.77667999267578
-0.372314453125,0.805419921875,-0.481201171875,-88.19580078125,-53.64990234375,-30.2734375,30.312164306640625,110.76106262207031,56.177528381347656
-0.341064453125,0.747802734375,-0.436767578125,-86.85302734375,-51.69677734375,-28.9306640625,31.738201141357425,106.72640228271484,54.54688262939453
-0.42919921875,0.7236328125,-0.374755859375,-66.58935546875,-46.2646484375,-29.84619140625,33.233448028564446,103.54562377929688,53.0341796875
-0.49462890625,0.757568359375,-0.357421875,-44.189453125,-52.67333984375,-18.5546875,34.324058532714844,100.96192932128906,51.00596618652344
-0.4228515625,0.851806640625,-0.389892578125,-22.76611328125,-63.3544921875,0.3662109375,34.39157867431641,98.91514587402344,48.31195831298828
-0.084228515625,0.41552734375,-0.0419921875,-11.41357421875,-53.89404296875,12.63427734375,33.30550003051758,96.8175811767578,45.58069229125977
-0.4130859375,0.580810546875,-0.289306640625,8.7890625,-42.1142578125,12.51220703125,33.039474487304695,96.78862762451172,43.92411804199219
-0.177734375,0.847412109375,-0.43798828125,25.57373046875,-36.43798828125,14.2822265625,31.865270614624023,97.75553894042969,42.61656951904297
-0.34814453125,0.884033203125,-0.5107421875,5.06591796875,-15.380859375,14.0380859375,30.964635848999023,98.4792938232422,42.30474853515625
-0.442626953125,0.579833984375,-0.50927734375,3.7841796875,-19.287109375,7.32421875,30.90609741210937,99.38317108154295,42.0007438659668
-0.252685546875,0.440673828125,-0.55419921875,29.1748046875,-37.109375,-6.40869140625,31.2500114440918,101.36524963378906,41.20846939086914
0.17236328125,0.63916015625,-0.677490234375,35.33935546875,8.11767578125,-26.18408203125,30.86776351928711,104.59890747070312,42.60013961791992
-0.132568359375,0.681640625,-0.689697265625,28.076171875,65.4296875,-23.5595703125,30.25596809387207,108.68743896484376,46.48312377929688
-0.48193359375,1.420654296875,-0.4423828125,37.4755859375,85.99853515625,5.859375,28.3525333404541,111.87928009033205,50.03307342529297
-0.27734375,0.894287109375,-0.346435546875,2.13623046875,61.82861328125,33.50830078125,25.69213676452637,112.82850646972656,51.99558639526367
-0.78076171875,0.359130859375,-0.35302734375,-11.04736328125,64.3310546875,-30.3955078125,26.98941421508789,114.30940246582031,55.403221130371094
-0.6240234375,0.6240234375,-0.394287109375,17.39501953125,-3.23486328125,-38.87939453125,28.96937370300293,115.55622863769531,56.14192962646485
-0.468017578125,1.056884765625,-0.388671875,-9.3994140625,-15.19775390625,6.53076171875,28.74032974243164,114.57273864746094,55.27215194702149
-0.234619140625,0.826904296875,-0.457275390625,-22.94921875,-12.8173828125,35.82763671875,27.067413330078125,113.27371978759766,54.17238998413086
-0.3994140625,0.61669921875,-0.450439453125,-23.3154296875,9.033203125,16.90673828125,26.34877967834473,112.86418151855469,54.46799087524414
-0.5927734375,0.587890625,-0.371337890625,-1.40380859375,-1.46484375,-9.1552734375,27.26880645751953,113.15829467773438,54.70491027832031
-0.456787109375,0.74072265625,-0.4169921875,13.7939453125,-23.0712890625,-4.7607421875,27.85094451904297,113.53614044189452,53.94134902954102
-0.3505859375,0.8662109375,-0.4765625,13.36669921875,-28.13720703125,3.84521484375,27.83501434326172,113.69981384277344,52.80348205566406
-0.312744140625,0.900146484375,-0.513671875,-7.75146484375,-20.5078125,7.568359375,27.453357696533203,113.17420959472656,51.93437576293945
-0.40087890625,0.83203125,-0.470947265625,-20.99609375,-16.845703125,2.74658203125,27.43084716796875,112.23397827148438,51.30214309692383
-0.48583984375,0.8076171875,-0.450927734375,-24.59716796875,-27.03857421875,-2.13623046875,27.92609786987305,110.9955596923828,50.32322692871094
-0.353515625,0.84228515625,-0.713134765625,-26.67236328125,-26.85546875,-31.18896484375,29.121225357055664,110.4234619140625,50.06684875488281
-0.148681640625,1.04296875,-0.737060546875,-72.021484375,-10.92529296875,-43.88427734375,30.082433700561523,108.29888916015624,50.60791015625
-1.249267578125,0.261962890625,-0.4638671875,-35.94970703125,-38.26904296875,-61.6455078125,34.362098693847656,107.10031127929688,50.11287307739258
-0.333740234375,0.518798828125,-0.627685546875,7.87353515625,-71.96044921875,24.5361328125,33.988842010498054,106.73245239257812,47.22194290161133
1.109130859375,1.34326171875,-1.072021484375,-28.62548828125,-2.74658203125,13.427734375,31.494571685791016,106.26973724365234,47.39940643310547
-0.802001953125,0.614990234375,-0.49169921875,-74.03564453125,75.62255859375,-22.27783203125,32.10896682739258,105.97315979003906,51.47721481323242
-0.5751953125,0.520263671875,-0.44384765625,-17.4560546875,-9.21630859375,8.97216796875,32.261581420898445,105.8298568725586,51.38737869262695
-0.452880859375,0.466796875,-0.354736328125,2.38037109375,-16.6015625,18.00537109375,32.03299331665039,106.1608428955078,50.80431365966797
-0.10546875,0.595947265625,-0.467041015625,30.21240234375,-15.7470703125,16.11328125,30.75327491760254,107.85379028320312,50.38042449951172
-0.26708984375,0.68017578125,-0.51025390625,53.1005859375,45.654296875,10.07080078125,29.275915145874023,111.69668579101562,52.60013961791992
-0.651123046875,0.77734375,-0.41845703125,70.86181640625,39.48974609375,33.50830078125,27.70507621765137,115.26390838623048,53.75354766845703
-0.724853515625,0.96142578125,-0.379638671875,66.5283203125,-6.40869140625,55.72509765625,26.121965408325195,117.1597900390625,52.317787170410156
-0.501708984375,1.14794921875,-0.462890625,8.97216796875,-45.7763671875,29.72412109375,25.730815887451172,116.22975158691406,49.80334091186523
0.12939453125,1.206787109375,-1.46533203125,-19.10400390625,-58.4716796875,-12.87841796875,26.17743682861328,115.58122253417969,48.17581176757813
0.113037109375,0.970703125,-0.7099609375,-17.27294921875,-29.4189453125,-60.48583984375,27.681137084960934,115.3363800048828,48.36830139160156
-0.2744140625,0.65478515625,-0.565185546875,-20.69091796875,39.0625,-8.7890625,26.951181411743164,115.9579620361328,50.42126083374024
-0.608154296875,0.3955078125,-0.53369140625,3.47900390625,47.7294921875,42.96875,25.25283622741699,117.41754913330078,51.84896850585938
-0.56201171875,0.5,-0.580322265625,58.53271484375,2.74658203125,96.435546875,22.316072463989254,119.72842407226562,50.24991989135742
-0.090576171875,0.2783203125,-0.768798828125,81.48193359375,42.3583984375,83.49609375,18.15903854370117,124.41838073730469,50.45160675048828
-0.53466796875,0.248291015625,-0.766845703125,116.27197265625,64.0869140625,63.1103515625,15.317869186401367,130.44319152832028,51.37655258178711
0.04736328125,0.9306640625,-0.943115234375,138.61083984375,54.99267578125,55.7861328125,11.522417068481445,136.19586181640622,51.45660400390625
-0.042724609375,1.012451171875,-0.930419921875,38.87939453125,129.82177734375,17.88330078125,6.855311870574951,138.08601379394528,54.45332717895508
-1.04443359375,-0.001953125,-0.237060546875,13.427734375,124.1455078125,9.33837890625,5.050267696380615,139.28312683105472,57.516014099121094
-0.97314453125,0.271484375,-0.427001953125,50.78125,35.82763671875,21.17919921875,5.3356099128723145,141.49432373046875,57.82060241699219
-0.44677734375,0.9228515625,-0.505859375,18.06640625,-16.9677734375,-7.62939453125,6.761888980865479,141.36851501464844,57.5572280883789
-0.28564453125,1.11181640625,-0.52490234375,-37.17041015625,-55.60302734375,-38.02490234375,9.70857048034668,138.83840942382812,57.17660522460938
-0.34814453125,1.005859375,-0.572021484375,-87.82958984375,-81.11572265625,-59.5703125,13.980477333068848,134.46379089355472,56.543678283691406
-0.315673828125,0.780029296875,-0.506103515625,-136.77978515625,-99.609375,-63.90380859375,18.702625274658203,128.13819885253906,55.07475280761719
-0.44970703125,0.639892578125,-0.52734375,-130.06591796875,-112.24365234375,-62.92724609375,23.710390090942386,122.09078979492188,52.69632339477539
-0.546630859375,0.686767578125,-0.509765625,-91.49169921875,-132.9345703125,-51.45263671875,28.45803260803223,116.7878646850586,48.72891235351562
-0.2412109375,0.9072265625,-0.602294921875,-33.75244140625,-137.14599609375,2.50244140625,30.062728881835934,112.9053726196289,43.14401626586914
-0.227294921875,0.83740234375,-0.56884765625,-15.13671875,-105.40771484375,39.12353515625,29.51455497741699,110.20729064941406,38.22398376464844
-0.28125,0.58837890625,-0.57080078125,20.99609375,-100.03662109375,57.12890625,28.416282653808594,109.51061248779295,33.519466400146484
0.05615234375,0.91845703125,-0.7060546875,25.20751953125,-57.0068359375,41.748046875,26.49641036987305,109.8871612548828,30.8330078125
0.3818359375,0.46826171875,-0.64794921875,17.51708984375,-1.708984375,36.56005859375,23.51567459106445,111.57977294921876,30.732521057128906
-0.19189453125,-0.14306640625,-0.7451171875,14.70947265625,55.84716796875,38.39111328125,21.54251480102539,115.1288070678711,33.235633850097656
0.028564453125,0.486083984375,-0.906982421875,74.15771484375,87.95166015625,78.9794921875,16.378406524658207,120.09178924560548,35.46060562133789
-0.048583984375,0.345703125,-0.872802734375,109.375,129.39453125,46.20361328125,11.586017608642578,126.7436294555664,39.22815704345703
-0.026611328125,0.707763671875,-0.82177734375,128.47900390625,168.27392578125,16.54052734375,6.37419319152832,133.13040161132812,44.074703216552734
0.058349609375,0.64892578125,-0.61865234375,148.5595703125,172.66845703125,-6.65283203125,1.182240605354309,139.41937255859378,49.006141662597656
-1.412353515625,0.702880859375,-0.4111328125,178.5888671875,134.09423828125,8.85009765625,-1.3419418334960938,146.18748474121094,52.05459213256836
-0.167236328125,0.853515625,-0.212158203125,187.56103515625,45.22705078125,53.03955078125,-3.5057897567749023,152.2177734375,51.2136116027832
-0.057373046875,0.843994140625,-0.559814453125,57.4951171875,15.07568359375,30.6396484375,-4.346575736999512,153.47280883789062,50.4647102355957
-0.218505859375,0.072509765625,-0.463134765625,29.541015625,5.9814453125,-8.11767578125,-3.310787439346313,155.2561492919922,50.83002853393555
-0.015869140625,0.4443359375,-0.553466796875,67.3828125,33.87451171875,2.99072265625,-4.41746711730957,157.3660430908203,51.29951477050781
-0.17919921875,1.0693359375,-0.74169921875,33.935546875,53.28369140625,65.00244140625,-6.912484169006348,157.64974975585938,49.79680633544922
-0.26513671875,0.77099609375,-0.835205078125,-34.11865234375,33.75244140625,74.5849609375,-8.553426742553711,155.79376220703125,47.64836120605469
-0.150634765625,0.593017578125,-0.894287109375,-71.83837890625,-0.6103515625,53.03955078125,-8.798107147216797,152.830078125,45.741615295410156
0.864990234375,0.73388671875,-1.0087890625,-105.5908203125,34.3017578125,26.3671875,-11.500310897827148,148.33128356933594,45.57762145996094
0.20556640625,0.35498046875,-0.894287109375,-129.0283203125,35.7666015625,-7.6904296875,-12.540626525878904,143.32200622558594,46.58033752441406
0.461669921875,0.693603515625,-0.907958984375,-115.3564453125,-2.50244140625,-5.18798828125,-12.706639289855955,138.63633728027344,46.70554733276367
0.38525390625,0.94091796875,-0.9072265625,-164.24560546875,25.20751953125,27.40478515625,-14.332402229309082,131.87779235839844,46.68318557739258
0.623046875,0.901611328125,-1.052978515625,-226.4404296875,68.2373046875,-6.04248046875,-16.184333801269528,122.4539566040039,49.04527282714844
0.2451171875,0.751708984375,-0.971435546875,-271.78955078125,77.94189453125,-20.1416015625,-16.747081756591793,111.45206451416016,52.07710647583008
0.39599609375,0.28564453125,-0.793212890625,-313.5986328125,68.54248046875,-43.76220703125,-16.386711120605472,99.60802459716795,54.90782165527344
0.22607421875,0.38134765625,-0.759521484375,-277.099609375,61.279296875,-74.462890625,-13.874935150146484,89.64036560058594,57.1895751953125
0.2900390625,0.67333984375,-0.6865234375,-236.81640625,50.537109375,-73.974609375,-11.086991310119627,81.3730239868164,58.660850524902344
0.362548828125,0.890380859375,-0.545166015625,-233.21533203125,72.81494140625,-38.2080078125,-9.40264129638672,73.0049057006836,60.96631622314453
0.0576171875,0.767822265625,-0.479248046875,-243.59130859375,98.81591796875,-17.02880859375,-7.277004718780518,64.50917053222656,64.147216796875
-0.0751953125,0.602294921875,-0.305908203125,-236.083984375,107.48291015625,-13.12255859375,-4.321783542633057,56.53417587280274,67.38873291015625
-0.17626953125,0.836669921875,-0.18359375,-191.0400390625,94.7265625,3.47900390625,-1.6290537118911743,50.33977508544922,70.36590576171875
-0.1025390625,0.8603515625,-0.166259765625,-170.0439453125,91.1865234375,16.845703125,0.6071512699127197,45.26398468017578,73.45719909667969
-0.115966796875,0.6484375,-0.181884765625,-170.71533203125,111.328125,-7.26318359375,4.418040752410889,40.51990127563477,76.28550720214844
-0.4296875,0.80859375,0.041015625,-127.3193359375,120.42236328125,-6.8359375,9.27155303955078,37.23614883422852,79.20379638671875
-0.5419921875,0.927490234375,0.11376953125,-92.10205078125,96.19140625,6.89697265625,13.093708992004395,35.4831657409668,81.97564697265625
-0.3740234375,0.80810546875,0.228271484375,-65.0634765625,65.673828125,27.7099609375,15.124423027038574,34.82755661010742,84.77252197265625
-0.528076171875,0.516845703125,0.1953125,10.68115234375,45.41015625,42.05322265625,16.755203247070312,36.91178512573242,87.57002258300781
-0.905029296875,0.84130859375,0.2705078125,94.66552734375,-2.38037109375,62.744140625,16.248649597167972,42.20406723022461,89.84937286376953
0.151611328125,1.195556640625,-0.116455078125,119.7509765625,-54.38232421875,79.1015625,11.807757377624512,48.98883438110352,91.00172424316406
0.17822265625,1.287109375,-0.14501953125,90.75927734375,14.0380859375,24.169921875,10.763626098632812,54.48908615112305,92.37699127197266
-0.092041015625,1.43798828125,-0.102294921875,46.2646484375,46.08154296875,-26.2451171875,12.455788612365724,57.99583435058594,93.621337890625
-0.01318359375,1.32568359375,-0.108154296875,6.16455078125,50.29296875,-40.771484375,14.501283645629885,59.83728790283203,94.83015441894531
-0.1337890625,1.134033203125,0.031494140625,-9.09423828125,51.1474609375,0.91552734375,15.224760055541992,61.05786895751953,96.97028350830078
-0.252685546875,1.085693359375,0.0888671875,0.244140625,32.28759765625,23.13232421875,14.97624969482422,62.42468643188477,98.8476104736328
-0.179443359375,1.018798828125,0.099609375,11.1083984375,18.798828125,27.83203125,14.156167030334473,64.02749633789061,100.2777099609375
0.077392578125,1.059326171875,-0.128662109375,-23.5595703125,5.126953125,-12.5732421875,10.763376235961914,69.07295989990234,101.9561767578125
0.016845703125,0.947509765625,-0.0634765625,-31.06689453125,7.4462890625,-26.4892578125,11.428988456726074,68.77049255371094,102.03718566894531
-0.017333984375,0.96435546875,0.011962890625,-24.0478515625,5.2490234375,-31.494140625,12.291927337646484,68.55579376220703,101.934326171875
-0.056884765625,0.93408203125,0.075927734375,-11.71875,18.310546875,11.1083984375,14.248919486999512,67.55582427978516,103.75849151611328
0.0205078125,0.96240234375,0.0693359375,4.150390625,12.451171875,25.390625,12.91094970703125,68.64590454101561,104.79591369628906
0.066650390625,0.9609375,0.01318359375,7.8125,-1.8310546875,19.287109375,11.534530639648438,69.80384826660156,105.17911529541016
0.247802734375,0.85009765625,0.030029296875,-23.5595703125,14.7705078125,18.73779296875,9.995651245117188,69.69970703125,106.14704895019531
0.049560546875,1.076416015625,-0.01904296875,-22.216796875,14.0380859375,14.22119140625,9.183037757873537,69.76042938232422,107.0254135131836
0.054443359375,0.986572265625,0.024658203125,-10.07080078125,9.09423828125,0.0,8.838135719299316,70.14014434814453,107.4885482788086
-0.079833984375,0.885009765625,0.08642578125,-14.22119140625,7.4462890625,11.962890625,8.35075569152832,70.19094848632811,108.02066040039062
-0.11474609375,1.021728515625,0.1015625,-7.32421875,-5.92041015625,23.25439453125,7.327933311462402,70.45442962646484,108.18810272216795
0.100830078125,0.955322265625,0.01025390625,-1.220703125,-15.7470703125,16.78466796875,5.979872226715088,71.08734893798828,107.90109252929688
0.08203125,0.930419921875,-0.0693359375,-4.08935546875,-7.50732421875,14.5263671875,4.919283866882324,71.79824829101562,107.89012908935548
0.11328125,1.0283203125,-0.066162109375,-8.6669921875,-1.953125,10.3759765625,4.073078155517578,72.28925323486328,108.01394653320312
0.181884765625,1.002685546875,-0.063720703125,-14.404296875,2.3193359375,6.4697265625,3.3020782470703125,72.52851104736328,108.23827362060548
0.178466796875,0.986083984375,-0.1103515625,-16.41845703125,7.14111328125,-9.33837890625,3.22187614440918,72.776123046875,108.45360565185548
0.1240234375,0.91845703125,-0.05078125,-18.37158203125,16.11328125,-24.23095703125,3.910691022872925,72.83749389648438,108.8320083618164
-0.0966796875,0.880615234375,0.06298828125,-1.40380859375,17.08984375,-29.052734375,5.31177282333374,73.30643463134766,109.18721771240234
0.01806640625,1.049072265625,0.053466796875,-29.60205078125,-6.65283203125,6.77490234375,4.732377052307129,72.6386489868164,109.06195068359376
0.0390625,0.9716796875,-0.04150390625,-30.517578125,-27.64892578125,15.5029296875,3.5449624061584477,72.1150894165039,108.25545501708984
-0.087646484375,0.72705078125,0.376953125,-16.41845703125,-7.50732421875,11.3525390625,3.1242218017578125,71.06143951416016,108.0865478515625
0.06591796875,1.052734375,-0.077880859375,-8.97216796875,-4.45556640625,12.3291015625,2.3457107543945312,71.58487701416016,108.12194061279295
0.15283203125,1.083740234375,-0.06689453125,-11.3525390625,-4.0283203125,12.5732421875,1.4166545867919922,71.9619140625,108.15866088867188
0.135009765625,0.954833984375,0.064453125,-11.65771484375,-4.638671875,8.30078125,0.6738581657409668,72.03257751464844,108.09793853759766
0.1416015625,0.940185546875,0.06396484375,-7.2021484375,-4.45556640625,0.6103515625,0.2334097027778625,72.27716827392578,107.94222259521484
0.12744140625,0.973876953125,0.077392578125,-5.18798828125,-4.8828125,-4.21142578125,0.03279603272676468,72.56959533691406,107.70773315429688
0.0654296875,1.0009765625,0.026611328125,-4.7607421875,-4.45556640625,-9.033203125,0.17575545608997345,72.98722839355469,107.4317626953125
0.0205078125,0.983642578125,0.06689453125,-9.94873046875,-4.82177734375,11.474609375,-0.31927192211151123,73.77391052246094,106.81359100341795
0.10595703125,0.99755859375,-0.026611328125,-11.16943359375,-4.39453125,12.0849609375,-1.0583105087280271,74.00421142578125,106.77368927001952
0.14599609375,0.96337890625,0.041748046875,-12.14599609375,-4.39453125,7.99560546875,-1.7119982242584229,74.03250122070312,106.6829833984375
0.12890625,0.97021484375,0.068115234375,-7.01904296875,-4.39453125,1.220703125,-2.038272857666016,74.2101821899414,106.51366424560548
0.10107421875,0.95751953125,0.075439453125,-4.45556640625,-4.5166015625,-4.21142578125,-2.0827836990356445,74.46875,106.279296875
0.071533203125,0.99267578125,0.005859375,-4.57763671875,-4.8828125,-8.056640625,-1.9067647457122805,74.8763656616211,105.98517608642578
-0.002685546875,0.956787109375,0.079833984375,-6.77490234375,-4.82177734375,-6.53076171875,-1.6233916282653809,75.00826263427734,105.71823120117188
-0.03466796875,0.9990234375,0.0537109375,-8.60595703125,-4.2724609375,-1.8310546875,-1.454317331314087,75.12455749511719,105.52096557617188
-0.033203125,0.9951171875,0.0263671875,-8.36181640625,-4.2724609375,4.7607421875,-1.5488928556442259,75.30474853515625,105.39026641845705
0.02587890625,0.999267578125,0.019287109375,-9.58251953125,-4.57763671875,11.23046875,-2.0267469882965092,75.4441909790039,105.31077575683594
0.1083984375,1.027099609375,-0.020263671875,-12.02392578125,-4.5166015625,11.962890625,-2.694342613220215,75.5648193359375,105.23299407958984
0.160888671875,0.964111328125,0.021728515625,-11.23046875,-4.39453125,7.6904296875,-3.3047516345977783,75.61773681640625,105.11532592773438
0.117431640625,0.96435546875,0.092529296875,-7.8125,-3.84521484375,1.0986328125,-3.528547763824463,75.64932250976562,104.95771026611328
0.094970703125,0.957275390625,0.0859375,-5.0048828125,-4.82177734375,-3.84521484375,-3.5115222930908203,75.81208038330078,104.71136474609376
0.07470703125,1.015380859375,-0.008056640625,-4.638671875,-4.69970703125,-7.75146484375,-3.2874646186828613,76.20287322998047,104.41983795166016
0.013427734375,0.981689453125,0.020751953125,-10.19287109375,-4.21142578125,10.80322265625,-3.2671847343444824,76.68927001953125,103.72349548339844
0.128173828125,1.007080078125,-0.06591796875,-11.41357421875,-4.39453125,11.29150390625,-3.907506942749024,76.88720703125,103.61691284179688
0.14453125,0.96435546875,0.0341796875,-10.68115234375,-4.45556640625,6.8359375,-4.397510528564453,76.88764190673828,103.47595977783205
0.12353515625,0.956298828125,0.09814453125,-7.38525390625,-4.21142578125,0.732421875,-4.580005645751953,76.87586975097656,103.29735565185548
0.116943359375,0.9765625,0.076904296875,-4.5166015625,-4.638671875,-4.45556640625,-4.537408351898193,77.03810119628906,103.05017852783205
0.056640625,0.97998046875,0.035400390625,-4.39453125,-4.638671875,-7.26318359375,-4.24886417388916,77.29737091064453,102.7717056274414
0.02783203125,0.981689453125,0.041259765625,-9.6435546875,-4.33349609375,10.3759765625,-4.2256269454956055,78.04759216308594,102.0195770263672
0.08447265625,0.99560546875,0.02294921875,-10.8642578125,-4.7607421875,10.8642578125,-4.715109348297119,78.0259017944336,101.8916244506836
0.11376953125,0.95751953125,0.072509765625,-11.16943359375,-4.638671875,6.9580078125,-5.106301307678223,77.87690734863281,101.7434539794922
0.1474609375,0.98193359375,0.05224609375,-7.14111328125,-4.08935546875,-0.244140625,-5.267510890960693,77.94803619384766,101.55049896240234
0.139404296875,1.0029296875,-0.002197265625,-4.57763671875,-4.7607421875,-4.8828125,-5.2238736152648935,78.2491683959961,101.28077697753906
0.062255859375,1.01904296875,0.0048828125,-5.06591796875,-4.5166015625,-7.080078125,-4.917460441589356,78.50699615478516,101.0063705444336
