-0.00927734375,0.99755859375,0.080078125,-8.97216796875,-4.8828125,2.3193359375,-3.127553224563598,76.32191467285156,156.47447204589844
-0.010986328125,0.997802734375,0.085693359375,-9.1552734375,-4.57763671875,2.13623046875,-3.0961699485778813,76.28946685791016,156.2977752685547
-0.017822265625,0.97998046875,0.079345703125,-9.09423828125,-4.7607421875,2.01416015625,-3.0558736324310303,76.27994537353516,156.11195373535156
-0.016357421875,0.99267578125,0.070068359375,-8.48388671875,-4.69970703125,2.0751953125,-3.022935390472412,76.31818389892578,155.92811584472656
-0.008056640625,0.989501953125,0.068359375,-8.85009765625,-5.126953125,2.197265625,-3.0085136890411377,76.3250961303711,155.7298583984375
0.0107421875,1.00146484375,0.07177734375,-8.48388671875,-4.8828125,1.8310546875,-3.0310091972351074,76.35962677001953,155.5372314453125
0.004638671875,0.984130859375,0.06494140625,-9.46044921875,-4.5166015625,1.77001953125,-3.033318519592285,76.36577606201172,155.35743713378906
-0.0244140625,0.98095703125,0.08349609375,-8.544921875,-4.57763671875,2.0751953125,-3.0314865112304688,76.38661193847656,155.17919921875
-0.010498046875,0.992919921875,0.063720703125,-7.9345703125,-4.57763671875,1.77001953125,-2.9996106624603267,76.45681762695312,154.99671936035156
-0.011474609375,0.999267578125,0.069580078125,-8.48388671875,-4.5166015625,2.197265625,-2.9826653003692627,76.48970794677734,154.82144165039062
0.009765625,0.9775390625,0.077880859375,-9.09423828125,-4.638671875,1.64794921875,-2.9369068145751958,76.47078704833984,154.6377716064453
-0.00537109375,0.98193359375,0.076416015625,-8.6669921875,-4.638671875,2.197265625,-2.9370007514953613,76.47753143310547,154.4591064453125
-0.013671875,0.995849609375,0.082275390625,-8.30078125,-4.33349609375,2.25830078125,-2.917896509170532,76.48721313476562,154.2934112548828
-0.004638671875,0.983642578125,0.075927734375,-8.6669921875,-4.39453125,1.89208984375,-2.905867338180542,76.51154327392578,154.12062072753906
-0.01025390625,0.9921875,0.059814453125,-9.09423828125,-4.69970703125,2.25830078125,-2.899254560470581,76.53886413574219,153.9383087158203
-0.00537109375,0.992431640625,0.0791015625,-8.97216796875,-4.08935546875,1.89208984375,-2.883877277374268,76.52544403076172,153.77870178222656
-0.014892578125,0.984619140625,0.073486328125,-8.48388671875,-4.39453125,2.197265625,-2.908937931060791,76.507568359375,153.6037139892578
-0.007080078125,0.98681640625,0.09033203125,-7.99560546875,-4.5166015625,2.25830078125,-2.9072048664093018,76.50861358642578,153.43209838867188
-0.008056640625,0.99462890625,0.0732421875,-9.033203125,-4.7607421875,1.8310546875,-2.8893959522247314,76.5089111328125,153.2449951171875
0.004638671875,0.9853515625,0.071533203125,-8.97216796875,-4.82177734375,2.01416015625,-2.891516923904419,76.50751495361328,153.05755615234375
-0.010009765625,1.002197265625,0.078125,-8.544921875,-4.7607421875,2.13623046875,-2.8817839622497563,76.51758575439453,152.87384033203125
-0.010498046875,0.989990234375,0.075927734375,-8.72802734375,-4.57763671875,2.197265625,-2.871756792068481,76.52225494384766,152.69773864746094
-0.00927734375,0.998046875,0.08203125,-9.09423828125,-4.82177734375,2.0751953125,-2.88904333114624,76.56031036376953,152.51699829101562
-0.0009765625,0.9970703125,0.076171875,-8.544921875,-4.8828125,2.3193359375,-2.907875061035156,76.57191467285156,152.33009338378906
0.00341796875,0.989501953125,0.070556640625,-8.60595703125,-4.7607421875,2.13623046875,-2.927817106246948,76.5919418334961,152.14559936523438
-0.006103515625,0.992919921875,0.086669921875,-8.97216796875,-4.150390625,2.44140625,-2.9409303665161133,76.5967788696289,151.98745727539062
-0.002197265625,0.979248046875,0.07568359375,-8.72802734375,-4.8828125,2.197265625,-2.950009822845459,76.59785461425781,151.79917907714844
-0.00830078125,0.997802734375,0.072509765625,-9.09423828125,-4.69970703125,1.8310546875,-2.929201364517212,76.59439086914062,151.61407470703125
0.00634765625,1.011474609375,0.06005859375,-8.97216796875,-4.45556640625,2.197265625,-2.95526385307312,76.63431549072266,151.45411682128906
-0.000732421875,0.984375,0.06982421875,-8.11767578125,-4.2724609375,1.953125,-2.9520883560180664,76.67147064208984,151.28660583496094
0.00341796875,1.002685546875,0.0673828125,-7.9345703125,-4.5166015625,1.8310546875,-2.9558207988739014,76.72346496582031,151.10806274414062
0.000732421875,0.98974609375,0.078369140625,-8.6669921875,-4.8828125,2.197265625,-2.9557797908782963,76.7448501586914,150.91847229003906
-0.014404296875,0.9853515625,0.072265625,-7.8125,-4.0283203125,2.13623046875,-2.925764560699463,76.78382873535156,150.7623291015625
-0.00830078125,1.002197265625,0.07470703125,-8.7890625,-4.39453125,2.0751953125,-2.912074089050293,76.78032684326172,150.59170532226562
-0.010986328125,0.98291015625,0.084228515625,-8.6669921875,-4.94384765625,2.50244140625,-2.895920515060425,76.77711486816406,150.41250610351562
-0.004638671875,0.990234375,0.069580078125,-8.7890625,-5.0048828125,2.25830078125,-2.90423583984375,76.78446960449219,150.2194366455078
0.000732421875,0.998779296875,0.068359375,-8.544921875,-5.0048828125,2.0751953125,-2.9173507690429688,76.80551147460938,150.0244903564453
-0.00927734375,0.992431640625,0.070068359375,-8.7890625,-4.5166015625,2.13623046875,-2.908699512481689,76.822998046875,149.84735107421875
-0.018310546875,0.983154296875,0.0859375,-8.72802734375,-4.82177734375,2.0751953125,-2.8759245872497563,76.7922134399414,149.6615447998047
-0.02197265625,0.994140625,0.091552734375,-8.85009765625,-4.69970703125,2.01416015625,-2.833195209503174,76.7469253540039,149.4806365966797
-0.002197265625,0.9921875,0.06689453125,-8.7890625,-4.638671875,1.708984375,-2.8510761260986333,76.7252426147461,149.2909698486328
-0.00341796875,0.98095703125,0.09130859375,-8.85009765625,-4.94384765625,1.89208984375,-2.84899377822876,76.68094635009766,149.099853515625
-0.01416015625,0.990966796875,0.0849609375,-8.97216796875,-4.69970703125,1.953125,-2.8229851722717285,76.64939880371094,148.91790771484375
0.005859375,0.9814453125,0.0771484375,-9.033203125,-4.638671875,2.25830078125,-2.8128018379211426,76.68170166015625,148.72760009765625
0.352294921875,0.90966796875,0.11865234375,-7.26318359375,-4.7607421875,-3.0517578125,-3.446723222732544,76.60716247558594,148.5067901611328
0.607177734375,1.105712890625,0.32568359375,-6.9580078125,59.87548828125,-40.1611328125,-2.2697768211364746,76.11140441894531,150.4789276123047
0.200439453125,0.981689453125,-0.036865234375,-3.84521484375,153.1982421875,-22.0947265625,-0.4937130808830261,75.89102935791016,157.08441162109375
0.040771484375,1.02783203125,-0.09619140625,-23.681640625,219.8486328125,52.30712890625,-0.4585795998573303,75.62039184570312,166.0988311767578
-0.315673828125,1.32861328125,-0.232177734375,-0.42724609375,227.4169921875,57.0068359375,0.027190892025828358,76.46979522705078,-184.54925537109372
-0.314453125,0.846435546875,-0.0791015625,-13.36669921875,119.93408203125,19.83642578125,0.974270224571228,76.98641967773438,-180.10594177246094
-0.099365234375,1.06591796875,0.015625,-10.07080078125,59.4482421875,10.7421875,1.2537014484405518,77.09539794921875,-177.6842498779297
-0.034912109375,0.95703125,0.12646484375,-7.080078125,54.74853515625,7.6904296875,1.4680577516555786,77.06318664550781,-175.47576904296875
-0.1259765625,1.045166015625,0.10400390625,-6.2255859375,51.57470703125,7.38525390625,2.3432483673095703,77.04521942138672,-173.9328155517578
-0.11376953125,0.91650390625,0.20849609375,-3.60107421875,-29.6630859375,2.197265625,2.1748590469360347,76.84683990478516,-175.07212829589844
-0.1396484375,1.01123046875,0.12890625,5.4931640625,-70.4345703125,-0.06103515625,1.7783454656600952,77.18822479248047,-177.81300354003906
0.305908203125,0.99267578125,0.0234375,-5.859375,-91.61376953125,0.06103515625,0.4642520248889923,77.0336685180664,-180.5402984619141
0.362548828125,0.99462890625,0.088134765625,-6.9580078125,13.5498046875,-17.4560546875,0.468894362449646,77.03943634033203,-180.1612243652344
0.09716796875,0.948974609375,-0.041015625,-4.57763671875,43.0908203125,-12.20703125,1.0681743621826172,77.46649932861328,-178.5802459716797
0.373046875,1.2587890625,-0.1689453125,5.4931640625,66.2841796875,1.3427734375,0.8999499082565308,78.470947265625,-175.39659118652344
0.451904296875,1.9326171875,-0.1728515625,-4.82177734375,112.6708984375,-22.5830078125,2.097174882888794,79.01058959960938,-171.1387481689453
0.27197265625,1.933349609375,-0.138916015625,-27.52685546875,132.26318359375,-22.52197265625,3.583824634552002,78.73353576660156,-166.08937072753906
0.305908203125,1.85986328125,-0.125244140625,-46.875,126.3427734375,-19.775390625,4.68537187576294,77.35586547851562,-161.1572723388672
0.507080078125,1.555908203125,-0.10107421875,-67.93212890625,148.13232421875,-7.9345703125,5.4781222343444815,75.74803924560547,-155.38169860839844
0.42431640625,1.41943359375,-0.078857421875,-65.673828125,173.88916015625,10.19287109375,5.999805927276611,74.45757293701172,-148.45118713378906
0.455810546875,1.49267578125,-0.078369140625,-60.48583984375,199.951171875,26.0009765625,6.366506576538086,73.59270477294922,-139.81048583984378
-0.129638671875,1.70703125,-0.097412109375,-74.8291015625,209.53369140625,41.68701171875,7.129456996917725,72.36793518066406,-131.17839050292972
0.08935546875,1.704833984375,0.02001953125,-102.294921875,158.8134765625,55.908203125,6.6682562828063965,69.74974060058594,-124.31405639648438
0.192626953125,1.376708984375,-0.007568359375,-115.05126953125,163.26904296875,33.63037109375,7.573410034179687,66.67118072509766,-117.56359100341795
0.25390625,0.9697265625,0.052978515625,-121.4599609375,171.20361328125,15.9912109375,9.008973121643066,63.5265998840332,-110.89271545410156
0.204345703125,0.9052734375,0.09716796875,-124.08447265625,187.5,7.99560546875,11.393567085266113,60.57184600830078,-103.86732482910156
0.0927734375,0.857666015625,0.14306640625,-128.41796875,195.49560546875,10.8642578125,14.856998443603516,58.1571159362793,-96.56096649169922
0.114990234375,0.792724609375,0.081298828125,-123.046875,159.5458984375,48.88916015625,15.827442169189453,56.02195739746094,-89.62907409667969
0.085205078125,0.639404296875,0.087158203125,-97.7783203125,161.865234375,57.861328125,16.717809677124027,55.08989715576172,-82.41578674316406
0.060302734375,0.4521484375,0.11376953125,-75.74462890625,151.67236328125,61.6455078125,16.824346542358402,55.16035461425781,-75.5459213256836
0.0078125,0.53759765625,0.13818359375,-52.734375,181.82373046875,34.60693359375,19.10616683959961,56.0815315246582,-68.17707061767578
-0.10693359375,0.409423828125,0.229736328125,-51.513671875,174.25537109375,35.70556640625,21.498031616210934,56.64529037475586,-61.08657455444336
-0.007080078125,0.362060546875,0.22265625,-48.64501953125,168.45703125,32.28759765625,23.27045249938965,57.39404678344727,-54.19482803344727
-0.0009765625,0.476318359375,0.165283203125,-47.54638671875,194.9462890625,-1.28173828125,26.50382995605469,59.1338996887207,-46.6909408569336
0.043701171875,0.34423828125,0.138427734375,-35.0341796875,208.06884765625,-24.23095703125,30.170305252075195,61.7644157409668,-38.85034942626953
-0.24853515625,0.415283203125,0.22900390625,-11.3525390625,165.10009765625,18.73779296875,31.84785079956055,65.45015716552734,-31.708444595336914
-0.036865234375,0.68798828125,0.21484375,8.97216796875,127.0751953125,89.35546875,29.36735534667969,69.699462890625,-24.546772003173828
-0.138916015625,0.7236328125,0.296875,6.28662109375,125.06103515625,107.60498046875,26.12174987792969,73.06209564208984,-17.724327087402344
-0.1923828125,0.8974609375,0.126220703125,-19.71435546875,64.5751953125,127.44140625,20.290740966796875,73.32647705078125,-13.541910171508787
-0.20458984375,0.653076171875,0.188720703125,-15.380859375,102.60009765625,116.14990234375,16.815813064575195,74.47759246826172,-8.038730621337889
-0.114501953125,0.49755859375,0.08837890625,5.9814453125,111.63330078125,91.6748046875,14.219861030578613,76.37985229492188,-2.551510810852051
-0.072265625,0.488525390625,0.0595703125,36.1328125,134.21630859375,70.49560546875,12.812010765075685,79.70719909667969,3.461615562438965
-0.177490234375,0.764404296875,0.20361328125,60.791015625,107.11669921875,85.14404296875,10.081757545471193,82.90373992919922,8.250213623046875
-0.132080078125,0.84765625,0.23974609375,56.09130859375,96.00830078125,95.03173828125,6.63313102722168,85.40618896484375,12.422788619995115
-0.2529296875,1.056396484375,0.263916015625,37.7197265625,106.8115234375,98.6328125,2.3412892818450928,86.61837768554688,16.621780395507812
0.000244140625,0.953857421875,0.18603515625,15.13671875,107.666015625,128.47900390625,-2.63452410697937,86.89348602294922,21.176040649414066
0.215087890625,0.951416015625,0.026123046875,36.80419921875,126.0986328125,106.0791015625,-16.764213562011722,86.30935668945312,41.745365142822266
0.0537109375,1.0166015625,0.059326171875,50.59814453125,135.8642578125,107.84912109375,-20.17192840576172,86.49385070800781,47.66597366333008
0.061279296875,1.012939453125,0.145263671875,52.30712890625,132.32421875,94.970703125,-22.97551727294922,86.17860412597656,53.66013717651367
-0.08740234375,1.083740234375,0.21826171875,40.83251953125,132.99560546875,76.171875,-24.56943130493164,85.02533721923828,59.81891632080078
-0.146240234375,1.107666015625,0.234375,21.1181640625,103.6376953125,72.57080078125,-25.70343780517578,83.47896575927734,64.38105010986328
-0.182861328125,0.900390625,0.116943359375,13.85498046875,72.75390625,51.81884765625,-26.03461837768555,82.45794677734375,67.87316131591797
-0.04833984375,0.87841796875,0.0888671875,15.0146484375,71.533203125,16.54052734375,-25.19502258300781,81.71710968017578,71.07917785644531
-0.0859375,0.91162109375,0.0810546875,15.44189453125,77.45361328125,-11.65771484375,-22.87793731689453,81.18433380126953,74.2047119140625
0.005615234375,0.9658203125,0.09765625,16.90673828125,65.85693359375,-42.54150390625,-19.93441390991211,81.05476379394531,76.67798614501953
-0.45947265625,1.013671875,0.135498046875,11.474609375,53.8330078125,-58.28857421875,-15.727746963500975,80.98371887207031,78.51976013183594
0.575439453125,0.978759765625,-0.0869140625,26.55029296875,-78.7353515625,-34.423828125,-15.058879852294922,83.4113998413086,76.7392578125
0.326416015625,1.03466796875,0.031982421875,24.4140625,34.24072265625,-39.794921875,-13.435914039611815,84.25733947753906,77.92849731445312
0.17236328125,0.94287109375,0.084716796875,18.9208984375,40.52734375,-13.18359375,-12.636795043945312,84.65955352783203,79.53297424316406
0.1435546875,1.040771484375,0.138916015625,16.54052734375,34.72900390625,10.43701171875,-13.027567863464355,84.79131317138672,80.88583374023438
0.016357421875,1.12255859375,0.1337890625,8.85009765625,17.76123046875,38.2080078125,-14.001015663146973,84.86083221435547,81.76717376708984
-0.0126953125,1.03173828125,0.097412109375,15.625,-12.3291015625,56.640625,-15.711291313171387,85.53922271728516,81.45455169677734
0.087646484375,0.907470703125,0.041259765625,26.4892578125,-22.03369140625,59.99755859375,-17.570667266845707,86.91576385498047,80.7733154296875
-0.02392578125,0.9208984375,0.09765625,29.60205078125,-9.6435546875,41.93115234375,-18.512182235717773,88.05950927734375,80.48681640625
-0.066650390625,0.908447265625,0.099853515625,29.9072265625,-14.70947265625,40.771484375,-19.271249771118164,89.24451446533203,79.968994140625
-0.087158203125,0.908935546875,0.052978515625,36.19384765625,-30.8837890625,40.0390625,-19.90826988220215,91.18579864501952,78.4558334350586
0.0654296875,0.875,0.052490234375,31.6162109375,-44.12841796875,30.6396484375,-20.447223663330078,92.90290069580078,76.60496520996094
0.135498046875,0.83447265625,0.019775390625,15.0146484375,-28.38134765625,13.36669921875,-20.466915130615234,93.74374389648438,75.43035125732422
0.126953125,0.80126953125,-0.040283203125,10.31494140625,-18.4326171875,0.732421875,-19.736894607543945,94.58956909179688,74.68836212158203
-0.142333984375,0.695556640625,-0.355712890625,42.17529296875,-22.705078125,-54.8095703125,-16.379016876220707,97.37889099121094,73.71073150634766
-0.115478515625,0.98388671875,-0.117431640625,-6.89697265625,-24.71923828125,52.734375,-12.78726863861084,98.66881561279295,67.81932830810547
-0.1708984375,1.110107421875,-0.0859375,11.16943359375,-39.55078125,37.59765625,-12.844340324401855,99.44081115722656,65.85588073730469
-0.03466796875,1.197265625,-0.01171875,9.3994140625,-55.6640625,7.4462890625,-12.191402435302734,99.94091033935548,63.641014099121094
0.115966796875,1.26953125,0.134765625,-9.6435546875,-75.0732421875,-76.84326171875,-1.6798326969146729,101.26502990722656,54.76442337036133
0.13818359375,1.083251953125,0.05078125,-27.4658203125,-77.69775390625,-70.49560546875,1.1735846996307373,99.74231719970705,52.172569274902344
0.18310546875,1.1806640625,-0.0712890625,-18.12744140625,-86.12060546875,-49.8046875,3.2978119850158687,98.63400268554688,49.09727096557617
0.1640625,1.123779296875,-0.122314453125,-3.5400390625,-80.01708984375,-27.16064453125,4.388986587524413,98.1789093017578,46.085975646972656
0.1376953125,1.201171875,-0.130615234375,10.25390625,-76.416015625,-7.38525390625,4.699483871459961,98.37220001220705,43.19003677368164
-0.087646484375,1.207763671875,-0.120849609375,15.93017578125,-81.84814453125,2.25830078125,5.0801849365234375,98.60911560058594,39.91904830932617
0.139892578125,1.0205078125,-0.1572265625,18.00537109375,-103.08837890625,0.06103515625,5.2139315605163565,98.95189666748048,35.83013916015625
-0.016845703125,1.02783203125,-0.18212890625,20.93505859375,-115.29541015625,-1.64794921875,6.12013053894043,99.48141479492188,31.180065155029297
-0.06982421875,0.99169921875,-0.117431640625,20.99609375,-110.2294921875,-13.671875,7.319108009338379,99.69376373291016,26.88735580444336
0.148193359375,1.01806640625,-0.047119140625,8.23974609375,-128.11279296875,-30.33447265625,8.749177932739258,99.04066467285156,21.958364486694336
0.1513671875,1.12255859375,-0.063720703125,-22.8271484375,-91.00341796875,-53.8330078125,10.856972694396973,96.94961547851562,19.08924102783203
0.024658203125,0.81591796875,-0.19921875,-42.17529296875,-62.68310546875,-89.05029296875,14.1630277633667,95.05175018310548,16.989948272705078
0.139404296875,0.679931640625,-0.2763671875,-14.16015625,-50.78125,-95.03173828125,17.178138732910153,94.67688751220705,15.407829284667967
0.13720703125,0.821533203125,-0.142822265625,3.0517578125,-30.33447265625,-86.5478515625,19.878496170043945,94.65022277832031,14.656274795532227
-0.080810546875,0.790771484375,-0.0712890625,-13.916015625,-27.89306640625,-68.4814453125,22.129549026489254,93.74884033203124,13.697988510131836
-0.05810546875,0.906982421875,-0.13916015625,-15.869140625,-23.01025390625,-58.9599609375,23.809467315673828,92.98299407958984,12.942131042480467
-0.18994140625,0.8291015625,-0.141845703125,-19.34814453125,-14.6484375,-68.29833984375,25.869142532348636,92.66657257080078,12.514047622680664
-0.2158203125,0.776123046875,-0.22998046875,4.08935546875,-11.962890625,-59.2041015625,27.841083526611328,93.22297668457031,12.375082015991213
-0.1318359375,0.472412109375,-0.542724609375,17.15087890625,8.7890625,-2.01416015625,27.5025634765625,95.8981475830078,13.615074157714846
-0.006103515625,0.568115234375,-0.141357421875,26.0009765625,-4.8828125,15.869140625,26.6977596282959,97.2585906982422,13.557369232177734
-0.35107421875,0.669921875,-0.006103515625,31.55517578125,-5.43212890625,-18.61572265625,27.504108428955078,98.1784439086914,13.303415298461914
-0.17724609375,1.294677734375,-0.3681640625,19.95849609375,-16.05224609375,-30.8837890625,28.044818878173828,99.06304168701172,12.946844100952148
-0.26318359375,1.30615234375,-0.065185546875,-16.4794921875,-6.4697265625,-28.38134765625,28.64040946960449,97.80996704101562,12.695579528808596
-0.308837890625,1.2294921875,-0.234375,-21.78955078125,-18.24951171875,0.1220703125,28.148630142211914,96.6618423461914,11.934274673461914
-0.444580078125,1.2646484375,-0.265869140625,-9.3994140625,-12.51220703125,8.30078125,27.516550064086914,96.20779418945312,11.427480697631836
-0.40185546875,1.489013671875,-0.26708984375,-0.79345703125,-16.4794921875,19.83642578125,26.177738189697266,95.8659210205078,10.68177604675293
-0.354736328125,1.547607421875,-0.231689453125,-21.05712890625,-25.69580078125,37.41455078125,24.26258087158203,94.57462310791016,9.44434928894043
-0.318115234375,1.523193359375,-0.19140625,-48.7060546875,-22.15576171875,44.189453125,22.06694221496582,92.298095703125,8.410343170166017
-0.271484375,1.412353515625,-0.1826171875,-69.7021484375,-25.08544921875,54.0771484375,19.422142028808594,89.2015151977539,7.456040382385254
-0.262451171875,1.33349609375,-0.187255859375,-70.12939453125,-23.98681640625,65.24658203125,16.468618392944336,86.46402740478516,6.666199684143066
-0.180419921875,1.386962890625,-0.178955078125,-65.97900390625,-21.54541015625,60.36376953125,13.654483795166016,84.07698822021484,6.104376792907715
-0.095458984375,1.485595703125,-0.134521484375,-76.96533203125,-10.55908203125,39.4287109375,11.96623706817627,81.1310043334961,6.182332992553711
-0.18310546875,1.37890625,-0.053955078125,-109.86328125,11.04736328125,9.70458984375,11.502219200134276,77.27715301513672,6.794365882873535
-0.1884765625,1.2958984375,-0.08447265625,-118.10302734375,-10.3759765625,20.01953125,10.51858139038086,73.15682983398438,6.722511291503906
-0.078369140625,1.1923828125,-0.09619140625,-118.896484375,-9.94873046875,26.9775390625,9.078376770019533,69.1217041015625,6.9496660232543945
-0.001220703125,1.084228515625,-0.04736328125,-121.15478515625,4.69970703125,22.15576171875,8.012182235717772,65.26396942138672,7.624706268310548
0.042724609375,1.10888671875,0.00390625,-130.31005859375,25.08544921875,-4.2724609375,8.241091728210451,61.1223258972168,8.599700927734375
-0.226806640625,0.921630859375,0.134765625,-139.34326171875,32.71484375,-33.38623046875,10.420953750610352,56.32294845581055,8.764616012573242
-0.157958984375,1.01611328125,0.09423828125,-129.57763671875,-14.70947265625,-24.169921875,10.85083293914795,52.03158569335938,7.901695251464844
-0.058349609375,0.924072265625,0.130615234375,-126.8310546875,-12.939453125,-28.076171875,11.153255462646484,47.89791870117188,6.989768981933594
-0.03369140625,0.805419921875,0.19287109375,-122.49755859375,-15.13671875,-26.85546875,11.266694068908693,43.90775680541992,6.00430965423584
-0.067626953125,0.651123046875,0.292724609375,-110.77880859375,-8.056640625,-34.36279296875,11.750164031982422,40.088844299316406,4.9186439514160165
-0.168701171875,0.57177734375,0.34375,-92.71240234375,-12.02392578125,-36.7431640625,12.410120010375975,36.79934692382813,3.581162452697754
-0.0830078125,0.630859375,0.369140625,-76.904296875,-24.0478515625,-34.11865234375,12.18673324584961,34.48739624023437,2.0685596466064453
-0.0341796875,0.6435546875,0.329345703125,-70.4345703125,-17.822265625,-46.81396484375,12.310450553894045,32.35116958618164,0.3085050582885742
-0.07958984375,0.659912109375,0.31689453125,-68.29833984375,-2.99072265625,-64.5751953125,13.384599685668945,30.329500198364254,-1.7500324249267578
-0.15673828125,0.556396484375,0.38818359375,-75.8056640625,-5.615234375,-67.5048828125,14.642698287963867,27.69375228881836,-4.004283905029297
-0.242431640625,0.52783203125,0.375,-81.97021484375,-13.00048828125,-63.4765625,15.592126846313475,24.735727310180664,-6.356142997741699
-0.3017578125,0.546142578125,0.3427734375,-80.9326171875,-13.48876953125,-65.3076171875,16.59971809387207,21.916156768798828,-8.770875930786133
-0.21923828125,0.47802734375,0.205322265625,-67.2607421875,-50.78125,-62.31689453125,15.868348121643065,19.925268173217773,-11.738354682922365
-0.4990234375,0.46533203125,0.301513671875,-33.14208984375,-40.83251953125,-94.90966796875,16.67057228088379,18.45224380493164,-15.756951332092285
-0.42529296875,0.55419921875,0.387451171875,-13.61083984375,-56.0302734375,-90.88134765625,16.39335060119629,17.864212036132812,-19.749828338623047
-0.386474609375,0.677978515625,0.503173828125,-3.23486328125,-64.0869140625,-78.67431640625,14.982573509216307,17.999229431152344,-23.078792572021484
-0.2626953125,0.864990234375,0.614501953125,-24.96337890625,-56.640625,-59.9365234375,13.633843421936035,17.59690284729004,-25.79817199707031
-0.30859375,0.7978515625,0.6279296875,-53.7109375,-45.7763671875,-45.8984375,12.639840126037598,16.170032501220707,-27.85519981384277
-0.392333984375,0.6806640625,0.62060546875,-70.73974609375,-35.09521484375,-29.541015625,12.178044319152832,13.98927116394043,-28.99313735961914
-0.47802734375,0.516845703125,0.6064453125,-64.453125,-30.45654296875,-17.76123046875,11.929311752319336,12.093741416931152,-29.808448791503906
-0.4638671875,0.503173828125,0.576171875,-46.9970703125,-31.92138671875,-24.0478515625,11.673945426940918,10.927509307861328,-30.84117317199707
-0.45654296875,0.569580078125,0.564208984375,-39.24560546875,-26.79443359375,-51.025390625,11.897409439086914,9.95596694946289,-33.30012893676758
-0.553955078125,0.604248046875,0.641845703125,-34.48486328125,-30.45654296875,-84.3505859375,12.101927757263185,8.90591812133789,-36.691314697265625
-0.505615234375,0.692626953125,0.68798828125,-35.2783203125,-43.3349609375,-80.50537109375,11.54561710357666,7.994611740112305,-39.95445251464844
-0.40576171875,0.640625,0.759765625,-42.29736328125,-47.36328125,-58.16650390625,10.491409301757812,6.822305679321289,-42.07759094238281
-0.3916015625,0.617919921875,0.7353515625,-63.8427734375,-34.48486328125,-46.2646484375,9.838940620422363,5.087585926055908,-43.8868293762207
-0.455322265625,0.569091796875,0.673583984375,-79.89501953125,-25.08544921875,-56.21337890625,9.737878799438477,2.6749708652496342,-46.04574584960938
-0.533203125,0.572021484375,0.632568359375,-83.92333984375,-24.23095703125,-65.97900390625,9.64195442199707,0.08027742803096771,-48.59600830078125
-0.5068359375,0.46435546875,0.712646484375,-70.73974609375,-31.3720703125,-59.9365234375,9.220995903015137,-2.06226134300232,-50.83832931518555
-0.43603515625,0.504638671875,0.80517578125,-63.720703125,-31.31103515625,-54.13818359375,8.525545120239258,-3.760166883468628,-52.7827033996582
-0.432373046875,0.53955078125,0.85498046875,-72.93701171875,-31.25,-56.33544921875,7.678046226501465,-5.926891803741455,-54.855201721191406
-0.37353515625,0.561279296875,0.84912109375,-87.82958984375,-30.3955078125,-61.70654296875,6.7261152267456055,-8.356122970581055,-56.9979133605957
-0.385009765625,0.571044921875,0.847412109375,-92.28515625,-28.86962890625,-55.72509765625,5.833298683166504,-10.816965103149414,-58.85683822631836
-0.37548828125,0.5400390625,0.803955078125,-86.669921875,-27.89306640625,-38.2080078125,5.228854179382324,-12.757917404174805,-59.72251892089844
-0.387939453125,0.48388671875,0.837890625,-72.81494140625,-18.73779296875,-10.009765625,5.109663009643555,-14.243229866027832,-59.813377380371094
-0.380859375,0.409423828125,0.908935546875,-65.673828125,-10.92529296875,-1.28173828125,5.334779262542725,-15.528764724731445,-59.63751602172852
-0.41796875,0.39501953125,0.98291015625,-63.65966796875,-4.638671875,-2.62451171875,5.8187804222106925,-16.771705627441403,-59.61613082885742
-0.435546875,0.372314453125,1.0,-64.02587890625,-3.84521484375,-2.197265625,6.329608917236327,-18.049169540405273,-59.52999877929688
-0.396240234375,0.3447265625,0.987548828125,-66.22314453125,-3.60107421875,1.46484375,6.825644493103027,-19.380657196044922,-59.2895622253418
-0.40087890625,0.33154296875,0.962646484375,-67.56591796875,1.52587890625,4.69970703125,7.649000644683838,-20.661155700683594,-58.914466857910156
-0.3798828125,0.365234375,0.951904296875,-65.4296875,5.7373046875,9.70458984375,8.576881408691406,-21.799102783203125,-58.4460334777832
-0.367919921875,0.3671875,0.9365234375,-70.49560546875,7.99560546875,5.06591796875,9.488788604736328,-23.118526458740234,-58.16313171386719
-0.36181640625,0.32373046875,0.885986328125,-83.19091796875,9.1552734375,-11.474609375,10.15016269683838,-25.26259613037109,-58.693397521972656
-0.3876953125,0.259521484375,0.831298828125,-92.1630859375,12.87841796875,-24.658203125,10.812058448791504,-27.71440696716309,-59.583229064941406
-0.443115234375,0.250732421875,0.82470703125,-88.19580078125,9.3994140625,-23.86474609375,11.43149185180664,-29.98591613769531,-60.35981369018555
-0.406982421875,0.243896484375,0.81787109375,-87.40234375,2.25830078125,-26.18408203125,11.629504203796387,-32.194198608398445,-60.98851776123047
-0.414306640625,0.129638671875,0.81005859375,-72.998046875,-9.521484375,-18.12744140625,11.614336967468262,-33.81797409057617,-61.12599182128906
-0.355712890625,0.10986328125,0.839599609375,-57.67822265625,-16.54052734375,-13.3056640625,11.315777778625488,-34.71678924560547,-60.90870666503906
-0.472412109375,0.193359375,0.884765625,-46.5087890625,-17.4560546875,-14.34326171875,10.899091720581056,-35.2593879699707,-60.645751953125
-0.34765625,0.13037109375,0.8134765625,-43.0908203125,-17.15087890625,-19.4091796875,10.476289749145508,-35.5274658203125,-60.59843063354492
-0.385986328125,0.070556640625,0.779541015625,-35.400390625,-8.60595703125,-15.93017578125,10.532059669494627,-35.64148330688477,-60.670860290527344
-0.402099609375,0.0185546875,0.833740234375,-27.16064453125,-3.23486328125,-10.1318359375,10.896007537841797,-35.42394256591797,-60.67802810668945
-0.388916015625,-0.010986328125,0.83837890625,-21.05712890625,-3.2958984375,-5.9814453125,11.266294479370115,-35.084800720214844,-60.56680297851562
-0.3349609375,-0.047119140625,0.842041015625,-18.4326171875,-1.46484375,-3.96728515625,11.596827507019045,-34.693946838378906,-60.43684768676758
-0.315673828125,-0.0439453125,0.81787109375,-15.31982421875,2.99072265625,-7.62939453125,12.002955436706545,-34.17775344848633,-60.65967559814453
-0.35693359375,-0.065185546875,0.829833984375,-8.7890625,10.92529296875,-11.41357421875,12.604377746582033,-33.597789764404304,-61.07011413574219
-0.425537109375,0.01123046875,0.83203125,2.38037109375,9.70458984375,-5.859375,13.440425872802734,-32.41688919067383,-61.22177124023438
-0.384765625,0.040771484375,0.8642578125,7.01904296875,6.04248046875,-1.89208984375,14.114295959472654,-30.9362907409668,-61.06761932373047
-0.4345703125,-0.0126953125,0.824462890625,7.6904296875,6.8359375,1.3427734375,14.97315788269043,-29.60506820678711,-60.896827697753906
-0.441162109375,-0.00537109375,0.775634765625,18.4326171875,3.662109375,4.638671875,15.822033882141113,-27.836240768432614,-60.52797317504883
-0.4189453125,0.00927734375,0.874267578125,25.87890625,1.89208984375,-0.8544921875,16.224750518798828,-25.761802673339844,-60.42478561401367
-0.412109375,0.109130859375,0.97509765625,10.6201171875,8.9111328125,-15.07568359375,16.632593154907227,-24.37552833557129,-60.81787490844727
-0.484619140625,0.086181640625,0.942626953125,-1.708984375,12.39013671875,-19.22607421875,17.253299713134766,-23.66899108886719,-61.45655059814453
-0.548583984375,0.02490234375,0.8837890625,-7.01904296875,7.2021484375,-20.751953125,17.69559097290039,-23.345935821533203,-62.1229133605957
-0.50390625,-0.01123046875,0.8486328125,-0.6103515625,-3.60107421875,-26.123046875,17.70403480529785,-22.866626739501953,-62.82585525512695
-0.44091796875,-0.043212890625,0.807373046875,12.63427734375,-8.85009765625,-21.97265625,17.502811431884766,-21.862497329711914,-63.3123893737793
-0.357421875,-0.041015625,0.778564453125,32.470703125,-12.20703125,-8.48388671875,17.28498649597168,-19.529211044311523,-63.04143142700195
-0.277587890625,-0.01123046875,0.74169921875,58.53271484375,-7.99560546875,13.85498046875,17.303056716918945,-16.283830642700195,-62.16633224487305
-0.306396484375,0.00341796875,0.794189453125,78.857421875,-1.220703125,31.43310546875,17.728910446166992,-12.115904808044435,-60.67876815795898
-0.4248046875,0.056640625,0.89697265625,97.10693359375,7.080078125,41.50390625,18.630800247192386,-6.871109008789063,-58.73380661010742
-0.431640625,0.186767578125,0.893310546875,113.6474609375,5.7373046875,46.9970703125,19.2694149017334,-1.0061484575271606,-56.52904510498047
-0.430419921875,0.32275390625,0.8662109375,110.595703125,6.04248046875,46.9970703125,19.70016288757324,4.867534637451172,-54.24901580810547
-0.453125,0.3291015625,0.8974609375,110.4736328125,11.41357421875,56.0302734375,20.09593772888184,10.727277755737305,-51.51334762573242
-0.475341796875,0.329345703125,0.92431640625,112.36572265625,15.19775390625,53.5888671875,20.407129287719727,16.361759185791016,-49.01412582397461
-0.580078125,0.386474609375,0.91796875,104.248046875,17.578125,41.015625,20.91965103149414,21.424406051635746,-47.01292419433594
-0.581787109375,0.407470703125,0.885009765625,93.20068359375,8.30078125,39.0625,20.92055320739746,25.748004913330078,-45.27973175048828
-0.587890625,0.30517578125,0.699462890625,82.6416015625,1.77001953125,41.56494140625,20.858448028564453,29.545366287231445,-43.67591094970703
-0.58642578125,0.34326171875,0.736328125,81.298828125,4.33349609375,28.86962890625,20.9898738861084,33.041149139404304,-42.56446838378906
-0.477783203125,0.42822265625,0.616455078125,83.92333984375,-1.5869140625,13.61083984375,21.150827407836914,36.5615119934082,-42.23778533935547
-0.4140625,0.497802734375,0.61083984375,86.24267578125,-2.86865234375,7.38525390625,21.132251739501953,40.15415954589844,-42.02598571777344
-0.37255859375,0.476318359375,0.566650390625,84.9609375,1.46484375,20.8740234375,20.83346939086914,43.78387069702149,-41.318763732910156
-0.4619140625,0.41796875,0.50390625,85.38818359375,6.89697265625,36.07177734375,20.39919090270996,47.56269836425781,-39.968238830566406
-0.4111328125,0.4755859375,0.400390625,93.017578125,1.220703125,45.59326171875,19.550655364990234,51.79377365112305,-38.63336944580078
-0.4013671875,0.484130859375,0.344970703125,99.365234375,0.732421875,52.734375,18.426420211791992,56.28352737426758,-37.2538948059082
-0.296142578125,0.552490234375,0.2919921875,106.689453125,9.27734375,68.54248046875,16.594823837280273,61.39494323730469,-35.08054351806641
-0.44580078125,0.539306640625,0.283203125,109.375,14.70947265625,83.06884765625,14.633578300476074,66.34435272216797,-32.98614883422852
-0.357421875,0.598388671875,0.247314453125,114.44091796875,-6.65283203125,91.36962890625,11.698687553405762,71.20001983642578,-31.86460304260254
-0.2294921875,0.533203125,0.228759765625,115.3564453125,-7.568359375,86.97509765625,8.823737144470215,75.72770690917969,-31.11954689025879
-0.1982421875,0.49365234375,0.1826171875,113.46435546875,5.55419921875,76.11083984375,6.369551181793213,80.13687133789062,-30.28930282592773
-0.234619140625,0.500732421875,0.114013671875,114.6240234375,20.99609375,71.10595703125,4.377000808715819,84.71182250976562,-29.07420921325684
-0.434814453125,0.5791015625,0.125,130.4931640625,17.63916015625,82.21435546875,2.067776918411255,90.10506439208984,-28.507965087890625
-0.33935546875,0.697509765625,0.08740234375,159.11865234375,-19.10400390625,99.18212890625,-0.9168387055397034,96.18331909179688,-29.46453666687012
-0.14990234375,0.794677734375,0.04638671875,160.400390625,-31.8603515625,86.97509765625,-3.66987681388855,102.28321838378906,-31.260757446289066
-0.033203125,0.884033203125,-0.01708984375,145.1416015625,-22.4609375,55.7861328125,-5.033259868621826,107.51841735839844,-32.258468627929695
-0.283203125,0.947021484375,-0.0244140625,132.8125,-0.42724609375,27.64892578125,-5.23230504989624,112.2461166381836,-32.568931579589844
-0.39013671875,1.145263671875,-0.037353515625,144.34814453125,-14.0380859375,28.38134765625,-5.110673904418945,117.3415298461914,-33.452205657958984
-0.172119140625,1.326416015625,-0.065185546875,151.0009765625,-34.24072265625,29.78515625,-4.904193878173828,122.57454681396484,-35.23576354980469
0.020751953125,1.4326171875,-0.06494140625,137.5732421875,-30.57861328125,25.390625,-4.902781963348389,127.06169128417969,-36.72083282470703
-0.0458984375,1.379638671875,-0.00634765625,120.42236328125,-6.591796875,24.35302734375,-5.264528751373291,130.57278442382812,-37.416446685791016
-0.181396484375,1.5185546875,-0.103515625,112.9150390625,-9.58251953125,42.724609375,-5.886174201965332,133.753662109375,-38.91856384277344
-0.10986328125,1.55419921875,-0.091064453125,96.86279296875,-11.5966796875,46.44775390625,-6.530133247375487,136.31755065917972,-40.41242218017578
-0.100830078125,1.519775390625,-0.036865234375,78.9794921875,-4.45556640625,41.9921875,-7.204875469207764,138.01344299316406,-41.58760070800781
-0.1123046875,1.44677734375,0.003662109375,56.45751953125,7.6904296875,36.80419921875,-8.142602920532228,138.26762390136722,-42.14299392700195
-0.2041015625,1.339111328125,-0.041748046875,25.69580078125,16.54052734375,30.33447265625,-8.880318641662598,137.69834899902344,-42.37777328491211
-0.288818359375,1.273193359375,-0.071044921875,6.04248046875,13.7939453125,17.76123046875,-9.020569801330566,136.37155151367188,-42.29029083251953
-0.334716796875,1.21337890625,-0.15380859375,-8.36181640625,13.5498046875,-1.5869140625,-8.301728248596191,134.26966857910156,-41.50411605834961
-0.740234375,1.14306640625,-0.163330078125,-3.41796875,-9.1552734375,10.1318359375,-6.898062705993652,133.05265808105472,-41.90605163574219
-0.46923828125,0.953369140625,-0.1513671875,-3.662109375,2.74658203125,-6.65283203125,-5.580937385559082,131.70912170410156,-41.52041244506836
-0.3662109375,0.76220703125,-0.02001953125,-11.1083984375,-1.89208984375,-16.78466796875,-3.6667866706848153,130.21076965332028,-40.85685348510742
-0.47021484375,0.998291015625,0.071044921875,-3.7841796875,-9.27734375,-20.6298828125,-1.7339084148406982,128.59028625488278,-40.54196166992188
-0.2333984375,0.99072265625,-0.093505859375,4.0283203125,-9.1552734375,-34.0576171875,0.1351609230041504,127.5126953125,-39.95696640014648
-0.2119140625,1.18798828125,-0.08935546875,-5.37109375,1.40380859375,-59.08203125,2.605700254440308,125.79286193847656,-38.32236099243164
-0.300537109375,1.117431640625,-0.03466796875,-24.71923828125,-14.2822265625,-59.9365234375,5.397604465484619,123.61370849609376,-37.4868278503418
-0.17236328125,1.1240234375,0.001708984375,-18.24951171875,-44.73876953125,-34.24072265625,7.674992084503174,121.5177230834961,-38.37994384765625
-0.061279296875,0.81884765625,-0.037841796875,-29.9072265625,-18.85986328125,-27.4658203125,8.78355884552002,119.4701156616211,-37.81881713867188
-0.313720703125,0.656982421875,-0.028564453125,-18.4326171875,16.90673828125,-60.36376953125,11.250040054321287,118.07771301269531,-36.189353942871094
-0.294189453125,0.915283203125,-0.0546875,-0.18310546875,2.50244140625,-76.72119140625,14.200401306152346,117.47039031982422,-34.81119918823242
-0.1533203125,1.5615234375,-0.330810546875,-6.89697265625,-5.859375,-74.15771484375,17.030166625976562,117.20394134521484,-33.56645965576172
-1.400146484375,0.117431640625,0.42724609375,-74.40185546875,1.77001953125,-68.115234375,21.550203323364254,113.91902160644531,-32.52670669555664
-0.054931640625,1.29638671875,-0.5595703125,-0.8544921875,6.04248046875,-5.67626953125,20.903045654296875,113.9684600830078,-32.202980041503906
-0.393310546875,0.862548828125,-0.447509765625,-17.08984375,46.93603515625,3.662109375,20.046215057373047,114.12847137451172,-30.147329330444336
-0.52197265625,0.9638671875,-0.478515625,-6.2255859375,41.3818359375,-7.26318359375,19.85489654541016,114.54547882080078,-28.39133071899414
-0.46826171875,0.977294921875,-0.475341796875,4.82177734375,30.8837890625,-11.90185546875,19.89817237854004,115.25846862792969,-26.972530364990234
-0.391845703125,1.03173828125,-0.363037109375,11.474609375,32.40966796875,-10.31494140625,19.666818618774414,115.91238403320312,-25.58903694152832
-0.41064453125,1.053955078125,-0.34033203125,7.6904296875,20.93505859375,-4.39453125,19.48802947998047,116.18470001220705,-24.82089424133301
-0.345703125,1.0712890625,-0.321533203125,0.54931640625,17.15087890625,6.7138671875,18.862279891967773,115.98493194580078,-24.426984786987305
-0.23974609375,1.22705078125,-0.259765625,-15.5029296875,12.20703125,34.912109375,16.667474746704098,114.36302947998048,-24.8742618560791
-0.2919921875,0.997314453125,-0.375244140625,-35.2783203125,19.4091796875,79.77294921875,13.392333984375,112.63504791259766,-25.5111141204834
-0.347900390625,0.856689453125,-0.374755859375,-27.587890625,24.10888671875,92.529296875,9.892821311950684,111.4504623413086,-26.027238845825195
-0.453857421875,0.9462890625,-0.34814453125,-14.22119140625,28.01513671875,78.7353515625,7.3788251876831055,110.79251861572266,-26.13976860046387
-0.36669921875,0.939453125,-0.356689453125,-21.05712890625,8.60595703125,51.025390625,5.852903366088867,109.88953399658205,-26.542930603027344
-0.388427734375,0.89306640625,-0.297607421875,-22.705078125,-17.333984375,49.4384765625,4.875131130218506,108.7882308959961,-27.878217697143555
-0.622802734375,1.02490234375,-0.351318359375,-28.86962890625,-41.19873046875,54.50439453125,4.337388038635254,107.24925994873048,-30.34526634216309
-0.44287109375,0.84375,-0.33203125,-31.31103515625,-85.693359375,70.61767578125,3.4666359424591064,105.85279846191406,-34.45132827758789
-0.237060546875,0.809814453125,-0.416015625,-2.62451171875,-102.1728515625,92.83447265625,1.4816603660583496,105.95413208007812,-39.383697509765625
-0.259765625,0.86328125,-0.25146484375,4.8828125,-83.55712890625,87.58544921875,-0.34871554374694824,105.98651123046876,-43.43042755126953
-0.308837890625,0.838134765625,-0.227294921875,-4.08935546875,-91.30859375,75.8056640625,-1.4658756256103516,105.84733581542969,-47.78197479248047
-0.38427734375,0.732421875,-0.1787109375,-7.568359375,-111.75537109375,46.93603515625,-0.9607780575752258,105.55769348144531,-52.59758377075195
-0.200927734375,0.87158203125,-0.204345703125,-10.43701171875,-123.779296875,21.728515625,0.21069884300231934,104.93392944335938,-57.55754089355469
-0.171630859375,0.925537109375,-0.2119140625,-24.84130859375,-123.9013671875,19.95849609375,1.077639937400818,103.78833770751952,-62.55760955810547
-0.265380859375,0.881103515625,-0.18603515625,-31.1279296875,-122.37548828125,22.5830078125,1.9215317964553835,102.3254165649414,-67.53880310058594
-0.268798828125,1.01416015625,-0.248291015625,-31.43310546875,-138.73291015625,15.31982421875,3.286710500717163,100.78783416748048,-73.20441436767578
-0.256591796875,0.9931640625,-0.21923828125,-42.29736328125,-159.7900390625,-11.8408203125,5.278280735015869,98.67632293701172,-79.43511962890625
-0.113525390625,1.018310546875,-0.224853515625,-42.1142578125,-170.10498046875,-16.29638671875,6.872185230255128,96.41536712646484,-86.10711669921875
0.078857421875,0.85546875,-0.1806640625,17.27294921875,-190.36865234375,23.86474609375,5.456133365631104,95.9552230834961,-94.22184753417969
0.19677734375,0.91943359375,-0.27099609375,25.81787109375,-175.29296875,51.8798828125,3.5372090339660645,96.81080627441406,-101.40187072753906
0.211181640625,1.160888671875,-0.551513671875,21.30126953125,-146.240234375,22.8271484375,2.90727972984314,98.03128051757812,-107.28459930419922
0.023193359375,0.806396484375,-0.09521484375,-19.287109375,-106.93359375,-1.64794921875,2.390931367874145,96.78185272216795,-112.03450775146484
0.116455078125,0.614013671875,-0.125732421875,-9.1552734375,-127.99072265625,51.20849609375,0.4610624611377716,96.45490264892578,-117.3476333618164
0.185302734375,0.87646484375,-0.341796875,1.8310546875,-82.58056640625,-5.2490234375,0.6100666522979736,97.0574188232422,-120.59677124023438
0.417236328125,1.178955078125,-0.119873046875,-7.8125,-102.72216796875,9.70458984375,-0.33743876218795776,97.06462097167969,-124.53536224365234
0.462890625,1.046630859375,-0.203369140625,1.03759765625,-59.26513671875,41.80908203125,-2.5807762145996094,97.3012237548828,-127.1005630493164
0.349609375,0.94189453125,-0.25048828125,10.986328125,18.1884765625,62.56103515625,-5.821099281311035,97.98262786865234,-126.7340316772461
0.14111328125,1.001220703125,-0.268310546875,25.69580078125,54.6875,72.08251953125,-9.10398006439209,99.10169982910156,-124.66034698486328
0.01123046875,1.083251953125,-0.162353515625,39.1845703125,78.9794921875,67.2607421875,-11.943293571472168,100.13343811035156,-121.95355224609376
-0.203857421875,1.027099609375,-0.06396484375,3.173828125,38.330078125,60.11962890625,-21.612722396850586,99.89434051513672,-116.07915496826172
-0.153076171875,0.97314453125,0.0146484375,11.8408203125,5.67626953125,45.22705078125,-22.00231170654297,99.98667907714844,-116.2374496459961
-0.16845703125,0.9580078125,0.042236328125,1.89208984375,-11.16943359375,16.78466796875,-21.397863388061523,99.74728393554688,-116.6415557861328
-0.076171875,1.1875,-0.023681640625,-5.9814453125,-37.109375,-3.35693359375,-20.055408477783203,99.67608642578124,-118.04539489746094
-0.12158203125,1.083251953125,-0.132080078125,-27.03857421875,-57.31201171875,-28.38134765625,-17.273927688598633,99.30029296875,-120.54234313964844
-0.086669921875,1.0009765625,-0.15771484375,-30.45654296875,-88.5009765625,-58.77685546875,-13.533236503601074,98.91702270507812,-123.76665496826172
-0.3857421875,0.80419921875,-0.072265625,-16.2353515625,-143.9208984375,-75.98876953125,-8.194076538085938,99.12166595458984,-129.0152587890625
-0.28271484375,0.9033203125,-0.08056640625,2.62451171875,-191.34521484375,-43.701171875,-4.567487716674805,99.92179107666016,-136.571044921875
-0.20703125,0.86181640625,-0.20556640625,-6.4697265625,-215.33203125,-13.85498046875,-1.799884796142578,100.25420379638672,-144.95298767089844
-0.0458984375,1.065673828125,-0.345458984375,-22.4609375,-206.787109375,-15.07568359375,0.41333329677581787,99.74321746826172,-152.98377990722656
-0.0478515625,1.066162109375,-0.41748046875,-45.41015625,-176.26953125,-29.1748046875,2.83567214012146,98.04615783691406,-159.1968231201172
-0.140380859375,0.953857421875,-0.416015625,-47.54638671875,-137.14599609375,-31.73828125,4.990753650665283,96.3726043701172,-164.45498657226562
-0.132568359375,0.85693359375,-0.440185546875,-24.47509765625,-135.92529296875,-9.70458984375,6.086881637573242,95.66349792480469,-169.77145385742188
-0.124267578125,0.70166015625,-0.35546875,14.404296875,-149.84130859375,18.06640625,5.858871936798097,96.72786712646484,-176.01260375976562
-0.158203125,0.802490234375,-0.28173828125,40.52734375,-171.81396484375,38.2080078125,5.447654247283936,98.13246154785156,-183.00131225585938
0.336669921875,0.627685546875,-0.281982421875,18.6767578125,-173.095703125,42.17529296875,3.646352052688599,98.86951446533205,169.93630981445312
-0.158447265625,1.07666015625,-0.223876953125,0.1220703125,-161.56005859375,41.68701171875,2.999723196029663,98.07948303222656,163.0517120361328
0.0751953125,0.894287109375,-0.144287109375,-44.49462890625,-183.10546875,64.0869140625,1.0811617374420166,96.05931091308594,155.47833251953125
-0.192138671875,0.76708984375,-0.29150390625,-49.37744140625,-157.04345703125,67.32177734375,-0.5098358392715454,94.59928131103516,148.9774627685547
-0.1123046875,0.703857421875,-0.31982421875,-43.64013671875,-175.47607421875,80.38330078125,-2.9770333766937256,93.9728775024414,141.8045654296875
-0.107177734375,0.72802734375,-0.367431640625,-30.21240234375,-165.10009765625,84.65576171875,-5.450685501098633,94.13323974609376,134.91340637207028
-0.1728515625,0.7138671875,-0.341064453125,-17.15087890625,-162.29248046875,82.3974609375,-7.505068302154541,95.01817321777344,128.06202697753906
-0.246337890625,0.62451171875,-0.296142578125,2.685546875,-178.5888671875,80.6884765625,-8.766006469726562,97.21842193603516,119.99942016601562
-0.122314453125,0.597412109375,-0.33642578125,24.2919921875,-204.345703125,68.2373046875,-9.462726593017578,100.40419006347656,111.2957534790039
-0.094970703125,0.66015625,-0.33349609375,40.0390625,-205.50537109375,51.45263671875,-9.06077480316162,104.02456665039062,102.64436340332031
-0.094482421875,0.743896484375,-0.320556640625,53.03955078125,-197.93701171875,39.0625,-7.616748809814452,107.82561492919922,94.592529296875
-0.161865234375,0.84326171875,-0.2626953125,66.83349609375,-195.1904296875,32.40966796875,-5.496401309967041,111.36339569091795,86.79467010498047
-0.189697265625,0.9404296875,-0.1875,64.14794921875,-213.43994140625,41.19873046875,-3.0442795753479004,114.16413879394531,78.3377685546875
0.0126953125,1.034423828125,-0.234375,49.072265625,-220.52001953125,59.26513671875,-1.5928250551223757,115.71507263183594,69.42186737060547
0.2138671875,0.628173828125,-0.3916015625,11.8408203125,-197.3876953125,74.76806640625,-1.343453884124756,116.62928009033205,61.02240753173828
-0.113037109375,0.722412109375,-0.393798828125,25.69580078125,-191.5283203125,121.337890625,-1.751115083694458,117.9701690673828,52.00370788574219
0.434814453125,1.3837890625,-0.332275390625,16.78466796875,-179.99267578125,124.6337890625,-3.1798982620239262,118.0863037109375,44.76536560058594
-0.064697265625,1.28955078125,-0.299560546875,-10.68115234375,-132.62939453125,79.9560546875,-3.287867784500122,117.40177154541016,38.60795211791992
0.142578125,0.953125,-0.258056640625,-15.625,-148.5595703125,66.83349609375,-3.1487543582916264,116.64884948730469,32.12784194946289
0.392822265625,0.90185546875,-0.203125,-12.20703125,-120.66650390625,44.73876953125,-3.2449872493743896,115.84972381591795,27.965354919433594
0.373779296875,0.994384765625,-0.126708984375,-24.5361328125,-39.9169921875,-16.4794921875,-2.652616024017334,114.22937774658205,26.851497650146484
0.30419921875,1.20947265625,-0.11572265625,-36.9873046875,9.09423828125,-58.28857421875,-1.1164299249649048,111.97960662841795,28.15153503417969
0.158203125,1.315185546875,-0.149658203125,-57.55615234375,25.45166015625,-83.1298828125,1.5213298797607422,108.76214599609376,30.24091339111328
0.179931640625,1.201904296875,-0.1123046875,-83.31298828125,7.26318359375,-79.58984375,4.074280738830566,104.94805145263672,31.4521484375
0.21533203125,1.162109375,-0.081787109375,-94.66552734375,-0.1220703125,-67.07763671875,6.10890007019043,100.77361297607422,32.046470642089844
0.087646484375,1.225830078125,-0.05517578125,-94.17724609375,3.72314453125,-50.72021484375,7.389052391052246,96.6988296508789,32.307628631591804
0.0517578125,1.176513671875,-0.039306640625,-88.56201171875,-18.06640625,-16.7236328125,7.723673343658447,92.86286163330078,31.628093719482425
0.130615234375,1.0419921875,-0.03955078125,-86.9140625,-43.88427734375,3.47900390625,7.03696346282959,89.11875915527344,29.871967315673828
0.234619140625,0.975830078125,-0.014404296875,-84.228515625,-40.58837890625,13.85498046875,5.596120357513428,85.61578369140625,28.50816345214844
0.206298828125,1.016845703125,-0.017578125,-74.462890625,-16.6015625,9.27734375,4.497131824493408,82.78070068359375,27.91931915283203
0.192138671875,1.119873046875,-0.06396484375,-63.78173828125,-7.14111328125,5.0048828125,3.7038731575012207,80.60917663574219,27.707801818847656
0.211669921875,1.2158203125,-0.087890625,-58.7158203125,-3.662109375,-0.48828125,3.2625625133514404,78.76499938964844,27.60153961181641
0.267578125,1.0986328125,-0.11328125,-62.6220703125,-3.41796875,-10.07080078125,2.972353458404541,76.89022827148438,27.433387756347656
0.22509765625,1.004638671875,-0.118896484375,-54.443359375,10.009765625,-7.62939453125,2.7605764865875244,75.47374725341797,27.799156188964844
0.06396484375,1.1103515625,-0.136962890625,-41.9921875,16.29638671875,5.9814453125,2.210165023803711,74.78739166259766,28.518672943115234
0.105224609375,1.173828125,-0.153076171875,-35.888671875,7.568359375,23.3154296875,1.111486315727234,74.22901153564453,29.09267807006836
0.101806640625,1.108154296875,-0.187255859375,-40.0390625,13.0615234375,22.216796875,0.15749579668045044,73.59626007080078,29.859477996826172
0.053955078125,1.021240234375,-0.218505859375,-42.90771484375,19.22607421875,15.80810546875,-0.2823845148086548,72.9992904663086,30.78284454345703
-0.04736328125,0.995361328125,-0.2255859375,-33.3251953125,12.39013671875,13.427734375,-0.5356125831604004,72.78001403808594,31.40722274780273
-0.0322265625,0.909423828125,-0.240966796875,-23.5595703125,-6.8359375,16.2353515625,-1.1381428241729736,73.03611755371094,31.32311248779297
0.04296875,0.777099609375,-0.23193359375,-10.55908203125,-14.0380859375,16.357421875,-2.025755882263184,73.91898345947266,30.90117645263672
0.06884765625,0.72119140625,-0.22802734375,0.6103515625,-7.99560546875,14.34326171875,-2.799464225769043,75.19438934326172,30.698150634765625
0.00341796875,0.717041015625,-0.226318359375,7.8125,-4.150390625,16.357421875,-3.3873226642608643,76.71353912353516,30.635276794433594
0.001953125,0.745361328125,-0.188720703125,18.37158203125,-6.89697265625,21.05712890625,-4.2269864082336435,78.51831817626953,30.37192153930664
-0.003173828125,0.787353515625,-0.194091796875,24.658203125,-12.14599609375,22.03369140625,-5.0154385566711435,80.49305725097656,29.981468200683594
0.05712890625,0.762451171875,-0.188720703125,23.5595703125,-11.474609375,16.90673828125,-5.7289180755615225,82.36061096191406,29.54631042480469
0.087890625,0.717529296875,-0.218505859375,19.59228515625,-0.30517578125,13.24462890625,-6.269017219543457,84.02515411376953,29.75595092773437
0.037353515625,0.74560546875,-0.24462890625,15.31982421875,18.98193359375,18.4326171875,-6.812953472137451,85.4656753540039,30.48258209228516
0.0703125,0.784423828125,-0.276123046875,8.11767578125,23.86474609375,21.78955078125,-7.559073448181152,86.57646942138672,31.392051696777344
-4.237060546875,4.773681640625,-1.8017578125,21.1181640625,95.0927734375,-30.82275390625,8.141690254211426,92.57532501220705,35.42652893066406
-0.23974609375,0.211181640625,-0.34765625,-48.15673828125,-1.953125,-10.80322265625,9.557963371276855,92.23912811279295,35.596214294433594
