-0.01513671875,0.981689453125,0.0546875,-8.7890625,-4.21142578125,1.708984375,-1.3320553302764893,78.52100372314453,-98.1884536743164
-0.02099609375,0.9912109375,0.0517578125,-8.85009765625,-4.82177734375,1.953125,-1.3456227779388428,78.49256896972656,-98.37018585205078
-0.01953125,0.988037109375,0.04736328125,-8.7890625,-4.7607421875,1.89208984375,-1.3590928316116333,78.47733306884766,-98.5502700805664
-0.03369140625,0.97900390625,0.043701171875,-8.544921875,-4.08935546875,1.89208984375,-1.371377944946289,78.48323059082031,-105.05274963378906
-0.027099609375,0.9814453125,0.03564453125,-7.9345703125,-4.08935546875,2.01416015625,-1.3795748949050903,78.48460388183594,-105.2052764892578
-0.14208984375,1.1005859375,-0.05419921875,-9.21630859375,-4.57763671875,1.89208984375,-1.1453940868377686,78.6655044555664,-105.38395690917969
0.770751953125,0.887451171875,0.179931640625,-11.5966796875,108.94775390625,-1.953125,-1.6458715200424194,78.08203887939453,-101.11637878417969
0.4541015625,0.9150390625,0.1025390625,-17.822265625,299.37744140625,2.38037109375,0.11132659763097763,77.76727294921875,-89.43147277832031
0.45068359375,0.8740234375,0.18115234375,-8.1787109375,371.7041015625,7.87353515625,1.88205885887146,77.7158203125,-74.90155029296875
-0.231201171875,0.7998046875,0.356201171875,-13.24462890625,431.0302734375,2.50244140625,5.883323192596436,77.88774871826172,-58.12709426879883
-2.390380859375,0.924560546875,0.445068359375,51.94091796875,15.2587890625,63.90380859375,3.696008682250977,81.07937622070312,-56.94835662841797
-0.426025390625,1.148193359375,0.04638671875,19.775390625,-7.9345703125,19.22607421875,3.543232679367065,82.08965301513672,-57.13428497314453
0.79638671875,1.423828125,-0.135009765625,36.1328125,-4.08935546875,-37.17041015625,3.7721588611602783,83.95814514160156,-57.46117782592773
0.33349609375,1.76171875,0.050537109375,58.77685546875,73.486328125,-79.9560546875,6.687777042388916,86.7448959350586,-54.767311096191406
0.0224609375,1.941162109375,0.023681640625,21.6064453125,44.677734375,-39.306640625,8.038470268249513,87.9178695678711,-53.02751159667969
0.126953125,2.020751953125,0.02978515625,-36.92626953125,9.70458984375,-4.94384765625,7.793454170227051,86.5290756225586,-52.63299560546875
0.1240234375,1.702880859375,0.0517578125,-82.275390625,8.36181640625,1.40380859375,7.2680420875549325,83.31678771972656,-52.27222061157226
0.263916015625,1.414794921875,0.045166015625,-112.9150390625,28.6865234375,-12.451171875,7.23452091217041,79.11930084228516,-51.15368270874024
0.280517578125,1.260009765625,0.03955078125,-97.0458984375,64.5751953125,-34.72900390625,8.370336532592772,75.88954162597656,-48.83920288085938
0.27490234375,1.232177734375,0.045654296875,-72.3876953125,97.71728515625,-35.15625,9.867923736572266,74.01988983154297,-45.293800354003906
0.4091796875,1.114013671875,0.135498046875,-38.57421875,126.8310546875,-17.9443359375,10.817095756530762,73.6630859375,-40.47524642944336
0.4267578125,1.058837890625,0.08349609375,-19.83642578125,144.4091796875,10.009765625,10.777174949645996,74.3805160522461,-34.63290023803711
0.319580078125,1.158203125,-0.0146484375,0.18310546875,157.04345703125,41.44287109375,9.937154769897461,76.2684326171875,-27.91626739501953
0.12060546875,1.108642578125,-0.104736328125,1.220703125,129.2724609375,81.0546875,7.305975914001465,77.92942810058594,-21.978504180908203
0.190185546875,0.90283203125,-0.0791015625,-13.24462890625,116.76025390625,115.8447265625,2.9819822311401367,78.54255676269531,-16.378631591796875
0.26416015625,0.776123046875,-0.12353515625,-16.2353515625,123.96240234375,124.51171875,-1.9101078510284424,78.68230438232422,-10.517139434814453
0.24267578125,0.734619140625,-0.18701171875,5.79833984375,154.84619140625,97.2900390625,-5.19310998916626,79.415283203125,-3.736336708068848
0.147216796875,0.73974609375,-0.301025390625,28.80859375,147.52197265625,94.1162109375,-8.148452758789062,81.01548767089844,2.6314992904663086
-0.017578125,0.77978515625,-0.231201171875,47.42431640625,143.85986328125,92.34619140625,-10.53889274597168,82.845458984375,8.782009124755861
-0.174072265625,0.964111328125,-0.208251953125,68.7255859375,112.48779296875,88.68408203125,-12.82932186126709,85.32913208007812,13.587438583374025
-0.02978515625,0.99658203125,-0.208251953125,59.63134765625,96.435546875,92.28515625,-15.712983131408693,87.32059478759766,17.650659561157227
0.003173828125,0.922119140625,-0.157958984375,35.58349609375,98.876953125,65.673828125,-17.766979217529297,87.97648620605469,21.75577735900879
-0.125732421875,0.85107421875,-0.285888671875,57.373046875,131.4697265625,20.01953125,-17.513483047485348,89.40450286865234,27.044109344482425
0.081298828125,0.4521484375,-0.223876953125,92.8955078125,130.0048828125,-11.71875,-16.885238647460938,92.5535888671875,32.17960357666016
-0.144287109375,0.990966796875,-0.123046875,80.6884765625,79.28466796875,26.4892578125,-17.95660972595215,94.90476989746094,35.392860412597656
0.478759765625,0.95849609375,-0.1962890625,38.9404296875,73.91357421875,29.052734375,-19.714738845825195,95.7281723022461,38.309608459472656
0.1884765625,0.862548828125,-0.166259765625,20.99609375,67.626953125,41.259765625,-21.3296012878418,95.81834411621094,40.93118286132813
0.07080078125,0.846923828125,-0.201171875,20.81298828125,33.0810546875,42.05322265625,-21.988563537597656,96.37390899658205,42.08586502075195
-0.005615234375,1.046142578125,-0.151611328125,14.58740234375,17.63916015625,24.10888671875,-22.1599063873291,96.78119659423828,42.6956787109375
0.120849609375,1.109130859375,-0.162353515625,3.72314453125,38.57421875,-23.4375,-20.78379821777344,96.3332748413086,44.43816757202149
-0.2421875,0.84912109375,-0.24658203125,-8.30078125,19.8974609375,-81.60400390625,-16.368200302124027,95.97599029541016,45.51784133911133
0.03955078125,0.757568359375,0.060546875,-41.50390625,-16.90673828125,-53.03955078125,-13.68380641937256,94.00269317626952,45.13476943969727
0.3720703125,0.871337890625,0.0263671875,-67.68798828125,16.6015625,-16.4794921875,-13.430424690246582,90.8940887451172,45.91490936279297
0.3623046875,0.88232421875,-0.107666015625,-96.0693359375,51.7578125,20.5078125,-14.48757266998291,86.73518371582031,48.02488327026367
0.42138671875,0.89111328125,-0.07080078125,-115.78369140625,75.74462890625,67.626953125,-17.295066833496097,81.43741607666016,51.38876342773438
0.399658203125,0.681884765625,-0.2607421875,-96.00830078125,107.97119140625,88.68408203125,-20.507755279541016,76.93329620361328,56.279518127441406
0.332763671875,0.58154296875,-0.16552734375,-44.37255859375,138.3056640625,62.744140625,-21.4842472076416,73.95195770263672,62.29686737060547
-0.4130859375,0.998779296875,0.05029296875,-33.5693359375,-66.7724609375,39.24560546875,-22.15460205078125,73.97350311279297,59.799354553222656
-0.1806640625,0.75146484375,-0.118896484375,-51.20849609375,-71.96044921875,-33.75244140625,-20.393217086791992,74.14554595947266,56.05508422851562
-0.142333984375,0.97021484375,-0.1435546875,-32.1044921875,-123.96240234375,-48.15673828125,-18.88568115234375,75.70404052734375,50.12102127075195
0.029296875,1.029296875,-0.217529296875,-44.86083984375,-173.76708984375,-38.51318359375,-18.373069763183594,77.3669662475586,42.282527923583984
0.19189453125,0.934326171875,-0.134033203125,-89.41650390625,-196.77734375,-2.44140625,-19.743328094482425,77.2887954711914,33.88009262084961
-0.23095703125,0.652099609375,-0.14306640625,-82.70263671875,-207.70263671875,41.259765625,-22.54549789428711,78.1204833984375,25.175701141357425
0.115478515625,0.49560546875,0.04443359375,8.23974609375,-248.779296875,56.15234375,-25.97366714477539,82.99163055419922,14.729928970336914
0.4970703125,0.76953125,0.184326171875,60.60791015625,-230.16357421875,-4.150390625,-26.609167098999023,89.7225341796875,4.579174041748047
0.883056640625,0.630126953125,0.374267578125,64.0869140625,-171.93603515625,-63.53759765625,-24.73426818847656,94.74825286865234,-2.5974221229553223
0.42822265625,1.06494140625,0.207763671875,97.71728515625,-134.58251953125,-107.666015625,-19.696434020996094,99.9801788330078,-7.469515800476074
0.77783203125,1.430419921875,-0.039306640625,98.0224609375,-117.431640625,-109.375,-14.788023948669435,104.7219467163086,-11.175444602966307
0.9169921875,1.644775390625,-0.093017578125,49.74365234375,-63.78173828125,-90.27099609375,-10.948455810546877,106.6133041381836,-12.571657180786133
0.71533203125,1.188720703125,-0.102294921875,-61.70654296875,26.85546875,-22.15576171875,-11.160710334777832,103.47154998779295,-11.174510955810547
0.330810546875,0.85205078125,-0.080322265625,-67.9931640625,62.255859375,-11.04736328125,-11.636289596557615,99.91519927978516,-8.520692825317383
0.07421875,0.837158203125,-0.099609375,-35.2783203125,62.43896484375,-1.03759765625,-11.688776969909668,97.94231414794922,-5.992512702941895
0.04345703125,0.937255859375,-0.0517578125,3.2958984375,38.9404296875,-0.6103515625,-11.521747589111328,97.5459442138672,-4.373893737792969
0.00830078125,1.06689453125,-0.01904296875,-1.953125,30.517578125,-28.80859375,-10.104594230651855,96.9284896850586,-2.937619686126709
0.136474609375,1.0712890625,-0.0810546875,-35.7666015625,24.658203125,-32.65380859375,-8.506989479064941,95.50069427490234,-1.836231231689453
0.106201171875,0.951171875,-0.07568359375,-46.56982421875,19.83642578125,18.310546875,-9.212223052978516,93.46937561035156,-1.0903120040893557
0.0595703125,0.6669921875,-0.057373046875,-43.3349609375,38.02490234375,36.7431640625,-10.58163356781006,91.52413177490234,0.3714160919189453
-0.136962890625,0.746826171875,-0.012451171875,-29.1748046875,34.3017578125,39.794921875,-11.149212837219238,89.91619873046875,1.7578649520874023
-0.22314453125,0.83056640625,-0.05712890625,-31.79931640625,-8.9111328125,25.390625,-11.161447525024414,88.85790252685547,1.3614816665649414
-0.336181640625,0.888671875,-0.1123046875,-32.89794921875,-56.45751953125,8.36181640625,-10.35065460205078,88.27420806884766,-0.9979619979858398
-0.265869140625,0.901611328125,-0.141357421875,-41.015625,-108.2763671875,2.01416015625,-9.492088317871094,87.78510284423828,-5.46682071685791
-0.4140625,0.96484375,-0.269775390625,-42.1142578125,-180.84716796875,-5.7373046875,-8.322654724121094,87.8824234008789,-12.891679763793945
-0.409912109375,0.872802734375,-0.2802734375,-32.28759765625,-229.8583984375,-14.22119140625,-6.811261177062987,88.52713012695312,-22.25779151916504
0.60498046875,1.001708984375,-0.65625,-18.310546875,-281.73828125,-16.357421875,-5.051475524902344,88.38945007324219,-33.49908447265625
0.045654296875,0.673828125,-0.3203125,0.732421875,-266.17431640625,-48.52294921875,-3.1713380813598637,90.21160125732422,-44.24769592285156
0.014404296875,0.699951171875,-0.306884765625,31.73828125,-257.568359375,-63.17138671875,-0.2885533571243286,92.68597412109376,-54.49505233764648
0.206298828125,0.714111328125,-0.263671875,46.56982421875,-257.568359375,-56.884765625,1.503570795059204,95.58309173583984,-64.60041046142578
0.126220703125,1.30859375,-0.798095703125,97.83935546875,-213.5009765625,-98.69384765625,6.327872753143311,99.92831420898438,-72.48835754394531
-0.4541015625,0.901611328125,-0.345947265625,70.556640625,-156.73828125,-151.85546875,14.209127426147461,102.23434448242188,-77.45923614501953
0.30810546875,1.5107421875,-0.245849609375,44.61669921875,-141.66259765625,-137.51220703125,19.626953125,102.67692565917969,-81.97586059570312
0.542724609375,1.56201171875,-0.3095703125,-6.53076171875,-84.3505859375,-65.7958984375,21.483592987060547,101.31159210205078,-84.90664672851562
0.42724609375,1.4716796875,-0.27392578125,-38.4521484375,-29.6630859375,-15.68603515625,20.931241989135746,99.3263931274414,-86.0220947265625
0.244384765625,1.4384765625,-0.30908203125,-57.18994140625,8.056640625,-6.28662109375,20.113563537597656,97.29646301269531,-85.57730865478516
-0.103515625,1.418701171875,-0.2861328125,-60.302734375,12.26806640625,-26.123046875,20.46506118774414,95.26972198486328,-84.86311340332031
-0.145751953125,1.309326171875,-0.208251953125,-60.4248046875,-5.2490234375,-45.41015625,21.72755622863769,92.9701156616211,-84.87651824951172
-0.104736328125,1.238525390625,-0.0908203125,-60.791015625,-11.65771484375,-72.8759765625,24.013111114501953,90.49063873291016,-85.21907806396484
-0.120361328125,1.182373046875,-0.10546875,-67.44384765625,-7.75146484375,-110.16845703125,27.68626976013184,87.80533599853516,-85.52137756347656
-0.298583984375,1.07275390625,-0.103759765625,-65.185546875,-0.732421875,-135.498046875,32.59459686279297,85.32288360595703,-85.7419204711914
-0.24560546875,1.044677734375,-0.13330078125,-61.34033203125,-21.3623046875,-123.046875,36.62551498413086,82.45318603515625,-87.08184051513672
-0.226318359375,0.93701171875,-0.060791015625,-54.13818359375,-15.31982421875,-105.95703125,39.83679580688477,79.84343719482422,-88.31681060791016
-0.272705078125,0.805908203125,-0.0029296875,-48.88916015625,-9.33837890625,-100.341796875,42.88111114501953,77.37981414794922,-89.49552917480469
-0.28564453125,0.726806640625,0.008056640625,-33.75244140625,-7.9345703125,-107.5439453125,46.15945816040039,75.30260467529297,-90.92321014404295
-0.385009765625,0.705810546875,0.0146484375,-11.5966796875,-14.46533203125,-116.76025390625,49.82963943481445,73.50415802001953,-93.10301208496094
-0.4375,0.76025390625,0.0302734375,-5.37109375,-24.4140625,-115.29541015625,53.17348098754883,71.11740112304688,-96.2245864868164
-0.501220703125,0.7626953125,0.052490234375,-13.3056640625,-24.5361328125,-108.642578125,56.13443374633789,67.82830810546875,-99.8526611328125
-0.51416015625,0.689697265625,0.051025390625,-25.20751953125,-23.8037109375,-100.341796875,58.70595932006836,63.92461395263672,-103.61475372314452
-0.505126953125,0.613525390625,0.041259765625,-23.74267578125,-27.587890625,-102.72216796875,61.14389419555664,59.23014450073242,-108.29586029052734
-0.505126953125,0.574951171875,0.088134765625,-10.498046875,-29.47998046875,-118.95751953125,63.87393569946289,52.985130310058594,-115.11384582519531
-0.647705078125,0.599609375,0.102294921875,5.18798828125,-41.3818359375,-122.13134765625,65.98555755615234,45.30073547363281,-124.13842010498048
-0.60595703125,0.67529296875,0.106201171875,6.16455078125,-38.75732421875,-115.966796875,67.28237915039061,37.57629776000977,-133.247802734375
-0.600341796875,0.666259765625,0.1142578125,-1.708984375,-30.45654296875,-107.48291015625,68.10708618164061,30.017417907714844,-141.810302734375
-0.572998046875,0.53466796875,0.14013671875,0.1220703125,-16.78466796875,-112.9150390625,69.10236358642578,21.88380241394043,-151.0131378173828
-0.79443359375,0.464599609375,0.15380859375,13.73291015625,-8.72802734375,-141.6015625,70.33212280273439,9.770073890686037,-164.90618896484375
-0.900146484375,0.564697265625,0.067626953125,22.64404296875,-23.98681640625,-131.53076171875,70.25491333007811,-0.7573754787445068,-177.55911254882812
-0.759033203125,0.662841796875,0.00830078125,20.08056640625,-31.982421875,-87.21923828125,69.43515777587889,-5.1019673347473145,-183.58688354492188
-0.738525390625,0.573486328125,0.0986328125,14.58740234375,-24.96337890625,-61.8896484375,68.72400665283203,-6.824352264404298,-186.5726318359375
-0.776611328125,0.547607421875,0.103515625,16.357421875,-14.404296875,-66.650390625,68.41371917724611,-9.275262832641602,169.5961151123047
-0.90625,0.590087890625,0.077880859375,14.58740234375,-14.2822265625,-88.134765625,67.91823577880861,-13.82898235321045,163.5597686767578
-0.937744140625,0.601318359375,0.040771484375,5.9814453125,-23.193359375,-84.716796875,67.05501556396484,-17.8193359375,158.48744201660156
-0.88623046875,0.603271484375,0.029296875,-1.28173828125,-28.9306640625,-72.021484375,66.02885437011719,-20.318506240844727,155.31521606445312
-0.892822265625,0.4833984375,0.107177734375,-7.26318359375,-32.71484375,-71.533203125,64.73245239257811,-22.806251525878906,152.41986083984375
-0.81982421875,0.427734375,0.11962890625,-1.40380859375,-28.86962890625,-77.33154296875,63.41840744018555,-25.30693626403809,149.2028350830078
-0.827880859375,0.373046875,0.094970703125,8.6669921875,-18.61572265625,-77.33154296875,62.466957092285156,-27.622690200805664,145.72764587402344
-0.88134765625,0.434326171875,0.06494140625,14.34326171875,-13.48876953125,-78.30810546875,61.7329216003418,-29.76672554016113,142.16310119628906
-0.9345703125,0.444580078125,0.056640625,8.1787109375,-18.85986328125,-78.61328125,60.78889465332031,-31.827394485473636,138.96173095703122
-0.9365234375,0.35791015625,0.077880859375,-2.13623046875,-20.93505859375,-74.03564453125,59.73201370239258,-34.16952896118164,135.99690246582028
-0.9599609375,0.271728515625,0.022705078125,-5.37109375,-21.17919921875,-74.40185546875,58.68859100341797,-36.628753662109375,133.07476806640622
-0.968017578125,0.232421875,0.04736328125,-5.126953125,-24.10888671875,-73.486328125,57.47746276855469,-38.73591613769531,130.54388427734378
-0.98974609375,0.164794921875,0.069580078125,-2.197265625,-29.35791015625,-63.90380859375,56.244529724121094,-39.89402770996094,128.98471069335938
-0.9345703125,0.223388671875,0.101806640625,5.92041015625,-29.6630859375,-67.2607421875,54.95308303833008,-40.55889129638672,127.53164672851562
-0.90087890625,0.30224609375,0.079345703125,4.0283203125,-27.34375,-69.9462890625,53.7983283996582,-41.20611572265625,126.07814025878906
-0.902099609375,0.3037109375,0.071533203125,-5.859375,-22.03369140625,-65.85693359375,52.83213806152344,-42.28457260131836,124.58790588378906
-0.939453125,0.11767578125,0.109375,-6.53076171875,-22.88818359375,-61.09619140625,51.84949493408203,-43.44115447998047,123.17140197753906
-0.927734375,0.133056640625,0.097412109375,-3.5400390625,-23.62060546875,-53.64990234375,51.10420608520508,-44.0743522644043,122.23794555664062
-0.92822265625,0.123779296875,0.16259765625,-4.7607421875,-24.35302734375,-43.39599609375,50.509742736816406,-44.2465934753418,121.90707397460938
-0.88671875,0.098876953125,0.196044921875,-5.79833984375,-18.98193359375,-36.7431640625,50.20167922973633,-44.28478622436523,121.73486328125
-0.846923828125,0.127197265625,0.1728515625,-4.150390625,-8.97216796875,-31.8603515625,50.38598251342773,-44.37221908569336,121.37986755371094
-0.91357421875,0.084228515625,0.13037109375,-3.7841796875,-3.90625,-18.61572265625,51.13954162597656,-44.416725158691406,121.1965789794922
-0.919921875,0.107177734375,0.13134765625,-2.685546875,-4.33349609375,-8.60595703125,52.12650680541992,-44.00085830688477,121.53228759765624
-0.979736328125,0.13720703125,0.15576171875,-5.7373046875,-6.7138671875,-9.70458984375,52.98202896118164,-43.55768203735352,122.01361083984376
-0.96923828125,0.10498046875,0.1533203125,-11.65771484375,-8.36181640625,-13.12255859375,53.63885116577149,-43.51499938964844,122.33430480957031
-0.974365234375,0.052001953125,0.136962890625,-13.18359375,-9.765625,-14.0380859375,54.1685562133789,-43.69784164428711,122.53271484375
-0.94384765625,0.06787109375,0.11865234375,-11.77978515625,-8.60595703125,-7.8125,54.92915725708008,-43.59269332885742,123.01023864746094
-0.994384765625,0.068359375,0.120849609375,-10.68115234375,-8.6669921875,-0.48828125,55.82664489746094,-43.11348342895508,123.8863525390625
-0.962646484375,0.0654296875,0.163330078125,-8.85009765625,-11.90185546875,-4.45556640625,56.45069122314453,-42.48371124267578,124.81730651855469
-0.92333984375,0.032470703125,0.157470703125,-9.58251953125,-12.02392578125,5.4931640625,57.26786804199219,-41.50476837158203,126.23016357421876
-0.791259765625,0.07177734375,0.1552734375,-6.65283203125,-10.986328125,29.9072265625,58.98767852783203,-38.640438079833984,129.65736389160156
-0.693603515625,0.07861328125,0.156494140625,-8.056640625,1.03759765625,60.05859375,61.33727264404297,-34.512168884277344,134.47787475585938
-0.672607421875,0.135986328125,0.072265625,-5.9814453125,12.51220703125,88.37890625,64.63352203369139,-28.014116287231445,141.76046752929688
-0.782958984375,0.132568359375,0.12646484375,-4.82177734375,19.04296875,123.47412109375,67.93103790283203,-16.66392707824707,154.11817932128906
-0.958251953125,0.1669921875,0.19580078125,-4.82177734375,24.23095703125,140.625,70.14878082275389,-0.8318535089492798,171.16043090820312
-0.922607421875,0.251953125,0.140869140625,-6.103515625,25.93994140625,126.0986328125,70.82167053222656,15.760228157043455,-171.0763397216797
-0.924072265625,0.26416015625,0.033447265625,-7.62939453125,25.32958984375,115.90576171875,70.20885467529297,30.984819412231445,-154.7555389404297
-0.865966796875,0.243408203125,0.033203125,4.57763671875,21.54541015625,132.8125,67.91461181640625,45.2255744934082,-139.8602294921875
-0.8681640625,0.341796875,0.099609375,13.3056640625,28.86962890625,135.986328125,64.47071075439453,56.7432746887207,-128.05792236328122
-0.89697265625,0.451171875,0.07275390625,6.28662109375,34.97314453125,131.2255859375,60.54350662231445,65.23531341552734,-119.02851104736328
-0.981689453125,0.391845703125,0.085205078125,-5.18798828125,35.33935546875,103.1494140625,57.56122970581055,70.22922515869139,-113.10929870605469
-0.91552734375,0.323974609375,0.037109375,-5.0048828125,28.80859375,82.8857421875,55.28456497192383,73.57667541503906,-108.9896240234375
-0.809326171875,0.409912109375,-0.004150390625,2.3193359375,25.634765625,80.078125,52.55524063110352,76.909912109375,-105.32958221435548
-0.6953125,0.473388671875,0.045654296875,6.28662109375,38.0859375,95.3369140625,49.25160217285156,80.20155334472656,-101.5719985961914
-0.61572265625,0.460205078125,-0.00830078125,2.86865234375,56.45751953125,109.619140625,45.39794540405274,83.78803253173828,-97.1081771850586
-0.634033203125,0.511962890625,-0.069091796875,-2.44140625,69.64111328125,130.18798828125,40.60931396484375,87.1988754272461,-92.40040588378906
-0.530517578125,0.617431640625,-0.125244140625,-22.0947265625,83.8623046875,175.59814453125,33.715511322021484,89.54731750488281,-87.6402359008789
-0.585693359375,0.6259765625,-0.153564453125,-38.51318359375,100.03662109375,192.44384765625,26.393274307250977,90.78695678710938,-82.82239532470703
-0.56005859375,0.57373046875,-0.18212890625,-45.166015625,104.67529296875,195.73974609375,19.14169311523437,91.23477935791016,-78.24923706054688
-0.330078125,0.60693359375,-0.191162109375,-42.96875,107.177734375,165.10009765625,12.811591148376465,91.27779388427734,-73.78524017333984
-0.349365234375,0.544677734375,-0.145751953125,-37.7197265625,111.75537109375,132.26318359375,8.187518119812013,91.0293960571289,-69.27574157714844
-0.272705078125,0.4765625,-0.10888671875,-28.38134765625,104.91943359375,97.96142578125,4.95801305770874,90.8694839477539,-65.06678009033203
-0.265869140625,0.442138671875,-0.120849609375,-0.8544921875,103.33251953125,40.8935546875,4.196005344390868,91.64496612548828,-60.9200439453125
-0.256591796875,0.541259765625,-0.15673828125,16.6015625,107.666015625,9.46044921875,4.417304515838623,93.14118957519531,-56.57999038696289
-0.331787109375,0.68115234375,-0.209716796875,18.6767578125,102.05078125,13.3056640625,4.077319622039795,94.52369689941406,-52.7780876159668
-0.510009765625,0.850830078125,-0.278564453125,-0.244140625,55.23681640625,82.275390625,1.6050248146057131,95.06407928466795,-50.82767105102539
-0.45751953125,0.9169921875,-0.348388671875,-29.6630859375,17.2119140625,150.5126953125,-3.52207088470459,94.42193603515624,-50.65275955200195
-0.427001953125,0.952392578125,-0.36767578125,-49.6826171875,-11.16943359375,197.265625,-10.697335243225098,92.98597717285156,-52.202354431152344
-0.29296875,0.983154296875,-0.355712890625,-60.6689453125,-44.5556640625,203.0029296875,-17.698455810546875,91.74508666992188,-54.54375457763672
-0.296630859375,0.983642578125,-0.29052734375,-55.5419921875,-69.88525390625,184.08203125,-23.694477081298828,91.23867797851562,-57.94700241088867
-0.17431640625,1.0537109375,-0.30224609375,-43.212890625,-96.8017578125,158.5693359375,-28.29238128662109,92.3725128173828,-62.98486328125
-0.0830078125,1.119140625,-0.281982421875,-30.21240234375,-118.0419921875,124.32861328125,-31.72585678100586,94.5831069946289,-69.02145385742189
-0.04150390625,1.135986328125,-0.228759765625,-31.1279296875,-125.244140625,112.36572265625,-34.38100433349609,97.1885757446289,-75.66964721679688
0.130126953125,1.165283203125,-0.299560546875,-26.67236328125,-137.20703125,108.642578125,-36.61691665649414,100.44866943359376,-83.07743835449219
0.197021484375,1.1923828125,-0.240966796875,-15.2587890625,-140.5029296875,104.55322265625,-38.38102340698242,104.78019714355469,-91.13581848144531
0.096923828125,1.228515625,-0.126953125,-3.11279296875,-136.90185546875,94.1162109375,-39.09856414794922,109.27007293701172,-98.93293762207031
0.14892578125,1.290283203125,-0.14892578125,4.39453125,-122.4365234375,90.02685546875,-39.523868560791016,113.658203125,-105.93367004394531
0.202880859375,1.27783203125,-0.104736328125,11.65771484375,-108.21533203125,95.703125,-40.00378036499024,117.78404235839844,-112.52175903320312
0.193603515625,1.2685546875,-0.0849609375,14.95361328125,-93.93310546875,99.9755859375,-40.549617767333984,121.61373138427734,-118.58934783935548
0.177734375,1.243896484375,-0.062744140625,15.380859375,-79.89501953125,95.76416015625,-40.927711486816406,124.6427993774414,-123.5678939819336
0.102294921875,1.2060546875,-0.05419921875,15.56396484375,-64.8193359375,82.21435546875,-40.95672225952149,127.15089416503906,-127.82756042480469
0.067626953125,1.176513671875,-0.076904296875,15.07568359375,-59.50927734375,69.4580078125,-40.525794982910156,129.1781005859375,-131.45361328125
0.044921875,1.15234375,-0.085205078125,13.7939453125,-53.955078125,52.30712890625,-39.48721694946289,130.36614990234378,-134.02421569824222
0.064697265625,1.197021484375,-0.11328125,6.4697265625,-47.79052734375,35.2783203125,-38.22323226928711,130.84953308105472,-135.98970031738278
0.0810546875,1.195068359375,-0.14111328125,-2.197265625,-43.9453125,25.2685546875,-36.79443359375,130.67364501953122,-137.49891662597656
0.076171875,1.197509765625,-0.164794921875,-13.73291015625,-38.02490234375,17.27294921875,-35.27885437011719,129.63629150390622,-138.50804138183594
0.084228515625,1.133544921875,-0.199462890625,-26.30615234375,-35.21728515625,14.46533203125,-33.83034133911133,128.21604919433594,-139.49736022949222
0.089599609375,1.0927734375,-0.212158203125,-29.9072265625,-29.72412109375,10.7421875,-32.467967987060554,126.5570831298828,-140.25386047363278
0.03662109375,1.0673828125,-0.244873046875,-33.14208984375,-26.85546875,6.28662109375,-30.971635818481445,124.74601745605469,-140.85189819335938
0.033447265625,1.020751953125,-0.251953125,-34.36279296875,-24.59716796875,0.91552734375,-29.414892196655273,122.91119384765624,-141.34848022460938
0.00537109375,1.03076171875,-0.27685546875,-33.14208984375,-24.96337890625,-6.77490234375,-27.59636116027832,121.16204071044922,-141.76687622070312
0.007080078125,1.0537109375,-0.318359375,-35.5224609375,-29.1748046875,-13.0615234375,-25.46887588500977,119.41453552246094,-142.30581665039062
0.02392578125,1.04248046875,-0.309326171875,-38.818359375,-32.1044921875,-17.63916015625,-23.32469940185547,117.65189361572266,-142.94091796875
-0.1259765625,0.828369140625,-0.123779296875,-52.490234375,-31.79931640625,-9.94873046875,-21.24493789672852,115.1417999267578,-143.68563842773438
0.113037109375,0.93603515625,-0.3505859375,-49.25537109375,-37.9638671875,-4.33349609375,-19.713565826416016,113.50301361083984,-144.8203887939453
0.077880859375,0.90966796875,-0.328125,-38.51318359375,-36.68212890625,-14.58740234375,-18.013687133789062,112.1807861328125,-145.95826721191406
0.214599609375,0.59912109375,-0.48486328125,-29.6630859375,-43.15185546875,-10.498046875,-16.902851104736328,112.10115051269531,-147.66744995117188
0.064697265625,0.82421875,-0.2451171875,-15.0146484375,-47.7294921875,-24.0478515625,-14.728790283203125,111.80787658691406,-149.19595336914062
0.1162109375,0.9208984375,-0.255859375,0.48828125,-61.34033203125,-21.240234375,-12.718396186828613,112.0378189086914,-151.1382598876953
0.2451171875,0.98779296875,-0.223876953125,8.36181640625,-60.791015625,-18.85986328125,-11.14090633392334,112.40938568115234,-153.05809020996094
0.203857421875,0.86572265625,-0.143798828125,13.7939453125,-53.22265625,-9.82666015625,-10.284040451049805,112.82614135742188,-154.83917236328125
0.168212890625,0.790283203125,-0.070556640625,30.45654296875,-49.560546875,18.00537109375,-10.242430686950684,113.72347259521484,-156.85302734375
0.0595703125,0.826904296875,-0.042724609375,47.91259765625,-51.94091796875,33.50830078125,-10.377035140991213,115.25385284423828,-159.18955993652344
-0.0341796875,0.86279296875,-0.0068359375,61.1572265625,-68.78662109375,35.58349609375,-9.95347499847412,118.03375244140624,-162.40786743164062
0.107666015625,1.228271484375,-0.228515625,73.54736328125,-82.51953125,17.15087890625,-8.745255470275879,120.8034210205078,-165.53265380859375
0.109375,1.2197265625,-0.24853515625,63.96484375,-92.4072265625,17.88330078125,-7.264768600463867,123.08992767333984,-168.95704650878906
0.13916015625,1.273193359375,-0.006591796875,51.69677734375,-102.5390625,8.056640625,-5.158597946166992,124.56838989257812,-172.25486755371094
0.127685546875,0.79736328125,-0.145751953125,54.8095703125,-120.849609375,21.728515625,-3.2345571517944336,126.1517333984375,-176.62062072753906
0.292236328125,1.025634765625,-0.149658203125,72.44873046875,-114.3798828125,31.3720703125,-1.973045229911804,128.21426391601562,-180.9699859619141
0.179443359375,1.0126953125,-0.080078125,75.0732421875,-106.75048828125,45.7763671875,-1.3110932111740112,130.31314086914062,-185.46246337890625
0.05224609375,1.21728515625,-0.139404296875,50.10986328125,-100.2197265625,65.673828125,-0.7309237122535706,131.12451171875,169.81826782226562
0.171142578125,1.067626953125,-0.193603515625,24.71923828125,-97.71728515625,76.416015625,-0.7866749167442322,131.00947570800778,164.88272094726562
0.133056640625,0.8837890625,-0.23681640625,21.6064453125,-84.16748046875,71.47216796875,-0.9998824000358582,130.90086364746094,160.54400634765625
0.05712890625,0.892578125,-0.224609375,14.58740234375,-80.2001953125,69.580078125,-1.1119847297668457,130.52218627929688,156.31695556640625
0.03369140625,0.890625,-0.220458984375,4.7607421875,-85.205078125,58.837890625,-0.7493342757225037,129.74250793457028,152.21713256835938
0.08984375,0.952880859375,-0.256103515625,-0.91552734375,-88.37890625,39.36767578125,0.2668520510196686,128.51376342773438,148.776123046875
0.136962890625,0.931884765625,-0.261474609375,-19.775390625,-80.74951171875,24.0478515625,1.1537930965423584,126.79098510742188,145.63714599609375
0.176513671875,0.94482421875,-0.31201171875,-30.517578125,-75.8056640625,26.0009765625,1.6471182107925415,124.7649383544922,142.5662841796875
0.20751953125,1.048583984375,-0.35546875,-37.53662109375,-66.83349609375,35.0341796875,1.5259610414505005,122.212646484375,139.69224548339844
0.903564453125,2.4033203125,-0.428955078125,-74.5849609375,-52.06298828125,62.31689453125,-0.40488529205322266,118.37710571289062,136.64503479003906
0.120849609375,0.433349609375,-0.281005859375,-76.416015625,-52.67333984375,47.18017578125,-1.6245381832122805,115.52994537353516,133.92335510253906
0.04443359375,0.759765625,-0.287109375,-14.892578125,-45.83740234375,28.25927734375,-1.8840723037719729,114.92098999023438,131.68135070800778
0.083984375,0.72021484375,-0.18603515625,-9.70458984375,-51.20849609375,33.26416015625,-2.4162344932556152,114.19740295410156,129.27864074707028
0.048095703125,0.80029296875,-0.237060546875,3.90625,-48.4619140625,30.33447265625,-2.7573513984680176,114.1365966796875,127.02395629882812
0.0810546875,0.956787109375,-0.255615234375,0.54931640625,-52.001953125,38.6962890625,-3.5163934230804443,113.8193588256836,124.47238159179688
0.15869140625,0.98291015625,-0.294189453125,-12.63427734375,-43.9453125,43.39599609375,-4.607351303100586,113.1810302734375,122.18008422851562
0.13037109375,1.003173828125,-0.286376953125,-26.67236328125,-37.9638671875,38.87939453125,-5.551732540130615,111.98931121826172,120.19615173339844
0.054443359375,0.96826171875,-0.287353515625,-28.6865234375,-31.3720703125,35.09521484375,-6.461729526519775,110.87003326416016,118.43999481201172
0.27783203125,0.97509765625,-0.32373046875,-38.2080078125,-45.654296875,78.2470703125,-9.092001914978027,109.61107635498048,115.62926483154295
0.1201171875,0.800537109375,-0.288818359375,-12.3291015625,-27.28271484375,66.89453125,-11.192034721374512,109.45741271972656,113.66946411132812
-0.09912109375,0.8564453125,-0.2080078125,12.02392578125,-32.3486328125,35.94970703125,-10.951078414916992,110.27052307128906,111.72254180908205
-0.057861328125,0.944580078125,-0.21728515625,29.78515625,-56.70166015625,-1.03759765625,-9.53834342956543,111.53482055664062,109.65087890625
0.0546875,0.963134765625,-0.23681640625,31.06689453125,-68.54248046875,-13.24462890625,-7.761512756347656,112.81161499023438,107.34622192382812
0.110107421875,1.08447265625,-0.11376953125,10.25390625,-52.67333984375,-7.568359375,-6.944807052612305,112.85803985595705,105.60525512695312
0.380126953125,1.026123046875,-0.2744140625,-20.3857421875,-23.5595703125,-8.60595703125,-6.7726149559021,111.81881713867188,104.9051513671875
0.163818359375,0.795654296875,-0.151123046875,-27.52685546875,-21.66748046875,-29.47998046875,-5.553212642669678,110.3113250732422,104.57833099365234
0.1123046875,0.700927734375,-0.304443359375,0.42724609375,-39.6728515625,-39.97802734375,-3.5913813114166264,110.98223114013672,103.42770385742188
0.326416015625,1.073974609375,-0.3310546875,36.43798828125,-35.0341796875,-51.08642578125,-1.6789898872375488,112.3054656982422,102.89193725585938
0.340087890625,1.12255859375,-0.341552734375,37.9638671875,-6.04248046875,-48.2177734375,-0.3863708972930908,113.59671783447266,103.4291000366211
0.331298828125,1.22119140625,-0.401611328125,31.982421875,12.3291015625,-32.16552734375,-0.23283018171787265,114.46893310546876,104.3441925048828
0.216064453125,1.383544921875,-0.4443359375,7.99560546875,12.6953125,-6.591796875,-0.5311082005500793,114.5088348388672,104.91773223876952
0.237060546875,1.2744140625,-0.42578125,-14.2822265625,5.37109375,-7.50732421875,-0.7212564945220947,113.68251037597656,105.24322509765624
0.079345703125,1.099365234375,-0.450439453125,-26.79443359375,12.63427734375,7.2021484375,-2.1636383533477783,112.46892547607422,105.12541961669922
0.251220703125,0.94384765625,-0.459228515625,-30.21240234375,13.18359375,31.8603515625,-3.984373807907105,111.3791275024414,105.1355438232422
0.072998046875,0.884521484375,-0.4140625,-24.35302734375,18.85986328125,9.033203125,-4.60270357131958,110.49382019042969,105.7015380859375
0.014892578125,0.84326171875,-0.35107421875,-22.3388671875,1.77001953125,-8.11767578125,-4.092865943908691,109.61076354980469,105.7231903076172
0.374267578125,0.8916015625,-0.31103515625,-36.0107421875,-8.1787109375,-13.73291015625,-4.1541194915771475,108.14968872070312,105.60604095458984
0.357177734375,0.778564453125,-0.347900390625,-36.68212890625,39.48974609375,-67.9931640625,-2.774205684661865,106.7436981201172,107.93534088134766
0.614013671875,0.834716796875,-0.3310546875,-34.5458984375,61.4013671875,-55.2978515625,-3.259527921676636,105.5084991455078,111.4388198852539
0.957763671875,0.98095703125,-0.42724609375,-29.96826171875,160.0341796875,-18.73779296875,-5.605131149291992,104.03758239746094,117.83780670166016
0.61083984375,1.131591796875,-0.416015625,-40.58837890625,219.482421875,3.41796875,-8.530441284179688,101.56157684326172,126.40902709960938
0.436279296875,0.99462890625,-0.398193359375,-49.98779296875,225.4638671875,15.625,-11.451614379882812,98.37467956542969,135.42195129394528
0.503173828125,0.84765625,-0.411376953125,-47.2412109375,266.66259765625,16.2353515625,-14.013727188110352,94.70645904541016,146.0770263671875
0.496337890625,0.796142578125,-0.447265625,-41.32080078125,324.21875,21.240234375,-16.101421356201172,90.42254638671876,159.21644592285156
0.066162109375,0.4609375,-0.367919921875,-50.96435546875,314.3310546875,-30.2734375,-15.658260345458984,86.29174041748047,171.4106903076172
-0.02880859375,0.78857421875,-0.39208984375,-21.42333984375,267.2119140625,-0.244140625,-14.158900260925293,83.76262664794922,-177.9276885986328
0.103271484375,0.766845703125,-0.26953125,-11.90185546875,268.98193359375,-32.5927734375,-11.34605598449707,81.89036560058594,-167.4170379638672
0.303466796875,0.580078125,-0.251220703125,1.77001953125,270.69091796875,-45.8984375,-8.841618537902832,81.01659393310547,-156.7041015625
0.46826171875,0.60205078125,-0.22900390625,21.97265625,275.81787109375,-46.69189453125,-6.425926685333253,81.38189697265625,-146.15432739257812
0.00048828125,0.65869140625,-0.04296875,25.93994140625,286.31591796875,-40.771484375,-2.953181743621826,81.98473358154297,-135.10348510742188
-0.05859375,0.537353515625,-0.13671875,31.92138671875,279.84619140625,-46.142578125,0.3650598227977753,84.43136596679688,-124.92620086669922
-0.90625,0.91650390625,-0.13720703125,77.5146484375,223.08349609375,-55.84716796875,4.697926044464111,88.30487060546875,-116.12149810791016
-0.357666015625,0.941650390625,-0.103271484375,47.91259765625,156.18896484375,-62.80517578125,7.833545684814452,91.18180084228516,-109.8117446899414
-0.0185546875,0.989501953125,-0.254150390625,4.7607421875,137.87841796875,-85.205078125,10.507891654968262,92.38819885253906,-103.9468765258789
-0.090087890625,0.799560546875,-0.171142578125,-11.29150390625,133.7890625,-111.14501953125,14.471562385559082,93.551513671875,-98.161865234375
-0.01904296875,0.994384765625,-0.099609375,-12.0849609375,129.94384765625,-124.755859375,18.505447387695312,94.7891845703125,-92.35220336914062
-0.138916015625,1.071533203125,-0.078125,-17.4560546875,104.91943359375,-115.41748046875,21.88900184631348,95.27469635009766,-88.0514907836914
-0.191162109375,1.171142578125,-0.060546875,-62.1337890625,47.607421875,-68.42041015625,23.952592849731445,93.5730209350586,-85.78398895263672
-0.240966796875,1.2705078125,-0.076904296875,-107.23876953125,7.87353515625,-41.56494140625,25.074405670166016,89.43658447265625,-85.36961364746094
-0.159423828125,1.390380859375,-0.13818359375,-149.96337890625,-19.04296875,-17.822265625,24.99784278869629,82.67503356933594,-86.3697280883789
-0.226806640625,1.228271484375,-0.136474609375,-185.05859375,-65.36865234375,9.033203125,23.61393928527832,74.7429428100586,-88.82315063476562
-0.21484375,0.967041015625,-0.06591796875,-176.69677734375,-105.3466796875,26.4892578125,20.8853816986084,66.98634338378906,-92.41193389892578
-0.098876953125,1.001708984375,0.0205078125,-152.16064453125,-144.83642578125,48.03466796875,15.832122802734375,60.610755920410156,-97.06888580322266
-0.073974609375,1.074951171875,0.23046875,-106.201171875,-157.77587890625,10.80322265625,11.730935096740724,55.79414367675781,-102.15262603759766
-0.005615234375,0.877197265625,0.347412109375,-68.603515625,-152.587890625,-12.87841796875,8.169075012207031,52.62475204467773,-107.37322235107422
-0.08740234375,0.897216796875,0.263427734375,-24.0478515625,-164.794921875,-6.4697265625,3.899214029312134,51.5718879699707,-112.85319519042969
0.0908203125,0.927978515625,0.414306640625,-19.47021484375,-199.462890625,12.63427734375,-1.7859481573104858,51.23789978027344,-118.73664093017578
0.38427734375,0.829833984375,0.492431640625,-26.18408203125,-196.10595703125,-5.0048828125,-7.293517589569093,50.97472763061523,-124.9913101196289
0.585205078125,0.765869140625,0.56201171875,-26.42822265625,-161.92626953125,-50.47607421875,-10.006847381591797,51.002342224121094,-131.2608642578125
0.54345703125,0.80029296875,0.554443359375,-6.89697265625,-115.966796875,-74.8291015625,-11.283997535705565,51.90105056762695,-136.87615966796878
0.672607421875,0.68603515625,0.565673828125,10.07080078125,-109.7412109375,-56.33544921875,-13.130608558654785,53.300865173339844,-141.84271240234375
0.69921875,0.76416015625,0.435546875,53.7109375,-66.40625,-53.52783203125,-13.349334716796875,56.90906524658203,-145.1682586669922
0.77587890625,0.777587890625,0.41357421875,100.830078125,-7.9345703125,-83.92333984375,-11.69631576538086,61.52876281738281,-147.27223205566406
0.575927734375,0.96337890625,0.36083984375,116.3330078125,23.681640625,-88.5009765625,-8.795416831970215,66.56920623779297,-148.05166625976562
0.577392578125,1.177490234375,0.349365234375,106.14013671875,31.06689453125,-67.68798828125,-6.354029655456543,71.02930450439453,-147.7113494873047
0.45654296875,1.2763671875,0.13134765625,57.373046875,64.697265625,-34.0576171875,-4.8077964782714835,73.59619140625,-145.70701599121094
0.51513671875,1.28564453125,0.28076171875,24.84130859375,96.49658203125,-42.41943359375,-2.7838003635406494,74.51073455810547,-142.4620819091797
0.45654296875,0.915283203125,0.12841796875,-17.02880859375,112.60986328125,-16.357421875,-2.177423477172852,73.7874984741211,-137.95072937011722
1.796142578125,1.358154296875,0.066162109375,-14.09912109375,125.1220703125,136.77978515625,-7.753389358520508,72.9844970703125,-131.58642578125
0.28076171875,0.73876953125,0.044677734375,12.8173828125,144.47021484375,50.96435546875,-8.553984642028809,73.10230255126953,-125.47367095947266
-0.012451171875,0.70751953125,0.015869140625,25.57373046875,155.3955078125,64.0869140625,-8.632777214050293,74.09577941894531,-119.2457504272461
0.11181640625,0.697509765625,-0.012939453125,56.09130859375,93.44482421875,50.29296875,-9.66331386566162,76.32180786132812,-115.16986083984376
-0.342041015625,0.88818359375,-0.18017578125,76.47705078125,147.15576171875,19.95849609375,-8.107338905334473,79.34996032714844,-109.30870056152344
-0.430908203125,0.94677734375,-0.217041015625,66.10107421875,118.83544921875,3.47900390625,-6.285759449005128,81.95008850097656,-105.3730010986328
-0.261474609375,0.8291015625,-0.1884765625,49.98779296875,53.64990234375,3.5400390625,-5.291292667388916,84.49522399902344,-103.28214263916016
-0.194091796875,0.33642578125,-0.052001953125,39.24560546875,-11.71875,-17.822265625,-3.3198120594024663,86.57984161376953,-103.82879638671876
0.395751953125,1.010009765625,-0.3095703125,96.98486328125,10.19287109375,-28.6865234375,-1.607379913330078,90.68428802490234,-102.96328735351562
-0.28857421875,1.18701171875,-0.31787109375,82.45849609375,17.9443359375,-8.7890625,-0.7126647830009459,94.50080871582031,-102.22718048095705
0.033935546875,0.888427734375,-0.255126953125,76.171875,-1.64794921875,26.06201171875,-1.7926796674728394,97.99288177490234,-102.41657257080078
0.154296875,1.01708984375,-0.348876953125,55.0537109375,-24.10888671875,60.9130859375,-4.6341514587402335,100.46566009521484,-103.72344970703124
0.0693359375,1.10986328125,-0.464599609375,30.76171875,-20.8740234375,94.482421875,-8.104824066162111,102.34391021728516,-105.3474349975586
0.08447265625,1.162353515625,-0.443359375,-3.662109375,-27.099609375,99.365234375,-11.56196403503418,102.86029052734376,-107.35879516601562
0.407958984375,0.995849609375,-0.395751953125,-57.31201171875,-28.99169921875,64.14794921875,-18.05280876159668,100.89280700683594,-109.08750915527344
-0.010498046875,1.233642578125,-0.388427734375,-63.96484375,22.94921875,179.19921875,-24.51679611206055,98.72727966308594,-109.5538330078125
0.116943359375,1.059814453125,-0.357421875,-31.31103515625,6.4697265625,91.24755859375,-27.436174392700195,98.0307388305664,-110.0571517944336
0.2216796875,1.34912109375,-0.332275390625,-15.80810546875,-6.7138671875,23.86474609375,-26.22886657714844,97.80933380126952,-111.2647476196289
0.568115234375,1.368896484375,-0.296875,-51.513671875,-46.7529296875,-54.50439453125,-23.67070007324219,96.65079498291016,-113.07365417480469
0.362548828125,1.2294921875,-0.1103515625,-82.58056640625,-54.99267578125,-57.861328125,-20.873048782348636,94.08206176757812,-115.17190551757812
0.25341796875,1.062255859375,-0.028076171875,-96.435546875,-69.03076171875,-74.951171875,-16.932001113891598,91.38248443603516,-118.17154693603516
0.31494140625,1.067626953125,-0.112548828125,-78.2470703125,-96.37451171875,-132.38525390625,-11.599566459655762,89.39569854736328,-122.1357879638672
0.280029296875,1.025390625,-0.01708984375,-73.66943359375,-93.93310546875,-145.56884765625,-6.051102161407472,87.1076431274414,-126.09502410888672
0.24755859375,0.962646484375,-0.01806640625,-89.84375,-97.412109375,-140.7470703125,-1.199582576751709,83.73505401611328,-130.42025756835938
0.205322265625,0.957275390625,-0.009521484375,-109.2529296875,-98.876953125,-126.5869140625,2.801894426345825,79.5539321899414,-135.03463745117188
0.199951171875,1.0126953125,0.00439453125,-114.8681640625,-97.71728515625,-118.7744140625,6.027847290039063,74.9722900390625,-139.84608459472656
0.194580078125,1.052001953125,0.05908203125,-111.14501953125,-95.76416015625,-118.83544921875,8.811387062072754,70.43073272705078,-144.7923126220703
0.19287109375,1.067138671875,0.131103515625,-98.93798828125,-85.02197265625,-118.95751953125,11.245260238647461,66.09381866455078,-149.6692657470703
0.167236328125,1.008056640625,0.154296875,-91.1865234375,-79.4677734375,-113.28125,13.153090476989744,62.00015258789063,-154.462646484375
0.137939453125,0.89208984375,0.17138671875,-86.181640625,-78.7353515625,-98.08349609375,13.970294952392578,58.18488693237305,-158.91311645507812
0.05419921875,0.745361328125,0.23046875,-74.70703125,-69.03076171875,-73.486328125,14.225116729736328,54.79877853393555,-162.79258728027344
0.0498046875,0.688720703125,0.27490234375,-65.85693359375,-55.17578125,-52.79541015625,13.922022819519045,51.94525146484375,-165.76475524902344
0.015380859375,0.622314453125,0.267822265625,-59.326171875,-37.7197265625,-23.8037109375,12.976577758789062,49.97867965698242,-166.9409942626953
0.009033203125,0.5263671875,0.27685546875,-43.27392578125,-13.7939453125,21.6064453125,11.431568145751953,48.76684951782226,-166.68002319335938
-0.01953125,0.58642578125,0.299072265625,-30.1513671875,-9.6435546875,45.22705078125,9.452242851257324,48.2868537902832,-165.64649963378906
0.00048828125,0.556396484375,0.305419921875,-24.96337890625,-8.72802734375,62.5,7.046775817871094,48.03722763061523,-163.97003173828125
-0.002197265625,0.61962890625,0.40380859375,-14.404296875,-5.37109375,91.73583984375,3.9096720218658447,48.02304458618164,-161.63096618652344
-0.1162109375,0.482666015625,0.650146484375,-12.14599609375,11.5966796875,123.53515625,0.7451271414756775,47.23088073730469,-157.99908447265625
-0.413330078125,0.974853515625,0.551513671875,7.9345703125,41.56494140625,135.498046875,-0.9396546483039856,48.39742660522461,-152.8679962158203
-0.570068359375,1.216552734375,0.71435546875,37.17041015625,86.3037109375,92.529296875,-0.6221422553062439,50.20984649658203,-147.8369903564453
-0.233154296875,1.242431640625,0.642333984375,41.6259765625,144.8974609375,45.2880859375,1.960998296737671,52.40921401977539,-142.1800537109375
-0.013427734375,1.30029296875,0.4267578125,46.9970703125,189.94140625,35.70556640625,5.186249256134033,55.46855163574219,-134.89907836914062
0.005615234375,1.240234375,0.241455078125,39.0625,194.9462890625,39.4287109375,7.861827850341798,58.77614212036133,-127.37503051757812
0.0830078125,1.245361328125,0.248291015625,19.59228515625,178.52783203125,31.79931640625,9.850133895874023,61.390380859375,-120.37386322021484
0.192138671875,1.118896484375,0.2158203125,-15.80810546875,171.630859375,27.16064453125,11.453774452209473,62.195068359375,-113.56829833984376
0.167724609375,1.080078125,0.179443359375,-51.45263671875,176.57470703125,20.81298828125,13.21306324005127,62.3086929321289,-106.62918090820312
0.180908203125,1.056640625,0.14794921875,-59.26513671875,172.36328125,19.8974609375,14.827303886413574,62.33049011230469,-99.77558135986328
0.209228515625,1.118408203125,0.13818359375,-58.4716796875,162.4755859375,21.3623046875,16.004350662231445,62.47346496582031,-93.32857513427734
0.21875,1.190673828125,0.1943359375,-63.1103515625,139.6484375,22.03369140625,16.814582824707028,62.2535629272461,-87.53721618652344
0.22998046875,1.25,0.17431640625,-73.79150390625,109.2529296875,10.986328125,17.475072860717773,61.34567260742188,-83.04688262939453
0.20361328125,1.13232421875,0.2666015625,-95.39794921875,83.80126953125,3.47900390625,17.835115432739258,58.82543563842773,-80.02265167236328
0.1416015625,0.951904296875,0.24951171875,-103.02734375,64.3310546875,5.31005859375,18.062557220458984,56.12077713012695,-77.38899993896484
0.094482421875,0.798583984375,0.185302734375,-91.49169921875,56.09130859375,4.150390625,18.30352020263672,53.94391250610352,-75.06978607177734
0.095947265625,0.703125,0.17919921875,-66.89453125,47.91259765625,2.5634765625,18.290576934814453,52.99279022216797,-73.18763732910156
0.1318359375,0.710693359375,0.166015625,-41.9921875,32.53173828125,12.451171875,17.647315979003906,52.69314193725586,-71.4767837524414
0.1513671875,0.731689453125,0.1669921875,-37.29248046875,20.263671875,23.13232421875,16.357643127441403,52.52819442749024,-69.92083740234375
0.131103515625,0.796142578125,0.2001953125,-41.19873046875,5.859375,27.89306640625,14.573861122131348,51.90126037597656,-68.94842529296875
0.1328125,0.81591796875,0.22607421875,-49.6826171875,-11.23046875,23.681640625,12.694414138793945,50.85608291625977,-68.47122192382811
0.123046875,0.8642578125,0.2890625,-53.955078125,-18.73779296875,19.6533203125,10.854817390441896,49.49074935913086,-68.35918426513672
0.0419921875,1.033203125,0.4814453125,-58.77685546875,-26.85546875,14.0380859375,9.151834487915039,47.47675704956055,-68.88648223876953
-0.010009765625,0.96533203125,0.542724609375,-67.2607421875,-33.50830078125,0.30517578125,7.8913307189941415,45.16279602050781,-69.7703857421875
-0.1689453125,0.964599609375,0.748291015625,-48.52294921875,-34.72900390625,-3.2958984375,6.994693279266357,43.35440444946289,-70.8084716796875
-0.41259765625,0.83154296875,1.00244140625,-18.49365234375,-21.1181640625,-6.8359375,7.299324989318848,42.79530334472656,-71.41134643554688
-0.3115234375,0.72021484375,1.041748046875,14.5263671875,30.2734375,-4.150390625,8.552193641662598,43.14778518676758,-70.73973083496094
-0.118408203125,0.73974609375,0.83349609375,21.17919921875,67.68798828125,31.1279296875,9.536133766174316,44.36135482788086,-67.94265747070311
-0.05517578125,0.832763671875,0.565185546875,17.7001953125,83.49609375,55.35888671875,10.000475883483887,46.25149917602539,-63.71415328979492
0.019775390625,0.856689453125,0.490234375,18.6767578125,83.251953125,62.8662109375,9.970882415771484,48.27283477783203,-59.40983581542969
0.04638671875,0.83642578125,0.440673828125,23.0712890625,77.20947265625,56.57958984375,9.761042594909668,50.40087509155274,-55.44895553588867
0.05615234375,0.824951171875,0.42431640625,26.91650390625,65.49072265625,43.701171875,9.519081115722656,52.43744277954102,-52.487770080566406
0.02685546875,0.781982421875,0.436767578125,28.3203125,48.15673828125,32.958984375,9.162779808044434,54.2745475769043,-50.07621765136719
-0.007080078125,0.7890625,0.4619140625,30.21240234375,43.212890625,37.353515625,8.573317527770996,56.03827667236328,-47.74930191040039
-0.109130859375,0.78564453125,0.53662109375,31.494140625,36.19384765625,39.794921875,7.8848934173583975,57.66191864013672,-45.72050476074219
-0.132080078125,0.954345703125,0.57421875,54.6875,27.52685546875,45.22705078125,6.856715679168701,60.12700271606445,-43.82642364501953
-0.06982421875,0.92724609375,0.64306640625,66.0400390625,29.35791015625,51.08642578125,5.490427017211914,62.7738151550293,-41.8386116027832
-0.346923828125,1.00390625,0.89794921875,99.12109375,8.9111328125,52.67333984375,3.870021104812622,66.73712921142578,-40.73276138305664
-0.216064453125,1.02783203125,0.666748046875,151.30615234375,43.64013671875,96.19140625,1.1204572916030884,72.51651000976562,-37.78363037109375
-0.2451171875,1.0234375,0.568603515625,202.20947265625,84.04541015625,111.87744140625,-2.003753423690796,80.1001205444336,-33.465011596679695
-0.244384765625,1.15869140625,0.541259765625,223.876953125,96.86279296875,74.3408203125,-3.336455821990967,88.11492919921875,-29.379892349243164
-0.1953125,1.216552734375,0.57470703125,176.3916015625,90.8203125,20.08056640625,-3.771794319152832,94.01970672607422,-25.690269470214844
-0.2236328125,1.18896484375,0.497314453125,117.67578125,103.271484375,7.6904296875,-3.9831311702728267,97.42044830322266,-21.526185989379886
-0.20361328125,1.18212890625,0.3974609375,67.93212890625,114.990234375,-20.81298828125,-2.685438632965088,98.36705017089844,-16.650932312011722
-0.196533203125,1.134765625,0.320068359375,28.4423828125,124.755859375,-83.1298828125,0.3160969913005829,98.45840454101562,-11.181549072265623
-0.1533203125,1.05126953125,0.2998046875,9.6435546875,132.4462890625,-122.9248046875,4.685082912445068,98.15874481201172,-5.226236343383789
-0.047119140625,0.9033203125,0.207763671875,-1.28173828125,144.1650390625,-128.96728515625,8.443737983703612,97.97992706298828,1.4325399398803709
-0.00048828125,0.887939453125,0.271728515625,-15.625,180.84716796875,-94.970703125,10.883874893188477,97.67619323730469,9.079324722290039
-0.1015625,0.881103515625,0.193359375,-38.9404296875,183.77685546875,-94.482421875,13.504703521728516,96.99439239501952,16.875938415527347
-0.01904296875,0.70703125,0.1162109375,-55.23681640625,181.2744140625,-85.0830078125,15.46143913269043,95.8402328491211,24.43095779418945
0.072021484375,0.739501953125,0.0908203125,-70.4345703125,171.38671875,-62.68310546875,16.506336212158207,94.5121078491211,31.63314819335937
0.187255859375,0.71728515625,0.048095703125,-76.84326171875,165.58837890625,-29.84619140625,16.063621520996097,93.05487823486328,38.514930725097656
0.109375,0.6416015625,-0.07275390625,-85.02197265625,172.9736328125,10.31494140625,13.991832733154295,91.55816650390624,45.47727966308594
0.01904296875,0.595947265625,-0.055908203125,-68.78662109375,144.4091796875,40.8935546875,11.631354331970215,90.25753784179688,51.40414047241211
