-0.075439453125,0.9951171875,-0.03271484375,-9.033203125,-5.126953125,2.3193359375,2.1046571731567383,82.8898696899414,99.05459594726562
-0.07275390625,0.988037109375,-0.00390625,-8.7890625,-5.06591796875,1.40380859375,2.1084825992584233,82.80646514892578,98.86993408203124
-0.072265625,0.986572265625,-0.02587890625,-8.544921875,-4.82177734375,2.01416015625,2.0883584022521973,82.78681945800781,98.70006561279295
-0.071044921875,0.97705078125,-0.011474609375,-9.033203125,-5.06591796875,1.5869140625,2.0700600147247314,82.70003509521484,98.5063934326172
-0.065673828125,1.0029296875,-0.0234375,-8.36181640625,-5.2490234375,1.89208984375,2.036306381225586,82.6852035522461,98.31890869140624
-0.072021484375,0.98046875,0.00390625,-9.09423828125,-4.94384765625,1.953125,2.0205326080322266,82.58027648925781,98.14144134521484
-0.07568359375,0.98779296875,-0.01123046875,-8.11767578125,-4.82177734375,2.38037109375,1.9647417068481443,82.56449127197266,97.97823333740234
-0.056640625,0.991943359375,-0.019775390625,-8.97216796875,-5.615234375,2.13623046875,1.9041416645050049,82.52289581298828,97.77708435058594
-0.069580078125,0.986328125,-0.0244140625,-7.26318359375,-4.82177734375,1.953125,1.8875973224639893,82.56298065185547,97.60650634765624
-0.064208984375,0.98388671875,-0.00927734375,-9.033203125,-4.94384765625,1.8310546875,1.868850350379944,82.48511505126953,97.44031524658205
-0.067626953125,0.998291015625,-0.0166015625,-8.60595703125,-5.06591796875,2.25830078125,1.8337754011154173,82.45465850830078,97.26095581054688
-0.06640625,0.997802734375,-0.02001953125,-8.97216796875,-4.82177734375,1.46484375,1.829935073852539,82.41873931884766,97.08737182617188
-0.0634765625,0.978271484375,-0.006591796875,-7.9345703125,-4.5166015625,2.13623046875,1.7950345277786257,82.42872619628906,96.92626953125
-0.06298828125,0.99658203125,-0.00732421875,-8.48388671875,-4.94384765625,1.8310546875,1.7698507308959959,82.38484954833984,96.74871063232422
-0.079833984375,0.969482421875,0.005859375,-9.033203125,-4.8828125,2.25830078125,1.7719621658325195,82.2903060913086,96.57466888427734
-0.0712890625,0.986328125,-0.016357421875,-8.23974609375,-5.126953125,1.89208984375,1.7535499334335327,82.2537841796875,96.36874389648438
-0.09375,0.972412109375,0.0068359375,-7.568359375,-4.69970703125,2.13623046875,1.7934123277664185,82.22061157226562,96.20146942138672
-0.06787109375,0.99169921875,-0.02978515625,-8.4228515625,-4.69970703125,2.685546875,1.7472734451293943,82.23875427246094,96.0402603149414
-0.078125,0.984130859375,-0.023193359375,-9.21630859375,-5.06591796875,3.173828125,1.7235981225967407,82.203369140625,95.86585998535156
-0.0615234375,1.00341796875,-0.026611328125,-7.75146484375,-4.5166015625,2.13623046875,1.686745524406433,82.24171447753906,95.70842742919922
-0.065185546875,0.98583984375,-0.01123046875,-8.36181640625,-4.57763671875,2.197265625,1.6593686342239382,82.21996307373047,95.54753875732422
-0.06103515625,0.99755859375,-0.006591796875,-8.7890625,-4.94384765625,1.89208984375,1.6356985569000244,82.25316619873047,95.39230346679688
-0.072021484375,0.97900390625,-0.007080078125,-8.72802734375,-5.0048828125,2.0751953125,1.6296843290328982,82.2063980102539,95.21315002441406
-0.070068359375,0.985107421875,-0.01025390625,-9.1552734375,-5.2490234375,2.38037109375,1.604918122291565,82.15142059326172,95.02628326416016
-0.080322265625,0.991943359375,-0.013427734375,-8.056640625,-4.638671875,2.197265625,1.5931946039199831,82.0988540649414,94.843994140625
-0.053955078125,0.984130859375,-0.016357421875,-9.1552734375,-5.31005859375,2.44140625,1.5299925804138184,82.06256103515625,94.65570831298828
-0.071533203125,0.98291015625,-0.009521484375,-8.36181640625,-4.94384765625,1.953125,1.530980348587036,82.0438461303711,94.4784698486328
-0.06298828125,0.9873046875,-0.0078125,-8.97216796875,-5.37109375,2.197265625,1.5103782415390017,82.06436920166016,94.32275390625
-0.0732421875,0.993408203125,-0.034912109375,-8.60595703125,-4.45556640625,2.50244140625,1.4954241514205933,82.09362030029297,94.16921997070312
-0.069091796875,0.991943359375,-0.015869140625,-8.60595703125,-4.638671875,1.77001953125,1.4997304677963257,82.07859802246094,94.00321197509766
-0.067626953125,0.9921875,-0.01708984375,-7.8125,-5.126953125,2.0751953125,1.5051792860031128,82.13358306884766,93.85041046142578
-0.07421875,0.974365234375,-0.002685546875,-7.62939453125,-4.69970703125,2.25830078125,1.5042279958724976,82.12605285644531,93.68370056152344
-0.06396484375,0.992919921875,-0.014404296875,-7.9345703125,-4.08935546875,1.8310546875,1.4969949722290041,82.13392639160156,93.53971862792969
-0.06396484375,0.9755859375,-0.00830078125,-8.72802734375,-5.0048828125,2.38037109375,1.4592679738998413,82.10089874267578,93.359375
-0.071533203125,0.987548828125,-0.0048828125,-8.11767578125,-4.8828125,2.0751953125,1.4578493833541868,82.08007049560547,93.1844253540039
-0.059326171875,0.9990234375,-0.018798828125,-8.544921875,-5.0048828125,1.64794921875,1.4432743787765503,82.0743408203125,93.0032958984375
-0.07958984375,0.979736328125,-0.00537109375,-9.27734375,-4.8828125,1.77001953125,1.4309290647506714,82.05310821533203,92.81935119628906
-0.079833984375,0.9794921875,-0.01025390625,-8.6669921875,-4.39453125,1.77001953125,1.4656479358673096,82.02488708496094,92.6623306274414
-0.072998046875,0.998779296875,-0.009765625,-8.11767578125,-4.39453125,2.0751953125,1.467917799949646,82.0184097290039,92.50727081298828
-0.073486328125,0.98779296875,0.0009765625,-8.60595703125,-4.638671875,2.44140625,1.455789566040039,81.93423461914062,92.3143539428711
-0.0712890625,0.990966796875,-0.013916015625,-8.23974609375,-4.33349609375,2.13623046875,1.4535648822784424,81.9361343383789,92.1624984741211
-0.0673828125,0.979248046875,-0.021728515625,-8.60595703125,-5.43212890625,2.50244140625,1.4239716529846191,81.94070434570312,91.9695816040039
-0.073486328125,0.978759765625,-0.01123046875,-8.4228515625,-4.94384765625,2.0751953125,1.458251714706421,81.91242218017578,91.7613754272461
-0.06201171875,0.9921875,-0.008056640625,-8.9111328125,-5.126953125,2.197265625,1.4276889562606812,81.87447357177734,91.57823944091795
-0.077880859375,0.988525390625,-0.017822265625,-9.21630859375,-4.94384765625,1.77001953125,1.4529379606246948,81.84784698486328,91.4003448486328
-0.0693359375,0.9970703125,0.00732421875,-8.544921875,-5.126953125,1.953125,1.4288069009780884,81.80561065673828,91.22459411621094
-0.07958984375,0.98193359375,-0.013427734375,-8.48388671875,-4.33349609375,1.89208984375,1.457489848136902,81.80175018310547,91.07149505615234
-0.072998046875,0.974853515625,-0.0205078125,-8.9111328125,-4.638671875,2.3193359375,1.4525996446609497,81.79736328125,90.90934753417969
0.030029296875,1.074462890625,-0.1552734375,-20.5078125,7.50732421875,-3.662109375,3.3942856788635254,80.78633880615234,90.26862335205078
-0.117431640625,0.9287109375,0.043212890625,-14.404296875,11.53564453125,16.845703125,2.955906629562378,80.48531341552734,90.8459930419922
-0.13330078125,0.865966796875,0.049072265625,-2.86865234375,11.962890625,29.96826171875,2.082659244537353,80.6314926147461,91.52310943603516
0.0146484375,1.041748046875,-0.222412109375,-6.16455078125,-1.03759765625,15.0146484375,1.7925690412521362,80.88652801513672,91.20440673828124
-0.455078125,0.92431640625,-0.046142578125,-4.150390625,-62.6220703125,9.33837890625,1.9812370538711548,81.05184936523438,88.7968521118164
-0.2431640625,0.8251953125,0.04833984375,12.0849609375,-134.33837890625,23.62060546875,0.8260218501091003,81.60633850097656,83.63139343261719
-0.04296875,1.005615234375,-0.065673828125,-15.31982421875,-6.2255859375,2.74658203125,-0.6179594993591309,81.75889587402344,80.71772003173828
-0.10107421875,0.9658203125,0.031494140625,-12.939453125,-6.591796875,10.19287109375,-0.7970009446144104,81.48052215576172,80.51072692871094
-0.016357421875,0.981689453125,-0.01220703125,-9.21630859375,-3.90625,9.521484375,-1.1259849071502686,81.46410369873047,80.40618896484375
0.03662109375,0.98046875,-0.005615234375,-9.765625,33.8134765625,-4.5166015625,-0.20236989855766296,82.16374969482422,81.86959075927734
-0.159912109375,0.99169921875,-0.081787109375,-11.29150390625,31.1279296875,-1.15966796875,0.37655916810035706,82.1883773803711,83.09461212158203
-0.134521484375,0.941650390625,-0.12451171875,-11.29150390625,1.77001953125,3.7841796875,0.5406180620193481,82.32020568847656,83.18787384033203
-0.006591796875,1.0,-0.04638671875,-9.27734375,-5.859375,1.40380859375,0.6082859039306641,82.21293640136719,82.92523193359375
-0.318359375,1.017822265625,0.14697265625,-6.591796875,-13.85498046875,-0.91552734375,1.2196637392044067,81.9094467163086,82.36685943603516
-0.09423828125,1.081298828125,-0.011962890625,0.1220703125,-56.45751953125,2.197265625,0.9788448810577391,82.2012710571289,80.14785766601562
-0.1162109375,1.006103515625,-0.080810546875,0.91552734375,-50.10986328125,2.44140625,0.7079903483390808,82.52989959716797,78.19093322753906
-0.117919921875,0.982666015625,0.01708984375,1.0986328125,-63.04931640625,5.18798828125,0.4327901303768158,82.78903198242188,75.71737670898438
-0.134033203125,1.06982421875,-0.10009765625,0.42724609375,-69.091796875,2.38037109375,0.27831926941871643,83.26656341552734,72.98858642578125
-0.251953125,1.01416015625,-0.116943359375,-10.1318359375,-89.4775390625,5.79833984375,-0.6381313800811768,83.23480987548828,69.10829162597656
0.01318359375,0.955078125,-0.0732421875,-9.3994140625,-68.17626953125,16.17431640625,-1.5937458276748655,83.33633422851562,66.46768188476561
-0.06884765625,0.945556640625,-0.014892578125,-6.2255859375,-43.51806640625,14.6484375,-2.140328884124756,83.42635345458984,64.794189453125
-0.123291015625,0.980224609375,-0.0224609375,-20.32470703125,-15.19775390625,13.18359375,-2.449000597000122,82.9051742553711,61.84278869628906
-0.29638671875,0.96142578125,0.064208984375,-18.4326171875,-53.5888671875,14.0380859375,-2.510470151901245,82.36763000488281,59.77354431152344
-0.06640625,1.08251953125,-0.070068359375,2.8076171875,-76.47705078125,-0.6103515625,-2.6260995864868164,83.04961395263672,56.71415710449219
-0.128173828125,0.987060546875,0.08349609375,8.1787109375,-71.96044921875,-3.47900390625,-2.358922481536865,83.50752258300781,53.58268356323242
-0.07421875,0.9931640625,-0.096923828125,5.615234375,-101.9287109375,-1.64794921875,-2.4491424560546875,84.3634262084961,49.50042343139648
0.196533203125,1.064208984375,-0.20751953125,7.2021484375,-62.255859375,7.99560546875,-3.2927517890930176,85.40543365478516,47.01538848876953
-0.293212890625,1.070556640625,-0.07568359375,-0.30517578125,-44.677734375,18.1884765625,-3.988663673400879,85.57886505126953,45.021141052246094
0.052490234375,0.937255859375,-0.0419921875,-28.25927734375,-78.79638671875,-3.662109375,-4.061721324920653,84.93385314941406,41.84203720092773
0.03662109375,1.01513671875,-0.178955078125,-9.765625,-18.6767578125,-1.52587890625,-3.987070798873901,85.17548370361328,41.049354553222656
-0.066650390625,0.882568359375,-0.009033203125,-15.07568359375,-6.4697265625,-5.18798828125,-3.4413304328918457,85.0105209350586,40.77649307250977
-0.104248046875,1.0341796875,-0.014404296875,-3.60107421875,-5.06591796875,-3.0517578125,-2.973405122756958,85.09260559082031,40.550235748291016
0.017578125,0.9501953125,0.0234375,-12.39013671875,-3.11279296875,7.2021484375,-3.193897485733032,84.726318359375,40.44367980957031
0.090576171875,0.885986328125,0.3486328125,-21.42333984375,-12.39013671875,9.3994140625,-3.422163963317871,83.35843658447266,39.9090461730957
0.111572265625,0.97802734375,0.0068359375,-7.62939453125,-12.39013671875,-3.35693359375,-3.4673900604248047,83.31537628173828,39.38713455200195
-0.300048828125,0.916015625,-0.04150390625,-7.26318359375,-9.3994140625,-2.5634765625,-2.5733962059021,83.38084411621094,38.97877883911133
-0.023681640625,1.006103515625,0.034423828125,-11.962890625,-8.11767578125,-8.4228515625,-1.5890791416168213,83.13082885742188,38.62416458129883
-0.022216796875,0.67138671875,0.443603515625,-26.2451171875,1.77001953125,1.46484375,-1.517892360687256,81.04645538330078,38.7283935546875
0.0908203125,0.895751953125,0.22509765625,4.0283203125,17.7001953125,6.34765625,-1.8226014375686648,80.9667739868164,39.47371292114258
-0.24951171875,0.95068359375,-0.019287109375,12.0849609375,17.39501953125,11.962890625,-2.0409810543060303,81.6736068725586,39.513427734375
-0.07958984375,0.950927734375,-0.07080078125,-3.2958984375,-3.0517578125,10.498046875,-2.204230546951294,82.0245361328125,39.433372497558594
-0.06103515625,0.986083984375,-0.043701171875,-4.39453125,-3.90625,15.56396484375,-2.6136727333068848,82.25204467773438,39.34576797485352
-0.086669921875,1.015869140625,-0.090087890625,-8.9111328125,-5.79833984375,16.66259765625,-3.0659067630767822,82.36797332763672,39.13131713867188
-0.082275390625,1.033203125,-0.080810546875,-19.53125,8.72802734375,17.76123046875,-3.422856330871582,82.02473449707031,39.54541015625
-0.22119140625,0.9208984375,0.031494140625,-23.98681640625,5.126953125,18.12744140625,-3.447587490081787,81.2657241821289,39.83218765258789
0.05322265625,0.92626953125,0.1591796875,-20.44677734375,-27.89306640625,21.3623046875,-3.4086306095123287,81.77742767333984,38.33936309814453
-0.005615234375,0.8662109375,0.01953125,-21.17919921875,-38.02490234375,-2.38037109375,-3.3836050033569336,81.2815170288086,36.80122756958008
-0.107666015625,0.9287109375,-0.0126953125,-18.06640625,-42.724609375,-31.73828125,-1.9958758354187007,81.00761413574219,34.89516448974609
-0.177490234375,1.081787109375,-0.04541015625,-1.77001953125,-55.7861328125,-42.17529296875,-0.1646229773759842,80.28231811523438,32.11605453491211
0.12939453125,1.3037109375,-0.089111328125,14.58740234375,-81.84814453125,-3.72314453125,-0.7437570095062256,81.41080474853516,28.856948852539066
-0.01025390625,1.23486328125,-0.020751953125,-20.20263671875,-74.89013671875,8.36181640625,-1.4712930917739868,81.02266693115234,25.940025329589844
-0.162109375,1.224365234375,-0.01171875,-29.72412109375,-80.99365234375,16.357421875,-2.1074137687683105,80.33743286132812,23.05900764465332
-0.364501953125,1.211669921875,-0.03173828125,-21.78955078125,-105.04150390625,27.40478515625,-3.1511807441711426,80.05706024169922,19.077600479125977
-0.18701171875,1.240234375,-0.041259765625,-5.615234375,-126.28173828125,22.8271484375,-4.418231964111328,80.60137176513672,14.214126586914062
-0.278564453125,1.34619140625,-0.06787109375,5.859375,-123.1689453125,7.4462890625,-4.724295139312744,81.79484558105469,9.007146835327148
-0.241455078125,1.623046875,-0.1640625,8.6669921875,-142.333984375,-5.37109375,-4.724238872528076,83.14263916015625,3.2787685394287114
-0.189208984375,1.78076171875,-0.23193359375,-0.54931640625,-141.357421875,-6.65283203125,-4.646728992462158,84.1316909790039,-2.4287142753601074
-0.082763671875,1.853271484375,-0.328369140625,-23.4375,-123.71826171875,-2.74658203125,-4.793790817260742,83.77025604248047,-6.927216529846191
-0.220947265625,1.641357421875,-0.183349609375,-49.49951171875,-88.56201171875,1.708984375,-4.785349845886231,82.56647491455078,-10.496010780334473
-0.245361328125,1.51220703125,-0.15185546875,-30.6396484375,-100.89111328125,-6.65283203125,-4.499380588531494,82.16983795166016,-14.589273452758787
-0.26123046875,1.5087890625,-0.1875,-0.06103515625,-116.14990234375,-6.53076171875,-4.437424182891847,83.4569320678711,-19.335643768310547
-0.1025390625,1.45654296875,-0.2021484375,20.81298828125,-99.91455078125,3.5400390625,-4.630535125732422,85.15849304199219,-23.350139617919922
-0.0712890625,1.401123046875,-0.150390625,31.3720703125,-73.2421875,15.625,-5.1438331604003915,87.07990264892578,-26.27325820922852
-0.035888671875,1.28564453125,-0.1279296875,34.0576171875,-47.42431640625,33.75244140625,-6.570384979248048,88.90785217285156,-27.90983390808105
0.01513671875,1.09033203125,-0.092041015625,30.94482421875,-15.19775390625,55.5419921875,-8.556356430053711,90.44652557373048,-28.54114532470703
0.0361328125,0.9453125,-0.061767578125,26.2451171875,7.87353515625,68.42041015625,-11.035849571228027,91.56708526611328,-28.295839309692386
0.05712890625,0.823486328125,-0.004150390625,17.9443359375,23.25439453125,72.81494140625,-13.816455841064453,91.90583038330078,-27.129358291625977
0.0810546875,0.767822265625,0.035888671875,8.36181640625,54.50439453125,83.31298828125,-16.897438049316403,91.46321105957031,-24.937297821044922
0.056396484375,0.703857421875,0.064208984375,-5.55419921875,72.08251953125,89.29443359375,-20.01702690124512,89.99765014648438,-21.88219451904297
0.020751953125,0.583984375,0.133544921875,-11.5966796875,75.68359375,89.111328125,-22.57655334472656,87.7530288696289,-18.52123260498047
0.04443359375,0.578369140625,0.0986328125,-12.939453125,53.16162109375,77.5146484375,-24.841960906982425,85.89171600341797,-15.910497665405273
0.09521484375,0.609619140625,0.075927734375,-30.82275390625,50.84228515625,74.70703125,-26.99373435974121,83.39511108398438,-13.314550399780273
0.15576171875,0.5830078125,0.11767578125,-55.96923828125,57.2509765625,77.69775390625,-29.12372589111328,79.03248596191406,-10.113311767578123
0.11376953125,0.458740234375,0.15380859375,-74.8291015625,40.46630859375,65.97900390625,-30.697458267211914,74.44491577148438,-7.462891578674316
0.220947265625,0.491943359375,0.142822265625,-82.3974609375,24.7802734375,61.46240234375,-32.43593215942383,70.07295227050781,-5.474494934082031
0.2626953125,0.53759765625,0.147216796875,-96.86279296875,27.4658203125,63.3544921875,-34.03317642211914,64.83118438720703,-3.1977577209472656
0.285888671875,0.560302734375,0.16259765625,-109.06982421875,21.66748046875,60.60791015625,-35.47235107421875,59.54032897949219,-1.120769500732422
0.351806640625,0.60107421875,0.202880859375,-111.99951171875,20.263671875,62.6220703125,-36.89430618286133,54.06690216064453,1.1142511367797852
0.315185546875,0.59228515625,0.26123046875,-105.16357421875,9.1552734375,61.4013671875,-38.36863708496094,49.34722137451172,2.773418426513672
0.445068359375,0.685791015625,0.245849609375,-92.83447265625,-9.1552734375,70.068359375,-40.47771072387695,45.18970108032226,4.318895339965819
0.431396484375,0.688232421875,0.271728515625,-92.34619140625,-3.35693359375,79.1015625,-42.43203353881836,40.56988143920898,6.6018829345703125
0.39306640625,0.730224609375,0.2958984375,-86.42578125,-4.69970703125,86.60888671875,-44.43569564819336,36.06300354003906,9.28716278076172
0.4501953125,0.775390625,0.3046875,-82.763671875,-6.2255859375,95.5810546875,-46.36485290527344,31.20818328857422,12.52922248840332
0.414794921875,0.702392578125,0.34130859375,-78.7353515625,-11.1083984375,96.923828125,-48.14828872680664,26.23624038696289,16.03403091430664
0.457275390625,0.702880859375,0.3623046875,-67.3828125,-16.357421875,95.5810546875,-49.9356575012207,21.756275177001953,19.611053466796875
0.52099609375,0.708740234375,0.389892578125,-57.373046875,-10.19287109375,91.24755859375,-51.22122573852539,17.36334228515625,23.33871841430664
0.411865234375,0.685546875,0.43017578125,-50.78125,-8.60595703125,85.51025390625,-51.9258804321289,13.42941951751709,26.822566986083984
0.466064453125,0.757568359375,0.430419921875,-42.1142578125,-23.4375,80.2001953125,-53.24997329711914,10.490044593811037,29.603553771972656
0.51953125,0.76416015625,0.434326171875,-43.39599609375,-20.3857421875,75.37841796875,-54.21847152709961,7.4063658714294425,32.38597869873047
0.531494140625,0.732177734375,0.4453125,-44.7998046875,-20.44677734375,73.18115234375,-55.0630874633789,4.239768505096436,35.15354156494141
0.565185546875,0.72998046875,0.43701171875,-46.630859375,-19.59228515625,70.61767578125,-55.72363662719727,1.0311403274536133,37.76036834716797
0.548095703125,0.75634765625,0.439697265625,-54.19921875,-15.93017578125,69.091796875,-56.20751571655274,-2.2848525047302246,40.27091979980469
0.58935546875,0.687255859375,0.4296875,-57.31201171875,-15.31982421875,66.58935546875,-56.64013671875,-5.754608631134032,42.75634002685547
0.595703125,0.663330078125,0.4306640625,-55.6640625,-14.7705078125,63.29345703125,-56.9840202331543,-8.891815185546875,44.94212341308594
0.627197265625,0.64453125,0.4248046875,-52.6123046875,-15.2587890625,59.4482421875,-57.34107208251953,-11.831652641296387,46.98226547241211
0.63134765625,0.63623046875,0.422607421875,-50.4150390625,-14.7705078125,57.80029296875,-57.63849258422852,-14.566783905029295,48.87930679321289
0.629150390625,0.672607421875,0.4169921875,-48.2177734375,-12.51220703125,59.38720703125,-57.84203720092773,-17.30398941040039,50.85416030883789
0.687255859375,0.519287109375,0.430908203125,-46.69189453125,-12.20703125,58.41064453125,-57.91851425170898,-20.183795928955078,52.97925567626953
0.699462890625,0.404296875,0.459228515625,-42.6025390625,-15.19775390625,58.65478515625,-57.9324951171875,-23.251155853271484,55.41993713378906
0.7392578125,0.379638671875,0.4912109375,-43.27392578125,-18.5546875,51.3916015625,-58.114112854003906,-25.86412811279297,57.20832824707031
0.761474609375,0.48828125,0.46435546875,-51.025390625,-19.53125,44.189453125,-58.521751403808594,-28.30105018615723,58.57070922851562
0.777099609375,0.50146484375,0.419677734375,-52.734375,-13.24462890625,48.828125,-58.68604278564453,-30.87873840332031,60.00115966796875
0.772705078125,0.550048828125,0.388916015625,-45.59326171875,-10.43701171875,60.85205078125,-58.397911071777344,-33.868518829345696,62.30014038085938
0.71484375,0.525634765625,0.461669921875,-43.76220703125,-9.8876953125,78.857421875,-57.59614944458008,-37.14789962768555,65.07209014892578
0.7587890625,0.464111328125,0.486572265625,-44.677734375,-20.20263671875,82.3974609375,-56.88707733154297,-40.98738098144531,68.45804595947266
0.777099609375,0.355224609375,0.488037109375,-49.13330078125,-20.93505859375,79.28466796875,-56.08169174194336,-44.858192443847656,71.5416488647461
0.75634765625,0.292236328125,0.47705078125,-45.10498046875,-20.5078125,61.767578125,-55.63495635986328,-47.72762680053711,73.7131576538086
0.73388671875,0.3525390625,0.45556640625,-38.75732421875,-20.263671875,52.42919921875,-55.52148056030274,-49.71709823608398,75.20081329345703
0.729248046875,0.36474609375,0.43603515625,-36.31591796875,-27.28271484375,51.7578125,-55.704750061035156,-52.11762237548828,77.33891296386719
0.8232421875,0.332275390625,0.450927734375,-34.36279296875,-35.58349609375,55.17578125,-55.81782913208008,-54.8601188659668,79.86253356933594
0.841796875,0.216064453125,0.466552734375,-36.92626953125,-31.25,55.60302734375,-55.58770370483398,-57.62665939331055,82.21268463134766
0.835693359375,0.2099609375,0.4580078125,-38.26904296875,-23.4375,51.1474609375,-55.30087661743164,-59.56717300415039,83.55397033691406
0.83056640625,0.17724609375,0.460693359375,-34.5458984375,-20.5078125,44.98291015625,-55.10174942016602,-61.24961853027344,84.7103500366211
0.802978515625,0.24169921875,0.46923828125,-31.55517578125,-21.05712890625,43.39599609375,-55.02970886230469,-62.56594848632813,85.6427230834961
0.81884765625,0.229736328125,0.47412109375,-31.25,-22.88818359375,41.8701171875,-55.01826477050781,-64.12200164794922,86.73650360107422
0.854248046875,0.2158203125,0.47412109375,-37.109375,-22.15576171875,41.32080078125,-54.98973846435547,-65.69439697265625,87.6683120727539
0.88525390625,0.1787109375,0.48046875,-39.48974609375,-19.95849609375,41.44287109375,-54.85856628417969,-67.28060150146484,88.47000885009766
0.85205078125,0.188232421875,0.46435546875,-39.1845703125,-14.6484375,39.55078125,-54.70708465576172,-68.41912841796875,88.78966522216797
0.85693359375,0.138427734375,0.456298828125,-39.61181640625,-17.02880859375,37.7197265625,-54.61729431152344,-69.75192260742189,89.25848388671875
0.80712890625,0.157958984375,0.445556640625,-38.39111328125,-15.07568359375,33.75244140625,-54.676673889160156,-70.73268127441406,89.39291381835938
0.898681640625,0.116943359375,0.409912109375,-35.70556640625,-17.27294921875,32.40966796875,-54.76985931396485,-71.85775756835938,89.77809143066406
0.880859375,0.073974609375,0.40576171875,-32.77587890625,-10.92529296875,33.0810546875,-54.72182083129883,-72.65947723388672,89.82742309570312
0.8447265625,0.06591796875,0.399658203125,-26.67236328125,-6.89697265625,30.82275390625,-54.69572448730469,-72.9032211303711,89.5073471069336
0.847412109375,0.1142578125,0.415283203125,-22.27783203125,-9.09423828125,29.052734375,-54.84766006469727,-72.93199157714844,89.23029327392578
0.859619140625,0.09521484375,0.444091796875,-19.59228515625,-10.43701171875,24.169921875,-55.11923217773438,-72.8196029663086,88.88018798828125
0.8583984375,0.09521484375,0.45166015625,-18.310546875,-11.5966796875,21.484375,-55.48882293701172,-72.64776611328125,88.52715301513672
0.9169921875,0.0595703125,0.410888671875,-19.8974609375,-11.71875,20.69091796875,-55.87712478637695,-72.63201904296875,88.2366943359375
0.87841796875,0.068115234375,0.3955078125,-17.9443359375,-8.6669921875,20.8740234375,-56.22947692871094,-72.50609588623047,87.85465240478516
0.83056640625,0.037109375,0.4091796875,-15.31982421875,-8.36181640625,17.88330078125,-56.59157180786133,-72.10799407958984,87.30169677734375
0.819091796875,0.023681640625,0.388916015625,-12.14599609375,-9.27734375,11.90185546875,-57.2929573059082,-71.54981994628906,86.71624755859375
0.807373046875,0.018798828125,0.3759765625,-4.8828125,-5.92041015625,-0.42724609375,-58.25752639770508,-70.30268096923828,85.61260986328125
0.797119140625,0.037109375,0.36669921875,0.9765625,-4.94384765625,-8.9111328125,-59.51780319213867,-68.50585174560547,84.14205932617188
0.864990234375,0.053466796875,0.35009765625,4.2724609375,-3.84521484375,-13.97705078125,-60.9310188293457,-66.28587341308594,82.32418823242188
0.83642578125,0.030517578125,0.354736328125,10.1318359375,-0.1220703125,-16.2353515625,-62.2437515258789,-63.520896911621094,80.12126159667969
0.798095703125,0.060302734375,0.38134765625,15.0146484375,0.06103515625,-21.66748046875,-63.64108657836914,-59.932861328125,77.27355194091797
0.80859375,0.085693359375,0.385009765625,17.4560546875,-0.42724609375,-29.11376953125,-65.25957489013672,-55.46094512939453,73.62934875488281
0.86767578125,0.09912109375,0.396728515625,18.06640625,-0.9765625,-36.07177734375,-66.91024780273439,-50.4687385559082,69.38524627685547
0.87939453125,0.127685546875,0.35205078125,19.775390625,1.953125,-38.75732421875,-68.46294403076172,-44.60051727294922,64.25525665283203
0.837158203125,0.098876953125,0.396484375,22.39990234375,3.47900390625,-40.4052734375,-69.67243194580078,-37.28706359863281,57.787757873535156
0.82568359375,0.1591796875,0.386474609375,20.56884765625,0.79345703125,-46.5087890625,-70.78277587890625,-29.25831794738769,50.42321395874024
0.833251953125,0.109130859375,0.317138671875,22.4609375,2.99072265625,-49.74365234375,-71.5882568359375,-20.732572555541992,42.53231430053711
0.77734375,0.166015625,0.333251953125,30.3955078125,7.080078125,-55.419921875,-71.78622436523438,-9.620287895202637,32.33578491210937
0.701171875,0.195068359375,0.335693359375,34.1796875,7.6904296875,-73.91357421875,-71.37682342529297,3.0856411457061768,20.504291534423828
0.700927734375,0.22998046875,0.261474609375,39.36767578125,7.080078125,-89.2333984375,-70.30280303955078,16.750829696655273,7.811994552612305
0.759521484375,0.229736328125,0.18310546875,49.8046875,7.62939453125,-99.42626953125,-68.37063598632811,29.87166786193848,-3.841516494750977
0.712890625,0.309814453125,0.203857421875,64.697265625,25.7568359375,-107.72705078125,-64.90784454345703,40.47865676879883,-12.39716625213623
0.675537109375,0.40380859375,0.2626953125,77.69775390625,33.3251953125,-120.30029296875,-60.22499465942383,49.12943649291992,-18.44373321533203
0.72021484375,0.407958984375,0.307373046875,86.181640625,35.21728515625,-135.498046875,-54.979774475097656,56.36552810668945,-22.739620208740234
0.775390625,0.519775390625,0.26220703125,91.24755859375,34.912109375,-141.11328125,-49.373008728027344,62.41162490844727,-25.629209518432614
0.671875,0.525146484375,0.188232421875,90.33203125,43.9453125,-136.8408203125,-43.74598693847656,67.07798004150389,-26.8868465423584
0.659912109375,0.467529296875,0.258544921875,98.20556640625,47.9736328125,-141.78466796875,-37.89914321899414,71.1349105834961,-26.979610443115234
0.575927734375,0.46435546875,0.261962890625,124.08447265625,44.5556640625,-168.3349609375,-31.368783950805664,75.88319396972656,-26.98783874511719
0.54296875,0.476806640625,0.2490234375,136.16943359375,45.0439453125,-183.04443359375,-24.45478057861328,80.75048828125,-26.435821533203125
0.511474609375,0.678955078125,0.1611328125,132.9345703125,52.8564453125,-181.396484375,-17.50079345703125,85.3096923828125,-24.91858291625977
0.462158203125,0.621337890625,0.1240234375,117.24853515625,59.326171875,-172.4853515625,-11.26657772064209,89.2427978515625,-22.743471145629886
0.4599609375,0.705322265625,0.105224609375,114.92919921875,60.24169921875,-155.21240234375,-5.986023902893066,93.17961120605469,-20.130590438842773
0.440673828125,0.829345703125,0.072509765625,108.642578125,66.46728515625,-141.11328125,-1.6248912811279297,96.86991119384766,-16.937931060791016
0.295166015625,0.81591796875,0.026611328125,100.40283203125,72.32666015625,-124.3896484375,2.111044645309448,100.56163024902344,-13.325218200683596
0.301513671875,0.618408203125,0.11181640625,88.56201171875,70.73974609375,-113.22021484375,4.867192268371582,103.58601379394531,-9.646632194519043
0.184814453125,0.943115234375,0.129150390625,65.49072265625,82.94677734375,-113.1591796875,7.838561534881593,105.58391571044922,-5.498876571655273
0.12109375,1.0390625,0.181396484375,65.97900390625,65.49072265625,-113.22021484375,10.86299991607666,107.85002899169922,-1.7728619575500488
0.17626953125,1.11669921875,0.154296875,59.326171875,55.2978515625,-112.1826171875,13.641883850097654,109.98039245605469,1.663677215576172
0.15234375,1.18701171875,0.153564453125,46.630859375,67.138671875,-96.5576171875,15.277896881103516,111.5190887451172,5.425914764404297
0.022216796875,1.209228515625,0.205810546875,34.5458984375,62.8662109375,-72.6318359375,16.457853317260742,112.63592529296876,8.65785026550293
0.0654296875,1.291748046875,0.185546875,28.74755859375,50.23193359375,-58.4716796875,17.151039123535153,113.39075469970705,11.19735336303711
-0.0126953125,0.98193359375,0.43310546875,18.1884765625,50.1708984375,-39.1845703125,16.874488830566403,114.31468200683594,13.274648666381836
0.06494140625,1.282958984375,0.194580078125,33.447265625,42.724609375,-14.83154296875,16.036849975585938,114.88127136230469,14.771097183227539
0.0537109375,1.251953125,0.1923828125,26.06201171875,49.74365234375,-0.8544921875,14.609564781188965,115.10224151611328,16.288291931152347
-0.18408203125,0.93017578125,0.386962890625,27.03857421875,34.1796875,-8.85009765625,14.357807159423828,115.4743194580078,16.843971252441403
-0.016845703125,1.107177734375,0.319091796875,23.0712890625,13.18359375,-23.25439453125,14.577563285827635,115.04654693603516,17.359525680541992
-0.044189453125,1.122314453125,0.281982421875,1.52587890625,8.056640625,-36.43798828125,15.40016269683838,113.84353637695312,17.91733741760254
-0.014404296875,1.195556640625,0.17724609375,-25.5126953125,11.1083984375,-42.724609375,16.79410743713379,111.10761260986328,18.565210342407227
0.002685546875,1.1708984375,0.228759765625,-63.96484375,-3.11279296875,-50.10986328125,18.144847869873047,107.4362564086914,18.7902889251709
0.023193359375,1.1015625,0.19287109375,-101.01318359375,4.45556640625,-42.41943359375,19.040536880493164,102.48839569091795,19.12274932861328
0.02734375,1.108642578125,0.1298828125,-130.43212890625,7.87353515625,-25.2685546875,18.926118850708008,96.47561645507812,19.42081642150879
-0.0078125,1.10693359375,0.1650390625,-145.6298828125,17.02880859375,-2.74658203125,18.284955978393555,90.2631378173828,19.980005264282227
-0.000244140625,1.045166015625,0.189208984375,-140.9912109375,17.63916015625,0.3662109375,17.592327117919922,84.41699981689453,20.61826705932617
0.0625,1.013916015625,0.20068359375,-130.0048828125,15.625,-3.84521484375,17.307245254516598,79.10504150390625,21.214269638061523
-0.09716796875,0.30224609375,0.6796875,-126.40380859375,30.3955078125,-10.19287109375,17.860088348388672,72.45236206054688,21.77078056335449
0.4873046875,1.027099609375,0.362060546875,-89.29443359375,38.26904296875,12.63427734375,16.358638763427734,69.31329345703125,23.479570388793945
-0.13232421875,0.846923828125,0.19677734375,-47.119140625,21.91162109375,11.41357421875,15.116031646728516,68.673095703125,24.92851638793945
-0.013427734375,0.765625,0.39208984375,-18.6767578125,45.2880859375,25.2685546875,14.278252601623535,68.21633911132811,26.99137878417969
-0.21435546875,1.13525390625,0.30419921875,9.6435546875,44.49462890625,25.0244140625,13.827715873718262,69.36638641357422,29.13713836669922
-0.2822265625,0.420654296875,0.55224609375,-6.40869140625,59.99755859375,40.22216796875,13.060810089111328,71.64936828613281,31.45163345336914
-0.052734375,1.106201171875,0.437744140625,24.2919921875,29.84619140625,29.96826171875,11.865756034851074,72.80570983886719,32.951778411865234
-0.22021484375,0.87841796875,0.45654296875,16.17431640625,30.45654296875,10.19287109375,11.859381675720215,73.30278015136719,34.17730712890625
-0.168701171875,0.907958984375,0.42626953125,13.916015625,34.5458984375,-10.25390625,12.70514678955078,73.96939086914062,35.34815979003906
0.053955078125,0.9189453125,0.28369140625,32.5927734375,52.55126953125,-43.9453125,14.315349578857422,75.58659362792969,36.94668960571289
0.0302734375,0.861083984375,0.209228515625,59.87548828125,97.16796875,-63.4765625,16.986663818359375,78.89775085449219,40.298118591308594
0.17138671875,1.112060546875,0.030029296875,80.62744140625,150.7568359375,-61.1572265625,19.466976165771484,84.4129409790039,47.35417175292969
-0.18408203125,1.088134765625,0.193359375,56.94580078125,177.55126953125,-30.33447265625,20.658824920654297,89.05245971679688,54.74444961547852
-0.39306640625,1.1171875,0.29443359375,31.3720703125,131.8359375,-25.20751953125,21.5554141998291,91.78223419189452,60.20518493652344
-0.130615234375,1.1982421875,0.281494140625,19.287109375,101.25732421875,-32.28759765625,22.019550323486328,93.36656188964844,64.61810302734375
-0.065185546875,1.14404296875,0.26708984375,9.70458984375,143.06640625,-35.2783203125,22.267112731933594,95.4107437133789,70.61756134033203
-0.199951171875,0.975341796875,0.306396484375,7.080078125,160.21728515625,-32.1044921875,22.430133819580078,97.4231948852539,77.2889633178711
-0.1142578125,0.94775390625,0.356689453125,-3.0517578125,134.94873046875,-37.41455078125,22.73782157897949,97.984375,82.36659240722656
0.0146484375,1.01708984375,0.373291015625,-22.94921875,84.53369140625,-45.95947265625,23.28115272521973,97.41693115234376,85.82843780517578
-0.135009765625,1.00244140625,0.2802734375,-29.35791015625,71.47216796875,-40.4052734375,23.9647159576416,96.59358978271484,88.7629623413086
0.09130859375,0.958251953125,0.25,-25.5126953125,59.38720703125,-18.73779296875,22.998634338378906,96.05843353271484,91.19930267333984
-0.03369140625,0.9873046875,0.201416015625,-12.63427734375,82.45849609375,15.869140625,21.232702255249023,96.1045150756836,94.3682098388672
-0.010986328125,1.00732421875,0.177001953125,-7.32421875,93.017578125,38.9404296875,18.504688262939453,96.40412139892578,97.86315155029295
0.001708984375,1.079833984375,0.1435546875,-6.40869140625,111.02294921875,60.546875,14.495747566223145,96.80633544921876,102.2907943725586
0.016357421875,1.13232421875,0.0830078125,-14.892578125,151.79443359375,90.14892578125,9.595880508422852,96.95071411132812,107.87471771240234
-0.087890625,1.06689453125,0.15576171875,-21.91162109375,160.70556640625,100.28076171875,4.690500259399414,96.20223999023438,113.71942901611328
-0.185546875,1.026123046875,0.134033203125,-24.7802734375,152.34375,92.10205078125,0.8093563914299011,94.86605834960938,119.27918243408205
-0.102783203125,1.039794921875,0.1181640625,-23.3154296875,147.03369140625,75.37841796875,-2.4366471767425537,93.38948822021484,124.90032958984376
-0.044677734375,1.138671875,0.097900390625,-26.91650390625,162.53662109375,64.63623046875,-5.125874996185303,91.54518127441406,131.29098510742188
-0.09716796875,1.205810546875,0.075927734375,-39.55078125,183.65478515625,53.5888671875,-6.72846269607544,88.7271728515625,138.87442016601562
-0.2841796875,1.01416015625,0.102783203125,-52.79541015625,186.1572265625,29.1748046875,-6.680246829986572,85.54633331298828,146.40187072753906
-0.06591796875,0.96533203125,0.138916015625,-49.01123046875,166.50390625,9.033203125,-5.963372230529785,82.68136596679688,153.1045379638672
-0.059326171875,1.05615234375,0.076416015625,-41.56494140625,164.48974609375,-1.220703125,-4.768325805664063,80.5625228881836,159.5834503173828
-0.087158203125,1.065673828125,0.111328125,-28.99169921875,164.306640625,-11.5966796875,-2.8060691356658936,79.10285186767578,165.96603393554688
-0.1611328125,1.065185546875,0.127685546875,-16.41845703125,161.0107421875,-14.6484375,-0.5548943877220154,78.4088363647461,-187.84130859375
-0.170654296875,1.158447265625,0.171142578125,0.6103515625,137.87841796875,-14.58740234375,1.3758502006530762,78.24990844726562,-182.7313995361328
-0.061279296875,0.9892578125,0.3115234375,45.7763671875,81.84814453125,15.9912109375,1.4363994598388672,79.91967010498047,-179.4008331298828
-0.0361328125,1.130859375,0.22216796875,70.4345703125,67.44384765625,48.40087890625,-0.06035187840461731,82.71428680419922,-176.44944763183594
-0.067626953125,1.1865234375,0.25537109375,66.58935546875,62.68310546875,72.509765625,-2.7062461376190186,84.87944793701172,-173.6736602783203
-0.19970703125,1.0888671875,0.2060546875,37.04833984375,46.32568359375,88.07373046875,-5.55668306350708,85.97207641601562,-171.53819274902344
-0.208984375,1.039794921875,0.183349609375,4.69970703125,29.23583984375,87.82958984375,-8.313188552856445,85.73755645751953,-170.09886169433594
-0.23046875,1.01611328125,0.114501953125,-16.41845703125,9.6435546875,91.1865234375,-11.236295700073242,84.79212951660156,-169.78985595703125
-0.205078125,0.890380859375,0.061767578125,-27.83203125,-24.59716796875,100.40283203125,-14.379364967346193,83.8487548828125,-170.41842651367188
-0.1298828125,0.84228515625,0.02783203125,-28.4423828125,-43.5791015625,102.47802734375,-17.733966827392578,83.23954772949219,-171.8040313720703
-0.262939453125,0.82373046875,0.02197265625,-29.9072265625,-49.9267578125,95.3369140625,-20.25135803222656,82.81868743896484,-173.72340393066406
-0.296142578125,0.7109375,0.0615234375,-36.56005859375,-78.79638671875,76.59912109375,-22.1251163482666,82.49848175048828,-176.7053680419922
-0.314697265625,0.642333984375,0.076904296875,-28.1982421875,-100.2197265625,56.396484375,-23.15363883972168,82.92809295654297,-180.7188415527344
-0.3271484375,0.5791015625,0.11474609375,-16.17431640625,-132.01904296875,33.5693359375,-22.92270088195801,84.71780395507812,-186.7319793701172
-0.325439453125,0.613525390625,0.1064453125,5.92041015625,-181.21337890625,7.87353515625,-21.932485580444336,87.74000549316406,165.58499145507812
-0.23779296875,0.6796875,0.07568359375,22.216796875,-212.158203125,2.685546875,-20.556188583374023,91.7470474243164,156.60955810546875
-0.1376953125,0.80078125,0.044677734375,27.64892578125,-229.4921875,11.71875,-19.639291763305664,95.94449615478516,146.997314453125
-0.01611328125,0.952392578125,0.0048828125,27.16064453125,-212.646484375,29.96826171875,-18.840044021606445,99.7531967163086,138.03082275390622
-0.038818359375,0.902099609375,0.0263671875,23.0712890625,-200.25634765625,37.841796875,-17.913373947143555,102.8959732055664,129.63188171386722
0.064453125,1.03955078125,-0.11328125,1.220703125,-187.19482421875,20.56884765625,-10.277278900146484,111.54530334472656,96.75955200195312
0.1103515625,1.0927734375,-0.146484375,-29.11376953125,-177.42919921875,4.638671875,-7.6998534202575675,110.8728256225586,90.1096649169922
0.077392578125,1.085205078125,-0.1630859375,-45.2880859375,-183.04443359375,-15.19775390625,-4.466994762420653,109.27050018310548,83.48955535888672
0.176025390625,1.1103515625,-0.223388671875,-56.15234375,-198.66943359375,-31.494140625,-0.8698055744171143,106.9254379272461,76.4061508178711
0.304443359375,1.132568359375,-0.289306640625,-70.80078125,-173.7060546875,-41.93115234375,2.061272144317627,103.90969848632812,70.19252777099611
0.2275390625,1.129638671875,-0.293212890625,-85.693359375,-141.9677734375,-35.7666015625,4.138353347778319,100.20404815673828,64.96434783935547
0.254638671875,1.1025390625,-0.28173828125,-91.97998046875,-127.13623046875,-28.9306640625,5.332166194915772,96.25692749023438,60.296287536621094
0.162841796875,1.07421875,-0.25341796875,-84.77783203125,-115.90576171875,-25.32958984375,6.175230979919434,92.6708526611328,55.78192138671875
0.1240234375,1.172607421875,-0.246337890625,-73.54736328125,-112.36572265625,-20.44677734375,6.620494365692139,89.57688903808594,51.3347053527832
0.129150390625,1.210693359375,-0.25439453125,-66.40625,-92.59033203125,-6.04248046875,6.003750324249268,87.09571838378906,48.12017822265625
0.068603515625,1.1240234375,-0.2373046875,-60.72998046875,-49.8046875,17.333984375,4.8209147453308105,85.05421447753906,46.23678588867188
0.05126953125,1.025146484375,-0.207275390625,-45.22705078125,-38.57421875,17.2119140625,3.6988492012023926,83.76605987548828,44.81897354125977
0.061279296875,0.95556640625,-0.1875,-25.57373046875,-29.78515625,12.8173828125,2.870072603225708,83.61399841308594,43.84917068481445
0.015625,0.900146484375,-0.1806640625,-3.47900390625,-16.66259765625,5.2490234375,2.445383787155152,84.12635040283203,43.24136734008789
0.004638671875,0.933349609375,-0.16162109375,9.46044921875,-19.83642578125,-4.0283203125,2.428352832794189,85.07318878173828,42.461181640625
0.058837890625,0.95654296875,-0.185302734375,10.19287109375,-13.671875,-10.19287109375,2.55903434753418,85.92094421386719,42.151180267333984
0.06396484375,0.8984375,-0.192626953125,-6.04248046875,14.83154296875,-13.427734375,2.8754100799560547,86.32634735107422,42.73711013793945
-0.050048828125,0.920654296875,-0.166259765625,-21.66748046875,30.8837890625,-16.357421875,3.614086151123047,86.06128692626953,43.95745468139648
-0.03564453125,0.964111328125,-0.119384765625,-34.912109375,23.0712890625,-17.2119140625,4.406224727630615,85.0389633178711,44.70668411254883
0.0146484375,0.91943359375,-0.125,-43.88427734375,16.66259765625,-22.76611328125,5.165284156799316,83.8213119506836,45.3275146484375
-0.000732421875,0.881591796875,-0.120849609375,-43.9453125,25.7568359375,-20.6298828125,5.902082443237305,82.69347381591797,46.31257629394531
-0.060546875,0.915283203125,-0.067626953125,-37.109375,39.9169921875,-15.07568359375,6.567312717437744,81.95955657958984,48.03614044189453
-0.128173828125,0.9765625,-0.006103515625,-20.3857421875,41.6259765625,-11.90185546875,7.305855274200439,81.65446472167969,49.66651153564453
-0.117919921875,1.006591796875,0.00830078125,-7.4462890625,34.36279296875,-11.962890625,7.946821689605713,81.82781982421875,51.0098876953125
0.02783203125,0.887451171875,0.05517578125,38.9404296875,32.28759765625,-3.23486328125,8.400029182434082,87.59160614013672,54.94340896606445
-0.019287109375,0.897216796875,0.06005859375,45.8984375,28.74755859375,-8.11767578125,8.463552474975586,89.52356719970703,56.08378601074219
-0.017822265625,0.9814453125,0.041015625,44.86083984375,18.1884765625,-15.19775390625,8.767074584960938,91.3359146118164,56.808837890625
0.01806640625,1.079345703125,-0.009033203125,33.203125,13.671875,-20.81298828125,9.27283763885498,92.50965881347656,57.43134307861328
-0.0048828125,1.173583984375,-0.06884765625,5.7373046875,20.6298828125,-27.16064453125,9.954056739807127,92.90665435791016,58.32606506347656
-0.0048828125,1.18408203125,-0.09375,-15.13671875,21.728515625,-28.1982421875,10.647600173950195,92.51959991455078,59.27784729003906
0.0185546875,1.18701171875,-0.124267578125,-33.38623046875,20.93505859375,-27.2216796875,11.224737167358398,91.2995834350586,60.24107360839844
0.065185546875,1.24755859375,-0.180908203125,-56.640625,29.052734375,-22.5830078125,11.557906150817873,89.53816223144531,61.49880981445313
-0.026123046875,1.302001953125,-0.181396484375,-71.6552734375,44.7998046875,-10.8642578125,11.62626838684082,87.36483764648438,63.39125061035156
-0.140869140625,1.340576171875,-0.16796875,-79.1015625,43.39599609375,6.40869140625,10.920902252197266,84.8323974609375,65.22692108154297
-0.060546875,1.267333984375,-0.14599609375,-84.16748046875,53.5888671875,45.47119140625,9.03616714477539,82.33550262451172,67.68406677246094
-0.056640625,1.142822265625,-0.135498046875,-80.9326171875,76.84326171875,68.66455078125,6.5522522926330575,80.13302612304688,71.25565338134766
-0.1083984375,1.024658203125,-0.08935546875,-65.0634765625,90.63720703125,82.275390625,3.8967864513397217,78.73114776611328,75.60675048828125
-0.115478515625,0.96337890625,-0.05615234375,-38.26904296875,99.7314453125,87.70751953125,1.3808068037033079,77.97064971923828,80.25130462646484
-0.1416015625,0.923583984375,-0.034912109375,-22.216796875,100.4638671875,79.16259765625,-0.5817002058029175,77.65293884277344,84.8485336303711
-0.149169921875,0.905029296875,-0.009521484375,-9.58251953125,95.5810546875,63.90380859375,-1.6958590745925903,77.85508728027344,88.91043090820312
-0.128173828125,0.896484375,-0.025146484375,0.1220703125,83.251953125,39.55078125,-2.1767566204071045,78.26097869873047,92.47832489013672
-0.07666015625,0.8857421875,-0.055419921875,1.3427734375,80.26123046875,22.76611328125,-2.161162614822388,78.77439880371094,95.78433227539062
-0.0556640625,0.84814453125,-0.059326171875,-2.62451171875,81.23779296875,10.19287109375,-1.5631350278854368,79.09809112548828,98.99868774414062
-0.043701171875,0.83544921875,-0.04931640625,-6.53076171875,79.7119140625,-4.94384765625,-0.6062946319580078,79.32479858398438,102.08088684082031
-0.029296875,0.834716796875,-0.05859375,-8.7890625,77.57568359375,-14.83154296875,0.6352056860923767,79.53682708740234,105.01931762695312
-0.007568359375,0.836181640625,-0.08740234375,-10.1318359375,75.0732421875,-22.0947265625,2.0582973957061768,79.86776733398438,107.78195190429688
0.057861328125,0.828369140625,-0.1396484375,-11.5966796875,79.1015625,-24.47509765625,3.319526195526123,80.29576873779297,110.76461029052734
0.067138671875,0.800048828125,-0.17724609375,-12.63427734375,92.71240234375,-19.59228515625,4.375393867492677,80.87418365478516,114.35489654541016
0.066162109375,0.76220703125,-0.20751953125,-8.72802734375,110.04638671875,-11.53564453125,5.0861663818359375,81.86363983154297,118.91653442382812
0.053466796875,0.758056640625,-0.202880859375,-2.62451171875,129.08935546875,1.77001953125,5.331462860107422,83.10940551757812,124.14071655273438
0.009521484375,0.797119140625,-0.1826171875,1.0986328125,141.7236328125,12.63427734375,5.197534561157227,84.4393081665039,129.91972351074222
-0.02734375,0.83984375,-0.185791015625,1.40380859375,154.47998046875,20.69091796875,4.7713494300842285,85.72737121582031,136.36257934570312
-0.090576171875,0.90087890625,-0.1142578125,1.52587890625,161.2548828125,25.87890625,4.1816606521606445,86.73835754394531,142.9144287109375
-0.08935546875,0.98779296875,-0.1259765625,0.30517578125,160.94970703125,24.71923828125,3.5323808193206787,87.58941650390625,149.4282989501953
-0.09814453125,1.041015625,-0.115478515625,-5.0048828125,166.015625,26.3671875,2.796633720397949,88.0332260131836,156.23394775390625
-0.15673828125,1.109619140625,-0.101806640625,-11.90185546875,174.560546875,27.64892578125,2.111565351486206,88.128173828125,163.25668334960938
-0.17529296875,1.117919921875,-0.100341796875,-14.83154296875,177.91748046875,27.34375,1.5047141313552856,88.02165985107422,170.40582275390625
-0.21337890625,1.135009765625,-0.098876953125,-16.357421875,179.3212890625,25.32958984375,1.1996502876281738,87.83594512939453,-182.4877471923828
-0.219970703125,1.152099609375,-0.0751953125,-12.63427734375,167.48046875,15.2587890625,1.208845615386963,87.68647003173828,-175.7744598388672
-0.222900390625,1.11474609375,-0.125,-10.19287109375,160.2783203125,5.18798828125,1.6308064460754397,87.76226043701172,-169.3590087890625
-0.198486328125,1.054931640625,-0.1171875,-5.67626953125,151.2451171875,-4.69970703125,2.4714300632476807,88.1230697631836,-163.45606994628906
-0.18798828125,1.021728515625,-0.110595703125,-1.52587890625,142.333984375,-16.78466796875,3.593181610107422,88.6634750366211,-157.7645263671875
-0.1689453125,1.01025390625,-0.12548828125,-0.18310546875,138.5498046875,-23.8037109375,4.849335670471191,89.380615234375,-152.2051239013672
-0.158203125,0.980224609375,-0.150634765625,2.50244140625,132.4462890625,-27.28271484375,6.041828155517577,90.40052795410156,-146.9453125
-0.1240234375,0.98583984375,-0.1552734375,2.44140625,126.708984375,-22.76611328125,6.8953704833984375,91.39976501464844,-141.79685974121094
-0.1328125,0.9970703125,-0.15673828125,0.54931640625,126.3427734375,-15.5029296875,7.356266498565674,92.34156036376952,-136.65348815917972
-0.091552734375,0.980224609375,-0.173583984375,-2.25830078125,127.8076171875,-5.126953125,7.053497791290282,93.1459503173828,-131.36058044433594
-0.117431640625,0.95654296875,-0.15869140625,-6.04248046875,139.95361328125,11.41357421875,6.237720489501952,93.7880401611328,-125.74097442626952
-0.171142578125,0.94189453125,-0.12548828125,-1.28173828125,139.6484375,20.81298828125,5.15006685256958,94.42257690429688,-120.19524383544922
-0.160400390625,0.952392578125,-0.09423828125,7.99560546875,132.62939453125,22.3388671875,4.008653163909912,95.3090362548828,-115.06172943115234
-0.187744140625,0.952880859375,-0.060791015625,22.76611328125,122.55859375,18.61572265625,3.035655975341797,96.4365692138672,-110.26327514648438
-0.1953125,0.952392578125,-0.043212890625,32.1044921875,113.46435546875,11.04736328125,2.3622395992279053,97.76699829101562,-105.821044921875
-0.188232421875,0.9892578125,-0.02001953125,37.7197265625,107.36083984375,1.15966796875,2.1612765789031982,99.19407653808594,-101.63490295410156
-0.198974609375,1.009521484375,-0.00732421875,36.865234375,99.365234375,-13.5498046875,2.3602406978607178,100.47122192382812,-97.6360092163086
-0.175048828125,1.027587890625,-0.00390625,31.43310546875,92.10205078125,-22.76611328125,2.8304233551025386,101.48550415039062,-93.85847473144531
-0.16015625,1.026611328125,-0.00537109375,22.4609375,85.693359375,-28.9306640625,3.4937834739685063,101.92865753173828,-90.37125396728516
-0.13623046875,1.046630859375,-0.02197265625,4.69970703125,82.1533203125,-26.55029296875,3.999611139297485,101.90476989746094,-86.95640563964844
-0.102294921875,1.039794921875,-0.016845703125,-7.38525390625,82.21435546875,-22.15576171875,4.2579755783081055,101.40625762939452,-83.57999420166016
-0.09814453125,0.975830078125,0.006591796875,-18.1884765625,80.6884765625,-18.12744140625,4.347412586212158,100.36463928222656,-80.3314437866211
-0.0927734375,0.943115234375,0.000732421875,-26.42822265625,75.86669921875,-13.97705078125,4.4271392822265625,99.11744689941406,-77.27088165283203
-0.070556640625,0.91845703125,0.016845703125,-27.89306640625,67.9931640625,-16.54052734375,4.671761512756348,97.80508422851562,-74.50689697265625
-0.0673828125,0.914794921875,-0.0185546875,-25.0244140625,57.92236328125,-20.69091796875,5.233499050140381,96.74640655517578,-72.2030029296875
-0.071533203125,0.94384765625,-0.012451171875,-23.86474609375,52.001953125,-23.62060546875,5.901190757751465,95.74968719482422,-70.04291534423828
-0.089111328125,0.955078125,-0.00341796875,-24.84130859375,52.18505859375,-18.9208984375,6.432186603546143,94.75244903564452,-67.90499877929689
-0.0673828125,0.9404296875,-0.021728515625,-28.13720703125,57.2509765625,-11.16943359375,6.49583101272583,93.77615356445312,-65.46430969238281
-0.069091796875,0.92529296875,-0.012451171875,-29.4189453125,70.00732421875,2.3193359375,6.1456947326660165,92.7737808227539,-62.67264938354492
-0.19384765625,0.73046875,0.15283203125,-28.50341796875,80.2001953125,15.625,5.735258102416992,91.39141082763672,-59.54277038574219
-0.022705078125,1.01611328125,-0.037841796875,-24.10888671875,80.4443359375,19.775390625,4.890604972839356,90.72582244873048,-56.00411987304688
-0.181396484375,0.909423828125,0.080322265625,-29.9072265625,97.83935546875,24.0478515625,4.159557342529297,89.5985107421875,-52.11017608642578
-0.203369140625,1.0986328125,0.099365234375,-25.146484375,96.6796875,23.0712890625,3.5348026752471924,88.65209197998047,-48.24285507202149
-0.22900390625,1.07568359375,0.136474609375,-17.4560546875,82.8857421875,13.61083984375,3.6185185909271236,87.95387268066406,-45.289527893066406
-0.18017578125,1.14013671875,0.119140625,-1.15966796875,48.7060546875,-6.65283203125,4.158267021179198,87.86981964111328,-43.35847091674805
-0.16650390625,1.1298828125,0.086669921875,2.74658203125,38.02490234375,-15.44189453125,4.989270687103272,87.99527740478516,-41.86176681518555
-0.1142578125,1.118896484375,0.07470703125,6.04248046875,30.94482421875,-20.263671875,5.916481971740723,88.21764373779297,-40.71131134033203
-0.073974609375,1.101318359375,0.04248046875,4.82177734375,24.96337890625,-18.310546875,6.588138103485107,88.48529052734375,-39.729103088378906
-0.08935546875,1.029541015625,0.067626953125,-4.5166015625,27.34375,-11.8408203125,7.020859241485597,88.32878875732422,-38.65135192871094
-0.084716796875,0.940185546875,0.064697265625,-11.1083984375,20.6298828125,-6.28662109375,7.166567325592041,87.8494873046875,-37.93207550048828
-0.046142578125,0.895263671875,0.045166015625,-15.31982421875,19.8974609375,2.5634765625,6.926959037780763,87.29095458984375,-37.13093948364258
-0.109130859375,0.86865234375,0.064453125,-14.58740234375,17.4560546875,8.7890625,6.6186466217041025,86.71625518798828,-36.42065048217773
-0.075439453125,0.863037109375,0.0546875,-7.568359375,10.80322265625,9.94873046875,6.136672019958496,86.61286926269531,-35.9238395690918
-0.085693359375,0.895263671875,0.06005859375,1.5869140625,15.31982421875,11.29150390625,5.692816734313965,86.70916748046875,-35.28729248046875
-0.0908203125,0.955810546875,0.051025390625,9.033203125,16.6015625,10.43701171875,5.298985004425049,87.13045501708984,-34.60050582885742
-0.135009765625,1.01220703125,0.083740234375,14.22119140625,18.00537109375,6.591796875,5.225387096405028,87.7314682006836,-33.899974822998054
-0.158447265625,1.082275390625,0.0791015625,15.93017578125,13.97705078125,0.06103515625,5.362028121948242,88.32943725585938,-33.346790313720696
-0.15380859375,1.120849609375,0.064208984375,10.009765625,11.8408203125,-4.5166015625,5.648897171020508,88.69589233398438,-32.882614135742195
-0.1142578125,1.181884765625,0.062744140625,2.5634765625,8.9111328125,-9.33837890625,6.140828609466553,88.56717681884766,-32.53619384765625
-0.1220703125,1.1083984375,0.09130859375,-9.521484375,7.4462890625,-17.39501953125,6.8461103439331055,88.07194519042969,-32.2703857421875
-0.127197265625,1.06298828125,0.072509765625,-14.7705078125,0.18310546875,-22.216796875,7.729043006896973,87.38331604003906,-32.306739807128906
-0.09423828125,1.004638671875,0.061279296875,-12.39013671875,-11.5966796875,-24.71923828125,8.623719215393066,86.83617401123047,-32.96746826171875
-0.038330078125,0.97412109375,0.0576171875,-5.31005859375,-18.9208984375,-23.4375,9.261655807495117,86.47163391113281,-33.786659240722656
-0.020263671875,0.96923828125,0.0380859375,-1.0986328125,-20.32470703125,-18.73779296875,9.63912868499756,86.32048034667969,-34.647293090820305
-0.041259765625,0.97705078125,0.009033203125,-2.86865234375,-25.08544921875,8.36181640625,8.337582588195799,85.6439437866211,-38.25590515136719
-0.04931640625,0.995361328125,-0.006103515625,-7.4462890625,-24.0478515625,14.70947265625,7.4633116722106925,85.39231872558594,-39.15351867675781
-0.093505859375,1.003662109375,-0.003662109375,-10.6201171875,-22.64404296875,16.2353515625,6.661038398742676,85.03886413574219,-39.987342834472656
