-0.275146484375,0.92431640625,-0.088134765625,-3.35693359375,-44.3115234375,-1.28173828125,11.073590278625488,88.24819946289062,-168.18991088867188
-0.2646484375,0.9208984375,-0.071044921875,1.46484375,-45.83740234375,-2.50244140625,11.317937850952148,88.16654968261719,-170.0187225341797
-0.2763671875,0.927490234375,-0.052490234375,5.2490234375,-48.4619140625,-3.2958984375,11.640671730041506,88.14209747314453,-171.99078369140625
-0.28173828125,0.952392578125,-0.03759765625,5.126953125,-53.7109375,-4.8828125,11.961894989013672,88.04032897949219,-174.16212463378906
-0.267822265625,0.946533203125,-0.037841796875,3.84521484375,-58.349609375,-5.31005859375,12.248978614807127,87.84097290039062,-176.52447509765625
-0.2626953125,0.953369140625,-0.029541015625,0.79345703125,-63.78173828125,-1.28173828125,12.30129623413086,87.47236633300781,-179.10284423828125
-0.2099609375,0.9658203125,-0.0283203125,-4.638671875,-70.3125,5.859375,11.936461448669435,86.83557891845703,-181.9327850341797
-0.2373046875,0.936767578125,-0.017578125,-8.85009765625,-73.6083984375,11.474609375,11.397300720214846,86.02973175048828,-184.8758544921875
-0.2333984375,0.938720703125,-0.03369140625,-10.07080078125,-75.3173828125,13.18359375,10.766432762145996,85.26840209960938,-187.8551788330078
-0.26123046875,0.94482421875,-0.006103515625,-9.6435546875,-80.99365234375,11.1083984375,10.233528137207033,84.47308349609375,168.933837890625
-0.255126953125,0.951904296875,-0.002197265625,-6.8359375,-86.42578125,5.859375,9.85020637512207,83.79785919189453,165.49913024902344
-0.236572265625,0.96728515625,-0.00830078125,-1.8310546875,-91.4306640625,1.953125,9.514055252075195,83.3685531616211,161.8647918701172
-0.2236328125,0.988037109375,-0.024658203125,8.23974609375,-94.1162109375,0.54931640625,9.20246124267578,83.38088989257812,158.1263427734375
-0.229736328125,1.002685546875,-0.01318359375,17.88330078125,-94.29931640625,2.5634765625,8.841208457946777,83.77434539794922,154.385986328125
-0.243896484375,1.02001953125,-0.008544921875,28.1982421875,-93.6279296875,6.04248046875,8.428908348083496,84.58547973632812,150.68028259277344
-0.2548828125,1.03662109375,0.00341796875,39.48974609375,-93.1396484375,9.6435546875,7.961207866668701,85.82170867919922,146.990478515625
-0.288818359375,1.0205078125,-0.013427734375,47.54638671875,-91.61376953125,10.8642578125,7.635329246520996,87.39976501464844,143.3511199951172
-0.33740234375,1.029541015625,-0.03515625,55.60302734375,-93.07861328125,11.53564453125,7.452667713165282,89.2812271118164,139.63534545898438
-0.271484375,1.043701171875,-0.084716796875,60.97412109375,-93.017578125,14.7705078125,7.180050373077393,91.43350982666016,135.91006469726562
-0.233642578125,1.01416015625,-0.092529296875,63.96484375,-86.48681640625,18.24951171875,6.846402168273926,93.69436645507812,132.41537475585938
-0.241455078125,0.989990234375,-0.118896484375,63.41552734375,-75.68359375,20.751953125,6.56997537612915,95.99131774902344,129.3265380859375
-0.308837890625,0.958251953125,-0.149658203125,62.98828125,-67.138671875,23.3154296875,6.426773071289063,98.28968811035156,126.54533386230469
-0.244140625,0.92431640625,-0.166259765625,61.767578125,-64.3310546875,24.59716796875,6.2089295387268075,100.52082824707031,123.8404541015625
-0.259033203125,0.915771484375,-0.185546875,59.14306640625,-56.94580078125,22.64404296875,6.2321534156799325,102.637939453125,121.42047119140624
-0.291015625,0.9111328125,-0.201171875,55.96923828125,-49.1943359375,18.98193359375,6.4026145935058585,104.62458038330078,119.31986236572266
-0.2099609375,0.886474609375,-0.232177734375,54.13818359375,-35.64453125,18.6767578125,6.330456733703612,106.6030731201172,117.73726654052734
-0.2353515625,0.887939453125,-0.22265625,52.1240234375,-21.05712890625,16.90673828125,6.3318519592285165,108.467529296875,116.7159194946289
-0.359619140625,0.870849609375,-0.225830078125,51.33056640625,-22.64404296875,16.7236328125,6.611934185028076,110.24078369140624,115.62164306640624
-0.329833984375,0.839111328125,-0.211181640625,48.828125,-30.517578125,18.9208984375,6.910896301269531,111.78545379638672,114.17797088623048
-0.250732421875,0.8515625,-0.243408203125,47.42431640625,-25.32958984375,19.95849609375,6.925172328948975,113.3234405517578,112.90437316894531
-0.2587890625,0.823486328125,-0.29248046875,46.7529296875,-1.77001953125,16.7236328125,6.726152420043945,114.99652099609376,112.54695129394531
-0.404296875,0.85107421875,-0.303955078125,47.36328125,7.62939453125,15.5029296875,6.7179484367370605,116.68630981445312,112.53276824951172
-0.324462890625,0.8681640625,-0.323486328125,44.921875,0.67138671875,18.98193359375,6.415708065032959,118.2122802734375,112.17868041992188
-0.15869140625,0.918701171875,-0.38427734375,37.4755859375,17.27294921875,19.1650390625,5.51952600479126,119.50660705566406,112.38701629638672
-0.3076171875,0.955810546875,-0.4052734375,29.47998046875,39.4287109375,13.48876953125,4.700289249420166,120.52259826660156,113.46057891845705
-0.507080078125,0.99462890625,-0.374267578125,19.95849609375,37.65869140625,10.19287109375,4.447351932525635,121.05068969726562,114.51819610595705
-0.3466796875,1.075439453125,-0.400390625,-6.34765625,15.7470703125,33.26416015625,3.477279663085937,120.36856079101562,114.33887481689452
-0.416015625,1.044189453125,-0.413330078125,-37.04833984375,36.80419921875,38.02490234375,2.0955867767333984,118.5694580078125,114.83381652832031
-0.521728515625,0.881103515625,-0.385009765625,-44.73876953125,40.34423828125,29.72412109375,1.8646273612976076,116.65116119384766,115.67110443115234
-0.47216796875,1.053466796875,-0.356689453125,-44.61669921875,19.59228515625,46.5087890625,0.6769758462905884,114.5576629638672,115.5403060913086
-0.025634765625,1.03173828125,-0.374755859375,-61.95068359375,11.65771484375,44.61669921875,-1.113062858581543,111.88037109375,115.25664520263672
-0.47216796875,0.957763671875,-0.33056640625,-74.15771484375,22.8271484375,30.33447265625,-1.481279373168945,108.72643280029295,115.65743255615234
-0.0537109375,0.72216796875,-0.225830078125,-66.10107421875,18.12744140625,27.9541015625,-2.5415058135986333,105.99901580810548,116.00758361816406
-0.111083984375,0.74951171875,-0.243408203125,-62.1337890625,56.94580078125,28.076171875,-3.7902116775512695,103.47005462646484,117.9081802368164
0.179931640625,0.85888671875,-0.242919921875,-60.05859375,106.99462890625,27.4658203125,-6.076999187469482,100.93869018554688,121.85752868652344
0.05712890625,0.786865234375,-0.435546875,-69.27490234375,192.44384765625,30.94482421875,-8.49090576171875,97.91915130615234,129.21138000488278
-0.125732421875,0.78515625,-0.41015625,-72.57080078125,215.087890625,37.841796875,-10.310171127319336,94.38517761230469,137.55914306640622
-0.524169921875,0.75439453125,-0.33544921875,-71.533203125,173.583984375,35.2783203125,-10.466188430786133,90.69116973876952,144.39971923828125
-0.407470703125,0.8740234375,-0.2763671875,-57.861328125,44.677734375,26.85546875,-10.26422882080078,88.65287780761719,146.0819549560547
0.084228515625,0.903076171875,-0.35302734375,-49.37744140625,14.22119140625,20.5078125,-10.885092735290527,87.4439468383789,146.5265655517578
0.29296875,0.83837890625,-0.381591796875,-42.66357421875,81.84814453125,22.15576171875,-11.891533851623535,86.08905792236328,149.7196044921875
-0.324951171875,0.99658203125,-0.393798828125,-31.494140625,164.4287109375,15.56396484375,-10.94105339050293,84.44001007080078,156.2381591796875
-0.806396484375,1.06884765625,-0.138427734375,-23.8037109375,59.38720703125,5.43212890625,-9.241379737854004,83.47019958496094,158.56344604492188
0.016845703125,1.09814453125,-0.03466796875,-16.17431640625,-120.05615234375,-2.0751953125,-10.073951721191406,84.00618743896484,153.65342712402344
0.14501953125,0.862060546875,-0.14208984375,-31.43310546875,-48.828125,-3.662109375,-10.117467880249023,83.68949890136719,151.5611572265625
-0.12060546875,0.875,-0.219482421875,-34.423828125,-32.958984375,7.26318359375,-9.879799842834473,83.32587432861328,150.1197509765625
-0.380126953125,0.842529296875,-0.28564453125,-35.46142578125,-40.46630859375,12.939453125,-9.41006088256836,82.89884948730469,148.41677856445312
0.01416015625,0.935791015625,-0.124267578125,-21.66748046875,-73.66943359375,8.9111328125,-9.78304958343506,83.09185028076172,145.39830017089844
0.014404296875,0.94384765625,-0.10205078125,-22.15576171875,-53.89404296875,11.41357421875,-10.142167091369627,83.08247375488281,143.19082641601562
-0.950439453125,0.867431640625,-0.124755859375,-16.05224609375,-146.1181640625,32.5927734375,-11.274794578552244,84.70420837402344,137.213623046875
0.519287109375,1.053466796875,-0.259521484375,-21.42333984375,-172.79052734375,33.203125,-13.706950187683105,86.03400421142578,130.13189697265622
0.146728515625,1.108154296875,-0.33642578125,14.22119140625,-128.60107421875,11.474609375,-14.152976036071776,88.68889617919922,124.67074584960938
0.032958984375,1.08349609375,-0.245849609375,16.9677734375,-134.21630859375,27.16064453125,-14.701682090759276,91.28109741210938,119.00724029541016
0.013916015625,1.107666015625,-0.179931640625,2.3193359375,-146.97265625,30.57861328125,-14.95288372039795,101.40825653076172,89.55558013916016
-0.625244140625,1.0390625,0.283935546875,2.50244140625,-137.5732421875,25.5126953125,-13.262237548828125,101.9941864013672,84.03233337402344
-0.408447265625,0.860595703125,-0.22021484375,-26.67236328125,-169.61669921875,11.04736328125,-11.052695274353027,102.53241729736328,77.13330078125
-0.997802734375,0.54736328125,-0.29052734375,-8.11767578125,-176.1474609375,-27.9541015625,-6.2441043853759775,103.53632354736328,70.41764831542969
0.40283203125,0.72900390625,-0.112548828125,-58.7158203125,-180.5419921875,2.0751953125,-5.593772888183594,101.73727416992188,63.36636352539063
0.160888671875,0.819580078125,-0.106689453125,-75.74462890625,-94.482421875,-11.8408203125,-4.437512874603272,98.94688415527344,59.73344421386719
0.0927734375,0.69091796875,-0.322998046875,-104.8583984375,-67.44384765625,-28.3203125,-3.0776095390319824,95.53410339355469,57.15709686279297
0.05908203125,0.70361328125,-0.3271484375,-73.6083984375,-36.19384765625,-50.1708984375,-1.0256030559539795,93.3773193359375,55.837806701660156
-0.009765625,0.978271484375,-0.18310546875,-25.5126953125,-25.0244140625,-43.8232421875,0.6920295357704163,92.47090911865234,54.93271255493164
0.06884765625,1.222900390625,-0.033203125,18.4326171875,-0.30517578125,-5.4931640625,0.7561126947402954,93.15655517578124,54.9310188293457
0.057861328125,1.3310546875,-0.013427734375,29.60205078125,7.2021484375,31.67724609375,-0.6518809795379639,94.22307586669922,55.13027954101562
0.060546875,1.43603515625,-0.068603515625,28.01513671875,20.32470703125,56.45751953125,-3.0488357543945312,95.3070068359375,55.74485778808594
0.056396484375,1.443603515625,-0.173095703125,15.31982421875,51.8798828125,56.57958984375,-5.4669294357299805,95.82770538330078,57.58451843261719
-0.1533203125,1.37890625,-0.213134765625,3.0517578125,59.6923828125,48.64501953125,-7.1811113357543945,95.81038665771484,59.75666809082031
-0.107666015625,1.2939453125,-0.231201171875,-5.859375,39.12353515625,51.6357421875,-9.094233512878418,95.57188415527344,61.08966827392578
0.18896484375,1.3046875,-0.263671875,-4.69970703125,40.34423828125,57.31201171875,-11.486207008361815,95.34952545166016,62.457069396972656
0.249755859375,1.354248046875,-0.270751953125,2.0751953125,60.05859375,64.14794921875,-14.210296630859375,95.16216278076172,64.61444854736328
0.111328125,1.3125,-0.2734375,6.77490234375,76.7822265625,75.25634765625,-17.264707565307614,95.0619888305664,67.39742279052734
0.074951171875,1.1962890625,-0.234130859375,13.0615234375,58.837890625,94.66552734375,-20.697587966918945,95.12769317626952,69.43373870849611
0.2060546875,1.17333984375,-0.176025390625,22.3388671875,53.89404296875,101.98974609375,-24.51674461364746,95.4084014892578,71.29071044921875
0.2470703125,1.15234375,-0.171875,30.45654296875,66.46728515625,102.05078125,-28.27080345153809,95.6550521850586,73.72459411621094
0.09912109375,1.083984375,-0.169677734375,38.0859375,62.98828125,105.1025390625,-31.80276107788086,96.10363006591795,76.04241180419922
0.233642578125,1.002685546875,-0.17724609375,42.17529296875,50.29296875,107.72705078125,-35.557151794433594,96.94252014160156,77.7529296875
0.282958984375,1.041259765625,-0.210693359375,45.10498046875,51.08642578125,107.421875,-39.3317756652832,97.82408142089844,79.46794891357422
0.34765625,1.052001953125,-0.173828125,40.8935546875,62.92724609375,118.896484375,-43.53394317626953,97.88239288330078,81.86286926269531
0.479736328125,1.013916015625,-0.189697265625,28.6865234375,75.5615234375,136.65771484375,-48.58074951171875,96.75235748291016,85.05340576171875
0.5732421875,0.923583984375,-0.287353515625,15.5029296875,86.12060546875,153.564453125,-54.18517303466797,94.17829895019531,89.26151275634766
0.31298828125,1.1611328125,-0.087890625,31.92138671875,121.52099609375,167.29736328125,-59.50841903686523,88.2522201538086,97.7480010986328
0.3046875,0.815673828125,-0.190673828125,13.5498046875,111.38916015625,171.32568359375,-64.48463439941406,80.3698959350586,107.46427917480469
0.40478515625,0.78076171875,-0.206298828125,24.23095703125,105.89599609375,168.27392578125,-68.59394836425781,69.94387817382811,120.11700439453124
0.534912109375,0.817626953125,-0.160400390625,37.353515625,113.09814453125,158.5693359375,-71.17523956298828,55.2467041015625,137.64674377441406
0.392822265625,0.873779296875,-0.158447265625,39.73388671875,127.50244140625,150.45166015625,-71.21613311767578,38.21243667602539,157.83981323242188
0.39404296875,0.8193359375,-0.13232421875,30.8837890625,115.90576171875,147.52197265625,-69.86728668212889,23.569377899169922,-184.6416931152344
0.395751953125,0.73974609375,-0.138671875,18.5546875,95.76416015625,136.53564453125,-68.09026336669922,12.913077354431152,-171.66307067871094
0.417236328125,0.681396484375,-0.16552734375,8.23974609375,86.73095703125,122.49755859375,-66.05264282226561,5.306935787200928,-162.23312377929688
0.3779296875,0.592041015625,-0.1611328125,0.0,81.23779296875,106.62841796875,-63.923118591308594,0.18334464728832245,-155.72439575195312
0.476806640625,0.477294921875,-0.1240234375,-0.3662109375,61.70654296875,95.88623046875,-62.45549011230469,-3.867238521575928,-150.42222595214844
0.556640625,0.447265625,-0.112548828125,1.3427734375,51.57470703125,92.6513671875,-61.28666687011719,-7.5082759857177725,-145.5104522705078
0.55908203125,0.415771484375,-0.075927734375,3.90625,47.18017578125,90.9423828125,-60.11725616455078,-10.732386589050293,-140.943603515625
0.613037109375,0.39990234375,-0.08154296875,9.765625,33.38623046875,87.7685546875,-59.45136642456055,-13.517873764038086,-136.60130310058594
0.786376953125,0.42626953125,-0.071044921875,6.65283203125,22.64404296875,81.72607421875,-59.12857055664063,-16.279123306274414,-132.48684692382812
0.82958984375,0.42626953125,-0.06396484375,-0.54931640625,36.0107421875,70.80078125,-58.29118347167969,-18.27256965637207,-129.61772155761722
0.732177734375,0.3759765625,-0.024658203125,-6.2255859375,39.97802734375,67.07763671875,-57.30679702758789,-19.943500518798828,-127.34642791748048
0.8193359375,0.307373046875,-0.014404296875,-4.2724609375,33.63037109375,77.69775390625,-56.34658432006836,-22.508119583129886,-124.0141143798828
0.913818359375,0.277587890625,-0.0029296875,-1.5869140625,40.22216796875,87.70751953125,-54.9013900756836,-25.3586483001709,-120.2609405517578
0.8037109375,0.292724609375,-0.012451171875,7.26318359375,41.07666015625,90.4541015625,-53.35819625854492,-27.41018486022949,-116.89334106445312
0.7568359375,0.350341796875,-0.011962890625,7.62939453125,33.50830078125,83.80126953125,-52.21048355102539,-28.820253372192386,-114.12838745117188
0.810791015625,0.335693359375,0.03076171875,1.46484375,12.5732421875,75.13427734375,-51.84423828125,-30.67526435852051,-111.15936279296876
0.92578125,0.22216796875,0.020263671875,-6.16455078125,8.48388671875,60.11962890625,-51.834693908691406,-32.55337142944336,-108.7072982788086
0.9658203125,0.206787109375,0.03076171875,-3.5400390625,9.46044921875,65.49072265625,-51.59354782104492,-34.51999282836914,-106.03887939453124
0.999267578125,0.170654296875,0.09033203125,-1.0986328125,12.87841796875,79.77294921875,-50.77484512329102,-36.77502822875977,-102.86910247802734
0.990966796875,0.180419921875,0.111328125,-4.0283203125,9.46044921875,95.03173828125,-49.56970977783203,-39.54251098632813,-99.0924835205078
0.9990234375,0.196044921875,0.0732421875,-8.11767578125,9.033203125,100.830078125,-48.21372604370117,-42.45890808105469,-95.28208923339844
1.031494140625,0.172607421875,0.047607421875,-11.16943359375,13.5498046875,105.04150390625,-46.52338027954102,-45.34772109985352,-91.6781768798828
0.983154296875,0.078125,0.049560546875,-12.39013671875,17.578125,101.4404296875,-44.68501663208008,-47.90245056152344,-88.6063003540039
0.943115234375,0.0068359375,0.10888671875,-12.0849609375,12.3291015625,93.8720703125,-43.01999282836914,-50.13152313232422,-85.88430786132812
0.995849609375,-0.06396484375,0.116943359375,-18.5546875,6.53076171875,84.28955078125,-41.692630767822266,-52.494178771972656,-83.37519073486328
1.060791015625,-0.064208984375,0.132080078125,-22.216796875,3.23486328125,81.787109375,-40.47683715820313,-54.81415176391602,-81.04130554199219
1.045166015625,-0.029296875,0.13916015625,-24.5361328125,3.60107421875,86.24267578125,-39.10856246948242,-57.04975509643555,-78.83750915527344
0.994140625,-0.128173828125,0.133056640625,-27.89306640625,6.04248046875,70.4345703125,-38.10176467895508,-59.099952697753906,-77.2410659790039
1.130126953125,-0.200439453125,0.12646484375,-25.146484375,1.220703125,49.1943359375,-37.83241653442383,-60.83208084106445,-76.04137420654297
0.971435546875,-0.195068359375,0.151123046875,-17.08984375,9.765625,29.35791015625,-38.01076889038086,-61.57619857788086,-75.82750701904297
0.960693359375,-0.041259765625,0.2001953125,-16.9677734375,-3.35693359375,27.83203125,-38.65837097167969,-62.24349212646485,-75.32783508300781
1.003662109375,-0.04052734375,0.183837890625,-20.751953125,-7.01904296875,50.29296875,-38.56816864013672,-63.59796905517578,-74.0848388671875
0.983154296875,-0.077880859375,0.151611328125,-20.6298828125,-3.90625,70.12939453125,-37.66160202026367,-65.19788360595703,-72.53999328613281
0.89794921875,-0.146484375,0.144287109375,-16.78466796875,2.13623046875,79.40673828125,-36.13038635253906,-66.61248779296875,-71.12261962890625
0.7939453125,-0.158203125,0.1044921875,-15.31982421875,2.197265625,64.02587890625,-35.21418762207031,-67.76500701904297,-70.06871032714844
0.765380859375,-0.087890625,0.141357421875,-14.404296875,-2.50244140625,45.10498046875,-35.163414001464844,-68.52910614013672,-69.33757019042969
0.851318359375,-0.07958984375,0.191650390625,-16.54052734375,-5.92041015625,36.2548828125,-35.47079086303711,-69.33249664306639,-68.64879608154297
0.85595703125,-0.13525390625,0.12158203125,-15.5029296875,-9.1552734375,32.40966796875,-35.93134689331055,-70.30682373046875,-67.79568481445311
0.875,-0.185791015625,0.123779296875,-13.61083984375,-11.71875,28.62548828125,-36.46286392211914,-71.27872467041016,-66.87770843505861
0.91650390625,-0.189697265625,0.133544921875,-14.0380859375,-14.0380859375,27.40478515625,-37.04323959350586,-72.31957244873047,-65.88389587402344
0.932373046875,-0.21533203125,0.110595703125,-15.625,-13.0615234375,24.35302734375,-37.67498397827149,-73.42330169677734,-64.96247100830078
0.92041015625,-0.230224609375,0.07861328125,-13.916015625,-12.939453125,23.3154296875,-38.298526763916016,-74.53742218017578,-64.01861572265625
0.953125,-0.211181640625,0.078857421875,-8.85009765625,-13.916015625,24.96337890625,-38.868553161621094,-75.44974517822266,-63.04462814331055
0.899169921875,-0.24609375,0.098388671875,-4.8828125,-15.0146484375,26.7333984375,-39.27003860473633,-76.219482421875,-62.02630996704102
0.905029296875,-0.2548828125,0.095458984375,-4.82177734375,-18.4326171875,25.81787109375,-39.701744079589844,-77.09494018554688,-60.85250854492188
0.955078125,-0.2578125,0.060791015625,-3.7841796875,-18.73779296875,27.2216796875,-40.09558486938477,-77.9922103881836,-59.63040161132813
0.923095703125,-0.243896484375,0.069091796875,-0.732421875,-16.29638671875,33.69140625,-40.19083786010742,-78.7311782836914,-58.47835540771485
0.8720703125,-0.251220703125,0.093994140625,2.01416015625,-17.02880859375,37.109375,-40.09361267089844,-79.30435943603516,-57.333778381347656
0.91015625,-0.27978515625,0.09033203125,1.64794921875,-18.61572265625,41.19873046875,-39.81098937988281,-80.00711822509766,-56.05587387084961
0.890380859375,-0.33740234375,0.065673828125,2.38037109375,-14.22119140625,45.7763671875,-39.20405960083008,-80.60065460205078,-54.953514099121094
0.905029296875,-0.32470703125,0.064453125,4.94384765625,-14.2822265625,45.10498046875,-38.671634674072266,-81.04924774169922,-53.89215087890625
0.911376953125,-0.333251953125,0.057373046875,6.2255859375,-14.0380859375,42.8466796875,-38.22726058959961,-81.39546203613281,-52.89025497436523
0.900146484375,-0.38427734375,0.07275390625,7.99560546875,-14.2822265625,45.8984375,-37.57028579711914,-81.67171478271484,-51.87396621704102
0.9013671875,-0.3974609375,0.08056640625,10.92529296875,-14.34326171875,43.76220703125,-36.99277877807617,-81.78153991699219,-50.90050888061523
0.9267578125,-0.418701171875,0.0986328125,13.24462890625,-16.05224609375,44.3115234375,-36.34810256958008,-81.84811401367188,-49.84239196777344
0.900634765625,-0.502197265625,0.021728515625,13.671875,-15.56396484375,25.87890625,-36.35049819946289,-81.98512268066406,-48.8284797668457
0.9423828125,-0.475341796875,0.06982421875,16.9677734375,-15.625,13.36669921875,-36.92127227783203,-81.79935455322266,-47.982505798339844
0.907958984375,-0.54296875,0.044921875,18.73779296875,-12.39013671875,-0.1220703125,-37.84727478027344,-81.5577163696289,-47.28794860839844
0.989990234375,-0.44287109375,0.059326171875,20.44677734375,-14.892578125,-24.0478515625,-39.93518447875977,-81.09620666503906,-46.71778869628906
1.029541015625,-0.407958984375,0.118408203125,17.76123046875,-8.6669921875,-21.66748046875,-41.890716552734375,-80.3929443359375,-46.55891036987305
0.94287109375,-0.416259765625,0.1298828125,15.13671875,-10.3759765625,-13.00048828125,-43.374324798583984,-79.9880142211914,-46.18619918823242
0.97216796875,-0.337158203125,0.006591796875,11.53564453125,-17.39501953125,-3.173828125,-44.658546447753906,-80.31722259521484,-45.15652847290039
0.962158203125,-0.350830078125,-0.023193359375,12.939453125,-12.6953125,12.51220703125,-45.222816467285156,-80.62750244140625,-44.15953826904297
0.8837890625,-0.405029296875,-0.083740234375,17.02880859375,-11.41357421875,28.25927734375,-44.89262390136719,-81.01306915283203,-42.961856842041016
0.710693359375,-0.404296875,-0.080078125,27.03857421875,-7.2021484375,19.53125,-44.79558181762695,-80.87699890136719,-42.00997543334961
0.722412109375,-0.362548828125,-0.017333984375,28.99169921875,-11.16943359375,0.9765625,-45.55364227294922,-80.44674682617188,-41.17987823486328
0.77490234375,-0.332763671875,0.021728515625,28.564453125,-14.2822265625,-9.09423828125,-46.83864974975586,-79.89995574951172,-40.4033203125
0.81103515625,-0.326171875,0.040771484375,26.3671875,-16.05224609375,-17.88330078125,-48.45621871948242,-79.44348907470703,-39.618309020996094
0.836669921875,-0.323974609375,0.0361328125,23.681640625,-15.68603515625,-24.0478515625,-50.283775329589844,-79.0786361694336,-38.88475799560547
0.8681640625,-0.300048828125,0.040283203125,23.3154296875,-14.2822265625,-28.9306640625,-52.28757095336914,-78.67195129394531,-38.25426483154297
0.877197265625,-0.326171875,0.025390625,21.728515625,-13.5498046875,-36.43798828125,-54.47229766845703,-78.26210021972656,-37.72935104370117
0.878662109375,-0.330322265625,-0.005615234375,18.310546875,-15.68603515625,-43.15185546875,-56.85380935668945,-78.2069091796875,-37.00349807739258
0.9482421875,-0.313232421875,-0.03173828125,19.22607421875,-16.66259765625,-44.37255859375,-59.32292556762695,-78.32876586914062,-36.070159912109375
0.97216796875,-0.266357421875,-0.036376953125,24.4140625,-15.9912109375,-39.6728515625,-61.58567810058594,-78.2818603515625,-35.086135864257805
0.99560546875,-0.2666015625,-0.06591796875,28.564453125,-17.02880859375,-33.38623046875,-63.54439163208008,-78.4642333984375,-33.700607299804695
1.01611328125,-0.2431640625,-0.104736328125,33.3251953125,-14.70947265625,-25.08544921875,-65.06581115722656,-78.42452239990234,-32.28549194335937
1.00634765625,-0.233642578125,-0.0791015625,41.07666015625,-8.23974609375,-15.625,-66.21080017089844,-77.85348510742188,-31.211109161376953
0.959716796875,-0.21435546875,-0.0380859375,46.142578125,-4.2724609375,-12.6953125,-67.17306518554689,-76.58033752441406,-30.649621963500977
0.933349609375,-0.216064453125,0.007568359375,48.88916015625,-6.8359375,-10.31494140625,-68.05503845214844,-75.26337432861328,-29.98261260986328
0.9423828125,-0.230224609375,0.000732421875,51.57470703125,-11.90185546875,-5.2490234375,-68.68228912353516,-74.58098602294922,-28.537824630737305
0.93994140625,-0.247802734375,0.00634765625,52.734375,-12.6953125,-3.35693359375,-69.18447113037111,-74.03369903564453,-26.906774520874023
0.965087890625,-0.232177734375,0.028564453125,54.19921875,-11.77978515625,-0.54931640625,-69.60044097900389,-73.21737670898438,-25.477458953857425
0.925537109375,-0.1865234375,0.050537109375,53.77197265625,-15.2587890625,3.5400390625,-69.94593048095703,-72.80674743652344,-23.62208366394043
0.92041015625,-0.183837890625,0.056396484375,52.18505859375,-21.05712890625,8.1787109375,-70.16790771484375,-73.2393798828125,-20.93975067138672
0.934326171875,-0.178466796875,0.046142578125,51.26953125,-27.89306640625,13.00048828125,-70.27523040771484,-74.7303466796875,-17.188810348510742
1.0107421875,-0.304931640625,0.000732421875,51.1474609375,-30.029296875,9.70458984375,-70.29198455810547,-76.78884887695312,-12.893232345581055
0.962646484375,-0.458740234375,-0.0537109375,61.21826171875,-21.30126953125,-24.658203125,-71.20172119140625,-77.13603973388672,-10.02074146270752
1.124755859375,-0.16162109375,0.044921875,65.97900390625,-26.9775390625,-49.62158203125,-73.70172882080078,-75.99462127685547,-8.319856643676758
1.166015625,-0.1142578125,0.088134765625,63.04931640625,-19.10400390625,-31.67724609375,-75.38984680175781,-74.5459213256836,-7.092897415161133
1.125,-0.042236328125,0.023193359375,66.10107421875,-20.32470703125,-11.71875,-76.435791015625,-74.52842712402344,-4.3199334144592285
1.16943359375,0.0107421875,-0.02490234375,71.96044921875,-18.06640625,7.568359375,-76.83783721923828,-75.42716979980469,-0.4342641830444336
1.0654296875,-0.05810546875,-0.045166015625,78.30810546875,-14.83154296875,25.32958984375,-76.40348052978516,-76.50749969482422,3.825816154479981
0.985107421875,-0.22802734375,-0.0380859375,80.322265625,-14.34326171875,28.076171875,-75.4992904663086,-77.55915832519531,8.106374740600586
0.980712890625,-0.21923828125,-0.04443359375,84.89990234375,-17.08984375,29.052734375,-74.69593048095703,-78.24626159667969,12.304533004760742
0.891845703125,-0.129150390625,-0.067138671875,92.22412109375,-16.54052734375,19.22607421875,-74.36917877197266,-78.46481323242188,16.26852035522461
0.873046875,-0.090087890625,-0.0302734375,99.2431640625,-25.390625,11.41357421875,-74.47467803955078,-79.0138931274414,20.917743682861328
0.929443359375,-0.083984375,-0.01171875,104.8583984375,-30.76171875,7.2021484375,-74.72025299072266,-79.8254623413086,26.09180450439453
0.967529296875,-0.138427734375,-0.00390625,106.87255859375,-32.65380859375,0.91552734375,-75.1230697631836,-80.8239517211914,31.54313659667969
0.9921875,-0.101806640625,0.00244140625,108.09326171875,-31.67724609375,-3.173828125,-75.71887969970703,-81.5915298461914,36.81608581542969
0.9697265625,-0.089111328125,0.019287109375,111.02294921875,-31.3720703125,-3.90625,-76.33893585205078,-82.29706573486328,42.14520263671875
0.95556640625,-0.05908203125,0.0009765625,111.14501953125,-36.0107421875,-9.58251953125,-77.17654418945312,-84.1900863647461,48.69883346557617
1.0087890625,-0.087158203125,-0.025146484375,110.29052734375,-38.2080078125,-13.12255859375,-78.00079345703125,-87.4298324584961,56.569252014160156
1.01513671875,-0.1015625,-0.06591796875,112.6708984375,-36.68212890625,-12.8173828125,-78.67127990722656,-91.6269302368164,65.46266937255861
1.01953125,-0.07275390625,-0.08251953125,120.78857421875,-31.06689453125,-11.8408203125,-79.22370910644531,-94.96815490722656,73.79187774658203
1.0751953125,-0.02783203125,-0.122802734375,127.5634765625,-29.11376953125,-10.6201171875,-79.71504974365234,-98.65680694580078,82.71687316894531
1.08056640625,0.019775390625,-0.09765625,134.46044921875,-26.0009765625,-6.2255859375,-80.11447143554688,-101.42691040039062,90.97859954833984
1.076416015625,0.0576171875,-0.062744140625,140.68603515625,-23.74267578125,-0.6103515625,-80.32042694091797,-102.96668243408205,98.2256851196289
1.1025390625,0.03076171875,-0.02734375,145.56884765625,-22.76611328125,2.62451171875,-80.36925506591797,-103.34547424316406,104.4858627319336
1.08740234375,0.036865234375,0.01611328125,149.71923828125,-20.8740234375,5.43212890625,-80.38936614990234,-102.1728057861328,109.36299896240234
1.060302734375,0.06396484375,0.0361328125,154.72412109375,-22.39990234375,9.94873046875,-80.29896545410156,-100.90450286865234,114.32752227783205
1.051025390625,0.09326171875,0.03662109375,157.8369140625,-26.611328125,14.404296875,-80.09272766113281,-100.4188003540039,120.1868133544922
1.10009765625,0.09326171875,0.05029296875,159.60693359375,-31.982421875,20.99609375,-79.62970733642578,-100.59280395507812,126.75416564941406
1.0908203125,0.11962890625,0.03125,162.59765625,-28.80859375,29.84619140625,-78.9360122680664,-99.31957244873048,131.96572875976562
1.053466796875,0.088623046875,0.035888671875,163.0859375,-26.06201171875,35.46142578125,-78.05205535888672,-96.8808135986328,136.02769470214844
1.019287109375,0.096923828125,0.058837890625,167.1142578125,-27.099609375,41.015625,-77.03083801269531,-94.19232940673828,140.01985168457028
1.002197265625,0.12060546875,0.05517578125,172.119140625,-30.45654296875,49.74365234375,-75.80061340332031,-91.62744903564452,144.36776733398438
1.017578125,0.1171875,0.055908203125,172.9736328125,-32.3486328125,54.3212890625,-74.45932006835938,-89.18819427490234,148.92271423339844
1.045166015625,0.079833984375,0.050048828125,170.7763671875,-32.5927734375,56.94580078125,-73.01962280273438,-86.79279327392578,153.47604370117188
1.00341796875,0.00341796875,0.0634765625,168.212890625,-30.45654296875,49.01123046875,-71.83182525634766,-83.97267150878906,157.54563903808594
0.962158203125,-0.0048828125,0.066650390625,167.48046875,-34.1796875,40.83251953125,-71.05245971679688,-81.50064849853516,161.9992218017578
0.99169921875,0.0166015625,0.0751953125,165.8935546875,-38.87939453125,34.36279296875,-70.7462387084961,-79.62574768066406,167.02139282226562
1.02001953125,-0.01904296875,0.109619140625,160.33935546875,-41.9921875,30.029296875,-70.52482604980469,-77.94688415527344,-187.9149475097656
1.0205078125,-0.02197265625,0.093994140625,156.06689453125,-42.6025390625,28.01513671875,-70.43853759765625,-76.59929656982422,-182.6848602294922
1.03271484375,-0.029541015625,0.081298828125,153.50341796875,-39.0625,29.84619140625,-70.25736999511719,-75.03829956054688,-177.78981018066406
0.99169921875,-0.060791015625,0.097900390625,152.2216796875,-42.29736328125,38.9404296875,-69.76212310791016,-74.14678955078125,-172.23834228515625
0.940185546875,-0.08544921875,0.0791015625,151.9775390625,-44.12841796875,40.8935546875,-69.20426940917969,-73.55944061279297,-166.37185668945312
0.976806640625,-0.144775390625,0.099609375,145.81298828125,-47.8515625,38.26904296875,-68.67635345458984,-73.3241195678711,-160.35873413085938
0.97412109375,-0.174560546875,0.126708984375,136.41357421875,-41.93115234375,33.87451171875,-68.22157287597656,-72.5680923461914,-155.27609252929688
0.9775390625,-0.148193359375,0.14697265625,129.21142578125,-42.05322265625,32.28759765625,-67.91007995605469,-71.84028625488281,-150.4315643310547
0.98681640625,-0.191650390625,0.169677734375,117.98095703125,-42.48046875,32.16552734375,-67.51354217529297,-71.60809326171875,-145.5330810546875
1.04150390625,-0.26123046875,0.154296875,106.3232421875,-36.56005859375,31.67724609375,-67.01510620117189,-71.33068084716797,-141.1934051513672
1.008544921875,-0.274658203125,0.158935546875,101.07421875,-31.18896484375,31.1279296875,-66.45531463623047,-70.66924285888672,-137.48069763183594
0.9248046875,-0.271240234375,0.19091796875,92.71240234375,-28.50341796875,29.96826171875,-65.87571716308594,-69.89281463623047,-134.22137451171878
0.89990234375,-0.271240234375,0.175048828125,78.18603515625,-31.494140625,25.634765625,-65.51612091064453,-69.78155517578125,-130.8521728515625
0.92822265625,-0.259521484375,0.17626953125,67.0166015625,-30.57861328125,28.3203125,-65.10136413574219,-70.04923248291016,-127.5426025390625
0.8095703125,-0.21728515625,0.14990234375,59.87548828125,-26.06201171875,30.029296875,-64.62710571289061,-70.01754760742189,-124.82740020751952
0.876220703125,-0.36669921875,0.198486328125,49.25537109375,-24.96337890625,33.447265625,-63.70005798339844,-70.60224151611328,-121.93955993652344
0.865478515625,-0.37255859375,0.182373046875,43.02978515625,-27.4658203125,30.45654296875,-62.92481231689453,-71.49066162109375,-118.97667694091795
0.83837890625,-0.32275390625,0.18115234375,36.31591796875,-26.2451171875,29.296875,-62.31451416015625,-72.36122131347656,-116.39899444580078
0.88720703125,-0.313720703125,0.270263671875,21.66748046875,-22.15576171875,28.86962890625,-61.64098358154297,-72.92045593261719,-114.59609985351562
0.8935546875,-0.27978515625,0.1796875,11.3525390625,-17.4560546875,31.79931640625,-60.95274353027344,-73.9011001586914,-112.85398864746094
0.942138671875,-0.323486328125,0.187255859375,5.4931640625,-9.3994140625,37.65869140625,-59.92289733886719,-74.59996795654297,-111.69255828857422
0.932861328125,-0.385009765625,0.20263671875,0.1220703125,-6.40869140625,46.5087890625,-58.41593551635742,-75.39813995361328,-110.65254974365234
0.841796875,-0.671142578125,0.119384765625,-4.0283203125,-4.57763671875,23.8037109375,-57.24249267578125,-76.39862823486328,-109.7344970703125
0.963623046875,-0.36572265625,0.187744140625,-1.40380859375,-6.89697265625,-6.40869140625,-58.02947998046875,-76.21891784667969,-109.81700134277344
1.026611328125,-0.362548828125,0.22900390625,-6.8359375,0.0,10.986328125,-57.997642517089844,-76.10270690917969,-110.0970458984375
0.868408203125,-0.393310546875,0.18701171875,1.52587890625,-1.3427734375,10.92529296875,-57.805641174316406,-75.880126953125,-110.15592193603516
0.763671875,-0.341796875,0.289794921875,7.32421875,-8.9111328125,0.732421875,-58.140037536621094,-75.1818618774414,-110.31392669677734
1.00341796875,-0.331787109375,0.262939453125,0.30517578125,-14.892578125,0.18310546875,-58.68204879760742,-75.41055297851562,-109.80171966552734
1.0244140625,-0.40185546875,0.265380859375,1.28173828125,-18.61572265625,3.72314453125,-58.99048614501953,-75.99004364013672,-108.8670883178711
1.052978515625,-0.374755859375,0.1982421875,1.77001953125,-20.6298828125,8.1787109375,-59.1905632019043,-77.01595306396484,-107.4723663330078
1.014404296875,-0.373291015625,0.165283203125,2.197265625,-14.46533203125,7.14111328125,-59.38551712036133,-77.65213775634766,-106.52830505371094
0.9951171875,-0.289794921875,0.184326171875,0.244140625,-12.0849609375,5.18798828125,-59.76135635375977,-77.99529266357422,-105.96038818359376
0.947509765625,-0.29296875,0.1806640625,-0.6103515625,-11.8408203125,9.27734375,-59.85841369628906,-78.2890396118164,-105.4582748413086
0.858642578125,-0.30712890625,0.184326171875,-1.89208984375,-13.00048828125,11.71875,-59.82759475708008,-78.80524444580078,-104.7778778076172
0.86083984375,-0.326171875,0.185546875,-4.150390625,-14.58740234375,12.3291015625,-59.74220275878906,-79.52323913574219,-103.96935272216795
0.8291015625,-0.3232421875,0.192626953125,-6.103515625,-13.18359375,10.498046875,-59.72755813598633,-80.11176300048828,-103.3759536743164
0.856201171875,-0.33203125,0.198974609375,-7.75146484375,-12.87841796875,7.26318359375,-59.80226135253906,-80.6837387084961,-102.87105560302734
0.861572265625,-0.376708984375,0.18017578125,-7.99560546875,-12.39013671875,4.21142578125,-59.904296875,-81.31498718261719,-102.34303283691406
0.86572265625,-0.363037109375,0.19384765625,-6.2255859375,-11.5966796875,0.6103515625,-60.18475723266602,-81.65026092529297,-102.03589630126952
0.904296875,-0.353515625,0.221435546875,-6.89697265625,-8.85009765625,1.5869140625,-60.42636108398438,-81.75171661376953,-102.00916290283205
0.9013671875,-0.344482421875,0.193359375,-8.056640625,-7.6904296875,4.69970703125,-60.55573272705078,-81.96255493164062,-101.94439697265624
0.91357421875,-0.372802734375,0.19287109375,-7.4462890625,-5.31005859375,5.2490234375,-60.55944061279297,-82.12125396728516,-101.95057678222656
0.88134765625,-0.40283203125,0.186767578125,-4.94384765625,-4.39453125,4.2724609375,-60.54683303833008,-82.02647399902344,-102.11141967773438
0.87255859375,-0.38330078125,0.181640625,-5.2490234375,-5.2490234375,3.84521484375,-60.58873748779297,-82.00502014160156,-102.20272064208984
0.92333984375,-0.374267578125,0.157470703125,-8.23974609375,-7.50732421875,5.0048828125,-60.65278244018555,-82.37449645996094,-102.01014709472656
0.927978515625,-0.4052734375,0.137939453125,-7.62939453125,-6.28662109375,10.19287109375,-60.46674346923828,-82.81101989746094,-101.75218200683594
0.89794921875,-0.426025390625,0.1181640625,-3.90625,-6.04248046875,12.8173828125,-60.11830139160156,-83.17713165283203,-101.42684173583984
0.901123046875,-0.4248046875,0.128173828125,-1.03759765625,-6.591796875,13.61083984375,-59.77880477905274,-83.4065170288086,-101.10850524902344
0.89501953125,-0.387451171875,0.12744140625,-1.220703125,-6.53076171875,17.4560546875,-59.34957504272461,-83.62984466552734,-100.79563903808594
0.88818359375,-0.378173828125,0.15625,0.06103515625,-6.7138671875,21.8505859375,-58.77078628540039,-83.6932373046875,-100.56462097167969
0.875732421875,-0.38232421875,0.19140625,0.6103515625,-9.46044921875,26.123046875,-57.97650909423828,-83.83273315429688,-100.18368530273438
0.85595703125,-0.4111328125,0.16748046875,2.13623046875,-13.85498046875,26.42822265625,-57.19518661499024,-84.22903442382812,-99.4366226196289
0.874267578125,-0.434326171875,0.162109375,2.685546875,-15.869140625,26.2451171875,-56.4284553527832,-84.72901916503906,-98.54019165039062
0.90478515625,-0.435546875,0.16064453125,2.8076171875,-15.80810546875,29.052734375,-55.5384521484375,-85.21256256103516,-97.651123046875
0.90234375,-0.489013671875,0.164306640625,0.1220703125,-14.2822265625,28.4423828125,-54.65983581542969,-85.66261291503906,-96.9140853881836
0.905517578125,-0.48974609375,0.15673828125,0.79345703125,-14.70947265625,26.85546875,-53.87933731079102,-86.08759307861328,-96.16767120361328
0.951416015625,-0.47021484375,0.17431640625,0.42724609375,-16.54052734375,29.052734375,-53.15798950195313,-86.5641098022461,-95.3459014892578
0.959228515625,-0.66015625,0.101806640625,-0.48828125,-17.08984375,34.97314453125,-51.87931442260742,-87.3544692993164,-94.28778076171876
0.856689453125,-0.616455078125,0.017578125,4.2724609375,-13.12255859375,12.87841796875,-51.47146987915039,-87.89383697509766,-93.39596557617188
0.934326171875,-0.6435546875,0.072021484375,6.2255859375,-10.1318359375,1.89208984375,-51.475257873535156,-87.9876480102539,-92.87461853027344
0.8671875,-0.58056640625,0.076904296875,10.498046875,-5.859375,-21.1181640625,-52.49187469482422,-87.6010513305664,-92.7158660888672
0.88720703125,-0.494873046875,0.1240234375,11.5966796875,-5.37109375,-28.564453125,-53.9390983581543,-86.93899536132812,-92.76603698730469
0.8544921875,-0.390625,0.125244140625,9.82666015625,-10.43701171875,-26.7333984375,-55.47998046875,-86.67139434814453,-92.44326782226562
0.89990234375,-0.296875,0.1044921875,5.0048828125,-22.52197265625,-12.6953125,-56.63110733032226,-87.38567352294922,-91.1849365234375
0.872314453125,-0.28076171875,0.029296875,2.01416015625,-25.7568359375,5.0048828125,-57.051979064941406,-88.81774139404297,-89.3467025756836
0.790771484375,-0.41796875,-0.032470703125,2.25830078125,-21.97265625,17.02880859375,-56.36529159545898,-90.3006591796875,-87.55294036865234
0.64453125,-0.476318359375,-0.060791015625,8.72802734375,-19.71435546875,-3.0517578125,-56.34428787231445,-91.42341613769531,-85.88912200927734
0.688720703125,-0.366455078125,0.013671875,9.46044921875,-23.5595703125,-15.2587890625,-57.1229133605957,-92.3807373046875,-84.23603820800781
0.696044921875,-0.35400390625,0.05419921875,7.4462890625,-21.91162109375,-22.3388671875,-58.15629577636719,-93.01769256591795,-82.94257354736328
0.594970703125,-0.345458984375,0.0869140625,7.26318359375,-21.42333984375,-37.53662109375,-59.6531982421875,-93.60511779785156,-81.68232727050781
0.517333984375,-0.34619140625,0.066650390625,6.7138671875,-27.2216796875,-52.91748046875,-61.51995086669922,-94.8765869140625,-79.7005844116211
0.582763671875,-0.34130859375,0.0673828125,5.31005859375,-33.203125,-70.80078125,-64.11565399169922,-97.17950439453124,-76.67726135253906
0.655517578125,-0.289794921875,0.109619140625,1.64794921875,-32.53173828125,-97.83935546875,-67.81832885742189,-100.2505340576172,-72.96014404296875
0.64208984375,-0.253173828125,0.127685546875,-5.43212890625,-30.94482421875,-114.501953125,-71.98694610595703,-105.0095672607422,-67.80390167236328
0.648681640625,-0.200439453125,0.07666015625,-12.14599609375,-36.19384765625,-128.47900390625,-76.25544738769531,-115.49398803710938,-57.15564727783203
0.812744140625,-0.12890625,0.010009765625,-15.80810546875,-46.08154296875,-139.404296875,-79.48062133789062,-140.57977294921878,-32.242950439453125
0.962890625,-0.0693359375,0.018798828125,-16.357421875,-39.4287109375,-141.90673828125,-80.1986312866211,-179.3644561767578,5.606962203979492
0.8955078125,-0.01904296875,0.049072265625,-17.2119140625,-25.20751953125,-142.02880859375,-78.31119537353516,147.6487274169922,37.76005554199219
0.803955078125,0.051513671875,0.02587890625,-22.5830078125,-28.076171875,-143.798828125,-74.31840515136719,129.73844909667972,55.13420867919922
0.973388671875,0.056884765625,-0.00048828125,-25.57373046875,-35.46142578125,-144.47021484375,-69.47175598144531,121.23916625976562,63.03777313232422
1.048095703125,0.090087890625,-0.02099609375,-27.64892578125,-32.71484375,-141.7236328125,-64.60186004638672,115.99371337890624,67.55739593505861
0.9443359375,0.14794921875,0.037109375,-34.1796875,-20.01953125,-134.21630859375,-60.139427185058594,111.26360321044922,71.2753677368164
1.2802734375,0.353271484375,-0.347412109375,-15.56396484375,-33.63037109375,-118.408203125,-55.68727493286133,110.5281219482422,71.6411361694336
1.13427734375,0.201904296875,-0.072998046875,-46.9970703125,-40.4052734375,-115.6005859375,-51.751731872558594,108.41912841796876,71.88984680175781
1.111572265625,0.23779296875,-0.00048828125,-47.30224609375,-29.296875,-107.177734375,-48.35797882080078,106.0611572265625,72.39388275146484
0.886474609375,0.317626953125,0.020751953125,-53.40576171875,-27.9541015625,-102.4169921875,-45.01298141479492,103.53624725341795,72.7021484375
1.0693359375,0.323486328125,-0.003662109375,-63.96484375,-51.94091796875,-96.435546875,-41.98270034790039,102.0606460571289,71.14531707763672
1.202392578125,0.355224609375,-0.2763671875,-56.5185546875,-54.50439453125,-100.09765625,-38.73615646362305,101.3649673461914,69.14607238769531
1.270751953125,0.285400390625,-0.052001953125,-57.4951171875,-51.6357421875,-104.4921875,-35.671897888183594,99.98324584960938,67.63107299804689
1.121826171875,0.447265625,-0.0361328125,-55.0537109375,-34.72900390625,-110.77880859375,-32.16121292114258,98.13088989257812,66.91743469238281
1.00341796875,0.54833984375,-0.103759765625,-66.34521484375,-49.9267578125,-110.04638671875,-28.650863647460934,96.34996795654295,65.28319549560547
1.04345703125,0.552001953125,-0.175537109375,-64.88037109375,-50.9033203125,-101.4404296875,-25.65036582946777,94.81598663330078,63.37810516357422
0.968994140625,0.52685546875,-0.134521484375,-55.48095703125,-48.33984375,-92.34619140625,-23.17043685913086,93.5296630859375,61.51104736328125
0.857421875,0.4658203125,-0.02880859375,-38.87939453125,-43.76220703125,-79.833984375,-21.30000114440918,92.60430908203124,59.84101104736328
0.806396484375,0.45849609375,-0.028076171875,-31.43310546875,-43.9453125,-69.2138671875,-19.899457931518555,91.97125244140624,58.10352325439453
0.833984375,0.592529296875,-0.051513671875,-29.11376953125,-36.0107421875,-66.650390625,-18.42316055297852,91.26824188232422,56.68457794189453
0.668212890625,0.6416015625,-0.004150390625,-44.73876953125,-30.2734375,-75.62255859375,-16.451412200927734,89.80704498291016,55.48654556274414
0.659912109375,0.615478515625,-0.001708984375,-58.16650390625,-40.10009765625,-79.52880859375,-14.462928771972654,87.93414306640625,53.793724060058594
0.48974609375,0.561767578125,-0.018798828125,-60.1806640625,-42.3583984375,-86.9140625,-11.991399765014648,86.08067321777344,51.87111282348633
0.325439453125,0.483642578125,-0.12255859375,-46.630859375,-64.208984375,-103.8818359375,-8.882560729980469,85.33631896972656,48.85121154785156
0.32177734375,0.47314453125,-0.103759765625,-29.6630859375,-85.8154296875,-116.2109375,-5.499144554138184,85.17894744873047,44.9535026550293
0.31982421875,0.480712890625,-0.07373046875,-19.34814453125,-103.02734375,-122.314453125,-2.2013413906097408,85.0611801147461,40.41216278076172
0.392578125,0.50830078125,-0.050537109375,-14.46533203125,-97.96142578125,-130.126953125,1.3204731941223145,84.83705139160156,36.06575393676758
0.262451171875,0.519287109375,-0.10205078125,-11.29150390625,-91.97998046875,-133.72802734375,5.252488613128662,84.70701599121094,31.94647979736328
0.224609375,0.5087890625,-0.10546875,-2.74658203125,-98.93798828125,-137.14599609375,9.363286018371582,84.46812438964844,27.52109146118164
0.174072265625,0.5751953125,-0.102294921875,9.1552734375,-107.5439453125,-134.3994140625,13.313543319702148,84.45469665527344,22.746456146240234
0.22412109375,0.629150390625,-0.18603515625,12.87841796875,-106.93359375,-126.52587890625,16.761884689331055,84.51651763916016,18.048768997192386
0.207763671875,0.653076171875,-0.22119140625,16.41845703125,-96.19140625,-119.68994140625,20.0107364654541,84.69402313232422,13.832891464233398
0.12255859375,0.740966796875,-0.25390625,19.53125,-86.5478515625,-113.76953125,23.192033767700195,84.92115783691406,10.036853790283203
0.100341796875,0.77880859375,-0.28515625,20.93505859375,-84.16748046875,-110.7177734375,26.24783706665039,85.07695007324219,6.351818084716798
0.23046875,0.834716796875,-0.35400390625,18.61572265625,-72.3876953125,-115.17333984375,29.213781356811523,85.2587890625,3.1899185180664062
0.126220703125,0.93798828125,-0.450439453125,13.0615234375,-27.89306640625,-125.1220703125,32.90487289428711,86.20370483398438,2.118915557861328
-0.01806640625,1.017822265625,-0.461669921875,11.8408203125,-8.60595703125,-128.84521484375,36.93718338012695,87.53258514404297,2.0784988403320312
-0.080810546875,1.1455078125,-0.48828125,10.3759765625,-7.568359375,-136.77978515625,41.229591369628906,88.78164672851562,2.2220783233642583
-0.02978515625,1.317626953125,-0.548583984375,2.0751953125,-0.67138671875,-151.123046875,45.88672256469727,90.02522277832031,2.9509754180908203
-0.090087890625,1.306884765625,-0.59521484375,0.0,16.845703125,-161.865234375,50.8886833190918,92.31852722167969,5.1911659240722665
-0.189208984375,1.333251953125,-0.666748046875,6.28662109375,22.88818359375,-158.0810546875,55.668373107910156,95.93904113769531,8.699562072753906
-0.306640625,1.415771484375,-0.746337890625,26.67236328125,15.869140625,-132.9345703125,59.2736930847168,100.67240142822266,12.53347396850586
-0.323486328125,1.50048828125,-0.797607421875,38.63525390625,11.29150390625,-107.97119140625,61.67059707641602,106.01048278808594,16.529170989990234
-0.247802734375,1.423095703125,-0.718017578125,41.748046875,9.70458984375,-87.95166015625,63.02767944335938,111.28597259521484,20.395814895629886
-0.158203125,1.27783203125,-0.64892578125,34.72900390625,3.90625,-74.40185546875,63.75872802734375,115.72740936279295,23.698883056640625
-0.005126953125,1.1240234375,-0.5234375,20.3857421875,-2.0751953125,-72.6318359375,64.31260681152344,118.98616790771484,26.433246612548828
0.102783203125,0.999267578125,-0.4375,4.69970703125,0.79345703125,-77.69775390625,64.83330535888672,121.9462661743164,29.61170959472656
0.070556640625,0.919677734375,-0.388916015625,-12.20703125,11.962890625,-78.125,65.05990600585939,125.11270141601562,33.799434661865234
-0.0234375,0.91845703125,-0.412841796875,-16.90673828125,16.4794921875,-70.4345703125,64.91534423828125,128.11311340332028,38.03580856323242
-0.0859375,0.948486328125,-0.4052734375,-13.3056640625,16.7236328125,-55.908203125,64.33139038085939,130.224609375,41.22228240966797
-0.104248046875,0.94970703125,-0.380126953125,-3.84521484375,19.6533203125,-34.11865234375,63.02585220336914,131.44047546386722,43.0748291015625
-0.1416015625,0.975341796875,-0.396240234375,4.45556640625,25.634765625,-18.85986328125,61.16112518310547,132.38931274414062,44.30852127075195
-0.191162109375,1.027099609375,-0.39306640625,11.53564453125,30.82275390625,-3.0517578125,58.770240783691406,132.96376037597656,44.858665466308594
-0.18505859375,1.0458984375,-0.40087890625,14.70947265625,35.21728515625,15.7470703125,55.78531265258789,132.91291809082028,44.60365676879883
-0.187255859375,1.02099609375,-0.40673828125,9.765625,34.7900390625,23.62060546875,52.65131378173828,132.43150329589844,44.08463668823242
-0.179931640625,0.95849609375,-0.39404296875,0.9765625,30.57861328125,25.45166015625,49.631019592285156,131.54447937011722,43.481971740722656
-0.2041015625,0.9248046875,-0.40380859375,-15.31982421875,26.0009765625,19.53125,47.04073715209961,130.199951171875,43.10621643066406
-0.214111328125,0.886962890625,-0.37890625,-29.1748046875,16.2353515625,13.5498046875,44.99213409423828,128.25691223144528,42.65973663330078
-0.179443359375,0.862548828125,-0.398193359375,-41.259765625,5.06591796875,8.056640625,43.34860229492188,125.84284973144531,42.11760711669922
-0.13232421875,0.8408203125,-0.38134765625,-54.13818359375,-2.0751953125,1.03759765625,42.073143005371094,122.98785400390624,41.605411529541016
-0.15966796875,0.83447265625,-0.359375,-62.01171875,-6.2255859375,-1.52587890625,41.05892562866211,119.84613037109376,41.05813980102539
-0.19140625,0.83642578125,-0.386474609375,-65.7958984375,-15.93017578125,-0.48828125,40.26205062866211,116.42825317382812,40.156734466552734
-0.19677734375,0.8447265625,-0.37353515625,-63.78173828125,-29.23583984375,4.82177734375,39.49772644042969,112.79190826416016,38.61574172973633
-0.182373046875,0.84521484375,-0.388671875,-59.02099609375,-37.41455078125,10.498046875,38.56599044799805,109.27155303955078,36.71550369262695
-0.13671875,0.8408203125,-0.386474609375,-52.24609375,-44.25048828125,14.22119140625,37.430641174316406,105.94969177246094,34.52433395385742
-0.130126953125,0.87353515625,-0.38623046875,-43.0908203125,-47.54638671875,18.1884765625,36.10218811035156,103.09691619873048,32.25643539428711
-0.082275390625,0.904052734375,-0.3837890625,-36.62109375,-47.91259765625,21.1181640625,34.520790100097656,100.65316772460938,30.04601287841797
-0.11669921875,0.941162109375,-0.380126953125,-30.33447265625,-43.0908203125,24.90234375,32.829574584960945,98.73623657226562,28.123619079589844
-0.1484375,0.985595703125,-0.39794921875,-21.42333984375,-38.51318359375,35.94970703125,30.7087345123291,97.40543365478516,26.42233657836914
-0.212646484375,1.034912109375,-0.45068359375,-7.8125,-28.99169921875,43.39599609375,28.40671539306641,97.01588439941406,25.204608917236328
-0.31103515625,1.056640625,-0.459716796875,7.01904296875,-21.05712890625,51.3916015625,26.05478096008301,97.4055633544922,24.286968231201172
-0.36767578125,1.02978515625,-0.438720703125,19.95849609375,-21.8505859375,59.50927734375,23.54792785644531,98.28026580810548,23.241315841674805
-0.348876953125,0.957763671875,-0.365966796875,22.8271484375,-28.99169921875,59.814453125,21.199493408203125,99.06599426269531,21.80018424987793
-0.3046875,0.899658203125,-0.308837890625,18.06640625,-36.7431640625,52.30712890625,19.22891616821289,99.49063110351562,20.01906013488769
-0.244140625,0.87744140625,-0.298095703125,6.04248046875,-43.701171875,35.64453125,17.9506778717041,99.43065643310548,18.067340850830078
-0.285400390625,0.88427734375,-0.333740234375,-2.8076171875,-47.18017578125,26.123046875,17.19828224182129,99.10382843017578,16.067407608032227
-0.259765625,0.87841796875,-0.36376953125,-5.0048828125,-54.26025390625,22.4609375,16.59416389465332,98.7367935180664,13.835865020751953
-0.211669921875,0.857666015625,-0.394287109375,-1.40380859375,-53.5888671875,21.3623046875,15.94835376739502,98.64424896240234,11.67047119140625
-0.15771484375,0.8623046875,-0.401611328125,3.662109375,-43.51806640625,17.7001953125,15.28571605682373,98.91986846923828,9.94717025756836
-0.16748046875,0.8388671875,-0.385009765625,9.1552734375,-31.005859375,11.90185546875,15.150995254516602,99.62239074707031,8.781026840209961
-0.136474609375,0.796142578125,-0.330810546875,18.1884765625,-28.9306640625,14.0380859375,14.573888778686525,100.5277862548828,7.630964279174805
-0.18896484375,0.85498046875,-0.33837890625,19.22607421875,-21.1181640625,11.1083984375,14.193159103393555,101.49010467529295,6.793648719787598
-0.143798828125,0.868408203125,-0.3271484375,16.2353515625,-19.53125,4.5166015625,13.934776306152346,102.28659057617188,6.051663398742676
-0.142578125,0.88623046875,-0.31640625,4.33349609375,-10.986328125,-7.568359375,14.116647720336914,102.65177917480469,5.7463340759277335
-0.143798828125,0.869384765625,-0.28955078125,0.18310546875,-6.2255859375,-7.50732421875,14.258493423461914,102.83307647705078,5.61909294128418
-0.150634765625,0.85302734375,-0.294921875,-3.0517578125,-7.14111328125,-3.90625,14.340521812438965,102.85082244873048,5.418549537658691
-0.13134765625,0.835693359375,-0.314453125,-2.62451171875,-8.60595703125,-0.1220703125,14.189343452453613,102.9606475830078,5.148697853088379
-0.14990234375,0.8515625,-0.3359375,-3.90625,-9.033203125,-2.9296875,14.195438385009766,103.05318450927734,4.895252227783203
-0.130126953125,0.84326171875,-0.3662109375,-5.0048828125,-9.033203125,-5.9814453125,14.2603759765625,103.15851593017578,4.683483123779297
-0.155029296875,0.87060546875,-0.38134765625,-3.173828125,-5.79833984375,-11.962890625,14.587048530578613,103.41033935546876,4.666803359985352
-0.239990234375,0.866455078125,-0.35400390625,0.06103515625,-11.90185546875,-11.3525390625,15.13552474975586,103.65306854248048,4.384335517883302
-0.2412109375,0.88232421875,-0.369384765625,1.28173828125,-24.47509765625,-9.46044921875,15.626622200012207,103.7804718017578,3.57528018951416
-0.211669921875,0.960693359375,-0.39892578125,0.42724609375,-33.69140625,-12.02392578125,16.257347106933597,103.79502868652344,2.4280805587768555
-0.13720703125,0.974609375,-0.39697265625,-4.21142578125,-31.55517578125,-14.22119140625,16.765113830566403,103.6306381225586,1.3863439559936523
-0.153564453125,1.030517578125,-0.365234375,-3.60107421875,-28.38134765625,-11.65771484375,17.158340454101562,103.4013900756836,0.4136476516723633
-0.39404296875,0.826904296875,-0.69677734375,5.859375,-31.6162109375,-9.94873046875,18.024778366088867,104.27484893798828,-0.4762716293334961
-0.28515625,0.849365234375,-0.520751953125,6.28662109375,-46.9970703125,-2.13623046875,18.526147842407227,104.6007843017578,-2.161520481109619
-0.209716796875,0.99951171875,-0.40283203125,-19.53125,-41.015625,-14.09912109375,19.298046112060547,103.58348083496094,-3.609070301055908
-0.306396484375,0.858642578125,-0.452880859375,-26.7333984375,-40.71044921875,-15.0146484375,20.202770233154297,102.54398345947266,-4.963275909423828
-0.34423828125,0.82763671875,-0.461181640625,-24.5361328125,-37.7197265625,-15.93017578125,21.16358757019043,101.69271850585938,-6.17296314239502
-0.427734375,0.77490234375,-0.46240234375,-19.47021484375,-46.5087890625,-14.22119140625,22.33973503112793,100.95873260498048,-7.751346111297607
-0.337890625,0.765625,-0.42822265625,-7.8125,-63.8427734375,-13.73291015625,23.34406280517578,100.33689880371094,-10.091185569763184
-0.258056640625,0.77001953125,-0.392578125,-5.31005859375,-67.7490234375,-19.71435546875,24.363483428955078,99.67218780517578,-12.586854934692385
-0.25927734375,0.76171875,-0.374755859375,-3.5400390625,-66.650390625,-27.77099609375,25.69149398803711,99.0322494506836,-15.015308380126953
-0.31494140625,0.776123046875,-0.361083984375,5.92041015625,-71.35009765625,-29.60205078125,27.11654853820801,98.59416198730469,-17.676807403564453
-0.337646484375,0.809814453125,-0.395263671875,16.41845703125,-79.16259765625,-25.146484375,28.364171981811523,98.38216400146484,-20.71941375732422
-0.253173828125,0.89404296875,-0.398193359375,25.81787109375,-83.19091796875,-20.69091796875,29.146486282348636,98.2940902709961,-24.034406661987305
-0.225341796875,0.909912109375,-0.39111328125,29.78515625,-66.95556640625,-18.85986328125,29.684978485107425,98.69168853759766,-26.63122367858887
-0.1884765625,0.90283203125,-0.395751953125,32.53173828125,-53.22265625,-11.71875,29.78497695922852,99.47856903076172,-28.64594650268555
-0.187744140625,0.619873046875,-0.403076171875,34.48486328125,-36.43798828125,-3.5400390625,29.553302764892575,100.7981185913086,-29.901525497436523
-0.105224609375,0.611572265625,-0.41162109375,16.29638671875,-27.9541015625,9.94873046875,28.637737274169922,101.7932357788086,-30.757436752319336
-0.04345703125,0.7197265625,-0.47998046875,5.4931640625,-13.12255859375,15.93017578125,27.21376800537109,102.6147232055664,-31.04234504699707
-0.077880859375,0.71826171875,-0.474609375,4.8828125,33.63037109375,2.8076171875,26.58212280273437,104.36767578125,-29.19381332397461
-0.5029296875,0.675048828125,-0.424560546875,13.916015625,44.3115234375,-23.681640625,27.26982498168945,106.5762939453125,-26.69586563110352
-0.260498046875,0.884033203125,-0.50830078125,25.20751953125,91.85791015625,-33.63037109375,26.8814640045166,110.14625549316406,-22.061119079589844
-0.48583984375,1.085693359375,-0.518310546875,30.09033203125,105.3466796875,-13.97705078125,26.22913932800293,113.73201751708984,-17.30916976928711
-0.165771484375,0.7490234375,-0.372802734375,2.5634765625,37.17041015625,35.33935546875,23.747209548950195,114.30311584472656,-16.408729553222653
-0.142822265625,0.65234375,-0.37060546875,6.9580078125,32.470703125,46.0205078125,21.03102684020996,114.9614715576172,-15.886910438537598
-0.09814453125,0.697509765625,-0.548583984375,7.080078125,67.44384765625,38.2080078125,17.99251937866211,116.39781951904295,-13.83582592010498
-1.376953125,0.83056640625,-0.48095703125,8.48388671875,54.87060546875,25.20751953125,17.47701072692871,117.3010711669922,-12.232603073120115
-0.4931640625,0.767822265625,-0.333740234375,-4.7607421875,-57.92236328125,53.466796875,17.130035400390625,116.00826263427734,-15.462366104125975
-0.341552734375,0.794677734375,-0.449951171875,-20.56884765625,-82.45849609375,62.56103515625,16.578351974487305,114.13204956054688,-19.646806716918945
-0.468505859375,0.84375,-0.515869140625,-25.20751953125,-108.642578125,52.6123046875,16.710214614868164,111.93157958984376,-24.6135196685791
-0.422607421875,1.014892578125,-0.611572265625,-29.4189453125,-112.3046875,36.376953125,17.08308982849121,109.65574645996094,-29.44472885131836
-0.7705078125,1.029296875,-0.690185546875,-28.50341796875,-127.50244140625,25.93994140625,18.45030403137207,107.34073638916016,-34.73699188232422
-0.91552734375,0.775390625,-0.626220703125,-11.1083984375,-205.99365234375,27.40478515625,20.65812492370605,104.60137176513672,-43.271446228027344
-0.563720703125,0.86279296875,-0.510986328125,3.662109375,-251.40380859375,29.11376953125,22.188791275024414,101.36082458496094,-53.86343383789063
-0.3369140625,0.7939453125,-0.425048828125,7.50732421875,-244.62890625,21.6064453125,22.96545219421387,98.19420623779295,-64.20845794677734
-0.2890625,0.778076171875,-0.370361328125,9.33837890625,-219.3603515625,3.7841796875,23.74920463562012,95.46402740478516,-73.43228912353516
-0.222900390625,0.766845703125,-0.308837890625,10.07080078125,-195.00732421875,-5.92041015625,24.284137725830078,93.06209564208984,-81.64224243164062
-0.30322265625,0.561767578125,-0.28466796875,26.9775390625,-163.39111328125,-15.93017578125,25.58946228027344,92.0536880493164,-88.4169692993164
-0.367919921875,0.661865234375,-0.244384765625,76.7822265625,-149.90234375,-17.63916015625,26.68514442443848,92.8768081665039,-94.75064849853516
-0.2490234375,0.756103515625,-0.25634765625,96.8017578125,-125.79345703125,-20.263671875,27.504566192626953,94.84612274169922,-100.03386688232422
-0.09765625,1.045166015625,-0.240478515625,83.0078125,-87.82958984375,-16.357421875,27.80052375793457,96.83104705810548,-103.69330596923828
-0.195556640625,0.91845703125,-0.2392578125,51.33056640625,-50.29296875,12.3291015625,26.954530715942386,98.13445281982422,-105.86917877197266
-0.14111328125,0.85546875,-0.1123046875,6.9580078125,-34.66796875,31.73828125,25.20395278930664,97.60847473144531,-107.61279296875
-0.6416015625,1.055419921875,-0.13916015625,-46.38671875,65.85693359375,22.88818359375,21.802175521850586,96.40947723388672,-105.04830932617188
-0.465576171875,0.43115234375,-0.388671875,-107.97119140625,156.8603515625,42.1142578125,20.247283935546875,95.52838897705078,-98.16619110107422
-1.2041015625,0.7490234375,-0.509521484375,-93.6279296875,181.2744140625,-9.3994140625,21.20535659790039,95.2319564819336,-90.188232421875
-1.3681640625,0.552734375,-0.080322265625,-56.0302734375,14.70947265625,-1.953125,22.09995460510254,93.49563598632812,-89.46575164794922
-0.333251953125,1.092041015625,-0.1591796875,-19.53125,19.6533203125,30.029296875,20.647367477416992,93.1754150390625,-88.6334457397461
-0.54345703125,1.007080078125,-0.17236328125,-22.27783203125,19.4091796875,57.92236328125,18.59364128112793,92.7459945678711,-87.86772155761719
-0.5478515625,0.93798828125,-0.268798828125,-21.6064453125,1.64794921875,58.59375,16.89070701599121,92.4052276611328,-87.75011444091797
-0.882568359375,0.775146484375,-0.283935546875,-14.0380859375,-56.21337890625,42.41943359375,16.445476531982422,91.6296615600586,-90.03592681884766
-0.779296875,0.564208984375,-0.26708984375,-1.15966796875,-137.939453125,23.62060546875,16.957574844360348,90.49828338623048,-95.66600799560548
-0.58056640625,0.777099609375,-0.2626953125,13.3056640625,-183.349609375,-9.27734375,17.665895462036133,89.27168273925781,-103.18809509277344
-0.294921875,0.982177734375,-0.22216796875,6.34765625,-165.771484375,-48.03466796875,19.39800453186035,87.8003158569336,-110.05935668945312
-0.184814453125,0.944580078125,-0.18310546875,-3.11279296875,-135.8642578125,-30.029296875,20.01253318786621,86.23001098632812,-115.70465850830078
0.09619140625,0.891357421875,-0.166748046875,6.65283203125,-106.93359375,2.50244140625,18.45804786682129,85.70276641845703,-119.96896362304688
0.137939453125,0.65087890625,-0.27880859375,20.1416015625,-1.77001953125,-10.31494140625,17.81703758239746,87.54722595214844,-119.7401885986328
-0.267822265625,1.107421875,-0.451416015625,24.47509765625,72.32666015625,-37.7197265625,19.20548248291016,90.4511947631836,-116.4197006225586
-0.535400390625,0.7421875,-0.370361328125,-8.4228515625,49.49951171875,-14.83154296875,19.945411682128906,91.67514038085938,-114.0223159790039
-0.152587890625,0.867919921875,-0.14794921875,-31.8603515625,45.59326171875,7.01904296875,19.21635627746582,91.3658447265625,-111.98536682128906
-0.05224609375,1.453125,-0.74169921875,-70.9228515625,247.49755859375,7.2021484375,17.919601440429688,92.89933776855469,-101.25507354736328
-1.133056640625,0.808837890625,-0.814453125,-102.47802734375,269.287109375,7.6904296875,18.5856990814209,93.42068481445312,-89.65586853027344
-2.018798828125,0.81005859375,-0.29541015625,-59.38720703125,147.27783203125,-8.85009765625,20.273212432861328,93.37831115722656,-83.32354736328125
-0.228271484375,1.015380859375,-0.1650390625,-46.93603515625,56.640625,34.72900390625,18.46222686767578,92.4997329711914,-80.92466735839844
-0.3740234375,0.937744140625,-0.220458984375,-52.8564453125,90.576171875,49.560546875,16.62308692932129,91.9614715576172,-77.07610321044922
-0.43212890625,0.68505859375,-0.325439453125,-53.22265625,75.86669921875,45.7763671875,15.25648593902588,91.4920883178711,-73.75906372070312
-0.519775390625,0.714111328125,-0.342041015625,-47.18017578125,45.95947265625,36.7431640625,14.494370460510256,90.87825775146484,-71.69145202636719
-0.540283203125,0.76513671875,-0.404052734375,-37.53662109375,13.73291015625,26.123046875,14.010663986206055,90.4918975830078,-70.89930725097656
-0.23681640625,0.814208984375,-0.430419921875,-17.88330078125,7.2021484375,13.97705078125,13.52181339263916,90.87815856933594,-70.36079406738281
-0.354736328125,0.8056640625,-0.42333984375,-6.65283203125,14.892578125,8.11767578125,13.539408683776855,91.72752380371094,-69.52716827392578
-0.426513671875,0.791015625,-0.388671875,6.16455078125,3.41796875,3.23486328125,13.974652290344238,92.77775573730469,-69.20780181884766
-0.45654296875,0.827880859375,-0.314697265625,14.16015625,-25.390625,4.8828125,14.384354591369627,93.7181625366211,-70.10955810546875
-0.34716796875,0.817626953125,-0.310546875,17.578125,-39.48974609375,11.29150390625,14.36322021484375,94.63701629638672,-71.61299133300781
-0.17236328125,0.894775390625,-0.328857421875,20.263671875,-36.43798828125,12.87841796875,13.89512825012207,95.6317901611328,-73.01956176757812
-0.304931640625,0.89892578125,-0.312255859375,13.36669921875,-19.8974609375,10.3759765625,13.735308647155762,96.46875762939452,-73.75791931152344
-0.4169921875,0.9111328125,-0.3056640625,11.77978515625,-15.31982421875,11.41357421875,13.751335144042967,97.21436309814452,-74.33647155761719
-0.432373046875,0.94873046875,-0.2919921875,9.46044921875,-25.32958984375,17.63916015625,13.473190307617188,97.69200134277344,-75.37911987304688
-0.366455078125,0.930419921875,-0.30517578125,10.25390625,-28.13720703125,21.3623046875,13.074333190917967,98.19488525390624,-76.55821228027344
-0.26904296875,0.917724609375,-0.338134765625,8.97216796875,-24.84130859375,22.216796875,12.448335647583008,98.7561264038086,-77.59945678710938
-0.213134765625,0.89404296875,-0.344482421875,6.8359375,-8.97216796875,18.12744140625,11.88515853881836,99.40391540527344,-77.9784164428711
-0.27685546875,0.857421875,-0.321533203125,2.197265625,-0.06103515625,13.73291015625,11.54851245880127,99.88908386230469,-77.99053955078125
-0.29541015625,0.853515625,-0.34765625,-3.96728515625,-6.2255859375,15.13671875,11.253267288208008,100.1158218383789,-78.2586898803711
-0.246337890625,0.858642578125,-0.332763671875,-11.65771484375,-11.8408203125,15.2587890625,10.783003807067873,99.93245697021484,-78.7668685913086
-0.185546875,0.878173828125,-0.35888671875,-20.69091796875,-4.150390625,9.09423828125,10.474098205566406,99.5322723388672,-78.90902709960938
-0.193359375,0.88916015625,-0.36376953125,-26.7333984375,3.2958984375,3.7841796875,10.348599433898926,98.96768951416016,-78.7138900756836
-0.266845703125,0.923583984375,-0.406982421875,-28.076171875,12.0849609375,1.03759765625,10.437437057495117,98.46987915039062,-78.13933563232422
-0.314208984375,0.958984375,-0.414794921875,-27.28271484375,17.9443359375,4.82177734375,10.404134750366213,98.06220245361328,-77.3466796875
-0.2900390625,0.941162109375,-0.41064453125,-23.74267578125,16.17431640625,9.58251953125,10.161025047302246,97.80204010009766,-76.64649200439453
-0.24365234375,0.878662109375,-0.385498046875,-22.88818359375,20.81298828125,12.39013671875,9.716848373413086,97.57298278808594,-75.78118133544922
-0.208740234375,0.849365234375,-0.34228515625,-24.23095703125,23.98681640625,13.3056640625,9.198820114135742,97.29673767089844,-74.79710388183594
-0.196533203125,0.822509765625,-0.332763671875,-27.2216796875,24.71923828125,12.6953125,8.713005065917969,96.91213989257812,-73.78079986572266
-0.16943359375,0.824462890625,-0.333984375,-29.1748046875,26.0009765625,10.43701171875,8.241987228393555,96.47274780273438,-72.69970703125
-0.148681640625,0.90966796875,-0.36572265625,-31.6162109375,36.62109375,5.67626953125,7.879446029663086,96.00244903564452,-71.17047119140625
-0.138916015625,0.943359375,-0.361328125,-33.26416015625,48.2177734375,1.708984375,7.620116710662843,95.50686645507812,-69.16287231445311
-0.177978515625,0.98779296875,-0.33984375,-37.41455078125,55.0537109375,0.42724609375,7.473161697387695,94.78794860839844,-66.88898468017578
-0.111572265625,1.037109375,-0.31005859375,-45.83740234375,63.1103515625,2.0751953125,7.137882709503174,93.7329330444336,-64.29842376708984
-0.116455078125,1.062744140625,-0.27392578125,-54.5654296875,74.64599609375,3.96728515625,6.7742061614990225,92.32463073730469,-61.25334930419922
-0.16650390625,1.069580078125,-0.225830078125,-66.162109375,80.56640625,5.0048828125,6.587372779846191,90.39995574951172,-57.97805786132813
-0.250732421875,1.03173828125,-0.186279296875,-79.89501953125,76.416015625,4.2724609375,6.726587772369385,87.92903137207031,-54.86519241333008
-0.28173828125,1.016357421875,-0.180419921875,-85.693359375,64.39208984375,2.3193359375,7.121457099914551,85.26698303222656,-52.22678756713867
-0.196044921875,0.97802734375,-0.173828125,-85.693359375,55.60302734375,-2.8076171875,7.594118595123291,82.62604522705078,-49.94969940185547
-0.186279296875,0.931640625,-0.146728515625,-76.96533203125,63.53759765625,-13.5498046875,8.644930839538574,80.51714324951172,-47.40935516357422
-0.2177734375,0.916259765625,-0.145751953125,-65.12451171875,66.46728515625,-17.822265625,10.003779411315918,79.02320098876953,-44.780555725097656
-0.209228515625,0.879638671875,-0.097900390625,-51.3916015625,64.0869140625,-18.37158203125,11.433389663696287,78.09981536865234,-42.25139617919922
-0.178466796875,0.867919921875,-0.096923828125,-33.63037109375,62.31689453125,-12.0849609375,12.436817169189453,77.95249938964844,-39.71876525878906
-0.232421875,0.8779296875,-0.0947265625,-22.27783203125,67.44384765625,-4.82177734375,13.280475616455078,78.34964752197266,-36.89891815185547
-0.25439453125,0.873046875,-0.07421875,-16.11328125,61.5234375,6.28662109375,13.672892570495605,78.9082260131836,-34.224884033203125
-0.28955078125,0.87158203125,-0.088134765625,-10.68115234375,47.2412109375,22.94921875,13.31993579864502,79.60111999511719,-31.990861892700195
-0.1982421875,0.87646484375,-0.114990234375,-9.33837890625,38.4521484375,31.06689453125,12.356255531311035,80.30939483642578,-30.059778213500977
-0.169189453125,0.89013671875,-0.137451171875,-6.77490234375,44.86083984375,31.67724609375,11.317710876464846,81.23115539550781,-27.87906265258789
-0.22607421875,0.87109375,-0.15673828125,-5.18798828125,50.47607421875,28.99169921875,10.597135543823242,82.1617660522461,-25.534482955932614
-0.211181640625,0.87353515625,-0.20458984375,-4.69970703125,42.8466796875,26.18408203125,9.903873443603516,83.10195922851562,-23.52607345581055
-0.134033203125,0.913330078125,-0.244384765625,-2.13623046875,45.47119140625,22.5830078125,9.205052375793457,84.22087097167969,-21.44192886352539
-0.196533203125,0.89697265625,-0.24072265625,0.8544921875,44.73876953125,16.4794921875,8.836034774780273,85.33657836914062,-19.45114517211914
-0.24755859375,0.989501953125,-0.2275390625,-9.09423828125,33.26416015625,16.845703125,8.470636367797853,85.84740447998047,-17.956186294555664
-0.111572265625,0.989501953125,-0.180419921875,-22.15576171875,18.00537109375,20.6298828125,7.604644775390625,85.65974426269531,-17.084339141845707
-0.044189453125,0.901611328125,-0.233642578125,-31.6162109375,20.08056640625,25.87890625,6.458155632019043,85.2330322265625,-16.100105285644528
-0.030029296875,0.874267578125,-0.317138671875,-29.96826171875,40.34423828125,-1.220703125,6.475279331207275,85.16266632080078,-14.377843856811525
-0.244140625,0.946533203125,-0.271240234375,-30.70068359375,33.99658203125,-20.6298828125,7.70830488204956,84.84442901611328,-12.998991012573242
-0.241943359375,0.95166015625,-0.194091796875,-19.775390625,1.5869140625,-21.6064453125,8.831472396850586,84.67803192138672,-12.92872428894043
-0.19580078125,1.135498046875,-0.20263671875,-16.11328125,-27.2216796875,-7.99560546875,9.092626571655273,84.44852447509766,-13.965192794799805
-0.094482421875,1.08984375,-0.145263671875,-23.3154296875,-45.5322265625,-0.30517578125,8.741600036621094,83.78523254394531,-15.711295127868652
0.281494140625,1.019287109375,-0.0498046875,-21.1181640625,-34.97314453125,5.67626953125,7.433896064758301,83.08129119873047,-17.030197143554688
0.36083984375,1.021728515625,0.02734375,-22.88818359375,35.64453125,4.45556640625,6.4023847579956055,82.53133392333984,-15.549825668334961
0.0400390625,0.991943359375,0.0498046875,-28.1982421875,71.83837890625,3.47900390625,6.246711254119872,82.33422088623047,-12.594744682312012
0.067626953125,0.97802734375,-0.134521484375,-25.2685546875,62.6220703125,6.34765625,5.930667400360107,82.18939208984375,-9.997343063354492
-0.00146484375,0.970703125,-0.13232421875,-26.85546875,56.396484375,12.5732421875,5.51309871673584,81.94719696044922,-7.619587898254394
0.00048828125,0.89794921875,-0.158935546875,-30.45654296875,55.11474609375,17.51708984375,4.904671669006348,81.55868530273438,-5.268054962158203
0.052978515625,0.950927734375,-0.157958984375,-32.470703125,56.15234375,23.681640625,3.990955829620361,81.13062286376953,-2.839219570159912
0.11474609375,0.939697265625,-0.17626953125,-37.353515625,77.45361328125,28.1982421875,2.9426846504211426,80.57609558105469,0.4569034576416016
0.006591796875,0.947509765625,-0.1630859375,-40.771484375,99.06005859375,26.91650390625,2.452994108200073,79.84627532958984,4.583303451538086
-0.089599609375,0.948486328125,-0.12353515625,-43.8232421875,91.6748046875,26.06201171875,2.211705207824707,78.92048645019531,8.407461166381836
-0.076171875,0.9541015625,-0.10107421875,-42.54150390625,66.95556640625,22.88818359375,1.9388831853866575,77.9766616821289,11.238975524902344
-0.16943359375,0.9658203125,-0.0947265625,-41.32080078125,34.11865234375,22.88818359375,1.636441349983215,77.08010864257812,12.78852653503418
0.03662109375,1.02880859375,-0.17138671875,-35.64453125,10.68115234375,20.44677734375,0.7981611490249634,76.52201843261719,13.414680480957033
0.10546875,0.9619140625,-0.187255859375,-32.28759765625,40.71044921875,9.33837890625,0.5422400236129761,76.1761245727539,15.099969863891602
0.0439453125,0.893798828125,-0.1220703125,-25.08544921875,54.01611328125,0.1220703125,0.9272428154945374,75.99331665039062,17.208118438720707
0.11865234375,0.891357421875,-0.063720703125,-9.82666015625,39.306640625,1.52587890625,0.9039508700370787,76.31330871582031,18.76178741455078
-0.072509765625,0.9931640625,-0.0498046875,1.3427734375,22.03369140625,2.86865234375,1.1230037212371826,77.01551055908203,19.656641006469727
-0.01220703125,0.864990234375,-0.04541015625,1.40380859375,-19.47021484375,8.97216796875,0.4350818693637848,77.83165740966797,18.98741149902344
0.0546875,1.02001953125,-0.2109375,7.62939453125,-6.7138671875,25.0244140625,-0.7307570576667786,79.04367065429688,18.92745018005371
0.05712890625,1.015380859375,-0.145263671875,7.87353515625,-1.89208984375,28.6865234375,-1.9682594537734983,80.08580780029297,19.04713630676269
0.06396484375,1.04541015625,-0.09423828125,10.6201171875,0.54931640625,28.74755859375,-3.127382040023804,81.06686401367188,19.233806610107425
0.05810546875,1.0595703125,-0.068603515625,10.986328125,0.79345703125,23.5595703125,-4.054590702056885,81.97984313964844,19.37476348876953
0.07275390625,1.0322265625,-0.044677734375,8.36181640625,1.64794921875,18.12744140625,-4.763284683227539,82.70236206054688,19.5063533782959
0.086669921875,1.04833984375,-0.0478515625,2.38037109375,2.685546875,13.18359375,-5.293995380401611,83.11502075195312,19.64925193786621
0.106201171875,1.0498046875,-0.04833984375,-5.06591796875,2.74658203125,7.87353515625,-5.614006996154785,83.26052856445312,19.761844635009766
0.109130859375,1.03076171875,-0.044189453125,-8.7890625,4.8828125,5.06591796875,-5.811135768890381,83.23633575439453,19.94588661193848
0.113525390625,1.0126953125,-0.06005859375,-11.474609375,7.50732421875,1.77001953125,-5.8376007080078125,83.1535873413086,20.21247673034668
0.078857421875,1.029052734375,-0.067626953125,-10.19287109375,9.94873046875,-0.48828125,-5.716983318328857,83.11180114746094,20.56584358215332
0.06787109375,1.008056640625,-0.082275390625,-8.85009765625,8.30078125,-1.40380859375,-5.552070617675781,83.16871643066406,20.8461971282959
0.033935546875,0.99560546875,-0.06884765625,-7.14111328125,4.7607421875,-3.90625,-5.239992141723633,83.2608642578125,20.979591369628906
0.043212890625,1.005126953125,-0.06103515625,-8.72802734375,0.06103515625,-8.85009765625,-4.7812533378601065,83.3055191040039,20.90554618835449
0.045654296875,1.012939453125,-0.050537109375,-8.72802734375,-0.1220703125,-13.48876953125,-4.161937236785889,83.32572937011719,20.80876922607422
0.07177734375,1.015625,-0.0703125,-9.58251953125,0.3662109375,-16.17431640625,-3.5241942405700684,83.34834289550781,20.721031188964844
0.072509765625,0.986328125,-0.05078125,-9.3994140625,4.150390625,-17.4560546875,-2.8422248363494877,83.33218383789062,20.78508758544922
0.0556640625,0.98046875,-0.070068359375,-10.009765625,3.2958984375,-16.66259765625,-2.1847066879272456,83.3394546508789,20.820667266845703
0.06689453125,0.978759765625,-0.04833984375,-11.3525390625,2.0751953125,-14.0380859375,-1.6857978105545044,83.23399353027344,20.82630920410156
0.082275390625,0.9619140625,-0.054931640625,-11.16943359375,1.64794921875,-7.99560546875,-1.4889549016952517,83.16725158691406,20.844261169433594
0.091796875,0.9765625,-0.06201171875,-11.29150390625,3.173828125,-2.9296875,-1.5123240947723389,83.11001586914062,20.9470157623291
0.078857421875,0.999755859375,-0.06494140625,-12.26806640625,3.23486328125,3.7841796875,-1.7691246271133425,83.01102447509766,21.08338737487793
0.066650390625,0.982666015625,-0.0634765625,-13.0615234375,3.47900390625,10.68115234375,-2.2596027851104736,82.88872528076172,21.260446548461914
0.07373046875,0.984130859375,-0.0810546875,-13.18359375,5.79833984375,12.75634765625,-2.8175652027130127,82.79938507080078,21.535303115844727
0.055908203125,0.980712890625,-0.091064453125,-12.63427734375,6.04248046875,12.87841796875,-3.30029296875,82.73780059814453,21.816043853759766
