-0.03076171875,-0.99560546875,0.03076171875,-8.7890625,-4.82177734375,2.38037109375,4.6310625076293945,-96.57048797607422,80.1628189086914
-0.02587890625,-0.999267578125,0.029541015625,-8.9111328125,-4.94384765625,2.197265625,4.6555209159851065,-96.5023422241211,80.380615234375
-0.614990234375,-0.9404296875,0.15673828125,-18.85986328125,-25.2685546875,2.01416015625,5.934040546417236,-96.62095642089844,81.42578125
0.1220703125,-1.0888671875,-0.019287109375,-32.53173828125,-97.22900390625,-3.7841796875,5.78092622756958,-97.2847137451172,85.34825897216797
0.013916015625,-1.0078125,-0.07177734375,-23.5595703125,-62.68310546875,-1.03759765625,5.8135948181152335,-97.84933471679688,87.86363220214844
0.03466796875,-1.05517578125,-0.10546875,-10.43701171875,-33.87451171875,2.5634765625,5.800776481628418,-98.03038024902344,89.20703887939453
-0.043701171875,-0.8349609375,0.1806640625,-1.708984375,1.64794921875,3.11279296875,5.927858352661133,-95.74049377441406,90.04593658447266
0.101318359375,-1.03125,0.06787109375,-13.85498046875,-5.37109375,2.25830078125,5.975190162658691,-96.00979614257812,90.27838134765624
0.081787109375,-1.018798828125,-0.0107421875,-9.521484375,-5.18798828125,-3.0517578125,5.46013879776001,-96.13802337646484,90.5222396850586
-0.036865234375,-1.00537109375,0.032958984375,-10.6201171875,-4.39453125,1.52587890625,4.998625755310059,-96.62655639648438,96.59132385253906
-0.05908203125,-0.991943359375,0.056884765625,-11.71875,-4.8828125,0.732421875,4.9432101249694815,-96.70782470703124,96.8132553100586
-0.09130859375,-0.98095703125,0.083251953125,-15.56396484375,-6.9580078125,-2.685546875,4.888244152069092,-96.8335952758789,97.1444320678711
-0.0234375,-1.08349609375,0.124267578125,-18.12744140625,-24.84130859375,3.47900390625,5.0074734687805185,-96.92901611328124,98.16326904296876
-0.32275390625,-1.049560546875,0.17041015625,-27.64892578125,-32.3486328125,-5.55419921875,5.417991161346436,-97.29690551757812,99.79259490966795
-0.364501953125,-1.15771484375,0.18896484375,-49.13330078125,-44.12841796875,-19.95849609375,5.352519512176514,-98.44886016845705,101.71752166748048
-0.337158203125,-1.21142578125,0.109130859375,-62.6220703125,-45.8984375,-45.654296875,4.267491817474365,-100.24371337890624,103.88237762451172
-0.234130859375,-1.1923828125,0.084228515625,-72.57080078125,-42.90771484375,-80.6884765625,1.5234861373901367,-102.49690246582031,106.2632293701172
-0.24853515625,-1.1865234375,0.0087890625,-79.77294921875,-42.6025390625,-132.01904296875,-2.7582826614379883,-105.20710754394531,109.19962310791016
-0.125732421875,-1.134765625,-0.046875,-80.01708984375,-40.22216796875,-170.7763671875,-8.443478584289549,-108.2346420288086,112.70277404785156
-0.021484375,-1.0966796875,-0.057861328125,-75.927734375,-34.72900390625,-199.03564453125,-15.324321746826172,-111.4288330078125,116.76409912109376
0.109375,-1.06640625,-0.078369140625,-72.20458984375,-39.0625,-209.9609375,-22.02566909790039,-115.2089385986328,121.59896850585938
0.255615234375,-1.013427734375,-0.1005859375,-71.22802734375,-44.12841796875,-204.52880859375,-28.164533615112305,-119.7383270263672,127.18685913085938
0.31591796875,-0.9931640625,-0.095703125,-67.32177734375,-48.33984375,-189.27001953125,-32.97784423828125,-124.74762725830078,133.25498962402344
0.3828125,-0.890625,-0.144287109375,-65.49072265625,-59.87548828125,-162.2314453125,-36.367103576660156,-130.32099914550778,139.76492309570312
0.43310546875,-0.78759765625,-0.19287109375,-68.54248046875,-69.15283203125,-144.83642578125,-38.47066116333008,-136.52995300292972,146.6300506591797
0.466064453125,-0.716552734375,-0.258544921875,-69.64111328125,-74.52392578125,-133.9111328125,-39.4290771484375,-143.19338989257812,153.715087890625
0.443115234375,-0.621337890625,-0.327880859375,-69.15283203125,-78.18603515625,-129.0283203125,-39.51348114013672,-149.88433837890625,160.83819580078125
0.440673828125,-0.558837890625,-0.330810546875,-64.453125,-82.33642578125,-124.3896484375,-38.80060577392578,-156.13624572753906,167.7248077392578
0.432373046875,-0.5537109375,-0.340576171875,-58.10546875,-87.2802734375,-119.32373046875,-37.21455764770508,-161.46649169921875,-185.9810333251953
0.36181640625,-0.532958984375,-0.385986328125,-52.734375,-100.89111328125,-108.3984375,-34.48189926147461,-165.99038696289062,-180.32699584960938
0.50048828125,-0.5068359375,-0.412109375,-46.69189453125,-112.79296875,-101.37939453125,-31.27761459350586,-169.76876831054688,-175.20237731933594
0.451904296875,-0.4921875,-0.42578125,-42.41943359375,-110.90087890625,-91.24755859375,-27.739511489868164,-172.42393493652344,-171.232177734375
0.45654296875,-0.76171875,-0.732421875,-43.45703125,-122.86376953125,-62.3779296875,-23.21709632873535,-174.17636108398438,-168.53042602539062
0.338623046875,-1.019775390625,-0.85498046875,9.94873046875,-139.70947265625,-11.53564453125,-17.629053115844727,-172.53555297851562,-168.00390625
0.42822265625,-0.7744140625,-0.538330078125,83.55712890625,-171.08154296875,18.37158203125,-11.295021057128904,-167.33724975585938,-168.3920440673828
0.180419921875,-0.285400390625,-0.362548828125,77.2705078125,-191.89453125,54.01611328125,-3.7971036434173584,-163.2863006591797,-168.74090576171875
0.4228515625,-0.233642578125,-0.488037109375,44.61669921875,-186.03515625,35.33935546875,2.4059877395629883,-161.2233123779297,-167.8712158203125
0.453125,-0.742431640625,-0.724365234375,39.1845703125,-189.39208984375,27.03857421875,8.746748924255371,-157.98805236816406,-166.40867614746094
0.2626953125,-0.6923828125,-0.617919921875,84.16748046875,-190.3076171875,53.955078125,15.61630916595459,-153.36695861816406,-165.1142578125
0.41748046875,-0.761962890625,-0.84423828125,105.52978515625,-198.3642578125,77.2705078125,22.68832397460937,-148.13388061523438,-163.78431701660156
0.666259765625,-0.84423828125,-1.013427734375,124.755859375,-164.55078125,69.7021484375,27.23029136657715,-142.45896911621094,-162.76571655273438
0.864501953125,-0.90625,-1.176513671875,129.39453125,-91.36962890625,63.90380859375,29.731822967529297,-137.08877563476562,-162.41494750976562
0.642333984375,-0.324462890625,-0.877197265625,119.9951171875,-40.83251953125,62.5,30.66682243347168,-133.51963806152344,-163.6405792236328
0.379638671875,-0.177978515625,-0.607666015625,85.3271484375,-4.150390625,28.9306640625,29.25564765930176,-131.88179016113278,-164.78182983398438
0.12939453125,-0.587646484375,-0.54736328125,35.888671875,18.73779296875,-10.07080078125,27.047365188598636,-130.64952087402344,-165.15557861328125
0.11669921875,-0.701171875,-0.494873046875,17.822265625,22.76611328125,-20.01953125,24.55644226074219,-129.776611328125,-165.25
0.376953125,-0.960693359375,-0.312255859375,18.85986328125,30.57861328125,-20.69091796875,21.261381149291992,-128.41207885742188,-165.67356872558594
1.134765625,-0.85888671875,-0.47998046875,38.0859375,77.63671875,-17.15087890625,16.681364059448242,-127.33554077148438,-167.74423217773438
1.579345703125,-0.418212890625,-1.45556640625,52.30712890625,407.53173828125,-17.02880859375,4.2370948791503915,-128.5367431640625,-180.50045776367188
0.03173828125,-0.621826171875,-0.499267578125,-13.7939453125,269.83642578125,13.7939453125,-1.405111312866211,-130.07667541503906,171.10336303710938
0.07958984375,-0.6201171875,-0.197265625,-71.2890625,195.4345703125,31.25,-5.797897338867188,-131.6229248046875,164.364013671875
0.2177734375,-0.865234375,-0.342529296875,-85.63232421875,179.13818359375,22.94921875,-10.26916790008545,-133.43568420410156,158.35130310058594
-0.0302734375,-0.7275390625,-0.26220703125,-80.322265625,162.41455078125,28.99169921875,-14.214179039001465,-134.58758544921878,152.63035583496094
0.0,-1.046142578125,-0.176513671875,-78.06396484375,146.78955078125,28.62548828125,-17.077451705932614,-134.93807983398438,147.13905334472656
-0.176025390625,-1.097412109375,-0.196533203125,-54.5654296875,114.8681640625,16.78466796875,-18.94960021972656,-134.53648376464844,142.82235717773438
0.013916015625,-0.951904296875,-0.152587890625,-29.35791015625,73.6083984375,-5.67626953125,-20.27937889099121,-133.70706176757812,140.72065734863278
0.28271484375,-1.5712890625,-0.598876953125,-8.7890625,32.470703125,-14.892578125,-21.23457908630371,-132.90615844726562,139.82511901855472
0.097900390625,-1.31884765625,-0.82470703125,40.58837890625,8.6669921875,30.1513671875,-19.890953063964844,-130.41134643554688,138.53630065917972
0.46533203125,-1.009521484375,-0.418212890625,61.1572265625,2.685546875,36.2548828125,-19.24787139892578,-126.69851684570312,137.0819091796875
0.356689453125,-0.63720703125,-0.2626953125,54.99267578125,-0.06103515625,50.23193359375,-17.949626922607422,-123.55862426757812,135.66975402832028
0.600830078125,-1.297607421875,-0.52490234375,13.00048828125,14.95361328125,50.35400390625,-16.811126708984375,-122.080810546875,133.85113525390622
0.19580078125,-0.982177734375,-0.166015625,34.60693359375,-5.126953125,57.06787109375,-14.506662368774414,-119.61126708984376,132.57391357421878
0.351318359375,-0.8525390625,-0.2666015625,37.353515625,0.91552734375,56.45751953125,-12.835135459899902,-117.36386108398438,131.29974365234378
0.19921875,-0.7685546875,-0.15966796875,26.2451171875,8.1787109375,36.43798828125,-11.753790855407715,-115.4813003540039,130.19216918945312
0.222412109375,-0.925537109375,-0.140380859375,10.80322265625,21.6064453125,-2.50244140625,-12.444746017456055,-114.33702850341795,129.37588500976562
0.161376953125,-0.948974609375,-0.087646484375,-8.48388671875,22.39990234375,-21.78955078125,-13.516079902648926,-113.80054473876952,128.73965454101562
0.11474609375,-0.89794921875,0.02392578125,-16.7236328125,9.1552734375,-12.14599609375,-13.908445358276367,-113.4224090576172,128.36067199707028
0.077392578125,-0.859130859375,-0.0009765625,-18.73779296875,-3.5400390625,-2.86865234375,-13.439510345458984,-113.3662109375,128.21420288085938
0.536865234375,-0.812255859375,-0.087158203125,-27.9541015625,-17.51708984375,70.73974609375,-11.370973587036133,-113.7853775024414,127.56637573242188
0.2109375,-0.8388671875,-0.15234375,-30.6396484375,-14.2822265625,81.9091796875,-8.273216247558594,-114.33113098144531,126.62394714355469
0.114013671875,-0.326171875,-0.40185546875,-8.11767578125,-15.9912109375,31.1279296875,-6.673933029174805,-115.26609802246094,126.31916809082031
0.008056640625,-0.964599609375,-0.100830078125,-19.53125,-12.26806640625,-10.92529296875,-6.625692844390869,-115.34827423095705,126.864990234375
0.230224609375,-0.95556640625,-0.0703125,-27.83203125,-13.48876953125,-32.53173828125,-7.850451946258545,-115.77564239501952,127.82992553710938
0.27294921875,-0.947265625,-0.0751953125,-32.8369140625,-16.9677734375,-31.92138671875,-8.735876083374022,-116.53638458251952,128.86485290527344
0.0625,-1.027587890625,-0.10693359375,-39.61181640625,-27.7099609375,-18.4326171875,-8.698091506958008,-117.50027465820312,130.07655334472656
0.2216796875,-0.993408203125,-0.13671875,-38.4521484375,-41.3818359375,-7.6904296875,-8.359456062316895,-118.50921630859376,131.58280944824222
0.232666015625,-0.979248046875,-0.225830078125,-32.1044921875,-49.6826171875,-4.5166015625,-7.785731792449951,-119.34142303466795,133.36285400390622
0.193359375,-0.90771484375,-0.203125,-26.42822265625,-52.1240234375,-7.62939453125,-7.1860103607177725,-119.99574279785156,135.25054931640622
0.155029296875,-0.882080078125,-0.168701171875,-22.76611328125,-59.87548828125,-10.43701171875,-6.457427978515625,-120.42251586914062,137.44900512695312
0.1005859375,-1.927001953125,-0.84033203125,-6.9580078125,-58.7158203125,5.2490234375,-4.144986629486084,-118.08126831054688,140.448974609375
0.1640625,-0.923828125,-0.15673828125,41.19873046875,-91.61376953125,6.8359375,-2.4729106426239014,-115.88555145263672,143.53038024902344
0.2958984375,-0.627197265625,-0.22314453125,22.3388671875,-85.63232421875,2.8076171875,-1.734639286994934,-114.86041259765624,146.552978515625
0.44482421875,-0.7392578125,-0.3359375,-15.13671875,-56.21337890625,-6.9580078125,-2.2777099609375,-115.76393127441406,148.45819091796875
0.346435546875,-0.820068359375,-0.292724609375,-48.52294921875,-31.79931640625,-16.54052734375,-3.052220582962036,-117.53502655029295,149.89303588867188
0.341064453125,-0.91357421875,-0.32373046875,-52.18505859375,-28.01513671875,-14.09912109375,-3.652283191680908,-119.38502502441406,151.1405029296875
0.334228515625,-0.83154296875,-0.26220703125,-59.14306640625,-32.2265625,1.89208984375,-3.4771695137023926,-121.53074645996094,152.08326721191406
0.402587890625,-0.9365234375,-0.401123046875,-51.08642578125,-27.4658203125,28.3203125,-2.6457679271698,-123.27338409423828,152.38905334472656
0.268310546875,-0.85302734375,-0.436279296875,-42.66357421875,-16.11328125,42.78564453125,-1.3865329027175903,-124.7182159423828,151.9547882080078
0.291015625,-0.904296875,-0.406982421875,-45.59326171875,-0.18310546875,38.39111328125,-1.0743528604507446,-126.3053741455078,151.10325622558594
0.0087890625,-1.6552734375,-0.822265625,34.60693359375,24.658203125,-24.0478515625,-2.394257068634033,-124.50474548339844,150.85325622558594
0.49658203125,-0.802734375,-0.375732421875,35.888671875,16.05224609375,-21.6064453125,-4.49575138092041,-122.7232437133789,150.76686096191406
0.43603515625,-0.785400390625,-0.45361328125,18.49365234375,45.0439453125,-21.240234375,-7.192306041717528,-121.91671752929688,149.42385864257812
0.460205078125,-0.86083984375,-0.433349609375,-2.9296875,63.720703125,-1.5869140625,-9.30528450012207,-121.52074432373048,147.24156188964844
0.392578125,-0.73974609375,-0.32373046875,-16.41845703125,68.78662109375,18.49365234375,-10.77000331878662,-121.39224243164062,144.4177703857422
0.394775390625,-0.717041015625,-0.31494140625,-33.0810546875,79.16259765625,19.71435546875,-12.253462791442873,-122.08822631835938,141.1556396484375
0.074951171875,-0.743896484375,0.08203125,-41.07666015625,80.26123046875,9.58251953125,-13.469204902648926,-121.60041046142578,137.84640502929688
0.080810546875,-1.0830078125,-0.42138671875,-43.5791015625,78.30810546875,-15.7470703125,-15.29311466217041,-122.31034088134766,135.35092163085938
0.04443359375,-0.999267578125,-0.3916015625,-14.404296875,64.3310546875,-28.50341796875,-17.079702377319336,-121.72532653808594,133.89828491210938
0.347412109375,-0.9150390625,-0.1806640625,15.07568359375,39.55078125,-33.63037109375,-19.21002578735352,-120.09528350830078,132.96382141113278
0.095947265625,-1.05224609375,-0.247314453125,1.40380859375,38.14697265625,-23.0712890625,-20.234975814819336,-119.00926971435548,131.81278991699222
0.213134765625,-0.836669921875,-0.1298828125,6.53076171875,18.37158203125,-9.1552734375,-20.45694732666016,-117.8490982055664,131.10040283203122
0.23828125,-0.785888671875,-0.111572265625,-15.56396484375,4.8828125,-6.34765625,-20.66657257080078,-117.646484375,130.76191711425778
0.277587890625,-0.825439453125,-0.1240234375,-26.3671875,0.48828125,-8.60595703125,-20.930206298828125,-117.98268127441406,130.64280700683594
0.297119140625,-0.822021484375,-0.119140625,-36.62109375,4.0283203125,-14.34326171875,-21.78009414672852,-118.97386169433594,130.50035095214844
0.60986328125,-0.845703125,-0.175537109375,-44.37255859375,7.2021484375,2.50244140625,-22.397268295288086,-120.01851654052734,129.95327758789062
0.361083984375,-0.953125,-0.379150390625,-30.8837890625,3.662109375,25.0244140625,-21.500999450683594,-120.64772033691406,129.13442993164062
0.17822265625,-0.88134765625,-0.3193359375,-19.4091796875,7.8125,5.92041015625,-22.080385208129886,-120.9649429321289,128.79908752441406
0.380126953125,-0.8759765625,-0.29345703125,-22.3388671875,27.89306640625,-40.83251953125,-24.07689666748047,-121.30281066894531,128.49397277832028
0.55615234375,-0.72216796875,0.064697265625,-37.17041015625,20.99609375,-35.888671875,-26.40604591369629,-121.60206604003906,128.04414367675778
0.508544921875,-0.798828125,-0.417724609375,-64.75830078125,29.96826171875,-14.7705078125,-28.15110969543457,-123.7055206298828,127.01039123535156
0.29833984375,-0.8837890625,-0.520751953125,-72.998046875,21.66748046875,4.69970703125,-28.0235595703125,-126.032958984375,126.00082397460938
0.068359375,-1.207275390625,-0.3896484375,-41.8701171875,19.34814453125,3.60107421875,-27.46083831787109,-126.51667022705078,124.813720703125
0.351806640625,-1.242431640625,-0.59814453125,-6.04248046875,6.4697265625,19.4091796875,-27.57139778137207,-126.64070892333984,125.12171936035156
-0.05419921875,-0.760009765625,-0.487548828125,23.13232421875,-2.01416015625,17.76123046875,-25.77987289428711,-125.35279846191406,124.65467834472656
0.528564453125,-0.968017578125,-0.4921875,30.45654296875,-5.615234375,24.658203125,-24.857818603515625,-123.60733032226562,124.08724975585938
0.41943359375,-0.95947265625,-0.466064453125,33.8134765625,-1.708984375,32.40966796875,-23.63351058959961,-121.6309051513672,123.19326782226562
0.4072265625,-1.0869140625,-0.46142578125,28.9306640625,4.638671875,23.3154296875,-22.75527572631836,-119.83116149902344,122.35462951660156
0.355712890625,-1.225341796875,-0.45166015625,29.4189453125,7.32421875,9.58251953125,-22.274436950683594,-118.05696105957031,121.7211456298828
0.34326171875,-1.340087890625,-0.4296875,31.25,5.2490234375,-6.103515625,-22.437110900878906,-116.30867004394531,121.63119506835938
0.3466796875,-1.38134765625,-0.3896484375,40.34423828125,-0.1220703125,-29.541015625,-23.15652084350586,-114.45377349853516,122.02180480957031
0.376220703125,-1.3408203125,-0.351806640625,46.0205078125,-4.0283203125,-46.2646484375,-24.47199821472168,-112.5815887451172,122.83621215820312
0.412109375,-1.23095703125,-0.28857421875,48.88916015625,-3.41796875,-64.75830078125,-26.837594985961914,-110.75406646728516,123.92921447753906
0.4130859375,-1.07763671875,-0.1982421875,41.07666015625,-1.220703125,-88.623046875,-29.897260665893555,-109.34269714355469,125.1759796142578
0.4111328125,-0.987548828125,-0.148193359375,26.123046875,2.50244140625,-107.0556640625,-33.670730590820305,-108.62271881103516,126.48355102539062
0.46240234375,-0.9130859375,-0.107421875,10.7421875,8.6669921875,-127.685546875,-38.6713981628418,-108.9587173461914,127.86244201660156
0.48583984375,-0.798583984375,-0.099609375,-9.765625,17.7001953125,-147.03369140625,-44.13459396362305,-109.93819427490234,129.26789855957028
0.4921875,-0.724853515625,-0.096435546875,-19.1650390625,18.9208984375,-154.72412109375,-49.76253509521485,-111.6939697265625,131.06179809570312
0.524658203125,-0.6494140625,-0.113037109375,-23.01025390625,19.1650390625,-157.65380859375,-55.47449111938477,-114.35646057128906,133.56399536132812
0.555419921875,-0.5478515625,-0.111572265625,-25.20751953125,19.775390625,-156.43310546875,-60.97016906738281,-117.9912567138672,136.93843078613278
0.590087890625,-0.464111328125,-0.10498046875,-26.3671875,21.8505859375,-153.25927734375,-66.24706268310547,-122.98019409179688,141.58128356933594
0.627685546875,-0.405029296875,-0.107421875,-27.34375,22.39990234375,-148.13232421875,-71.0897445678711,-130.20744323730472,148.4203338623047
0.656982421875,-0.353759765625,-0.105712890625,-24.84130859375,22.3388671875,-136.962890625,-75.08272552490234,-140.82492065429688,158.61961364746094
0.664794921875,-0.3173828125,-0.0986328125,-24.0478515625,21.728515625,-126.953125,-78.01646423339844,-156.63401794433594,-186.13113403320312
0.7109375,-0.280029296875,-0.12255859375,-22.27783203125,23.62060546875,-123.96240234375,-79.74705505371094,178.74681091308594,-162.35504150390625
0.743896484375,-0.18505859375,-0.07177734375,-22.5830078125,26.55029296875,-125.244140625,-79.6759033203125,148.34774780273438,-133.02252197265622
0.778076171875,-0.159423828125,-0.057861328125,-29.4189453125,25.45166015625,-120.78857421875,-77.85862731933594,125.3464584350586,-110.96074676513672
0.934814453125,-0.177001953125,-0.11083984375,-33.75244140625,23.98681640625,-104.248046875,-75.8226547241211,113.62676239013672,-100.19971466064452
0.932861328125,-0.20751953125,-0.11962890625,-26.611328125,17.578125,-70.73974609375,-74.38063049316406,107.6063461303711,-94.9267578125
0.91943359375,-0.2275390625,-0.072998046875,-21.17919921875,12.6953125,-68.78662109375,-72.97406768798828,103.4208984375,-91.31656646728516
0.89599609375,-0.2587890625,-0.045654296875,-28.9306640625,10.498046875,-71.71630859375,-71.45954132080078,99.67713165283205,-88.61701965332031
0.914794921875,-0.363525390625,-0.115234375,-43.45703125,10.6201171875,-86.0595703125,-69.57810974121094,96.39069366455078,-86.78704071044922
0.959716796875,-0.364501953125,-0.159423828125,-46.7529296875,13.3056640625,-102.9052734375,-67.03307342529297,93.3306655883789,-85.28091430664062
1.055419921875,-0.299072265625,-0.191650390625,-41.68701171875,11.474609375,-110.41259765625,-64.06700897216797,91.33075714111328,-84.5503921508789
1.123291015625,-0.21533203125,-0.216552734375,-29.96826171875,11.04736328125,-103.21044921875,-61.316795349121094,90.06645202636719,-84.21757507324219
1.07568359375,-0.1474609375,-0.1728515625,-25.69580078125,19.34814453125,-106.3232421875,-58.43110656738281,88.4492416381836,-83.29946899414062
1.060546875,-0.0908203125,-0.113525390625,-28.3203125,28.38134765625,-110.90087890625,-55.27398681640625,86.05931091308594,-81.7141342163086
0.98388671875,-0.078369140625,-0.085693359375,-35.400390625,29.47998046875,-113.95263671875,-52.10775375366211,83.83699798583984,-80.55418395996094
0.95849609375,-0.068603515625,-0.08056640625,-33.5693359375,24.71923828125,-114.80712890625,-48.98739242553711,82.20420837402344,-80.0150375366211
0.94970703125,0.021240234375,-0.071044921875,-29.60205078125,18.98193359375,-111.51123046875,-45.97120666503906,81.12395477294922,-80.00485229492188
0.91552734375,0.06298828125,-0.0498046875,-28.564453125,15.5029296875,-103.82080078125,-43.2682991027832,80.22160339355469,-80.18397521972656
0.87451171875,0.02197265625,-0.031005859375,-26.55029296875,13.0615234375,-96.8017578125,-41.003456115722656,79.41161346435547,-80.44742584228516
0.881103515625,0.079833984375,-0.027099609375,-24.35302734375,8.544921875,-89.2333984375,-39.149845123291016,78.87405395507812,-80.96924591064453
0.902587890625,0.138916015625,-0.03466796875,-19.6533203125,3.47900390625,-79.2236328125,-37.56002807617188,78.64862060546875,-81.6753921508789
0.9287109375,0.165283203125,-0.028076171875,-17.51708984375,1.708984375,-71.8994140625,-36.27651977539063,78.4945297241211,-82.38886260986328
0.920166015625,0.16552734375,-0.033203125,-14.892578125,-0.06103515625,-65.91796875,-35.31458282470703,78.4593734741211,-83.12503051757812
0.939453125,0.21044921875,-0.03857421875,-14.70947265625,0.54931640625,-61.5234375,-34.438674926757805,78.41836547851562,-83.8117904663086
0.95166015625,0.23095703125,-0.033203125,-13.3056640625,0.79345703125,-60.24169921875,-33.6058349609375,78.4017333984375,-84.46304321289062
0.949462890625,0.2353515625,-0.0380859375,-13.916015625,-0.8544921875,-59.14306640625,-32.830459594726555,78.44867706298828,-85.16307067871094
0.971435546875,0.301025390625,-0.06201171875,-15.7470703125,2.8076171875,-59.4482421875,-31.96066474914551,78.360595703125,-85.75174713134766
0.954833984375,0.314697265625,-0.052734375,-17.822265625,8.11767578125,-58.04443359375,-31.098243713378906,78.0351333618164,-86.07323455810547
0.90771484375,0.299072265625,-0.03173828125,-20.08056640625,12.3291015625,-56.94580078125,-30.29062843322754,77.4769287109375,-86.1793212890625
0.843017578125,0.296142578125,-0.01025390625,-18.37158203125,10.3759765625,-53.28369140625,-29.608583450317386,76.98311614990234,-86.34001922607422
0.83349609375,0.308837890625,0.00634765625,-16.29638671875,5.55419921875,-48.2177734375,-29.153963088989254,76.62943267822266,-86.66654968261719
0.88525390625,0.363525390625,-0.001708984375,-16.4794921875,4.150390625,-43.27392578125,-28.94829177856445,76.14534759521484,-86.92259979248047
0.84912109375,0.3955078125,-0.017578125,-13.427734375,7.62939453125,-41.9921875,-28.6033878326416,75.9644775390625,-87.17829132080078
0.83349609375,0.387939453125,0.00537109375,-14.0380859375,7.8125,-34.60693359375,-28.54853057861328,75.65902709960938,-87.32073211669922
0.785400390625,0.382568359375,0.04541015625,-10.31494140625,5.79833984375,-30.3955078125,-28.67481803894043,75.4826431274414,-87.48453521728516
0.7744140625,0.377197265625,0.04443359375,-7.568359375,2.86865234375,-24.4140625,-29.01325988769531,75.39556884765625,-87.69818878173828
0.779052734375,0.412841796875,0.044677734375,-4.69970703125,1.03759765625,-20.20263671875,-29.459138870239254,75.4656982421875,-87.96084594726562
0.788818359375,0.454833984375,0.019287109375,-3.35693359375,-1.0986328125,-14.70947265625,-30.09662437438965,75.7051010131836,-88.32662200927734
0.798583984375,0.4912109375,-0.00048828125,-5.859375,-3.60107421875,-10.07080078125,-30.832338333129886,75.94173431396484,-88.76781463623047
0.856201171875,0.470458984375,0.001953125,-9.1552734375,-1.0986328125,-8.23974609375,-31.68227386474609,75.94233703613281,-89.05799865722656
0.822509765625,0.46923828125,0.0146484375,-12.3291015625,3.35693359375,-6.2255859375,-32.55111694335937,75.71536254882812,-89.08209228515625
0.82080078125,0.477294921875,0.0146484375,-11.53564453125,3.5400390625,-2.9296875,-33.45237350463867,75.4634780883789,-89.09965515136719
0.8056640625,0.47265625,0.042724609375,-11.474609375,4.150390625,1.52587890625,-34.46988296508789,75.09502410888672,-88.9985122680664
0.711669921875,0.419921875,0.088623046875,-8.85009765625,6.103515625,8.7890625,-35.77732849121094,74.6195068359375,-88.6180191040039
0.6015625,0.40576171875,0.140625,-1.28173828125,-0.42724609375,23.0712890625,-37.38972091674805,74.26927185058594,-88.2569351196289
0.56298828125,0.4404296875,0.104736328125,4.638671875,-17.333984375,38.14697265625,-39.56986999511719,74.72051239013672,-88.63543701171875
0.59912109375,0.41455078125,0.084228515625,8.6669921875,-30.3955078125,54.50439453125,-42.79182434082031,75.83306884765625,-89.70172882080078
0.658447265625,0.3916015625,0.035888671875,8.11767578125,-34.60693359375,72.32666015625,-46.540809631347656,77.06317901611328,-90.83417510986328
0.6650390625,0.371337890625,0.03271484375,7.6904296875,-34.24072265625,85.3271484375,-50.68597793579102,78.28352355957031,-91.94996643066406
0.64501953125,0.307373046875,0.01220703125,7.38525390625,-38.39111328125,95.27587890625,-55.34299850463867,79.9930648803711,-93.66187286376952
0.72265625,0.285888671875,-0.044189453125,8.056640625,-49.01123046875,105.04150390625,-60.24386596679688,82.93575286865234,-96.63360595703124
0.818359375,0.222900390625,-0.04248046875,8.9111328125,-46.630859375,105.89599609375,-65.10658264160156,86.5995101928711,-100.3262176513672
0.906982421875,0.208740234375,-0.0849609375,12.451171875,-41.259765625,111.63330078125,-70.10643768310547,91.6044921875,-105.15228271484376
0.949462890625,0.14208984375,-0.114013671875,15.9912109375,-33.02001953125,123.53515625,-75.08386993408203,99.08744049072266,-112.41007995605469
0.968994140625,0.117431640625,-0.129150390625,15.68603515625,-27.03857421875,129.5166015625,-79.59385681152344,113.01651000976562,-126.25013732910156
1.012451171875,0.0419921875,-0.14306640625,13.48876953125,-19.83642578125,129.94384765625,-82.73150634765625,145.85055541992188,-158.7891845703125
0.983154296875,-0.006591796875,-0.11865234375,10.68115234375,-10.498046875,128.47900390625,-82.6648178100586,-155.3313751220703,144.5644073486328
0.944580078125,-0.0126953125,-0.140625,10.31494140625,-13.12255859375,128.41796875,-79.52517700195312,-127.11636352539062,116.66141510009766
0.989501953125,0.0048828125,-0.179931640625,6.28662109375,-16.6015625,126.708984375,-75.45611572265625,-117.52550506591795,106.78833770751952
1.0244140625,-0.11572265625,-0.19091796875,-1.220703125,-9.6435546875,122.4365234375,-71.19854736328125,-112.401123046875,101.19580078125
0.96044921875,-0.169677734375,-0.1533203125,-2.25830078125,-1.0986328125,124.08447265625,-66.89357757568361,-108.3926773071289,96.66707611083984
0.92578125,-0.17822265625,-0.0439453125,-0.244140625,-3.5400390625,126.89208984375,-62.50226211547852,-105.73529052734376,93.79289245605469
0.87939453125,-0.326171875,-0.1103515625,-1.03759765625,-14.83154296875,126.46484375,-57.76901626586914,-104.50829315185548,92.25767517089844
0.992919921875,-0.319091796875,-0.116455078125,1.0986328125,-20.5078125,125.3662109375,-53.27945327758789,-103.9189682006836,91.51261138916016
0.864990234375,-0.361572265625,-0.0908203125,2.685546875,-23.0712890625,127.25830078125,-48.5882453918457,-103.3194808959961,91.0344696044922
0.80810546875,-0.42919921875,-0.07861328125,7.6904296875,-42.48046875,131.89697265625,-43.60903930664063,-103.3665771484375,91.55046844482422
0.91015625,-0.411376953125,-0.135986328125,11.16943359375,-57.373046875,137.20703125,-38.57608413696289,-103.84124755859376,92.8335418701172
0.91064453125,-0.4794921875,-0.204833984375,14.34326171875,-65.3076171875,139.22119140625,-33.36132049560547,-104.33172607421876,94.46292114257812
0.87744140625,-0.531982421875,-0.217529296875,17.333984375,-76.59912109375,142.333984375,-28.01395034790039,-104.74169921875,96.32583618164062
0.966552734375,-0.60986328125,-0.26416015625,18.49365234375,-78.67431640625,141.4794921875,-22.81398963928223,-104.96417999267578,98.1562271118164
0.935791015625,-0.6630859375,-0.25341796875,17.578125,-71.8994140625,138.18359375,-17.83964729309082,-104.80142211914062,99.5017547607422
0.786865234375,-0.62255859375,-0.221435546875,18.9208984375,-74.3408203125,136.23046875,-13.045036315917967,-104.57228088378906,101.05914306640624
0.908203125,-0.804443359375,-0.309326171875,15.44189453125,-82.21435546875,133.60595703125,-8.319422721862793,-104.47075653076172,102.94596862792969
0.89697265625,-0.708984375,-0.3447265625,7.01904296875,-79.65087890625,129.69970703125,-4.2303667068481445,-104.71216583251952,104.69766235351562
0.8212890625,-0.741943359375,-0.358154296875,0.3662109375,-62.80517578125,114.68505859375,-0.651794970035553,-105.05106353759766,105.95295715332031
0.641357421875,-0.809814453125,-0.312255859375,-1.220703125,-51.26953125,108.154296875,2.7127854824066158,-105.26622772216795,106.7856674194336
0.54052734375,-0.768310546875,-0.2373046875,-5.126953125,-51.57470703125,106.3232421875,5.911056995391847,-105.50879669189452,107.65196990966795
0.53662109375,-0.7119140625,-0.263427734375,-6.9580078125,-62.68310546875,105.8349609375,9.151008605957033,-105.7643585205078,108.9037094116211
0.51513671875,-0.76904296875,-0.2763671875,-2.9296875,-75.50048828125,106.8115234375,12.56605339050293,-105.6709976196289,110.64183044433594
0.483642578125,-0.827880859375,-0.243896484375,8.11767578125,-94.05517578125,113.1591796875,16.537158966064453,-104.51351928710938,113.34367370605469
0.53076171875,-0.843505859375,-0.255615234375,18.61572265625,-107.11669921875,123.4130859375,20.65282440185547,-102.83821868896484,116.42981719970705
0.581787109375,-0.932861328125,-0.34033203125,19.53125,-115.41748046875,148.25439453125,25.624711990356445,-100.91238403320312,119.85855102539062
0.509033203125,-1.03125,-0.443359375,33.3251953125,-122.98583984375,185.791015625,32.71731948852539,-97.7940444946289,123.83804321289062
0.422607421875,-0.89599609375,-0.431640625,53.40576171875,-153.38134765625,209.3505859375,39.77347946166992,-92.5691146850586,129.89083862304688
0.34033203125,-0.888671875,-0.388671875,65.5517578125,-148.8037109375,190.4296875,45.44009399414063,-85.46685028076172,137.28897094726562
0.333740234375,-0.84423828125,-0.334228515625,70.86181640625,-137.451171875,162.109375,48.86884689331055,-77.45150756835938,145.10256958007812
0.33642578125,-0.82763671875,-0.30908203125,71.2890625,-112.6708984375,136.5966796875,51.01782989501953,-69.52919769287111,152.6725616455078
0.278564453125,-0.841064453125,-0.24462890625,65.85693359375,-99.365234375,135.68115234375,52.60934829711914,-61.654151916503906,160.3384246826172
0.12841796875,-0.8720703125,-0.169921875,56.5185546875,-85.205078125,140.625,54.21415710449219,-54.33345031738281,167.85707092285156
-0.064697265625,-0.94580078125,-0.135498046875,40.771484375,-69.2138671875,140.9912109375,55.67905807495117,-47.361366271972656,-184.52476501464844
-0.214111328125,-1.009521484375,-0.1201171875,29.052734375,-61.34033203125,129.2724609375,56.67422866821289,-41.18267822265625,-177.3588409423828
-0.27392578125,-1.0439453125,-0.11474609375,20.8740234375,-52.55126953125,108.45947265625,57.044715881347656,-37.04569625854492,-172.11119079589844
-0.227783203125,-1.021484375,-0.15625,9.33837890625,-36.31591796875,83.55712890625,57.23828125,-34.762752532958984,-168.5885009765625
-0.21728515625,-1.010498046875,-0.18212890625,3.35693359375,-19.47021484375,70.556640625,57.66915893554688,-34.045059204101555,-166.6186981201172
-0.360595703125,-1.02783203125,-0.178955078125,-6.103515625,-6.4697265625,64.75830078125,58.578651428222656,-34.70547103881836,-165.8052978515625
-0.43505859375,-1.052490234375,-0.18994140625,-13.48876953125,3.35693359375,52.001953125,59.55206298828125,-36.26313781738281,-165.8606719970703
-0.481201171875,-1.06005859375,-0.206787109375,-13.427734375,2.8076171875,43.0908203125,60.33949661254883,-38.28408432006836,-166.5091552734375
-0.419189453125,-1.034912109375,-0.180419921875,-9.765625,1.28173828125,32.71484375,60.6641616821289,-40.84770202636719,-167.98898315429688
-0.388427734375,-0.978271484375,-0.18115234375,-9.27734375,2.01416015625,29.11376953125,60.92132568359375,-43.50115966796875,-169.60818481445312
-0.475341796875,-0.18115234375,-0.544921875,-11.71875,3.662109375,28.1982421875,63.17214584350586,-46.01457214355469,-171.1143035888672
-0.26708984375,-0.904541015625,0.21728515625,-17.9443359375,9.46044921875,27.89306640625,62.97426223754883,-48.17054748535156,-172.00071716308594
-0.3232421875,-0.947509765625,-0.02880859375,-18.98193359375,19.287109375,22.76611328125,63.04417419433594,-52.15561294555664,-174.89755249023438
-0.33447265625,-0.92138671875,-0.068603515625,-48.4619140625,30.94482421875,28.86962890625,63.54153823852539,-57.89043045043945,-178.4638671875
-0.490478515625,-0.93017578125,-0.18212890625,-45.34912109375,45.47119140625,12.3291015625,63.7397346496582,-65.98696136474611,-184.766357421875
-0.422119140625,-0.898681640625,-0.118896484375,-54.931640625,47.7294921875,1.46484375,63.2054443359375,-74.03804779052734,169.21078491210938
-0.502685546875,-1.026611328125,-0.208740234375,-61.95068359375,52.1240234375,-7.9345703125,62.05855941772461,-82.5246353149414,162.93211364746094
-0.361572265625,-0.959228515625,-0.266845703125,-58.2275390625,49.4384765625,-21.91162109375,59.78916549682617,-89.87033081054688,157.52003479003906
-1.42626953125,-1.427978515625,-0.171875,-47.91259765625,57.2509765625,-12.39013671875,58.57611846923828,-95.9363250732422,152.82545471191406
-0.15380859375,-0.928955078125,-0.53125,-8.85009765625,10.25390625,37.17041015625,58.368507385253906,-98.9577865600586,150.2483673095703
-0.30224609375,-0.735595703125,-0.196044921875,6.89697265625,9.09423828125,11.8408203125,57.24384307861328,-100.1082763671875,149.13331604003906
-0.0927734375,-0.9169921875,-0.351318359375,-12.26806640625,21.240234375,10.07080078125,55.70667266845703,-102.69718933105469,146.9029083251953
-0.4150390625,-1.029541015625,-0.454833984375,-5.43212890625,23.92578125,3.41796875,54.31219863891602,-104.97403717041016,144.68075561523438
0.02490234375,-0.82373046875,-0.047607421875,3.41796875,21.8505859375,-6.2255859375,51.42489242553711,-104.40931701660156,144.65049743652344
-0.39990234375,-0.96240234375,-0.24267578125,-3.60107421875,8.36181640625,-12.451171875,49.74055099487305,-104.75724029541016,144.37669372558594
-0.40087890625,-0.934326171875,-0.229248046875,5.92041015625,-15.56396484375,-1.28173828125,48.80656814575195,-103.73324584960938,145.36907958984375
-0.524169921875,-1.010498046875,-0.30322265625,11.5966796875,-41.9921875,7.6904296875,48.7030029296875,-101.06099700927734,148.1148223876953
-0.5029296875,-1.083740234375,-0.402099609375,32.2265625,-72.20458984375,15.93017578125,48.8520736694336,-97.1357421875,151.87799072265625
-0.4931640625,-1.082275390625,-0.4248046875,57.12890625,-94.29931640625,19.34814453125,48.9871711730957,-91.39247131347656,156.87600708007812
-0.0634765625,-0.743896484375,-0.224609375,36.92626953125,-94.482421875,26.91650390625,48.53463745117188,-87.45327758789062,161.17628479003906
-0.09521484375,-0.791748046875,-0.2529296875,19.71435546875,-58.04443359375,28.076171875,48.10306930541992,-85.16217803955078,163.8566131591797
-0.323974609375,-0.92578125,-0.354736328125,20.5078125,-43.8232421875,31.18896484375,48.2004508972168,-83.66082000732422,165.5905303955078
-0.39306640625,-1.043701171875,-0.333984375,44.73876953125,-40.46630859375,21.66748046875,48.01133728027344,-80.9308090209961,167.2909698486328
-0.650146484375,-0.9716796875,-0.16845703125,59.50927734375,-45.34912109375,29.6630859375,48.34437942504883,-77.22142791748047,169.60401916503906
-0.278076171875,-0.95751953125,-0.06591796875,48.2177734375,-39.9169921875,21.240234375,47.64583587646485,-74.290283203125,171.49859619140625
-0.61669921875,-0.978515625,-0.05810546875,25.146484375,-10.6201171875,-2.74658203125,46.564002990722656,-73.8573226928711,170.96603393554688
-0.66015625,-0.692138671875,0.20263671875,9.033203125,7.568359375,-45.10498046875,44.74904251098633,-74.27635192871094,169.87001037597656
-0.28564453125,-0.81982421875,0.110595703125,-27.2216796875,27.77099609375,-55.17578125,41.90562057495117,-77.27139282226562,167.40457153320312
-0.265869140625,-0.85791015625,-0.0498046875,-45.83740234375,29.72412109375,-40.34423828125,40.06476211547852,-80.88133239746094,165.19937133789062
-0.152587890625,-0.846435546875,-0.113037109375,-31.982421875,16.4794921875,-8.60595703125,38.723594665527344,-83.53752899169922,163.79434204101562
-0.03564453125,-0.87646484375,-0.17529296875,-27.587890625,6.9580078125,10.31494140625,37.86158752441406,-85.683837890625,162.96852111816406
-0.220703125,-0.928466796875,-0.053955078125,-21.8505859375,3.96728515625,22.88818359375,37.937313079833984,-87.07962036132812,162.62071228027344
-0.216064453125,-0.7333984375,-0.137451171875,-21.728515625,6.77490234375,30.8837890625,38.358001708984375,-88.75279998779297,161.94825744628906
-0.29296875,-0.813232421875,-0.09033203125,-28.9306640625,10.6201171875,31.8603515625,38.90234375,-90.58124542236328,161.2047576904297
-0.27880859375,-0.84619140625,-0.119384765625,-34.60693359375,15.13671875,32.3486328125,39.388221740722656,-92.98844146728516,160.0174102783203
-0.288330078125,-0.8056640625,-0.091796875,-41.3818359375,22.4609375,38.818359375,40.081947326660156,-95.62873840332031,158.61460876464844
-0.729736328125,-0.802734375,-0.16015625,-47.54638671875,22.03369140625,50.9033203125,42.03617858886719,-98.7255859375,156.96957397460938
-1.00390625,-0.649169921875,0.27197265625,-10.009765625,12.14599609375,8.60595703125,42.93101501464844,-100.0579833984375,156.3414764404297
-0.623291015625,-0.9052734375,-0.066650390625,-49.74365234375,25.57373046875,3.60107421875,42.53655242919922,-102.71887969970705,155.1373748779297
-0.6416015625,-0.32373046875,0.00146484375,-72.57080078125,37.7197265625,-14.16015625,42.42744827270508,-106.53068542480469,153.54193115234375
-0.80615234375,-1.181640625,-0.114990234375,-91.6748046875,36.43798828125,-42.29736328125,39.693031311035156,-108.65371704101562,153.7020721435547
-0.850341796875,-1.4140625,-0.185546875,-14.70947265625,-10.6201171875,-68.05419921875,36.92598342895508,-107.74351501464844,155.63417053222656
-0.5390625,-1.135498046875,-0.16845703125,7.9345703125,-80.810546875,-27.83203125,36.310848236083984,-104.4462432861328,160.14065551757812
-0.7275390625,-1.091064453125,-0.160888671875,15.9912109375,-139.16015625,2.38037109375,37.71417236328125,-99.00906372070312,167.86383056640625
-0.616943359375,-1.018310546875,-0.163818359375,23.25439453125,-190.91796875,15.7470703125,38.833251953125,-92.09488677978516,-182.54263305664062
-0.572998046875,-0.862060546875,-0.087646484375,23.01025390625,-203.2470703125,20.32470703125,39.23967361450195,-84.68011474609375,-172.14862060546875
-0.7119140625,-1.053955078125,-0.396484375,31.31103515625,-208.984375,23.193359375,38.7475814819336,-76.29302215576172,-161.43093872070312
-0.615966796875,-0.8017578125,-0.13916015625,67.138671875,-251.220703125,30.70068359375,36.83869171142578,-66.78994750976561,-149.42868041992188
-0.590087890625,-0.801513671875,-0.106201171875,60.97412109375,-263.61083984375,24.90234375,33.0921630859375,-58.58778381347656,-138.10015869140622
0.44482421875,-1.11279296875,0.241943359375,54.8095703125,-263.916015625,20.69091796875,25.79708671569824,-52.53015899658203,-128.72479248046878
-0.2451171875,-0.904296875,-0.1357421875,46.7529296875,-243.10302734375,12.6953125,19.9671573638916,-49.04449844360352,-120.94937133789062
-0.22119140625,-0.93017578125,-0.127197265625,65.36865234375,-227.11181640625,10.80322265625,14.195987701416016,-46.0112533569336,-114.2278823852539
-0.39208984375,-0.78759765625,-0.013427734375,69.9462890625,-211.3037109375,10.92529296875,9.267677307128906,-43.44295883178711,-108.8329849243164
-0.9765625,-1.094482421875,-0.03125,49.9267578125,-163.51318359375,-59.26513671875,4.2037272453308105,-42.39162063598633,-106.27487182617188
-0.517822265625,-0.54296875,0.2080078125,22.3388671875,-166.93115234375,-68.90869140625,-1.1659051179885864,-42.187347412109375,-103.8575210571289
-0.180908203125,-1.221435546875,0.198974609375,15.19775390625,-168.701171875,-14.6484375,-6.3659324645996085,-42.64134979248047,-100.43578338623048
0.142333984375,-0.770263671875,0.019775390625,31.79931640625,-107.177734375,-20.5078125,-10.276490211486816,-43.323726654052734,-97.9002456665039
-1.120849609375,-0.993896484375,0.509521484375,-17.7001953125,-55.60302734375,-8.6669921875,-10.254839897155762,-44.79963302612305,-96.50035095214844
0.1181640625,-0.607177734375,0.26904296875,-87.7685546875,57.861328125,-20.1416015625,-8.839648246765137,-49.07378387451172,-99.67013549804688
0.07958984375,-0.758056640625,0.08984375,-117.7978515625,141.90673828125,-52.1240234375,-6.913742065429688,-54.24989700317383,-105.26896667480469
-0.04345703125,-0.8740234375,0.005615234375,-119.07958984375,171.38671875,-44.0673828125,-4.339468479156493,-59.6507682800293,-111.85365295410156
-0.22021484375,-0.950927734375,-0.037109375,-101.07421875,166.748046875,-17.08984375,-1.0023280382156372,-64.21893310546875,-117.6067352294922
-0.27001953125,-0.935546875,-0.0380859375,-60.05859375,139.46533203125,15.0146484375,2.45520544052124,-67.69255828857422,-122.4585952758789
-0.302001953125,-0.900634765625,-0.006591796875,-33.87451171875,123.53515625,31.73828125,6.0260353088378915,-70.17778778076172,-126.6770248413086
-0.3662109375,-0.864990234375,0.0185546875,-21.728515625,115.1123046875,33.3251953125,9.295863151550293,-72.13192749023438,-130.73114013671878
-0.308837890625,-0.890869140625,0.03271484375,-14.22119140625,114.6240234375,22.0947265625,11.850048065185547,-74.05489349365234,-135.03672790527344
-0.258544921875,-0.85009765625,0.01904296875,-11.3525390625,119.32373046875,21.91162109375,14.115421295166016,-76.07492065429688,-139.65924072265622
-0.225341796875,-0.782958984375,0.028076171875,-14.58740234375,124.755859375,31.73828125,16.69415283203125,-78.44934844970703,-144.55812072753906
-0.2919921875,-0.771484375,0.052001953125,-27.7099609375,129.57763671875,50.29296875,19.71161460876465,-81.41014099121094,-149.6534423828125
-0.31982421875,-0.80126953125,0.054931640625,-49.31640625,139.2822265625,15.44189453125,21.0081729888916,-85.58544921875,-155.54457092285156
-0.451171875,-0.902587890625,0.10546875,-63.96484375,135.8642578125,11.77978515625,22.235984802246094,-90.20166015625,-161.09555053710938
-0.706298828125,-0.928466796875,0.109375,-71.96044921875,113.6474609375,33.87451171875,23.956750869750977,-94.80511474609376,-166.02793884277344
-0.546142578125,-0.950439453125,0.077392578125,-74.462890625,93.68896484375,25.0244140625,24.72342300415039,-99.15931701660156,-170.1036834716797
-0.755126953125,-1.056640625,-0.06689453125,-69.7021484375,56.7626953125,52.734375,27.212404251098636,-102.6523208618164,-172.461181640625
-1.12890625,-1.364501953125,-0.185791015625,-3.2958984375,23.92578125,-42.3583984375,25.832866668701172,-102.87998962402344,-172.99365234375
-1.00634765625,-0.996826171875,0.1025390625,4.08935546875,-26.611328125,-51.69677734375,24.83208084106445,-101.41988372802734,-171.08200073242188
-0.665283203125,-0.690185546875,0.378662109375,-18.61572265625,-77.7587890625,-26.91650390625,25.67042350769043,-99.9345474243164,-166.74549865722656
-0.5537109375,-1.272216796875,-0.158447265625,-54.01611328125,-118.896484375,14.16015625,26.95628929138184,-99.68280792236328,-161.57298278808594
-0.615966796875,-1.24951171875,-0.50341796875,60.24169921875,-153.3203125,47.4853515625,29.54546165466309,-94.59972381591795,-155.16896057128906
0.101318359375,-0.721923828125,-0.328857421875,62.1337890625,-128.2958984375,46.875,30.045543670654297,-90.6887664794922,-150.6684112548828
-0.104248046875,-0.62841796875,-0.25,34.0576171875,-48.2177734375,2.197265625,29.38788604736328,-89.14301300048828,-148.91940307617188
-0.40380859375,-0.7099609375,-0.14013671875,2.25830078125,-10.80322265625,-26.67236328125,28.32860374450684,-89.27841186523438,-148.6625213623047
-0.70361328125,-0.81298828125,-0.16455078125,-15.56396484375,-12.63427734375,-29.296875,27.70448303222656,-89.82415008544922,-147.9816436767578
-0.296142578125,-0.958251953125,-0.28662109375,-13.5498046875,-33.203125,-19.775390625,26.51930809020996,-90.37770080566406,-146.8070526123047
-0.115234375,-0.80419921875,-0.240234375,-6.103515625,-32.71484375,-0.48828125,25.82321357727051,-90.6648406982422,-145.65650939941406
-0.418212890625,-0.904296875,-0.258544921875,-15.31982421875,-13.0615234375,8.85009765625,26.35666847229004,-91.67512512207031,-145.34742736816406
-0.60498046875,-1.036376953125,-0.30615234375,-12.3291015625,-34.1796875,35.2783203125,27.94831848144531,-92.04251098632812,-144.11532592773438
-0.452392578125,-0.98681640625,-0.16796875,6.40869140625,-96.435546875,58.837890625,30.23512077331543,-89.95301055908203,-139.90045166015622
-0.094482421875,-0.935791015625,-0.19580078125,19.83642578125,-131.28662109375,75.1953125,31.99352836608887,-86.32296752929688,-134.06588745117188
0.32275390625,-0.786865234375,-0.302001953125,40.283203125,-47.8515625,20.56884765625,30.9580135345459,-84.55046081542969,-132.33773803710938
-0.063720703125,-1.072021484375,-0.70458984375,41.9921875,96.61865234375,-70.25146484375,27.61062049865723,-86.774658203125,-137.81025695800778
-0.501708984375,-0.902099609375,-0.42822265625,46.5087890625,166.259765625,-123.9013671875,22.81233024597168,-89.16954803466797,-145.95587158203125
-0.35205078125,-0.88916015625,-0.322021484375,46.20361328125,161.19384765625,-113.22021484375,18.246135711669922,-90.54019165039062,-153.13380432128906
-0.09765625,-0.9111328125,-0.299560546875,37.2314453125,165.0390625,-87.158203125,14.16440200805664,-91.65606689453124,-160.1314697265625
-0.049072265625,-0.928955078125,-0.252685546875,28.9306640625,188.232421875,-71.4111328125,10.605868339538574,-92.84097290039062,-168.20504760742188
-0.109375,-0.95751953125,-0.180419921875,20.751953125,223.6328125,-80.26123046875,6.71519136428833,-93.64878845214844,-177.07534790039062
-0.3720703125,-0.915771484375,-0.158203125,21.97265625,242.0654296875,-98.44970703125,2.7387545108795166,-93.7665786743164,-186.4974822998047
-0.444091796875,-0.947998046875,-0.06005859375,18.06640625,218.6279296875,-115.29541015625,-1.643644094467163,-93.14923858642578,165.5516815185547
-0.34912109375,-0.935302734375,-0.021484375,18.12744140625,182.4951171875,-127.5634765625,-6.206815719604492,-91.85334777832031,158.50738525390625
-0.23095703125,-0.864013671875,0.01513671875,19.59228515625,169.37255859375,-133.11767578125,-10.815757751464844,-89.94091033935547,151.77626037597656
-0.154296875,-0.8076171875,0.087158203125,13.7939453125,164.4287109375,-134.82666015625,-15.218476295471193,-87.74117279052734,144.96585083007812
-0.21240234375,-0.826904296875,0.092529296875,-11.474609375,154.6630859375,-125.42724609375,-18.77557945251465,-86.04505157470703,138.22042846679688
-0.208984375,-0.891357421875,0.095703125,-32.3486328125,147.03369140625,-106.5673828125,-21.367137908935547,-84.96512603759766,131.6241455078125
-0.301025390625,-1.032470703125,0.130126953125,-49.9267578125,144.8974609375,-83.49609375,-22.50489997863769,-84.74490356445312,125.27426147460938
-0.331298828125,-1.1298828125,0.07421875,-73.3642578125,121.826171875,-51.69677734375,-22.74109268188477,-85.61935424804688,119.8448486328125
-0.33203125,-1.189208984375,0.0537109375,-84.89990234375,104.6142578125,-29.052734375,-22.243728637695312,-87.30137634277344,115.2569351196289
-0.3916015625,-1.21923828125,-0.00390625,-86.9140625,85.26611328125,-11.53564453125,-20.991212844848636,-89.61588287353516,111.93885803222656
-0.30908203125,-1.193359375,-0.038330078125,-76.5380859375,55.23681640625,-1.64794921875,-19.77311134338379,-91.92144775390624,109.58690643310548
-0.204833984375,-1.09765625,-0.073974609375,-55.60302734375,38.0859375,-2.3193359375,-18.794288635253906,-93.67286682128906,107.98723602294922
-0.37255859375,-0.54296875,-0.270263671875,-52.6123046875,26.7333984375,14.2822265625,-14.087190628051758,-96.06209564208984,107.6211929321289
1.07080078125,-1.138671875,-0.383544921875,4.21142578125,-17.88330078125,56.57958984375,-12.828198432922365,-96.37366485595705,108.1812973022461
-0.03173828125,-0.880615234375,-0.080078125,41.50390625,-12.939453125,41.9921875,-3.8168916702270512,-88.10083770751953,110.4036865234375
-0.0693359375,-1.01123046875,-0.039794921875,31.55517578125,-8.9111328125,37.841796875,-2.0424916744232178,-87.09280395507812,110.72872161865234
-0.0107421875,-1.0185546875,-0.1044921875,32.28759765625,-7.9345703125,34.7900390625,-0.5712905526161194,-86.14315795898438,111.1361846923828
0.01171875,-1.09375,-0.14599609375,40.0390625,-2.50244140625,37.109375,0.8945995569229126,-84.9798355102539,111.35022735595705
-0.1015625,-1.087890625,0.105224609375,49.072265625,8.7890625,35.21728515625,2.3779962062835693,-83.02193450927734,110.98967742919922
-0.406005859375,-0.773193359375,0.2802734375,35.2783203125,22.0947265625,6.2255859375,3.6649677753448486,-81.18252563476562,110.1839599609375
-0.22412109375,-0.81201171875,0.377685546875,0.48828125,-9.8876953125,-8.72802734375,3.6749205589294434,-80.51081848144531,110.56527709960938
-0.198486328125,-0.81689453125,0.25439453125,-32.8369140625,-23.01025390625,-15.869140625,3.1524477005004883,-81.77371215820312,111.54663848876952
-0.350830078125,-1.215087890625,-0.534423828125,-62.98828125,-16.05224609375,-33.935546875,2.213520765304565,-85.42446899414062,111.96102905273438
0.49560546875,-0.905517578125,-0.06005859375,9.09423828125,-62.8662109375,13.97705078125,1.4079650640487669,-85.25852966308594,114.49592590332031
-0.363525390625,-1.104736328125,0.19189453125,12.6953125,2.9296875,15.5029296875,2.393120288848877,-85.16504669189453,114.65106964111328
-0.16943359375,-0.99951171875,0.057373046875,-19.71435546875,-6.28662109375,-15.7470703125,2.0336925983428955,-85.99124145507812,114.85254669189452
1.15380859375,-1.500244140625,-0.17822265625,-15.2587890625,-18.06640625,8.30078125,0.8791103959083557,-86.90974426269531,115.588623046875
-0.084716796875,-0.691162109375,0.05712890625,0.30517578125,32.958984375,9.58251953125,1.127030611038208,-86.32291412353516,114.15194702148438
0.58447265625,-0.7490234375,0.06201171875,1.708984375,18.4326171875,-7.080078125,-0.5403853058815002,-86.2131576538086,113.3933334350586
-0.483154296875,-1.18505859375,0.120849609375,-16.78466796875,3.173828125,13.427734375,0.8751662373542786,-86.79537963867188,113.29519653320312
0.702392578125,-1.1669921875,0.00341796875,-18.61572265625,-27.16064453125,-7.2021484375,-0.9288326501846312,-87.50128173828125,114.30278778076172
0.02978515625,-0.909423828125,0.037109375,-11.3525390625,-14.34326171875,5.55419921875,-0.7657234668731691,-87.95502471923828,114.88411712646484
