0.0615234375,0.997802734375,0.00634765625,-8.7890625,-4.69970703125,2.3193359375,-5.098221778869629,81.39922332763672,-36.565616607666016
0.05712890625,0.9873046875,0.0009765625,-8.9111328125,-5.0048828125,1.77001953125,-5.1277689933776855,81.38387298583984,-36.78321838378906
0.057861328125,0.9951171875,-0.001953125,-8.4228515625,-4.39453125,2.5634765625,-5.184619903564453,81.39286804199219,-36.97271347045898
0.054443359375,1.006591796875,0.000732421875,-7.568359375,-4.2724609375,1.708984375,-5.174002170562744,81.49552917480469,-37.7666244506836
0.05517578125,0.99072265625,0.017333984375,-8.30078125,-4.21142578125,1.8310546875,-5.192676067352295,81.46084594726562,-37.949256896972656
0.065185546875,0.981689453125,0.0078125,-8.7890625,-4.638671875,1.77001953125,-5.235281467437744,81.43107604980469,-38.15125274658203
0.056396484375,0.976318359375,0.022705078125,-7.75146484375,-4.5166015625,1.40380859375,-5.241170406341553,81.40931701660156,-38.34775161743164
0.061767578125,0.979736328125,0.021484375,-8.36181640625,-4.08935546875,1.8310546875,-5.2732696533203125,81.3652114868164,-38.52507019042969
0.053955078125,0.986083984375,0.00048828125,-9.21630859375,-4.21142578125,2.01416015625,-5.29395055770874,81.3377685546875,-38.71096420288086
0.057861328125,0.994873046875,0.013671875,-8.1787109375,-4.638671875,1.953125,-5.3381381034851065,81.3304672241211,-40.03668975830078
0.044189453125,0.988037109375,0.013427734375,-7.99560546875,-4.69970703125,1.8310546875,-5.328979969024658,81.32581329345703,-40.24085998535156
0.04833984375,0.9951171875,0.004638671875,-8.9111328125,-4.638671875,1.708984375,-5.324045181274414,81.30470275878906,-40.44513702392578
0.053955078125,0.989013671875,0.0185546875,-8.85009765625,-4.45556640625,2.0751953125,-5.320016384124756,81.25099182128906,-41.23833847045898
0.052490234375,0.99462890625,0.0,-7.62939453125,-4.08935546875,2.3193359375,-5.34604549407959,81.29217529296875,-41.4182014465332
0.052490234375,0.990478515625,-0.010498046875,-7.6904296875,-4.638671875,2.01416015625,-5.362921714782715,81.35553741455078,-41.62403869628906
0.051025390625,0.988525390625,0.007568359375,-8.1787109375,-4.5166015625,1.220703125,-5.323314189910889,81.2709732055664,-43.04320526123047
0.048828125,0.993408203125,0.00341796875,-8.23974609375,-4.45556640625,1.5869140625,-5.314187526702881,81.28099060058594,-43.24126052856445
0.07080078125,0.99755859375,-0.00830078125,-8.056640625,-4.45556640625,1.64794921875,-5.357455253601074,81.32405853271484,-43.441165924072266
0.04638671875,0.984375,0.018798828125,-9.27734375,-4.8828125,1.953125,-5.3924221992492685,81.27442169189453,-43.6523666381836
0.049560546875,0.97314453125,-0.00537109375,-8.85009765625,-4.39453125,1.52587890625,-5.382115364074707,81.28016662597656,-43.85067367553711
0.068115234375,0.990234375,0.0107421875,-8.4228515625,-4.39453125,1.64794921875,-5.416906833648682,81.26536560058594,-44.04452133178711
0.051025390625,0.998046875,0.009765625,-8.056640625,-4.57763671875,1.15966796875,-5.3996357917785645,81.31343078613281,-44.81658554077149
0.059326171875,0.990478515625,0.000244140625,-8.30078125,-4.94384765625,1.8310546875,-5.4242591857910165,81.328369140625,-45.03356552124024
0.041748046875,0.99169921875,-0.0029296875,-7.9345703125,-4.57763671875,1.708984375,-5.40068244934082,81.3636245727539,-45.23766708374024
0.054931640625,0.9951171875,-0.002197265625,-8.30078125,-4.39453125,1.46484375,-5.346106052398682,81.40725708007812,-46.061302185058594
0.0673828125,0.98486328125,-0.0029296875,-8.72802734375,-4.69970703125,1.89208984375,-5.392867088317871,81.40740203857422,-46.268310546875
0.061279296875,0.985595703125,-0.0048828125,-8.056640625,-4.57763671875,2.01416015625,-5.4277825355529785,81.43863677978516,-46.47053146362305
0.061767578125,0.99560546875,0.009765625,-7.568359375,-4.39453125,1.5869140625,-5.4425697326660165,81.45439910888672,-46.66495132446289
0.458740234375,0.966064453125,0.173828125,-3.7841796875,-2.62451171875,-12.5732421875,-5.724945068359375,81.24610900878906,-46.83258056640625
0.16943359375,0.98486328125,0.323974609375,11.23046875,0.9765625,-54.62646484375,-3.7091948986053462,81.33313751220703,-47.07947158813477
0.16455078125,0.946533203125,-0.008056640625,1.708984375,48.2177734375,-51.81884765625,-1.6415504217147827,81.66036987304688,-45.49081802368164
-0.334716796875,0.831298828125,-0.0302734375,-1.28173828125,85.8154296875,-46.20361328125,1.565704584121704,81.97576904296875,-42.361595153808594
-0.40673828125,1.07373046875,-0.3212890625,22.0947265625,-36.19384765625,-44.3115234375,3.8642973899841313,83.66317749023438,-43.983001708984375
0.326904296875,1.1083984375,-0.060791015625,13.85498046875,-87.158203125,-45.7763671875,4.540141582489014,84.29412841796875,-47.624000549316406
0.284423828125,1.331298828125,-0.149658203125,-24.658203125,21.3623046875,-40.283203125,5.579728603363037,83.82501220703125,-46.89143371582031
0.041259765625,1.60205078125,-0.23828125,-58.837890625,36.92626953125,-9.33837890625,5.852374076843263,82.17913055419922,-45.40229034423828
0.088134765625,1.74609375,-0.249267578125,-75.8056640625,35.33935546875,25.5126953125,4.72681188583374,79.9076156616211,-43.77288818359375
0.12939453125,1.77587890625,-0.243896484375,-78.55224609375,37.7197265625,57.67822265625,2.4190142154693604,77.57569885253906,-41.78158187866211
0.185546875,1.635986328125,-0.238525390625,-65.3076171875,42.90771484375,71.2890625,-0.3014650046825409,75.79531860351562,-39.42361450195313
0.147216796875,1.579345703125,-0.259765625,-49.13330078125,50.23193359375,80.87158203125,-3.1129546165466313,74.63424682617188,-36.66621017456055
0.103515625,1.57373046875,-0.25244140625,-35.33935546875,61.279296875,87.158203125,-5.8395304679870605,73.89269256591797,-33.41231155395508
0.112548828125,1.482177734375,-0.226318359375,-23.37646484375,54.19921875,89.29443359375,-8.618271827697754,73.51240539550781,-30.41219520568848
0.122314453125,1.439697265625,-0.20068359375,-13.3056640625,56.45751953125,94.1162109375,-11.460020065307615,73.34535217285156,-27.27709770202637
0.143310546875,1.227783203125,-0.1826171875,3.23486328125,51.57470703125,97.7783203125,-14.470864295959473,73.73291778564453,-24.31564712524414
0.0830078125,1.1015625,-0.150634765625,16.4794921875,42.05322265625,101.37939453125,-17.549711227416992,74.55638122558594,-21.72965240478516
0.0654296875,0.99853515625,-0.177490234375,29.60205078125,29.60205078125,107.2998046875,-20.906517028808594,75.97821807861328,-19.68081283569336
0.31787109375,0.891357421875,-0.169677734375,36.31591796875,45.59326171875,90.27099609375,-23.993148803710934,77.30899047851562,-17.215051651000973
0.460205078125,0.90185546875,-0.18212890625,50.47607421875,93.07861328125,68.54248046875,-26.05829620361328,78.25458526611328,-12.937010765075685
0.308837890625,0.906982421875,-0.183349609375,56.70166015625,131.103515625,46.875,-26.670011520385746,78.73825073242188,-7.211091041564941
0.269287109375,0.808349609375,-0.17578125,52.24609375,154.96826171875,26.611328125,-26.256031036376953,78.63778686523438,-0.6188726425170898
0.166015625,0.732666015625,-0.19189453125,49.86572265625,176.3916015625,13.00048828125,-24.93734169006348,78.32894897460938,6.684433937072754
0.1943359375,0.363037109375,-0.410400390625,111.328125,223.876953125,-37.29248046875,-22.13475608825684,81.08219146728516,15.132219314575195
0.130126953125,0.460693359375,-0.300537109375,138.0615234375,263.671875,-71.35009765625,-17.882387161254886,84.48847961425781,25.26763916015625
0.364501953125,0.5146484375,-0.384033203125,99.79248046875,295.22705078125,-80.322265625,-14.41467571258545,86.51516723632812,36.79164505004883
0.191650390625,0.684326171875,-0.28955078125,60.36376953125,306.2744140625,-74.5849609375,-10.870121002197266,87.20861053466797,48.87263870239258
0.177001953125,0.565185546875,-0.266845703125,12.939453125,314.63623046875,-72.265625,-7.610672473907472,86.733642578125,61.21662139892578
-0.052734375,0.555419921875,-0.2744140625,-2.13623046875,323.18115234375,-57.4951171875,-4.141096591949463,86.44737243652344,73.85343933105469
-0.03515625,0.48681640625,-0.322265625,0.79345703125,321.71630859375,-49.560546875,-1.3940311670303345,86.66938018798828,86.48902130126953
-0.144287109375,0.52294921875,-0.2587890625,18.12744140625,327.69775390625,-55.72509765625,1.926592707633972,88.5417709350586,99.4197769165039
-0.18310546875,0.54150390625,-0.202880859375,25.87890625,318.78662109375,-51.025390625,4.58050012588501,91.1065673828125,112.1731185913086
-0.4267578125,0.70947265625,-0.194580078125,30.45654296875,289.306640625,-43.64013671875,6.7579731941223145,93.95638275146484,123.88858032226562
-0.35302734375,0.702392578125,-0.190185546875,32.470703125,257.32421875,-31.55517578125,7.7486090660095215,96.96428680419922,134.37327575683594
-0.289794921875,0.6953125,-0.2275390625,44.7998046875,255.2490234375,-34.912109375,8.085691452026367,100.59786987304688,144.81588745117188
-0.397216796875,0.68994140625,-0.23291015625,59.08203125,249.81689453125,-37.53662109375,8.133353233337402,104.67792510986328,155.03060913085938
-0.3974609375,0.70654296875,-0.212646484375,84.89990234375,233.0322265625,-30.6396484375,7.3338685035705575,109.40249633789062,164.3966827392578
-0.393310546875,0.82373046875,-0.25732421875,92.83447265625,214.17236328125,-26.4892578125,5.805375099182129,113.99694061279295,-187.2086334228516
0.3388671875,1.79345703125,-0.102783203125,105.712890625,271.484375,-1.77001953125,1.8206136226654053,118.3140640258789,-177.48855590820312
-0.542236328125,0.92236328125,-0.13525390625,57.18994140625,184.50927734375,55.6640625,-2.620441436767578,119.86883544921876,-172.15567016601562
-0.645263671875,0.778564453125,-0.1884765625,90.27099609375,131.8359375,49.1943359375,-5.529428005218506,122.72167205810548,-168.62255859375
0.11962890625,2.25830078125,0.063232421875,63.78173828125,90.33203125,37.841796875,-8.708840370178223,123.69126892089844,-166.29515075683594
-0.931396484375,0.60107421875,0.19287109375,-28.564453125,57.12890625,49.1943359375,-9.600855827331543,121.3909149169922,-165.31588745117188
-0.739013671875,0.945068359375,0.040283203125,-10.1318359375,2.44140625,38.87939453125,-9.347819328308104,120.08170318603516,-165.89321899414062
-0.462890625,0.78076171875,-0.033447265625,0.0,-23.25439453125,4.39453125,-7.608753681182861,119.28368377685548,-166.65980529785156
-0.01708984375,0.738037109375,-0.243896484375,-7.99560546875,-2.3193359375,-46.93603515625,-5.5818753242492685,118.41541290283205,-165.76849365234375
-0.06103515625,0.695556640625,-0.2822265625,-2.8076171875,-5.2490234375,-56.5185546875,-3.096773386001587,117.9701156616211,-164.8538055419922
0.215087890625,0.776611328125,-0.220947265625,7.080078125,-13.18359375,-39.73388671875,-1.984455943107605,117.78326416015624,-164.54440307617188
0.417236328125,0.890869140625,-0.24951171875,15.44189453125,-7.26318359375,-12.87841796875,-2.2606337070465092,117.9511947631836,-164.54173278808594
0.35693359375,0.93994140625,-0.2353515625,13.427734375,7.62939453125,2.86865234375,-3.2099213600158687,117.94953918457031,-164.30345153808594
0.33154296875,1.031494140625,-0.23828125,17.27294921875,16.05224609375,20.1416015625,-4.782217979431152,118.0503387451172,-164.08380126953125
0.302001953125,1.051513671875,-0.236328125,17.88330078125,27.4658203125,32.89794921875,-6.891865253448486,118.12967681884766,-163.6863555908203
0.1083984375,1.127685546875,-0.184326171875,15.80810546875,27.34375,31.1279296875,-8.456196784973145,117.95538330078124,-163.21731567382812
0.02392578125,1.19580078125,-0.131591796875,10.6201171875,15.19775390625,28.50341796875,-9.407598495483398,117.50884246826172,-163.08782958984375
-0.008056640625,1.11474609375,-0.156982421875,3.0517578125,-3.0517578125,27.40478515625,-9.95326328277588,116.9476318359375,-163.5836181640625
-0.179443359375,1.08642578125,-0.074951171875,4.7607421875,-22.03369140625,31.67724609375,-9.958639144897461,116.46923065185548,-164.81155395507812
-0.49365234375,1.051513671875,0.173095703125,3.662109375,-79.16259765625,35.0341796875,-8.312400817871094,115.86235809326172,-168.099609375
-2.964599609375,1.12255859375,1.312255859375,-33.26416015625,-411.43798828125,76.96533203125,-2.0256736278533936,114.92839813232422,-184.07220458984372
0.48046875,1.293701171875,0.54443359375,-114.501953125,-365.78369140625,11.90185546875,2.2987849712371826,108.70100402832031,162.3684844970703
-0.642578125,0.972900390625,-0.055908203125,-182.12890625,-268.5546875,-43.212890625,7.40362024307251,100.06304931640624,152.34669494628906
0.00439453125,1.244384765625,-0.64208984375,-176.3916015625,-282.470703125,-53.3447265625,10.443140029907227,91.9516143798828,141.36904907226562
0.239013671875,1.1572265625,-0.81396484375,-170.654296875,-231.93359375,-60.48583984375,11.895323753356935,84.52555847167969,132.15284729003906
0.355712890625,1.068603515625,-0.767822265625,-139.0380859375,-182.18994140625,-54.5654296875,12.111621856689453,78.83699035644531,124.82867431640624
0.346435546875,0.939697265625,-0.513671875,-101.50146484375,-106.87255859375,-31.25,11.359113693237305,75.26573181152344,120.62405395507812
0.09912109375,1.082275390625,-0.367919921875,-65.185546875,-63.04931640625,-13.7939453125,10.656302452087402,73.42512512207031,118.25965118408205
-0.05908203125,0.82275390625,-0.113525390625,8.6669921875,-69.51904296875,45.7763671875,7.745896339416504,74.10137939453125,116.19146728515624
-0.410400390625,1.09423828125,-0.1484375,50.35400390625,-41.9921875,21.66748046875,7.011024951934815,76.78155517578125,114.89370727539062
-0.112060546875,1.041748046875,-0.11669921875,78.18603515625,-57.18994140625,26.18408203125,5.5207858085632315,80.4324951171875,112.93376922607422
0.163818359375,0.903076171875,-0.052001953125,-48.33984375,-32.8369140625,25.390625,-0.4489059746265411,81.9732437133789,107.97721099853516
0.13232421875,0.799072265625,-0.1328125,-46.142578125,-24.96337890625,9.3994140625,-1.3146260976791382,80.8031997680664,107.0440444946289
0.107421875,0.683837890625,-0.221923828125,-31.31103515625,-26.123046875,-22.3388671875,-0.8900374174118042,80.59085083007812,105.84870910644531
0.287109375,0.849365234375,-0.018310546875,-25.5126953125,-6.34765625,-45.8984375,0.03360848128795624,80.11510467529297,105.29454040527344
0.179931640625,0.96728515625,-0.0478515625,-44.37255859375,9.033203125,-71.1669921875,2.4725821018218994,78.81619262695312,105.1452865600586
0.292236328125,0.955078125,-0.127685546875,-53.64990234375,10.80322265625,-71.6552734375,4.60910177230835,77.35208892822266,105.02764892578124
0.31298828125,0.9736328125,-0.083984375,-54.8095703125,23.74267578125,-70.61767578125,6.662150859832764,75.88531494140625,105.37980651855469
0.19384765625,0.910888671875,-0.073486328125,-47.8515625,47.79052734375,-63.5986328125,8.878398895263672,74.84806060791016,106.6989974975586
0.10498046875,0.907958984375,-0.103759765625,-33.3251953125,60.11962890625,-61.5234375,11.286803245544435,74.65066528320312,108.54034423828124
0.02783203125,0.972412109375,-0.039306640625,-22.0947265625,59.02099609375,-56.5185546875,13.48991870880127,74.8174057006836,110.40673828125
0.101318359375,0.953857421875,0.01708984375,-16.41845703125,64.51416015625,-49.31640625,15.299333572387695,75.22881317138672,112.59335327148438
0.045654296875,0.927978515625,-0.01953125,-22.52197265625,77.2705078125,-45.71533203125,17.13949966430664,75.70553588867188,115.4088363647461
-0.260498046875,0.3935546875,0.16650390625,-25.57373046875,92.95654296875,-32.53173828125,18.17961883544922,76.72272491455078,119.16658782958984
-0.26171875,0.9560546875,0.02001953125,14.892578125,87.5244140625,25.146484375,17.816818237304688,78.96937561035156,123.13160705566406
-0.263916015625,0.707275390625,0.023681640625,24.71923828125,73.79150390625,7.38525390625,18.128795623779297,81.26079559326172,126.3493194580078
-0.25732421875,0.787109375,0.137939453125,27.16064453125,78.30810546875,-5.67626953125,19.17900276184082,83.561279296875,129.65821838378906
-0.30322265625,0.7607421875,0.040283203125,52.06298828125,52.79541015625,-18.61572265625,20.190126419067386,86.4932632446289,131.86897277832028
-0.26513671875,0.935302734375,0.11962890625,50.9033203125,46.9970703125,-28.01513671875,21.194143295288086,89.05184936523438,133.77243041992188
0.021484375,1.85595703125,0.30322265625,20.44677734375,75.98876953125,87.58544921875,17.76481056213379,90.52079010009766,136.83988952636722
-0.609375,1.14990234375,0.152099609375,-7.9345703125,19.71435546875,122.0703125,13.29159927368164,90.10638427734376,137.51498413085938
-0.55712890625,0.889892578125,0.036376953125,-11.29150390625,4.33349609375,71.4111328125,11.174983978271484,89.59410095214844,137.66117858886722
-0.3359375,1.010986328125,-0.0859375,-6.7138671875,-1.953125,33.38623046875,10.12432098388672,89.53648376464844,137.6297607421875
-0.321044921875,0.945068359375,-0.03564453125,-19.71435546875,-4.08935546875,7.2021484375,10.175323486328123,88.80384826660156,137.47846984863278
-0.21923828125,0.872802734375,-0.06201171875,-6.40869140625,-22.8271484375,4.57763671875,10.129817962646484,88.57491302490234,136.58755493164062
-0.219970703125,0.90478515625,-0.029541015625,4.08935546875,-25.32958984375,1.8310546875,9.81131362915039,88.6484603881836,135.57670593261722
0.16748046875,0.83642578125,-0.093017578125,24.2919921875,-23.92578125,15.7470703125,8.358058929443361,89.75558471679688,134.658447265625
-0.09814453125,0.804931640625,-0.13525390625,37.59765625,-20.93505859375,16.7236328125,7.646776676177978,91.51322174072266,133.85691833496094
0.053466796875,1.03857421875,-0.0810546875,36.0107421875,-19.34814453125,27.16064453125,6.267406940460205,92.9245834350586,133.0384521484375
0.09423828125,1.127197265625,-0.06591796875,20.08056640625,-31.1279296875,28.50341796875,4.77162504196167,93.60244750976562,131.71990966796878
0.013427734375,1.15771484375,0.036376953125,-3.60107421875,-24.84130859375,16.05224609375,3.9793121814727774,93.1484375,130.66755676269528
0.008544921875,1.03564453125,-0.050048828125,-20.751953125,-23.4375,-5.9814453125,3.8936040401458736,92.15550231933594,129.73851013183594
0.061279296875,0.986083984375,-0.07666015625,-38.63525390625,-28.076171875,-39.97802734375,5.222678184509277,90.59952545166016,128.66670227050778
0.051025390625,0.883544921875,-0.052001953125,-42.3583984375,-32.28759765625,-66.34521484375,7.527637481689452,88.85511016845703,127.37898254394531
0.029541015625,0.8310546875,-0.11669921875,-35.09521484375,-31.3720703125,-79.77294921875,10.140497207641602,87.54373168945312,126.06716918945312
-0.527099609375,1.076416015625,0.007080078125,-23.4375,-18.49365234375,-38.4521484375,12.258867263793945,86.5032730102539,125.24087524414062
-0.040771484375,1.16552734375,-0.090576171875,0.42724609375,-2.99072265625,27.099609375,10.771312713623047,86.81478881835938,125.24505615234376
0.022705078125,0.9736328125,-0.045654296875,-0.48828125,2.13623046875,35.15625,9.233325004577637,87.02818298339844,125.44207763671876
-0.144287109375,1.02099609375,-0.033203125,-14.5263671875,-3.23486328125,11.8408203125,8.707858085632324,86.60822296142578,125.36509704589844
-0.185546875,0.885498046875,-0.02197265625,-27.64892578125,-6.53076171875,-29.84619140625,10.002293586730957,85.62034606933594,125.0480499267578
-0.320556640625,0.813232421875,0.044189453125,-36.07177734375,-7.2021484375,-72.8759765625,12.622989654541016,84.27460479736328,124.54338073730469
-0.195068359375,0.850830078125,0.0107421875,-35.82763671875,-6.16455078125,-100.09765625,16.57203483581543,82.84500122070312,123.88088989257812
-0.090576171875,0.950927734375,0.104248046875,-28.3203125,-8.11767578125,-93.1396484375,19.764606475830078,81.46300506591797,123.03392028808594
-0.43017578125,1.442138671875,0.2099609375,-15.68603515625,2.50244140625,-32.53173828125,20.1031551361084,80.87923431396484,122.96609497070312
-0.35986328125,0.873291015625,0.014892578125,-9.09423828125,-18.1884765625,80.74951171875,16.907039642333984,80.74658966064453,122.84312438964844
-0.57666015625,0.904541015625,-0.113037109375,10.55908203125,-24.90234375,45.8984375,15.572267532348633,81.51678466796875,122.2691650390625
-0.249267578125,0.740966796875,-0.38720703125,-21.17919921875,-16.29638671875,-35.5224609375,17.97039031982422,80.66297912597656,121.42868041992188
-0.29345703125,1.245361328125,-0.10986328125,22.64404296875,-65.61279296875,-51.81884765625,19.434907913208008,81.14250946044922,118.5277862548828
-0.012939453125,1.266357421875,0.077392578125,13.916015625,-50.10986328125,-58.28857421875,20.69537925720215,81.05261993408203,116.11579132080078
-0.4169921875,1.59619140625,-0.103759765625,-8.85009765625,-48.9501953125,-47.9736328125,21.81406784057617,80.0878677368164,113.81028747558594
-0.22998046875,1.31689453125,-0.008544921875,-17.7001953125,-59.9365234375,6.04248046875,20.69230461120605,78.89398956298828,111.48601531982422
-0.2607421875,1.5078125,-0.0595703125,-21.1181640625,-61.46240234375,36.4990234375,18.371732711791992,77.83444213867188,109.43125915527344
-0.39306640625,1.613037109375,-0.091796875,-33.5693359375,-55.96923828125,47.36328125,15.90238094329834,76.5556411743164,107.77220916748048
-0.4541015625,1.422119140625,-0.06201171875,-58.837890625,-59.02099609375,38.26904296875,13.934979438781738,74.29825592041016,105.96269989013672
-0.385498046875,1.514404296875,-0.09765625,-66.34521484375,-76.35498046875,23.62060546875,12.199163436889648,71.76904296875,103.4187469482422
-0.2392578125,1.39111328125,-0.154052734375,-79.7119140625,-62.80517578125,10.55908203125,10.85865592956543,68.98900604248047,101.33042907714844
-0.12646484375,1.1552734375,-0.0400390625,-96.49658203125,-34.7900390625,7.01904296875,9.924734115600586,65.80502319335939,100.3042221069336
-0.1259765625,1.12548828125,-0.00927734375,-100.89111328125,-27.16064453125,18.61572265625,8.685667037963867,62.61324691772461,99.80487060546876
0.022216796875,1.160888671875,0.11865234375,-113.6474609375,-21.91162109375,22.216796875,7.102010726928711,58.74234390258789,99.59162139892578
-0.073974609375,0.9482421875,0.2373046875,-137.5732421875,-5.79833984375,26.0009765625,6.015638828277588,53.95909118652344,100.0609130859375
-0.081787109375,0.863037109375,0.273193359375,-153.6865234375,-10.43701171875,24.71923828125,4.967590808868408,48.56629180908203,100.42813110351562
-0.12548828125,0.748779296875,0.306884765625,-167.724609375,-16.6015625,10.986328125,4.452829360961914,42.55653762817383,100.30548858642578
-0.154541015625,0.642333984375,0.341796875,-181.0302734375,-32.8369140625,-19.10400390625,4.233631134033203,35.9627685546875,98.91828155517578
-0.1435546875,0.540283203125,0.355712890625,-186.279296875,-41.44287109375,-44.12841796875,4.1308674812316895,29.14122772216797,96.5724105834961
-0.109130859375,0.5078125,0.395751953125,-185.48583984375,-48.095703125,-65.49072265625,3.8813531398773193,22.26624870300293,93.40766143798828
-0.120361328125,0.534912109375,0.449951171875,-182.2509765625,-51.513671875,-77.392578125,3.204282283782959,15.817126274108887,89.86376953125
-0.145751953125,0.563720703125,0.512451171875,-180.96923828125,-53.40576171875,-69.82421875,2.066446304321289,9.633870124816896,86.71825408935547
-0.06591796875,0.607421875,0.5205078125,-176.8798828125,-56.5185546875,-50.10986328125,0.25487449765205383,3.948639869689941,84.5044937133789
-0.077392578125,0.606689453125,0.555419921875,-165.1611328125,-54.6875,-15.68603515625,-1.7017260789871216,-1.069900631904602,83.82073211669922
-0.07861328125,0.55810546875,0.568603515625,-148.4375,-49.8046875,6.34765625,-3.40089750289917,-5.3910417556762695,84.12850189208984
-0.092529296875,0.4892578125,0.542236328125,-125.30517578125,-45.10498046875,19.8974609375,-4.681920051574707,-8.80631160736084,85.03309631347656
-0.084716796875,0.51318359375,0.580810546875,-98.20556640625,-29.296875,19.59228515625,-5.336244106292725,-11.066043853759766,85.8609390258789
-0.1435546875,0.570068359375,0.642333984375,-86.181640625,-15.869140625,13.18359375,-5.349742412567139,-12.77425479888916,86.33611297607422
-0.137939453125,0.55078125,0.743408203125,-80.87158203125,-9.33837890625,6.77490234375,-5.1938133239746085,-14.365171432495115,86.52606964111328
-0.14501953125,0.524169921875,0.878662109375,-82.03125,-8.30078125,1.77001953125,-5.0356788635253915,-16.046947479248047,86.52947998046875
-0.1943359375,0.436279296875,0.968994140625,-80.13916015625,-17.7001953125,-0.48828125,-5.161320209503174,-17.805633544921875,86.58149719238281
-0.154296875,0.518310546875,0.992919921875,-78.0029296875,-27.16064453125,-2.50244140625,-5.793073654174805,-19.31852912902832,86.68226623535156
-0.15576171875,0.4970703125,1.049560546875,-98.08349609375,-28.62548828125,-2.01416015625,-6.430886268615723,-21.670392990112305,86.8394775390625
-0.223876953125,0.42041015625,1.065673828125,-110.3515625,-29.78515625,-0.67138671875,-6.922333717346191,-24.58185195922852,87.09819793701172
-0.197265625,0.519775390625,1.021728515625,-117.7978515625,-40.10009765625,-1.46484375,-7.846299171447754,-27.721628189086914,87.50048828125
-0.174072265625,0.498046875,1.04150390625,-133.4228515625,-50.35400390625,-3.0517578125,-9.139830589294434,-31.34917449951172,88.13291931152344
-0.15380859375,0.406982421875,1.01513671875,-140.9912109375,-56.0302734375,-2.0751953125,-10.531685829162598,-35.33757781982422,89.00470733642578
-0.12060546875,0.324462890625,0.987548828125,-141.2353515625,-59.26513671875,-5.37109375,-12.000618934631348,-39.41180419921875,89.94979858398438
-0.097900390625,0.26025390625,0.940673828125,-127.0751953125,-57.92236328125,-16.6015625,-13.691983222961426,-42.81179809570313,90.59197235107422
-0.058349609375,0.251953125,0.9130859375,-115.234375,-53.466796875,-20.20263671875,-15.371072769165039,-45.64642333984375,91.0538330078125
0.0126953125,0.221923828125,0.918701171875,-105.5908203125,-49.4384765625,-16.66259765625,-16.763103485107422,-48.06146621704102,91.54541015625
0.037841796875,0.101318359375,0.93310546875,-98.69384765625,-44.49462890625,-8.1787109375,-17.880210876464844,-50.41366195678711,92.16881561279295
0.061767578125,0.045166015625,0.90966796875,-91.97998046875,-41.1376953125,-7.4462890625,-18.870012283325195,-52.525390625,92.7339096069336
0.06591796875,0.048828125,0.8857421875,-82.3974609375,-32.958984375,-4.57763671875,-19.52169418334961,-54.12360763549805,93.0792999267578
0.06005859375,0.043701171875,0.895263671875,-71.044921875,-24.96337890625,1.220703125,-19.79029655456543,-55.23285675048828,93.29190826416016
0.08544921875,0.009521484375,0.90869140625,-64.88037109375,-19.287109375,5.2490234375,-19.82327461242676,-56.09419631958008,93.41253662109376
0.05078125,-0.00146484375,0.921630859375,-58.65478515625,-13.7939453125,8.056640625,-19.495594024658203,-56.52560043334961,93.32949829101562
0.038330078125,0.0078125,0.955810546875,-50.29296875,-8.9111328125,8.30078125,-19.087596893310547,-56.67556762695313,93.15774536132812
0.03076171875,-0.00439453125,0.974853515625,-47.42431640625,-9.27734375,9.1552734375,-18.64171028137207,-56.73672103881836,93.03752899169922
-0.0029296875,-0.021240234375,0.94384765625,-45.0439453125,-10.55908203125,9.46044921875,-18.158977508544922,-56.69832992553711,93.00145721435548
-0.00537109375,-0.0234375,0.992919921875,-43.88427734375,-12.6953125,6.53076171875,-17.803701400756836,-56.6622428894043,92.98085021972656
0.01513671875,-0.04345703125,0.999755859375,-44.12841796875,-14.404296875,5.37109375,-17.564966201782227,-56.67401123046875,93.01377868652344
0.03076171875,-0.066162109375,1.002197265625,-45.34912109375,-14.58740234375,4.150390625,-17.40970802307129,-56.73821640014648,93.06805419921876
0.0390625,-0.0771484375,0.95556640625,-42.6025390625,-15.31982421875,4.21142578125,-17.273540496826172,-56.74170303344727,93.13484954833984
0.096435546875,-0.105712890625,0.9482421875,-36.1328125,-13.427734375,4.8828125,-17.192373275756836,-56.52418518066406,93.17041015625
0.050048828125,-0.109375,0.972412109375,-31.6162109375,-10.009765625,6.40869140625,-16.839214324951172,-56.0640869140625,93.11338806152344
0.05224609375,-0.127685546875,0.96728515625,-27.77099609375,-8.1787109375,6.591796875,-16.482532501220707,-55.51501083374024,93.03255462646484
0.0341796875,-0.11328125,0.946533203125,-24.4140625,-8.72802734375,7.8125,-16.07370376586914,-54.83949279785156,93.00941467285156
0.037353515625,-0.143798828125,0.93896484375,-22.216796875,-8.85009765625,5.92041015625,-15.692900657653807,-54.10107421875,92.91838836669922
0.0693359375,-0.14013671875,0.93017578125,-16.54052734375,-5.18798828125,3.173828125,-15.439889907836914,-53.14004135131836,92.71280670166016
0.053955078125,-0.16650390625,0.89599609375,-10.43701171875,-2.8076171875,2.8076171875,-15.098390579223633,-51.99726486206055,92.45006561279295
0.091796875,-0.19287109375,0.833251953125,-2.99072265625,-2.3193359375,3.662109375,-14.856781959533693,-50.60464096069336,92.23351287841795
0.15185546875,-0.208251953125,0.7578125,12.51220703125,2.685546875,6.103515625,-14.544323921203613,-48.78555297851562,91.9662094116211
0.066650390625,-0.224609375,0.695068359375,24.84130859375,14.2822265625,5.79833984375,-13.69564151763916,-46.52118682861328,91.39148712158205
0.004150390625,-0.1845703125,0.7177734375,39.55078125,19.775390625,2.01416015625,-12.66877555847168,-43.33048629760742,90.5323715209961
0.021484375,-0.162353515625,0.73681640625,54.99267578125,18.73779296875,-1.64794921875,-11.782066345214846,-39.81968688964844,89.71878051757812
0.065185546875,-0.174072265625,0.654541015625,70.1904296875,13.73291015625,0.732421875,-11.11926555633545,-35.97795867919922,89.2030258178711
0.166748046875,-0.138427734375,0.595703125,93.1396484375,15.9912109375,4.45556640625,-10.504231452941896,-31.00820541381836,88.73804473876953
0.13037109375,-0.032958984375,0.6162109375,126.28173828125,39.55078125,4.57763671875,-9.119537353515623,-24.814884185791016,87.94845581054688
0.032470703125,0.080322265625,0.70166015625,148.0712890625,50.47607421875,7.080078125,-6.930150508880615,-17.660369873046875,87.29753112792969
0.029541015625,0.1494140625,0.79833984375,162.17041015625,52.42919921875,10.498046875,-4.636615753173828,-9.91329860687256,87.1611557006836
-0.02197265625,0.28271484375,0.8876953125,165.6494140625,49.37744140625,15.13671875,-2.3981430530548096,-2.291200876235962,87.48125457763672
-0.13720703125,0.368408203125,0.892333984375,164.24560546875,47.7294921875,16.4794921875,-0.111671581864357,5.168751239776611,88.17379760742188
-0.125732421875,0.4296875,0.84423828125,167.724609375,41.50390625,19.22607421875,1.5703765153884888,12.8257474899292,89.25756072998047
-0.0146484375,0.538330078125,0.83984375,170.2880859375,45.2880859375,23.193359375,3.0043785572052,20.42662811279297,90.68353271484376
-0.109130859375,0.569580078125,0.818359375,168.212890625,52.55126953125,27.28271484375,4.595215320587158,27.80511283874512,92.57816314697266
-0.070556640625,0.628173828125,0.803955078125,173.64501953125,56.45751953125,28.9306640625,5.8885130882263175,35.29195022583008,94.83358001708984
-0.14501953125,0.709716796875,0.816162109375,170.0439453125,54.931640625,31.31103515625,6.868621349334718,42.54707336425781,97.22689819335938
-0.156005859375,0.813232421875,0.794921875,165.0390625,54.99267578125,28.6865234375,7.595154762268066,49.5394401550293,99.63894653320312
-0.23583984375,0.845703125,0.73828125,154.35791015625,56.884765625,28.99169921875,8.244235038757324,55.97394561767578,102.2280044555664
-0.257568359375,0.946044921875,0.71875,143.12744140625,59.2041015625,30.029296875,8.584959983825684,61.9395637512207,104.8902816772461
-0.3046875,0.8916015625,0.6669921875,135.498046875,59.9365234375,33.63037109375,8.656774520874022,67.41555786132811,107.6200714111328
-0.244384765625,0.977783203125,0.683349609375,132.38525390625,54.13818359375,27.28271484375,8.347922325134277,72.28041076660156,109.92021942138672
-0.2353515625,0.876953125,0.647705078125,116.455078125,50.537109375,27.40478515625,8.002240180969237,76.51956176757812,112.08023834228516
-0.25341796875,0.916259765625,0.59521484375,108.88671875,53.22265625,20.1416015625,7.852900505065918,80.42154693603516,114.2464599609375
-0.28564453125,0.90771484375,0.600341796875,96.13037109375,57.18994140625,11.53564453125,8.056869506835938,83.79229736328125,116.4626007080078
-0.2783203125,0.896240234375,0.5029296875,85.63232421875,56.82373046875,7.38525390625,8.252265930175781,86.65921020507812,118.6565399169922
-0.217529296875,0.883544921875,0.46044921875,84.41162109375,58.2275390625,5.06591796875,8.31317138671875,89.43951416015625,120.88380432128906
-0.309326171875,0.7470703125,0.53076171875,75.62255859375,59.08203125,2.50244140625,8.598221778869629,91.5609893798828,123.19969177246094
-0.019775390625,0.886962890625,0.283203125,85.9375,65.85693359375,3.7841796875,8.026689529418945,94.60552978515624,125.72503662109376
-0.0263671875,0.75244140625,0.343017578125,93.3837890625,77.0263671875,15.625,6.869454383850098,97.6016616821289,128.57981872558594
-0.10791015625,0.710693359375,0.369873046875,116.27197265625,75.1953125,34.85107421875,4.979198455810547,101.61328125,131.05291748046878
-0.060302734375,0.84716796875,0.3818359375,184.26513671875,60.4248046875,52.55126953125,2.3337631225585938,107.74803924560548,132.73226928710938
-0.046875,0.795166015625,0.194091796875,208.0078125,76.904296875,57.18994140625,-0.8502045273780823,114.8961410522461,134.70539855957028
-0.17333984375,0.983154296875,0.186767578125,200.3173828125,88.56201171875,47.30224609375,-3.4521403312683105,121.1521224975586,137.06037902832028
-0.267578125,1.155029296875,0.32275390625,155.33447265625,75.439453125,14.6484375,-5.015965461730957,125.56753540039062,139.3758544921875
-0.26904296875,1.101318359375,0.21826171875,117.49267578125,49.25537109375,0.732421875,-5.567861080169678,128.49072265625,141.09207153320312
-0.14794921875,1.09375,0.218994140625,96.00830078125,26.85546875,-2.99072265625,-5.707558155059815,131.14485168457028,142.06077575683594
-0.156005859375,1.2705078125,-0.09228515625,84.65576171875,17.822265625,6.4697265625,-5.923717975616455,133.11720275878906,142.5601348876953
-0.160888671875,1.36572265625,-0.13916015625,61.1572265625,20.01953125,19.287109375,-6.582533836364746,134.16635131835938,142.75180053710938
-0.215087890625,1.45556640625,-0.163330078125,29.541015625,28.4423828125,34.1796875,-7.938662052154541,133.634521484375,142.475341796875
-0.231689453125,1.26611328125,-0.147216796875,11.1083984375,19.95849609375,59.9365234375,-9.569493293762207,132.86378479003906,141.58045959472656
-0.266357421875,1.193359375,-0.20263671875,9.6435546875,12.75634765625,66.7724609375,-11.077106475830078,132.2581787109375,140.32257080078122
-0.25146484375,1.168212890625,-0.20458984375,12.5732421875,8.97216796875,65.85693359375,-12.4165678024292,131.8822021484375,139.05523681640622
-0.56689453125,0.951171875,-0.202392578125,19.71435546875,-1.3427734375,80.01708984375,-13.256288528442385,132.15225219726562,137.02973937988278
0.149169921875,1.313232421875,-0.37158203125,15.380859375,0.48828125,62.56103515625,-14.88925552368164,132.13504028320312,135.54927062988278
-0.447021484375,-0.26806640625,-0.06494140625,-20.99609375,-12.87841796875,13.18359375,-12.848919868469238,132.15618896484378,135.42483520507812
-0.106201171875,0.846435546875,-0.046630859375,28.99169921875,-25.0244140625,-51.94091796875,-9.976797103881836,131.71986389160156,136.40940856933594
-0.130859375,0.97021484375,0.00390625,30.70068359375,-51.33056640625,-31.55517578125,-7.08560037612915,131.51364135742188,135.97543334960938
0.247314453125,0.6337890625,-0.14697265625,12.8173828125,-61.46240234375,-23.92578125,-4.102781295776366,131.9248046875,134.5721435546875
-0.1123046875,0.928955078125,-0.09130859375,18.310546875,-66.71142578125,-29.296875,-1.0579311847686768,131.35543823242188,133.45661926269528
-0.404541015625,0.954345703125,-0.024169921875,16.7236328125,-65.91796875,-76.5380859375,3.88499927520752,130.6640625,133.50344848632812
0.063720703125,0.857177734375,-0.041259765625,8.30078125,-74.0966796875,-86.3037109375,8.688460350036621,129.60325622558594,132.56971740722656
0.060302734375,1.08349609375,-0.0390625,-15.19775390625,-121.39892578125,-52.67333984375,12.93901824951172,127.08624267578124,129.83258056640622
-0.291259765625,1.072509765625,-0.05029296875,-15.2587890625,-128.96728515625,-52.79541015625,17.821575164794922,124.3493194580078,126.487548828125
-0.083984375,1.367431640625,-0.16162109375,-6.77490234375,-116.69921875,-45.95947265625,21.175540924072266,121.6193618774414,123.47023010253906
-0.357666015625,1.130859375,-0.147216796875,-20.93505859375,-87.34130859375,-40.83251953125,24.25114250183105,118.87295532226562,120.748291015625
0.14990234375,1.16650390625,-0.1015625,-26.67236328125,-79.65087890625,-28.564453125,25.60320281982422,115.7138671875,117.82704162597656
-0.182373046875,1.291259765625,-0.047119140625,-46.08154296875,-74.462890625,-9.33837890625,26.445735931396484,111.46224975585938,114.15052795410156
0.01708984375,1.10107421875,-0.16552734375,-57.12890625,-74.8291015625,13.24462890625,25.91454696655273,107.12703704833984,110.59385681152344
-0.15478515625,1.090576171875,-0.21240234375,-65.673828125,-56.21337890625,22.5830078125,24.935606002807614,103.0780258178711,107.83333587646484
-0.276123046875,0.862060546875,-0.392578125,-36.07177734375,-44.677734375,55.5419921875,22.377033233642575,101.4920654296875,105.77320861816406
-0.53955078125,1.147216796875,-0.241943359375,-6.591796875,32.3486328125,91.49169921875,18.637481689453125,101.43136596679688,106.33580780029295
0.542236328125,1.607421875,-0.6259765625,15.56396484375,12.0849609375,44.86083984375,15.455307960510256,102.45928955078124,106.54753875732422
-0.100341796875,1.28955078125,-0.068115234375,21.17919921875,-4.57763671875,21.30126953125,14.230868339538574,102.16397857666016,106.93021392822266
-0.2861328125,0.8740234375,-0.1806640625,24.47509765625,33.3251953125,9.58251953125,13.699678421020508,103.41303253173828,108.17274475097656
-0.1875,0.9970703125,-0.159423828125,43.0908203125,28.99169921875,18.98193359375,12.552900314331055,105.16725158691406,109.08415222167969
-0.231689453125,1.098388671875,-0.1982421875,44.49462890625,49.560546875,31.005859375,10.658201217651367,106.92854309082031,110.68992614746094
-0.294921875,1.082275390625,-0.139892578125,23.49853515625,52.24609375,42.6025390625,8.594772338867188,107.73615264892578,112.11984252929688
-0.349853515625,1.15576171875,-0.114501953125,0.79345703125,53.28369140625,32.3486328125,7.047299385070801,107.51740264892578,113.69535064697266
-0.40673828125,1.155517578125,-0.058349609375,-28.9306640625,35.0341796875,17.39501953125,6.765027046203612,105.6553726196289,114.392578125
-0.155029296875,1.178466796875,-0.125,-34.24072265625,1.8310546875,14.892578125,6.202530384063722,103.88021087646484,114.26187133789062
0.10400390625,1.163818359375,-0.142333984375,-25.0244140625,-4.7607421875,77.880859375,2.783453941345215,102.51873016357422,113.32836151123048
-0.13037109375,1.05078125,-0.2978515625,-29.6630859375,7.32421875,95.76416015625,-0.4727137684822082,101.38671112060548,112.95028686523438
-0.152587890625,0.8896484375,-0.498291015625,-32.89794921875,-9.27734375,81.48193359375,-3.2307941913604736,100.78170776367188,111.94024658203124
-0.19140625,1.048828125,-0.227294921875,-24.2919921875,-30.33447265625,50.1708984375,-4.449288368225098,99.9566879272461,110.36839294433594
-0.130859375,0.821533203125,-0.071533203125,-15.869140625,-47.54638671875,12.3291015625,-3.658219337463379,99.3458023071289,108.37674713134766
-0.09716796875,0.772705078125,-0.14013671875,10.55908203125,-52.30712890625,-24.10888671875,-1.9331523180007932,99.88345336914062,106.47657775878906
-0.0908203125,0.9072265625,-0.10888671875,24.2919921875,-38.51318359375,-28.6865234375,-0.2273121178150177,100.74470520019531,105.17694091796876
-0.120361328125,0.710205078125,-0.081298828125,29.1748046875,-17.4560546875,-20.20263671875,0.8887444734573364,101.84617614746094,104.66862487792969
0.01171875,0.82861328125,-0.12841796875,43.76220703125,-10.3759765625,-5.31005859375,1.1199657917022705,103.45542907714844,104.30831146240234
0.03076171875,0.85302734375,-0.257080078125,49.31640625,-8.85009765625,-6.16455078125,1.32395601272583,105.54068756103516,104.0288314819336
-0.1748046875,0.864990234375,-0.178955078125,45.22705078125,-13.5498046875,-9.82666015625,2.49341368675232,107.6438446044922,103.47595977783205
-0.202392578125,0.8193359375,-0.2197265625,51.1474609375,-14.95361328125,-31.92138671875,4.321247577667236,109.56580352783205,103.32149505615234
-0.052734375,0.8232421875,-0.185791015625,36.56005859375,-12.63427734375,-56.21337890625,6.568502902984619,110.77086639404295,103.60906219482422
-0.53955078125,1.43115234375,0.040771484375,24.169921875,3.11279296875,-42.48046875,7.765406131744385,109.90367126464844,104.40628814697266
-0.1611328125,0.941162109375,-0.089599609375,-18.24951171875,-20.56884765625,-38.6962890625,9.576449394226074,108.54806518554688,104.06148529052734
-0.002685546875,0.944091796875,-0.229248046875,-55.419921875,-22.88818359375,-59.87548828125,11.753997802734375,106.087158203125,103.87995910644531
-0.0419921875,1.415771484375,-0.205322265625,-112.73193359375,5.7373046875,-55.11474609375,13.479138374328613,101.07048034667969,104.2809066772461
0.00537109375,1.3935546875,-0.250244140625,-97.7783203125,-12.14599609375,47.2412109375,11.15908145904541,96.94166564941406,103.49089050292969
-0.153076171875,1.121337890625,-0.44970703125,-60.60791015625,26.0009765625,62.8662109375,8.414278984069824,95.22623443603516,104.37499237060548
-0.03173828125,1.19384765625,-0.423583984375,-52.1240234375,64.0869140625,30.33447265625,6.872058391571045,94.4250717163086,107.19834899902344
0.03955078125,1.112548828125,-0.463623046875,-35.15625,113.525390625,15.07568359375,5.583571910858153,94.21142578125,111.78781127929688
0.005615234375,1.059814453125,-0.409912109375,-39.55078125,151.7333984375,4.8828125,4.721210956573486,93.828857421875,117.91016387939452
-0.01416015625,0.913330078125,-0.340087890625,-26.4892578125,175.537109375,21.240234375,2.211719274520874,94.48651123046876,124.53564453125
0.12646484375,1.183349609375,-0.377685546875,9.82666015625,208.8623046875,59.75341796875,-1.2245301008224487,95.45946502685548,132.64189147949222
-0.310302734375,0.927978515625,-0.160888671875,-10.3759765625,210.205078125,48.095703125,-3.1584186553955083,94.87976837158205,140.815185546875
-0.4716796875,0.927978515625,-0.01806640625,-20.69091796875,165.6494140625,38.51318359375,-3.76034951210022,93.62606811523438,146.37496948242188
-0.428955078125,0.866455078125,0.03173828125,-13.97705078125,93.68896484375,2.8076171875,-2.9495246410369877,92.6303253173828,150.1151885986328
-0.452392578125,0.851806640625,-0.015625,11.962890625,40.95458984375,-7.01904296875,-1.5873639583587646,92.97441864013672,151.76998901367188
-0.176513671875,1.2138671875,-0.209228515625,63.4765625,18.6767578125,29.96826171875,-3.3077597618103027,96.41033172607422,152.32789611816406
-0.09765625,1.390625,-0.380859375,86.60888671875,36.4990234375,98.7548828125,-7.128288269042969,100.13275909423828,153.18185424804688
-0.060791015625,1.642578125,-0.362548828125,29.60205078125,66.95556640625,136.3525390625,-12.598931312561035,101.11121368408205,154.80343627929688
0.041259765625,0.656494140625,-0.0478515625,-68.9697265625,-105.95703125,-159.3017578125,1.7375894784927368,87.02284240722656,145.66424560546875
0.04296875,0.5830078125,-0.092529296875,-42.78564453125,-116.69921875,-161.19384765625,7.61921501159668,85.35289001464844,140.60972595214844
0.022216796875,0.613525390625,-0.08984375,-19.71435546875,-117.5537109375,-152.28271484375,12.873231887817385,84.11807250976562,135.38400268554688
-0.020263671875,0.6083984375,-0.193115234375,8.4228515625,-116.63818359375,-138.427734375,17.287626266479492,84.35418701171875,130.21235656738278
0.027099609375,0.677734375,-0.240966796875,42.29736328125,-116.8212890625,-118.71337890625,20.896812438964844,85.291748046875,125.15374755859376
-0.646484375,1.4443359375,-0.480224609375,59.08203125,-117.73681640625,-100.830078125,24.71762466430664,86.42700958251953,120.07643127441406
0.004150390625,0.93115234375,-0.3623046875,35.09521484375,-123.96240234375,-56.70166015625,25.68450736999512,86.65455627441406,115.06133270263672
-0.020263671875,1.327880859375,-0.40185546875,20.20263671875,-113.8916015625,-26.3671875,25.565876007080078,86.1022720336914,110.32742309570312
-0.025146484375,1.27490234375,-0.404296875,-20.81298828125,-55.60302734375,-1.5869140625,24.593101501464844,85.137939453125,108.275634765625
-0.240966796875,0.934814453125,-0.42431640625,-44.43359375,-33.50830078125,3.41796875,24.12433242797852,84.04280853271484,107.2891616821289
-0.30908203125,0.72314453125,-0.314453125,-21.91162109375,-12.451171875,-19.1650390625,24.83330345153809,84.03656768798828,107.1247100830078
-0.02734375,0.97119140625,-0.322265625,36.07177734375,-6.103515625,7.62939453125,23.684370040893555,86.3888168334961,107.29645538330078
-0.150634765625,0.982666015625,-0.195068359375,48.88916015625,29.11376953125,33.38623046875,21.541162490844727,89.72018432617188,109.1442413330078
-0.335693359375,0.994873046875,-0.01025390625,44.73876953125,61.279296875,59.02099609375,19.018136978149414,92.41989135742188,111.70475769042969
-0.35009765625,1.1630859375,0.017578125,15.68603515625,75.98876953125,59.326171875,16.391883850097653,93.83067321777344,114.69587707519531
-0.685302734375,0.9423828125,-0.048828125,-35.09521484375,94.66552734375,47.05810546875,15.365326881408693,92.7272720336914,118.49795532226562
-0.371337890625,0.87646484375,-0.14208984375,-7.62939453125,25.2685546875,34.24072265625,14.240890502929688,92.9023895263672,119.5282745361328
-0.293701171875,0.7470703125,-0.150390625,3.662109375,38.57421875,32.1044921875,13.143238067626953,93.71542358398438,121.10964965820312
-0.287353515625,0.898193359375,-0.086181640625,5.31005859375,48.7060546875,39.1845703125,11.417409896850586,94.16997528076172,122.90419006347656
-0.375244140625,0.839111328125,-0.173828125,-16.17431640625,40.52734375,57.7392578125,9.485478401184082,94.05533599853516,124.4216766357422
-0.2509765625,0.917236328125,-0.299560546875,-20.3857421875,31.982421875,55.96923828125,7.3787779808044425,93.93242645263672,125.63200378417969
-0.307861328125,0.825927734375,-0.40576171875,-13.671875,20.44677734375,56.396484375,5.355101585388184,94.47463989257812,126.17738342285156
-0.418701171875,0.846435546875,-0.4580078125,8.056640625,-12.5732421875,74.5849609375,3.1646785736083984,95.5795669555664,125.48622131347656
-0.10009765625,1.0107421875,-0.4609375,19.1650390625,-40.52734375,84.16748046875,0.0990493893623352,97.01374816894531,123.53610229492188
-0.2216796875,1.0283203125,-0.424072265625,11.8408203125,-58.65478515625,90.51513671875,-2.814096212387085,98.00731658935548,120.43424987792969
-0.271240234375,0.939697265625,-0.423583984375,-0.06103515625,-99.12109375,107.36083984375,-5.7651610374450675,98.95380401611328,115.83180236816406
-0.342041015625,0.918701171875,-0.419921875,-1.52587890625,-132.32421875,113.76953125,-8.401655197143555,100.21068572998048,109.75341796875
-0.303955078125,0.7734375,-0.393310546875,-0.67138671875,-156.31103515625,111.99951171875,-10.350481986999512,102.1284637451172,102.3089828491211
-0.245361328125,0.77685546875,-0.382568359375,19.83642578125,-153.38134765625,94.66552734375,-11.57890510559082,104.78160858154295,95.2590560913086
-0.25732421875,0.844482421875,-0.311279296875,43.76220703125,-118.2861328125,74.03564453125,-12.015457153320312,107.85364532470705,89.75450134277344
-0.2744140625,0.79345703125,-0.21484375,52.6123046875,-79.833984375,56.70166015625,-12.062725067138672,110.55525207519531,86.41950988769531
-0.02099609375,0.87841796875,-0.2783203125,41.3818359375,-30.76171875,68.603515625,-13.621434211730955,112.56734466552734,84.24118041992188
0.463623046875,0.949462890625,-0.28173828125,19.4091796875,-28.86962890625,79.833984375,-16.541730880737305,113.73302459716795,81.88671875
-0.3525390625,0.958740234375,-0.1806640625,-5.7373046875,-42.66357421875,86.48681640625,-17.57411003112793,113.84735107421876,78.85814666748047
-0.61376953125,0.717529296875,-0.1240234375,-23.3154296875,-109.375,79.4677734375,-16.770635604858402,114.10260009765624,73.45630645751953
-0.326904296875,0.57275390625,-0.2021484375,-26.42822265625,-154.541015625,60.4248046875,-14.785202980041506,114.74351501464844,66.63390350341797
-0.099853515625,0.853759765625,-0.24365234375,-55.6640625,-203.125,47.7294921875,-12.192303657531738,113.7285385131836,58.347694396972656
-0.097412109375,0.907470703125,-0.253173828125,-101.86767578125,-186.279296875,45.5322265625,-10.329723358154297,110.82892608642578,50.68547439575195
-0.187255859375,0.80126953125,-0.279052734375,-95.3369140625,-191.40625,70.6787109375,-9.517192840576172,108.37246704101562,42.41023635864258
-0.23974609375,0.716064453125,-0.277099609375,-77.880859375,-193.84765625,87.34130859375,-9.48224639892578,107.11702728271484,33.56969451904297
-0.194580078125,0.777587890625,-0.341796875,-53.22265625,-199.462890625,100.2197265625,-10.09430980682373,106.7583465576172,24.606426239013672
-0.103515625,0.81201171875,-0.390869140625,-44.37255859375,-198.974609375,104.3701171875,-11.096675872802734,106.986083984375,15.57628059387207
-0.072998046875,0.75927734375,-0.393310546875,-36.80419921875,-188.96484375,105.712890625,-12.274473190307615,107.74937438964844,6.884285926818848
0.04541015625,0.7724609375,-0.39990234375,-26.55029296875,-184.6923828125,108.09326171875,-13.653402328491213,108.99913024902344,-1.7773146629333496
0.079345703125,0.77294921875,-0.375,-21.97265625,-179.38232421875,104.91943359375,-14.819587707519533,110.4673309326172,-10.25897979736328
0.098876953125,0.8212890625,-0.364501953125,-20.6298828125,-173.7060546875,97.35107421875,-15.463172912597654,111.92340087890624,-18.35904884338379
0.125,0.916259765625,-0.370361328125,-24.658203125,-169.3115234375,81.787109375,-15.54419231414795,113.01612091064452,-26.13842010498047
0.08984375,1.01708984375,-0.406005859375,-38.6962890625,-170.8984375,68.9697265625,-14.931729316711426,113.41704559326172,-33.749229431152344
0.04736328125,1.141845703125,-0.40673828125,-62.01171875,-175.048828125,55.72509765625,-13.578826904296875,112.2635498046875,-41.21596908569336
-0.1357421875,1.18798828125,-0.4052734375,-88.80615234375,-183.2275390625,34.24072265625,-11.415654182434082,110.19121551513672,-48.6838264465332
-0.094482421875,1.2451171875,-0.44970703125,-102.11181640625,-198.91357421875,29.60205078125,-9.336538314819336,107.53606414794922,-56.71535110473633
-0.131103515625,1.29443359375,-0.405029296875,-108.82568359375,-217.1630859375,36.1328125,-7.784468173980713,104.4780502319336,-65.80482482910156
-0.16748046875,1.181884765625,-0.382080078125,-106.01806640625,-242.85888671875,57.18994140625,-7.177994251251222,101.67904663085938,-75.8727035522461
-0.103271484375,1.09375,-0.390869140625,-96.37451171875,-267.08984375,75.37841796875,-7.6535139083862305,99.57694244384766,-87.03457641601562
-0.1220703125,1.075927734375,-0.450439453125,-83.251953125,-273.98681640625,83.0078125,-8.670779228210451,98.53876495361328,-98.64141845703124
0.015380859375,1.091552734375,-0.49072265625,-74.89013671875,-275.2685546875,85.26611328125,-10.115141868591307,98.04430389404295,-110.24312591552734
0.0009765625,1.248046875,-0.550048828125,-78.2470703125,-262.63427734375,78.857421875,-11.387323379516602,97.59384155273438,-121.35494232177734
0.17626953125,1.388916015625,-0.52587890625,-86.97509765625,-234.375,70.37353515625,-12.759991645812988,96.4101791381836,-130.62826538085938
-0.03857421875,1.365478515625,-0.464599609375,-97.83935546875,-190.85693359375,52.490234375,-13.52117156982422,94.81057739257812,-138.74838256835938
0.021484375,1.271728515625,-0.408935546875,-101.1962890625,-176.3916015625,38.26904296875,-14.054616928100586,93.03628540039062,-146.22576904296875
0.01953125,1.03662109375,-0.298583984375,-95.21484375,-172.36328125,21.42333984375,-13.873388290405273,91.61595153808594,-153.51528930664062
0.033203125,0.916748046875,-0.263916015625,-81.23779296875,-171.93603515625,-2.13623046875,-13.18040943145752,90.59680938720705,-160.71841430664062
0.0595703125,0.883544921875,-0.23046875,-70.61767578125,-163.26904296875,-23.37646484375,-11.84561538696289,89.77610778808594,-167.52316284179688
0.095703125,0.934326171875,-0.20654296875,-60.791015625,-145.8740234375,-41.19873046875,-9.863677024841307,89.06746673583984,-173.24160766601562
-0.00439453125,0.96826171875,-0.205810546875,-45.8984375,-128.11279296875,-47.7294921875,-7.660735130310059,88.5317611694336,-178.54441833496094
0.01318359375,0.9208984375,-0.217529296875,-34.912109375,-136.3525390625,-37.9638671875,-6.013487339019775,88.36682891845703,-184.1449737548828
0.075439453125,0.823974609375,-0.1923828125,-24.10888671875,-140.80810546875,-22.15576171875,-5.429924964904785,88.72383880615234,170.16741943359375
0.093017578125,0.7861328125,-0.17333984375,-13.5498046875,-146.240234375,-0.732421875,-5.533965110778809,89.26930236816406,164.24627685546875
0.06396484375,0.83154296875,-0.179443359375,-7.4462890625,-146.240234375,8.36181640625,-5.837341785430907,90.05113983154297,158.32583618164062
0.001220703125,0.916748046875,-0.22998046875,-6.16455078125,-144.34814453125,14.7705078125,-6.2101078033447275,91.0049057006836,152.41110229492188
0.0263671875,0.909912109375,-0.221923828125,-10.7421875,-153.4423828125,26.18408203125,-6.9064369201660165,91.7759780883789,146.15951538085938
0.13818359375,1.081787109375,-0.177978515625,-18.6767578125,-156.005859375,30.33447265625,-7.893717288970947,92.132568359375,139.79725646972656
-0.0498046875,1.0947265625,-0.152587890625,-28.4423828125,-146.240234375,31.8603515625,-8.515957832336426,92.06532287597656,133.8138427734375
0.010498046875,1.074462890625,-0.105224609375,-37.53662109375,-149.658203125,32.28759765625,-9.273292541503906,91.63695526123048,127.69639587402344
0.03662109375,1.076904296875,-0.1259765625,-47.4853515625,-149.658203125,26.67236328125,-9.890742301940918,90.94344329833984,121.57200622558594
-0.1591796875,0.962158203125,-0.125,-60.1806640625,-114.3798828125,12.39013671875,-9.602605819702148,89.56919860839844,116.87556457519531
-0.0830078125,1.02197265625,-0.15576171875,-68.7255859375,-129.45556640625,12.63427734375,-9.64185619354248,88.05052185058594,111.56954956054688
0.010009765625,1.053955078125,-0.085693359375,-69.15283203125,-118.2861328125,14.6484375,-10.08076286315918,86.35619354248047,106.75373077392578
-0.15283203125,1.015380859375,-0.137939453125,-65.00244140625,-113.6474609375,18.4326171875,-10.422027587890623,85.0089111328125,102.11470794677734
-0.07861328125,1.046630859375,-0.10986328125,-57.6171875,-116.69921875,26.42822265625,-11.329447746276855,84.0088119506836,97.39923858642578
-0.201171875,1.06884765625,-0.12646484375,-49.86572265625,-122.37548828125,28.076171875,-12.116602897644045,83.49435424804688,92.44796752929688
-0.164306640625,1.068603515625,-0.171142578125,-38.4521484375,-134.27734375,27.40478515625,-12.988673210144045,83.72927856445312,86.97286987304688
0.025634765625,1.068359375,-0.2724609375,-35.46142578125,-138.48876953125,24.10888671875,-14.064689636230467,84.4269790649414,81.22468566894531
-0.21826171875,1.037353515625,-0.23828125,-29.84619140625,-120.7275390625,7.62939453125,-13.827950477600098,85.14144897460938,76.12550354003906
-0.08740234375,1.110595703125,-0.22900390625,-22.216796875,-103.271484375,-5.7373046875,-13.214299201965332,85.90058898925781,71.71876525878906
-0.05078125,1.230224609375,-0.233154296875,-8.30078125,-93.56689453125,-15.31982421875,-12.227805137634276,87.00507354736328,67.72294616699219
0.03515625,1.0751953125,-0.140625,-2.50244140625,-95.27587890625,-20.69091796875,-11.147989273071287,88.10913848876953,63.718345642089844
0.1240234375,0.971435546875,-0.084228515625,6.4697265625,-87.58544921875,-20.32470703125,-10.25146484375,89.29400634765625,60.08946228027344
0.0810546875,0.920166015625,-0.057373046875,7.080078125,-78.61328125,-16.845703125,-9.372922897338867,90.27957916259766,56.871849060058594
0.08544921875,0.927490234375,-0.02294921875,4.39453125,-79.77294921875,-12.5732421875,-8.66119384765625,90.99254608154295,53.64492797851562
0.07763671875,0.98828125,-0.059326171875,-4.638671875,-76.96533203125,-8.23974609375,-8.093340873718263,91.34320068359376,50.529991149902344
0.02294921875,1.02685546875,-0.095458984375,-12.0849609375,-75.25634765625,-1.03759765625,-7.698860168457031,91.42244720458984,47.47272491455078
0.04541015625,1.018310546875,-0.099365234375,-19.8974609375,-81.4208984375,10.68115234375,-7.833705425262451,91.224609375,44.15485763549805
0.044189453125,0.998291015625,-0.12841796875,-24.84130859375,-92.46826171875,28.076171875,-8.65826416015625,91.00138854980469,40.361305236816406
0.088623046875,0.91552734375,-0.1328125,-27.40478515625,-99.609375,39.794921875,-10.041603088378906,90.84302520751952,36.25209045410156
0.136474609375,0.822021484375,-0.1142578125,-28.13720703125,-99.853515625,47.18017578125,-11.825831413269045,90.76341247558594,32.106224060058594
0.10498046875,0.78125,-0.070556640625,-29.47998046875,-86.9140625,52.734375,-13.708971977233887,90.54226684570312,28.476726531982425
0.24560546875,0.79296875,-0.041748046875,-31.6162109375,-70.61767578125,50.59814453125,-15.835808753967285,90.10934448242188,25.5185661315918
0.09619140625,0.843017578125,-0.036865234375,-38.02490234375,-62.92724609375,48.03466796875,-17.38119125366211,89.42327117919922,22.86686897277832
0.101806640625,0.893310546875,-0.0400390625,-44.0673828125,-51.33056640625,41.56494140625,-18.63730239868164,88.43663024902344,20.694673538208008
0.135986328125,0.888916015625,-0.025390625,-44.7998046875,-43.15185546875,32.470703125,-19.59342193603516,87.34696197509766,18.87140655517578
0.169677734375,0.89404296875,-0.020751953125,-41.80908203125,-29.78515625,19.775390625,-20.09171867370605,86.24058532714844,17.595197677612305
0.109130859375,0.92822265625,-0.033935546875,-35.58349609375,-14.7705078125,1.77001953125,-19.67838859558105,85.26133728027344,16.887882232666016
0.11376953125,0.948974609375,0.01708984375,-33.38623046875,-16.66259765625,-7.50732421875,-18.93219757080078,84.31002807617188,16.103279113769528
0.15966796875,0.93408203125,0.05517578125,-26.611328125,-22.705078125,-15.19775390625,-18.05385398864746,83.65076446533203,15.056041717529295
0.150390625,1.03857421875,-0.00439453125,-11.65771484375,-44.00634765625,-18.310546875,-17.12393569946289,84.02210235595703,13.059642791748047
0.21826171875,1.043701171875,-0.025634765625,-4.39453125,-50.9033203125,-16.78466796875,-16.440410614013672,84.76312255859375,10.792724609375
0.276123046875,1.070068359375,-0.09423828125,3.60107421875,-53.28369140625,-13.36669921875,-15.99976921081543,85.9344253540039,8.424585342407228
0.31005859375,1.01806640625,-0.075927734375,13.18359375,-56.396484375,-6.4697265625,-15.902715682983398,87.42537689208984,5.979850769042969
0.353515625,0.984619140625,-0.057373046875,15.44189453125,-54.5654296875,-1.03759765625,-16.075057983398438,88.88545989990234,3.64834213256836
0.332763671875,0.939208984375,-0.04541015625,13.85498046875,-47.30224609375,3.5400390625,-16.359577178955078,90.12763214111328,1.6394996643066406
0.322021484375,0.930908203125,-0.03515625,7.9345703125,-36.2548828125,4.82177734375,-16.63850212097168,90.94068145751952,0.10573101043701172
0.28076171875,0.97998046875,0.005126953125,2.62451171875,-31.31103515625,2.74658203125,-16.69065284729004,91.35686492919922,-1.1854114532470703
0.223388671875,1.00439453125,0.015869140625,-2.13623046875,-28.80859375,-0.06103515625,-16.489139556884766,91.50794219970705,-2.3567709922790527
