0.0751953125,0.975341796875,0.051025390625,-9.58251953125,-4.57763671875,4.7607421875,-4.819307327270508,79.9521484375,95.01133728027344
0.0712890625,0.976806640625,0.041015625,-7.75146484375,-4.2724609375,1.52587890625,-4.8835411071777335,79.94380950927734,94.82844543457031
0.040283203125,0.98046875,0.02978515625,-8.23974609375,-4.57763671875,-1.708984375,-4.748530864715576,79.94589233398438,94.60836791992188
0.01708984375,0.996337890625,0.03271484375,-8.85009765625,-4.45556640625,5.126953125,-4.535590171813965,79.94255065917969,93.8267059326172
0.066650390625,0.980224609375,0.03515625,-9.6435546875,-4.69970703125,5.31005859375,-4.751610279083252,79.87142944335938,93.65342712402344
0.080322265625,0.986328125,0.030517578125,-8.544921875,-4.69970703125,2.74658203125,-4.889073371887207,79.85985565185547,93.46034240722656
0.072265625,0.985595703125,0.0419921875,-7.99560546875,-4.33349609375,2.8076171875,-4.842084884643555,79.95640563964844,92.02501678466795
0.06982421875,0.98291015625,0.029541015625,-7.080078125,-4.8828125,-0.48828125,-4.826345920562744,80.00489807128906,91.80174255371094
0.015869140625,0.99560546875,0.018310546875,-7.38525390625,-4.8828125,-1.5869140625,-4.643495082855225,80.06668853759766,91.56861877441406
0.036865234375,0.99658203125,0.031982421875,-8.72802734375,-4.33349609375,5.43212890625,-4.683405876159668,80.03643035888672,90.83090209960938
0.071044921875,0.97509765625,0.0439453125,-9.033203125,-4.8828125,4.150390625,-4.859702110290527,79.96681213378906,90.64328002929688
0.058349609375,0.980712890625,0.033203125,-7.8125,-4.82177734375,0.67138671875,-4.862237930297852,79.97648620605469,90.43091583251952
0.064453125,0.978271484375,0.04443359375,-8.7890625,-4.638671875,3.662109375,-4.796675205230713,79.978515625,87.83958435058594
0.08203125,0.972900390625,0.041015625,-8.36181640625,-4.7607421875,1.0986328125,-4.873861789703369,79.94593048095703,87.63477325439453
0.0263671875,0.990966796875,0.0107421875,-7.6904296875,-4.57763671875,-1.15966796875,-4.7284770011901855,80.01380920410156,87.41473388671875
0.036865234375,0.994384765625,0.01708984375,-9.27734375,-4.94384765625,4.82177734375,-4.771027088165283,80.07267761230469,86.6053237915039
0.05810546875,0.970947265625,0.04052734375,-8.544921875,-4.638671875,4.0283203125,-4.9079623222351065,80.02840423583984,86.4252700805664
0.055908203125,0.976806640625,0.025390625,-8.1787109375,-4.7607421875,1.5869140625,-4.939053535461426,80.03829956054688,86.21987915039062
0.05859375,0.98681640625,0.03857421875,-8.7890625,-3.96728515625,3.60107421875,-4.823840618133545,79.98243713378906,83.65972900390625
0.063720703125,0.981201171875,0.02685546875,-8.30078125,-4.7607421875,0.67138671875,-4.839838981628418,79.98619079589844,83.44883728027344
0.033203125,0.990478515625,0.015380859375,-7.6904296875,-4.7607421875,-0.48828125,-4.738794803619385,80.04199981689453,83.2274398803711
0.044677734375,0.996337890625,0.029296875,-8.72802734375,-4.57763671875,4.2724609375,-4.72205924987793,80.0549087524414,82.47410583496094
0.066162109375,0.975830078125,0.035400390625,-8.4228515625,-5.2490234375,3.662109375,-4.868838310241699,80.0304946899414,82.26670837402344
0.066162109375,0.98583984375,0.03564453125,-8.48388671875,-4.69970703125,0.732421875,-4.889551162719727,80.00509643554688,82.0602035522461
0.472412109375,0.96337890625,0.403076171875,5.31005859375,43.701171875,-12.63427734375,-4.876846790313722,79.66441345214844,81.41152954101562
-0.0390625,1.02099609375,-0.1513671875,18.9208984375,45.0439453125,-30.45654296875,-3.1141359806060787,81.03084564208984,82.93281555175781
0.085205078125,1.058837890625,-0.072509765625,13.18359375,2.01416015625,-35.70556640625,-1.754996418952942,82.05628967285156,82.77991485595703
-0.611328125,0.847412109375,-0.04443359375,9.765625,10.009765625,-20.99609375,0.5108342170715332,82.78279113769531,83.06266021728516
0.0517578125,1.051025390625,-0.324951171875,26.9775390625,22.4609375,-1.52587890625,0.5395758748054504,84.79717254638672,83.9561538696289
0.373779296875,1.188720703125,-0.19775390625,39.61181640625,6.28662109375,1.03759765625,-0.1772661805152893,86.91808319091797,84.20437622070312
0.450439453125,1.4609375,-0.19482421875,37.41455078125,51.1474609375,10.009765625,-1.1637742519378662,88.7796630859375,86.25262451171875
0.19482421875,1.595947265625,-0.26513671875,5.7373046875,71.2890625,28.01513671875,-2.46932315826416,89.32132720947266,89.1108169555664
0.095458984375,1.635009765625,-0.2451171875,-31.005859375,55.17578125,44.7998046875,-4.2506914138793945,88.29849243164062,91.33722686767578
0.3701171875,1.682373046875,-0.1064453125,-51.81884765625,47.05810546875,41.8701171875,-6.156643867492676,86.23881530761719,93.2918701171875
0.40869140625,1.558349609375,-0.135498046875,-46.32568359375,72.44873046875,15.5029296875,-6.883523464202881,84.37052917480469,96.21989440917969
0.2275390625,1.37548828125,-0.169189453125,-19.53125,83.31298828125,-38.51318359375,-5.125763893127441,83.73696899414062,99.34075164794922
-0.10546875,1.363525390625,-0.097412109375,-43.76220703125,72.1435546875,-62.6220703125,-1.932470798492432,82.22337341308594,101.87002563476562
-0.10693359375,1.387451171875,-0.056884765625,-47.7294921875,45.10498046875,-70.1904296875,1.3458435535430908,80.69284057617188,103.22943115234376
0.097412109375,1.482421875,-0.01904296875,-57.373046875,29.23583984375,-69.76318359375,4.0853185653686515,78.81280517578125,103.90711212158205
0.059814453125,1.45166015625,-0.0244140625,-69.51904296875,38.0859375,-62.07275390625,6.570693016052246,76.59115600585938,104.91880798339844
-0.0693359375,1.402099609375,-0.0048828125,-70.80078125,43.701171875,-64.27001953125,9.341279983520508,74.43528747558594,106.05130004882812
-0.196044921875,1.37841796875,0.001220703125,-77.2705078125,35.400390625,-66.162109375,12.234004020690918,72.06087493896484,106.76342010498048
-0.1767578125,1.270263671875,0.09375,-95.3369140625,19.53125,-45.95947265625,14.062236785888672,68.81635284423828,107.01290893554688
0.0810546875,1.16845703125,0.15771484375,-99.853515625,21.8505859375,-21.17919921875,14.491318702697756,65.48855590820311,107.66120147705078
0.163330078125,1.0068359375,0.2099609375,-91.73583984375,38.0859375,-13.7939453125,14.75393295288086,62.62566375732422,108.9825210571289
-0.001953125,0.9619140625,0.235107421875,-62.5,53.28369140625,-41.44287109375,16.650842666625973,60.98432922363281,110.2773208618164
-0.2646484375,0.95361328125,0.1279296875,-54.5654296875,58.28857421875,-60.72998046875,19.88910484313965,59.90786743164063,111.40081787109376
-0.34521484375,0.794189453125,0.251953125,-64.697265625,44.61669921875,-68.2373046875,23.25224876403809,57.84550857543945,111.69757080078124
-0.11572265625,0.70361328125,0.274658203125,-56.7626953125,38.75732421875,-82.51953125,26.29312896728516,55.800697326660156,111.34139251708984
-0.07421875,0.717041015625,0.25244140625,-42.48046875,50.29296875,-87.40234375,29.52256774902344,54.56813430786133,111.26292419433594
-0.188232421875,0.830078125,0.13671875,-26.55029296875,58.59375,-93.1396484375,33.34027099609375,54.48440933227539,111.54527282714844
-0.38916015625,0.782958984375,0.118408203125,-27.2216796875,47.8515625,-99.365234375,37.494407653808594,53.97002029418945,111.23860168457031
-0.45654296875,0.67431640625,0.19482421875,-34.423828125,35.7666015625,-101.6845703125,41.476070404052734,52.35526657104492,110.08750915527344
-0.2744140625,0.5888671875,0.23291015625,-37.9638671875,34.912109375,-88.80615234375,44.45261764526367,50.57882690429688,109.10222625732422
-0.359619140625,0.55224609375,0.227783203125,-21.8505859375,47.42431640625,-70.068359375,47.32244491577149,50.17616271972656,109.22067260742188
-0.489990234375,0.691650390625,0.158447265625,-10.31494140625,34.5458984375,-69.76318359375,49.96746444702149,50.20695114135742,109.07749938964844
-0.49365234375,0.71533203125,0.142578125,-18.61572265625,24.7802734375,-81.54296875,52.621498107910156,49.198951721191406,108.03034973144531
-0.4072265625,0.538330078125,0.320068359375,-35.7666015625,15.44189453125,-74.3408203125,54.47764587402344,46.243446350097656,105.90353393554688
-0.3154296875,0.422119140625,0.3115234375,-22.03369140625,25.5126953125,-57.67822265625,55.91965103149414,44.51079940795898,104.7099838256836
-0.405029296875,0.542724609375,0.232421875,-2.50244140625,28.4423828125,-55.23681640625,57.52997207641602,44.504783630371094,104.37328338623048
-0.510986328125,0.6337890625,0.141357421875,-9.09423828125,18.61572265625,-98.14453125,60.22780990600586,42.11579132080078,101.4350128173828
-0.553955078125,0.54150390625,0.160888671875,-20.5078125,1.46484375,-118.7744140625,62.85921478271485,36.31432342529297,95.3186264038086
-0.563232421875,0.382080078125,0.2578125,-27.2216796875,-0.18310546875,-133.97216796875,65.25264739990234,26.89841651916504,85.81398010253906
-0.660888671875,0.36669921875,0.2998046875,-10.1318359375,4.21142578125,-120.17822265625,66.91074371337889,17.856796264648438,76.10393524169922
-0.708251953125,0.428466796875,0.24609375,2.8076171875,2.5634765625,-93.07861328125,67.80957794189453,11.580292701721193,68.79369354248047
-0.62548828125,0.584716796875,0.132080078125,4.82177734375,-0.732421875,-73.91357421875,68.319580078125,8.29961109161377,64.46628570556639
-0.634765625,0.64892578125,0.120361328125,-14.70947265625,-7.14111328125,-73.73046875,68.48059844970703,4.380431652069092,60.25991821289063
-0.653564453125,0.537109375,0.1728515625,-33.14208984375,-5.92041015625,-78.55224609375,68.48055267333984,-1.2573590278625488,55.05862045288086
-0.720947265625,0.3828125,0.2607421875,-36.7431640625,-4.8828125,-77.20947265625,68.15977478027344,-7.7252326011657715,49.24043273925781
-0.702392578125,0.3330078125,0.27490234375,-23.62060546875,-7.99560546875,-73.73046875,67.48473358154297,-13.038804054260256,44.09610366821289
-0.767822265625,0.340576171875,0.242919921875,-13.7939453125,-6.9580078125,-75.25634765625,66.82386016845703,-17.80150604248047,39.09603500366211
-0.740478515625,0.352783203125,0.294677734375,-5.31005859375,-14.95361328125,-80.4443359375,65.55451965332031,-21.73196601867676,34.555049896240234
-0.67431640625,0.428466796875,0.275146484375,-0.18310546875,-13.0615234375,-105.712890625,63.92036819458008,-26.41221046447754,28.780601501464844
-0.78466796875,0.4775390625,0.217041015625,-4.39453125,-6.77490234375,-116.76025390625,62.3374137878418,-31.71530723571777,22.41841125488281
-0.89599609375,0.445556640625,0.21875,-14.46533203125,-1.708984375,-109.619140625,60.87219619750977,-36.73498153686523,16.799690246582028
-1.04833984375,0.219970703125,0.2939453125,-15.56396484375,-19.22607421875,-78.91845703125,59.19615173339844,-39.434837341308594,14.008569717407227
-0.73046875,0.208740234375,0.3134765625,-5.37109375,-20.08056640625,-73.1201171875,57.48794555664063,-40.5530891418457,12.366241455078125
-0.90087890625,0.385498046875,0.248291015625,-2.44140625,-9.033203125,-82.82470703125,56.24386978149414,-42.2496223449707,9.817239761352539
-0.9765625,0.510009765625,0.18505859375,-27.83203125,-11.53564453125,-109.19189453125,54.36247634887695,-45.70835494995117,6.290374755859375
-1.106201171875,0.37353515625,0.216552734375,-47.8515625,-16.11328125,-121.09375,51.78387832641602,-50.05087280273438,2.688785552978516
-0.998291015625,0.20654296875,0.33544921875,-50.10986328125,-30.09033203125,-115.966796875,48.64714813232422,-53.11814498901367,0.6582555770874023
-0.9267578125,0.127197265625,0.4365234375,-33.3251953125,-30.6396484375,-112.48779296875,45.39567947387695,-54.8550033569336,-0.7218942642211914
-0.851318359375,0.228515625,0.3525390625,-24.35302734375,-28.74755859375,-110.29052734375,42.53514862060547,-55.93693923950195,-1.8762755393981931
-0.86962890625,0.154541015625,0.357666015625,-24.35302734375,-21.728515625,-105.3466796875,39.96839141845703,-57.10028457641602,-3.170426368713379
-0.83203125,0.0048828125,0.393798828125,-22.0947265625,-10.6201171875,-94.970703125,37.78371047973633,-58.271568298339844,-4.626794338226318
-0.938232421875,0.01806640625,0.32568359375,-17.88330078125,-3.41796875,-90.51513671875,36.09687042236328,-59.487510681152344,-6.315110683441162
-0.949951171875,0.058349609375,0.305419921875,-16.66259765625,-6.591796875,-84.89990234375,34.635303497314446,-60.38249206542969,-7.632976531982423
-0.887939453125,0.01025390625,0.28173828125,-21.97265625,-9.33837890625,-76.35498046875,33.39452743530273,-61.30624771118164,-8.609107971191406
-0.880859375,-0.00537109375,0.30712890625,-26.123046875,-7.080078125,-72.6318359375,32.29452896118164,-62.29871368408203,-9.51429271697998
-0.92724609375,-0.015869140625,0.323974609375,-26.55029296875,-5.615234375,-70.80078125,31.287057876586914,-63.27611541748047,-10.39165496826172
-0.875732421875,-0.03076171875,0.327392578125,-28.13720703125,-3.5400390625,-64.14794921875,30.52662849426269,-64.21117401123047,-11.151488304138184
-0.91162109375,-0.05419921875,0.306884765625,-25.57373046875,-2.01416015625,-59.08203125,29.992494583129886,-65.08741760253906,-11.883527755737305
-0.877685546875,-0.11962890625,0.32080078125,-23.98681640625,-3.7841796875,-56.884765625,29.40359306335449,-65.831787109375,-12.471036911010742
-0.91748046875,-0.144287109375,0.31787109375,-25.7568359375,0.54931640625,-57.9833984375,28.84307289123535,-66.77552032470703,-13.256675720214846
-0.909423828125,-0.15625,0.301025390625,-25.93994140625,1.220703125,-57.9833984375,28.29329490661621,-67.74770355224611,-14.04887866973877
-0.888427734375,-0.17919921875,0.31396484375,-25.93994140625,-0.48828125,-60.36376953125,27.58107948303223,-68.64763641357422,-14.754693031311035
-0.94921875,-0.23583984375,0.291259765625,-25.20751953125,-2.86865234375,-60.36376953125,26.825876235961914,-69.57265472412111,-15.382075309753418
-0.901611328125,-0.210693359375,0.320068359375,-22.8271484375,-4.7607421875,-56.640625,26.17860412597656,-70.18984222412111,-15.77859878540039
-0.87646484375,-0.22216796875,0.333984375,-23.8037109375,-1.3427734375,-53.5888671875,25.661651611328125,-70.83003997802734,-16.23233985900879
-0.804443359375,-0.218505859375,0.31982421875,-23.86474609375,3.5400390625,-43.9453125,25.548927307128906,-71.461181640625,-16.721549987792972
-0.85009765625,-0.310546875,0.3125,-21.05712890625,6.8359375,-36.07177734375,25.680578231811523,-72.1145248413086,-17.279304504394528
-0.939208984375,-0.3134765625,0.282958984375,-16.7236328125,6.2255859375,-28.99169921875,26.14940643310547,-72.6349868774414,-17.743083953857422
-0.96240234375,-0.336669921875,0.303955078125,-17.15087890625,3.0517578125,-32.16552734375,26.41413688659668,-73.10298156738281,-18.088233947753906
-0.906005859375,-0.298583984375,0.298828125,-17.822265625,1.15966796875,-29.35791015625,26.769268035888672,-73.48974609375,-18.280811309814453
-0.890869140625,-0.332763671875,0.303466796875,-16.6015625,1.3427734375,-28.4423828125,27.08631134033203,-73.82920837402344,-18.461524963378906
-0.85693359375,-0.3291015625,0.282958984375,-18.12744140625,3.662109375,-20.69091796875,27.70809555053711,-74.25354766845703,-18.649974822998047
-0.883544921875,-0.322021484375,0.2763671875,-16.845703125,5.615234375,-13.3056640625,28.649925231933594,-74.63823699951172,-18.83172607421875
-0.90869140625,-0.3251953125,0.2763671875,-14.0380859375,4.21142578125,-9.1552734375,29.72148704528809,-74.86361694335938,-18.894826889038086
-0.903076171875,-0.3486328125,0.2685546875,-11.53564453125,1.220703125,-9.3994140625,30.684608459472656,-74.95450592041016,-18.832714080810547
-0.906982421875,-0.344970703125,0.23193359375,-10.80322265625,1.46484375,-5.859375,31.78696632385254,-75.08517456054688,-18.776573181152344
-0.9208984375,-0.353515625,0.263427734375,-10.07080078125,0.3662109375,-4.33349609375,32.880447387695305,-75.077880859375,-18.606237411499023
-0.895263671875,-0.3466796875,0.268798828125,-8.48388671875,1.953125,-3.662109375,33.96586227416992,-75.00955200195312,-18.475536346435547
-0.90185546875,-0.314208984375,0.2626953125,-5.92041015625,1.3427734375,-5.06591796875,35.01710891723633,-74.82025909423828,-18.318256378173828
-0.920654296875,-0.34521484375,0.280517578125,-8.48388671875,-0.8544921875,-5.06591796875,35.96406173706055,-74.662841796875,-18.044414520263672
-0.978759765625,-0.36279296875,0.274169921875,-8.60595703125,-0.8544921875,-6.2255859375,36.855751037597656,-74.57173156738281,-17.810688018798828
-0.9345703125,-0.341796875,0.272216796875,-10.31494140625,-2.74658203125,-8.6669921875,37.60357666015625,-74.48030853271484,-17.492271423339847
-0.889404296875,-0.36669921875,0.28564453125,-10.80322265625,-1.3427734375,-8.85009765625,38.24367141723633,-74.41828155517578,-17.220012664794922
-0.899658203125,-0.358642578125,0.259521484375,-9.58251953125,2.44140625,-7.9345703125,38.97563934326172,-74.48110961914062,-17.158981323242188
-0.898681640625,-0.363037109375,0.25732421875,-8.72802734375,2.25830078125,-6.89697265625,39.71265411376953,-74.50157928466797,-17.07388687133789
-0.9248046875,-0.352294921875,0.25146484375,-8.544921875,1.15966796875,-7.568359375,40.43123245239258,-74.49876403808594,-16.946643829345707
-0.908935546875,-0.349365234375,0.257080078125,-8.7890625,-1.89208984375,-8.6669921875,41.03787231445313,-74.38720703125,-16.65669822692871
-0.883056640625,-0.37353515625,0.260498046875,-7.9345703125,-2.86865234375,-9.27734375,41.52033996582031,-74.21662139892578,-16.323450088500973
-0.93505859375,-0.372802734375,0.24462890625,-6.89697265625,-1.77001953125,-9.27734375,42.05479431152344,-74.10665130615234,-16.087848663330078
-0.91259765625,-0.383544921875,0.265380859375,-8.36181640625,-2.197265625,-9.94873046875,42.48805618286133,-73.99172973632812,-15.800386428833008
-0.903564453125,-0.369140625,0.260986328125,-7.8125,-1.220703125,-8.1787109375,43.00266647338867,-73.86618041992188,-15.532234191894533
-0.908203125,-0.355224609375,0.269287109375,-8.4228515625,-2.44140625,-6.77490234375,43.561710357666016,-73.66951751708984,-15.150409698486328
-0.912109375,-0.3720703125,0.274658203125,-9.3994140625,-3.60107421875,-7.14111328125,44.043190002441406,-73.47727966308594,-14.712516784667967
-0.918212890625,-0.38525390625,0.26220703125,-9.94873046875,-2.74658203125,-5.43212890625,44.57122039794922,-73.37232208251953,-14.328237533569336
-0.935302734375,-0.396484375,0.256103515625,-11.16943359375,-1.28173828125,-4.08935546875,45.14685440063477,-73.39039611816406,-14.023489952087402
-0.913818359375,-0.38916015625,0.24267578125,-10.80322265625,-2.9296875,-6.16455078125,45.6044807434082,-73.37339782714844,-13.672664642333984
-0.93359375,-0.386474609375,0.266357421875,-10.19287109375,-4.33349609375,-7.38525390625,45.9908218383789,-73.22163391113281,-13.211894989013672
-0.920166015625,-0.37646484375,0.26318359375,-8.4228515625,-6.9580078125,-7.99560546875,46.31547546386719,-72.894775390625,-12.608708381652832
-0.89794921875,-0.393310546875,0.255126953125,-7.62939453125,-6.77490234375,-7.9345703125,46.583946228027344,-72.58348083496094,-12.043966293334961
-0.888427734375,-0.396484375,0.273681640625,-7.38525390625,-4.5166015625,-6.103515625,46.909141540527344,-72.2807388305664,-11.537164688110352
-0.889404296875,-0.388671875,0.25146484375,-6.2255859375,-3.47900390625,-6.34765625,47.2530403137207,-72.04251861572266,-11.13990879058838
-0.90380859375,-0.412353515625,0.253173828125,-6.28662109375,-6.7138671875,-10.3759765625,47.36206817626953,-71.75942993164062,-10.656097412109377
-0.9052734375,-0.42578125,0.251708984375,-4.7607421875,-7.62939453125,-9.58251953125,47.462486267089844,-71.39586639404297,-10.12883472442627
-0.882568359375,-0.406005859375,0.267333984375,-6.8359375,-7.14111328125,-6.40869140625,47.68374633789063,-71.02294921875,-9.520590782165527
-0.875732421875,-0.419921875,0.28076171875,-9.6435546875,-3.11279296875,0.42724609375,48.16186141967773,-70.81358337402344,-8.99551773071289
-0.874755859375,-0.417724609375,0.270263671875,-8.85009765625,-3.11279296875,2.8076171875,48.71937561035156,-70.56510162353516,-8.442093849182129
-0.8671875,-0.405517578125,0.25341796875,-9.1552734375,-5.79833984375,5.4931640625,49.34424209594727,-70.20241546630861,-7.700335502624513
-0.845703125,-0.423583984375,0.283447265625,-10.1318359375,-6.04248046875,6.65283203125,49.90377426147461,-69.76640319824219,-6.8535661697387695
-0.8642578125,-0.421142578125,0.264404296875,-10.43701171875,-4.150390625,5.2490234375,50.45043182373047,-69.51718139648439,-6.195788383483888
-0.85595703125,-0.421630859375,0.25537109375,-9.6435546875,-3.173828125,5.92041015625,51.0088005065918,-69.29470062255861,-5.598196983337402
-0.87744140625,-0.435302734375,0.26171875,-8.85009765625,-0.91552734375,10.19287109375,51.72860336303711,-69.07007598876953,-5.037517070770264
-0.875732421875,-0.4228515625,0.25537109375,-7.32421875,-1.8310546875,12.51220703125,52.516075134277344,-68.69172668457031,-4.358500957489014
-0.916748046875,-0.419189453125,0.2509765625,-7.32421875,-3.662109375,12.451171875,53.29365921020508,-68.23553466796875,-3.5716571807861333
-0.885009765625,-0.4013671875,0.25439453125,-7.50732421875,-6.2255859375,9.21630859375,53.87631225585938,-67.669189453125,-2.656178474426269
-0.87158203125,-0.42578125,0.261962890625,-6.89697265625,-4.45556640625,11.1083984375,54.46277236938477,-67.13722229003906,-1.8070998191833496
-0.85400390625,-0.4150390625,0.265869140625,-5.9814453125,-2.5634765625,15.68603515625,55.21387100219727,-66.52397918701172,-0.9178524017333984
-0.851318359375,-0.389404296875,0.255859375,-5.2490234375,-1.28173828125,21.728515625,56.22075653076172,-65.78377532958984,0.08477783203125
-0.843505859375,-0.394775390625,0.247314453125,-5.4931640625,-0.48828125,27.89306640625,57.40362167358398,-64.95416259765625,1.2176990509033203
-0.866943359375,-0.387451171875,0.251708984375,-2.86865234375,-0.244140625,33.99658203125,58.78563690185547,-63.788551330566406,2.608344078063965
-0.865478515625,-0.37158203125,0.2705078125,-2.685546875,-1.15966796875,44.25048828125,60.44835662841797,-62.04116821289063,4.621319770812988
-0.885009765625,-0.3447265625,0.26025390625,-2.50244140625,-1.77001953125,50.72021484375,62.29891967773438,-59.83402633666992,7.130438804626465
-0.849365234375,-0.333984375,0.251953125,-3.35693359375,-2.62451171875,59.50927734375,64.29119110107422,-56.97282409667969,10.386533737182617
-0.87548828125,-0.323974609375,0.2529296875,-5.79833984375,-0.42724609375,69.27490234375,66.52704620361328,-53.4283676147461,14.459827423095705
-0.885986328125,-0.314453125,0.25439453125,-5.67626953125,0.79345703125,77.57568359375,68.85486602783203,-48.74294662475586,19.711315155029297
-0.917236328125,-0.274658203125,0.248046875,-4.69970703125,2.01416015625,87.646484375,71.2962875366211,-42.07817077636719,26.959197998046875
-0.880615234375,-0.22705078125,0.25341796875,-3.11279296875,1.46484375,96.435546875,73.49272918701172,-32.322628021240234,37.31982803344727
-0.87646484375,-0.179443359375,0.24462890625,-1.220703125,0.1220703125,99.54833984375,75.05741882324219,-19.36638069152832,50.912681579589844
-0.865966796875,-0.194580078125,0.2490234375,-0.54931640625,0.30517578125,104.91943359375,75.73151397705078,-4.004906177520752,67.02081298828125
-0.889404296875,-0.15185546875,0.24365234375,1.15966796875,7.2021484375,116.2109375,75.57428741455078,13.710456848144533,85.52589416503906
-0.917236328125,-0.117431640625,0.234130859375,2.99072265625,9.521484375,126.0986328125,74.15727996826172,30.82633399963379,103.35306549072266
-0.889892578125,-0.020263671875,0.1865234375,5.55419921875,10.19287109375,135.7421875,71.4398422241211,45.25585174560547,118.3105239868164
-0.92529296875,0.031494140625,0.2255859375,0.732421875,1.8310546875,136.3525390625,67.69042205810547,54.189537048339844,127.85740661621094
-0.880859375,-0.0048828125,0.23486328125,-1.5869140625,9.09423828125,142.51708984375,63.67290878295898,60.57483673095703,135.0616455078125
-0.800048828125,0.0205078125,0.24951171875,-2.74658203125,14.6484375,154.1748046875,59.11780166625977,65.46446990966797,140.9677276611328
-0.78564453125,0.09423828125,0.217041015625,-0.8544921875,32.77587890625,175.9033203125,53.82609176635742,70.5217056274414,147.2740936279297
-0.8564453125,0.21240234375,0.139892578125,3.0517578125,45.47119140625,187.07275390625,48.01494979858398,75.29962158203125,153.32345581054688
-0.89501953125,0.318359375,0.090087890625,2.8076171875,46.875,194.03076171875,41.73089599609375,78.96072387695312,158.31080627441406
-0.86865234375,0.335205078125,0.18408203125,-0.3662109375,41.32080078125,192.32177734375,35.44327926635742,80.96350860595703,161.84024047851562
-0.828857421875,0.39990234375,0.197509765625,-4.7607421875,40.34423828125,187.255859375,29.331287384033203,82.10318756103516,164.78208923339844
-0.763671875,0.405029296875,0.14208984375,-12.5732421875,49.86572265625,188.04931640625,23.34981346130371,82.81639862060547,167.93417358398438
-0.870361328125,0.3837890625,0.133056640625,-10.92529296875,67.56591796875,193.4814453125,17.523080825805664,83.50724792480469,-188.33526611328125
-0.860595703125,0.52294921875,0.134521484375,-4.45556640625,62.56103515625,183.77685546875,11.979632377624512,84.0142593383789,-185.0197296142578
-0.759765625,0.65576171875,0.073486328125,-5.859375,46.81396484375,161.19384765625,7.141966342926025,84.18434143066406,-182.4899139404297
-0.61865234375,0.67236328125,0.077392578125,-18.98193359375,36.1328125,129.57763671875,3.4678533077239986,83.57568359375,-180.5256805419922
-0.558837890625,0.5751953125,0.082275390625,-28.86962890625,40.34423828125,115.478515625,0.5601990222930908,82.4366683959961,-178.39932250976562
-0.625732421875,0.503173828125,0.059326171875,-25.93994140625,47.7294921875,106.99462890625,-1.6519004106521606,81.38743591308594,-175.9430389404297
-0.85205078125,0.52685546875,0.068115234375,-11.04736328125,34.85107421875,106.62841796875,-3.6823303699493413,80.86991882324219,-173.93569946289062
-0.88525390625,0.6669921875,0.026611328125,-0.79345703125,11.8408203125,109.619140625,-6.025370121002197,80.89537048339844,-172.79962158203125
-0.790771484375,0.68798828125,-0.004638671875,-8.1787109375,-3.5400390625,130.4931640625,-9.322671890258787,80.71562957763672,-172.1514434814453
-0.574951171875,0.611083984375,-0.017822265625,-26.2451171875,1.220703125,156.18896484375,-13.65196418762207,79.75654602050781,-171.11538696289062
-0.595458984375,0.578857421875,-0.023193359375,-26.67236328125,5.37109375,161.07177734375,-17.973251342773438,78.6438217163086,-169.77362060546875
-0.540283203125,0.58642578125,-0.02197265625,-24.90234375,-1.15966796875,153.6865234375,-22.014141082763672,77.61910247802734,-168.65072631835938
-0.515380859375,0.62255859375,-0.010498046875,-33.203125,-5.79833984375,128.41796875,-25.07361602783203,76.32936096191406,-167.84744262695312
-0.75439453125,0.776611328125,-0.181640625,-51.025390625,-21.8505859375,109.130859375,-27.463348388671875,75.0162353515625,-167.9899444580078
-0.482177734375,0.5732421875,0.032958984375,-60.72998046875,-34.11865234375,102.23388671875,-29.67050170898437,73.10910034179688,-168.45236206054688
-0.262451171875,0.51416015625,0.05859375,-63.53759765625,-49.1943359375,96.0693359375,-32.02823257446289,71.42752075195312,-169.53602600097656
-0.10498046875,0.59033203125,0.04150390625,-54.01611328125,-47.66845703125,83.984375,-34.31968307495117,70.40147399902344,-170.76625061035156
-0.195068359375,0.666015625,0.0361328125,-46.20361328125,-38.4521484375,68.115234375,-35.68136978149414,69.67423248291016,-171.8515625
-0.462646484375,0.677978515625,0.078857421875,-47.42431640625,-60.36376953125,66.650390625,-36.90306854248047,69.31185913085939,-173.85072326660156
-0.396484375,0.60498046875,0.187255859375,-44.25048828125,-73.18115234375,84.47265625,-38.95823669433594,68.89012145996094,-175.91336059570312
-0.23388671875,0.56494140625,0.259033203125,-32.77587890625,-81.6650390625,103.08837890625,-41.99203109741211,68.73497772216797,-177.8802490234375
0.028076171875,0.6826171875,0.1162109375,0.3662109375,-86.24267578125,102.84423828125,-45.56932830810547,71.10189056396484,-180.82579040527344
0.0234375,0.915283203125,0.014892578125,25.45166015625,-88.43994140625,89.29443359375,-48.43573760986328,75.62696838378906,-184.9822998046875
-0.09521484375,1.1005859375,0.063720703125,36.1328125,-86.9140625,82.33642578125,-50.51771545410156,80.85298919677734,170.3969268798828
-0.208740234375,1.03564453125,-0.0380859375,15.07568359375,-104.91943359375,83.80126953125,-52.26413345336914,86.83218383789062,163.85719299316406
0.02197265625,0.924072265625,-0.01513671875,-5.2490234375,-134.3994140625,73.42529296875,-53.34856414794922,93.91297149658205,154.83782958984375
0.339111328125,0.92578125,0.07666015625,-0.244140625,-144.6533203125,43.88427734375,-53.07185363769531,101.30084991455078,145.3931427001953
0.702392578125,1.217529296875,0.04541015625,46.9970703125,-162.53662109375,46.2646484375,-43.79121017456055,126.61568450927734,114.81848907470705
0.71240234375,1.578857421875,0.025634765625,66.0400390625,-101.07421875,18.85986328125,-41.42012023925781,130.86656188964844,111.12092590332031
0.24658203125,1.553955078125,-0.0087890625,58.837890625,-69.39697265625,2.38037109375,-38.79747009277344,133.08326721191406,109.64239501953124
0.06396484375,1.22900390625,-0.164306640625,23.3154296875,-94.66552734375,0.18310546875,-35.13410186767578,134.41476440429688,107.27970886230469
0.19775390625,1.231689453125,0.01513671875,2.50244140625,-122.98583984375,-23.62060546875,-30.41406059265137,134.44815063476562,105.00171661376952
0.36865234375,1.416015625,0.14404296875,2.38037109375,-124.755859375,-60.11962890625,-25.011943817138672,133.62196350097656,103.83071899414062
0.1904296875,1.55126953125,0.0673828125,2.01416015625,-91.12548828125,-43.27392578125,-20.8544979095459,132.54714965820312,102.98491668701172
0.102783203125,1.47021484375,0.0205078125,-13.5498046875,-89.4775390625,5.7373046875,-18.18975830078125,131.3358154296875,100.593505859375
0.140869140625,1.279541015625,-0.0009765625,-25.81787109375,-94.66552734375,33.87451171875,-16.449520111083984,129.897216796875,97.15270233154295
0.081787109375,1.181884765625,0.002197265625,-27.03857421875,-98.08349609375,13.5498046875,-14.049803733825685,128.2113037109375,94.07552337646484
0.1611328125,1.226806640625,-0.033203125,-23.13232421875,-96.923828125,-14.892578125,-11.071024894714355,126.49549865722656,91.63429260253906
0.30712890625,1.252685546875,-0.052978515625,-24.169921875,-88.5009765625,-40.8935546875,-7.866227149963379,124.57687377929688,89.9361343383789
0.375732421875,1.231689453125,0.06591796875,-32.77587890625,-60.1806640625,-54.01611328125,-5.165580749511719,122.0019073486328,89.3099136352539
0.26123046875,1.072509765625,0.02685546875,-30.70068359375,-30.76171875,-71.35009765625,-2.464818954467773,119.50431060791016,89.84231567382812
0.007080078125,0.990478515625,0.028564453125,-25.0244140625,-18.1884765625,-80.26123046875,0.7589834332466125,117.29395294189452,90.78811645507812
-0.093017578125,1.06591796875,0.098388671875,-9.09423828125,-33.99658203125,-42.6025390625,3.056063413619995,115.67377471923828,90.31785583496094
0.0537109375,1.176513671875,0.109375,7.080078125,-37.59765625,7.99560546875,3.2020487785339355,114.68465423583984,88.75867462158203
0.1357421875,1.23388671875,0.033935546875,11.16943359375,-23.4375,34.24072265625,1.986433267593384,114.04827117919922,87.2818374633789
0.054931640625,1.124267578125,-0.0546875,-1.52587890625,-9.8876953125,14.09912109375,1.4460725784301758,113.12662506103516,86.6651840209961
-2.045654296875,2.6171875,1.02685546875,-7.99560546875,-9.8876953125,-9.6435546875,3.2575805187225337,111.4891128540039,86.39136505126953
-0.12890625,0.850830078125,-0.009521484375,5.79833984375,-26.611328125,27.40478515625,2.8466095924377437,110.82749938964844,84.95053100585938
0.057373046875,0.9853515625,0.031982421875,6.65283203125,-33.38623046875,30.1513671875,1.9550968408584597,110.12940216064452,83.23190307617188
-0.083251953125,0.96484375,0.0576171875,2.685546875,-22.8271484375,38.26904296875,0.9540138244628906,109.2786636352539,81.81942749023438
0.320068359375,1.24951171875,0.52392578125,-1.708984375,-25.20751953125,49.072265625,-1.128199577331543,107.71166229248048,80.22039794921875
0.11279296875,1.140625,0.2607421875,-3.173828125,-27.64892578125,42.48046875,-2.59757661819458,106.46397399902344,78.68489837646484
0.29443359375,0.9931640625,0.121337890625,-15.19775390625,-24.47509765625,21.3623046875,-3.6992871761322017,105.03289794921876,77.55628204345703
0.377197265625,0.96044921875,-0.054931640625,-6.4697265625,-16.78466796875,-4.8828125,-4.0344061851501465,104.36551666259766,76.9916000366211
0.0029296875,0.95556640625,0.02197265625,-7.01904296875,-0.732421875,-8.23974609375,-3.56093430519104,103.4476547241211,77.08654022216797
-0.231689453125,0.98876953125,0.04443359375,-7.62939453125,-3.35693359375,-0.42724609375,-2.8633904457092285,102.5207748413086,76.9912109375
-0.045654296875,1.142822265625,-0.3291015625,-11.8408203125,-4.150390625,25.5126953125,-3.6193184852600098,102.19485473632812,76.59928894042969
0.1787109375,0.980712890625,0.087158203125,-17.51708984375,-3.72314453125,18.6767578125,-4.587874412536621,100.83154296875,76.34850311279297
0.2431640625,0.974365234375,0.104248046875,-10.8642578125,-5.0048828125,8.056640625,-5.24370002746582,99.75579071044922,76.14999389648438
0.17041015625,1.000732421875,0.083251953125,-3.96728515625,-4.638671875,-5.859375,-5.162485122680664,99.02869415283205,76.06047058105469
0.106689453125,0.9619140625,0.10400390625,1.89208984375,-4.94384765625,-18.798828125,-4.442877292633057,98.49950408935548,76.0374984741211
-0.0126953125,1.02880859375,-0.002685546875,-4.82177734375,-4.7607421875,-26.18408203125,-3.1796228885650635,97.96156311035156,76.02781677246094
-0.28173828125,1.015380859375,0.02001953125,-14.58740234375,-2.38037109375,-12.87841796875,-1.9298962354660036,97.01658630371094,76.01398468017578
0.12353515625,0.91455078125,0.10546875,-14.83154296875,-4.39453125,13.671875,-4.381234645843507,94.09393310546876,75.07186889648438
0.1552734375,0.95263671875,0.113525390625,-8.7890625,-4.21142578125,4.150390625,-4.7279934883117685,93.31459045410156,74.92777252197266
0.1494140625,0.956787109375,0.08935546875,-4.21142578125,-4.7607421875,-5.18798828125,-4.675118446350098,92.80545043945312,74.77950286865234
0.109619140625,0.96826171875,0.058349609375,1.89208984375,-4.94384765625,-17.02880859375,-4.057988166809082,92.6308135986328,74.63798522949219
-0.04443359375,0.99267578125,0.046630859375,-4.94384765625,-5.4931640625,-22.8271484375,-2.8772101402282715,92.21713256835938,74.47415924072266
-0.205078125,0.908203125,0.178955078125,-12.0849609375,-4.0283203125,-10.80322265625,-1.8410223722457888,91.2098388671875,74.34674835205078
0.1669921875,0.93017578125,0.10107421875,-12.63427734375,-4.21142578125,9.58251953125,-4.340684890747069,88.75311279296875,73.62505340576172
0.134765625,0.932373046875,0.09765625,-7.080078125,-4.82177734375,0.3662109375,-4.511918544769287,88.28247833251953,73.44850158691406
0.136962890625,0.96435546875,0.059814453125,-1.46484375,-4.94384765625,-9.33837890625,-4.2856807708740225,88.1522216796875,73.24742126464844
0.046630859375,1.031982421875,-0.0087890625,-1.40380859375,-5.126953125,-21.17919921875,-3.379667997360229,88.18933868408203,73.01170349121094
-0.10595703125,1.004638671875,0.011962890625,-10.31494140625,-4.82177734375,-16.7236328125,-2.3476808071136475,87.81714630126953,72.79341888427734
-0.161865234375,0.91845703125,0.1181640625,-8.60595703125,-3.84521484375,-0.67138671875,-1.8437767028808596,87.26179504394531,72.64349365234375
-0.072021484375,1.044677734375,-0.0107421875,-7.38525390625,-4.08935546875,20.08056640625,-2.4213345050811768,87.08800506591797,72.51197814941406
0.11962890625,1.049560546875,0.006591796875,-14.0380859375,-4.0283203125,22.8271484375,-3.5000617504119877,86.61801147460938,72.39553833007812
0.142578125,0.971435546875,0.068603515625,-14.6484375,-4.45556640625,15.19775390625,-4.306378364562988,86.00029754638672,72.25862121582031
0.140625,0.9501953125,0.09033203125,-8.72802734375,-5.06591796875,2.74658203125,-4.590595722198486,85.59449768066406,72.0700912475586
0.122314453125,0.972412109375,0.074462890625,-3.84521484375,-5.0048828125,-6.89697265625,-4.432074069976807,85.44386291503906,71.85077667236328
0.14453125,1.0439453125,-0.04248046875,-0.18310546875,-4.69970703125,-14.892578125,-3.9910171031951904,85.7103271484375,71.59899139404297
-0.085205078125,0.9677734375,0.0791015625,-9.1552734375,-5.2490234375,-16.845703125,-2.98081636428833,85.329833984375,71.33851623535156
-0.152587890625,0.956298828125,0.059326171875,-9.09423828125,-4.69970703125,-2.685546875,-2.415383815765381,85.00450897216797,71.13777160644531
-0.107666015625,1.02978515625,-0.077880859375,-5.2490234375,-4.0283203125,12.939453125,-2.6125242710113525,85.15258026123047,71.00411987304688
