0.104248046875,1.038330078125,0.01708984375,-4.69970703125,-6.8359375,-8.23974609375,-1.627697229385376,80.17599487304688,-84.37448120117188
-0.6640625,0.938720703125,0.01220703125,-10.7421875,-2.685546875,-11.65771484375,-0.8472403287887573,80.81209564208984,-84.58553314208984
0.05322265625,0.8837890625,0.0732421875,-26.123046875,21.91162109375,6.65283203125,-1.0681359767913818,79.91402435302734,-83.67845153808594
0.274658203125,1.02099609375,0.001220703125,-19.71435546875,21.1181640625,-8.544921875,-1.1352987289428709,79.47975158691406,-82.90969848632812
0.5029296875,1.091064453125,0.0087890625,-26.55029296875,68.66455078125,-19.34814453125,-0.4905661642551422,78.75126647949219,-80.35599517822266
-0.09130859375,1.5986328125,-0.2080078125,-33.5693359375,138.7939453125,-28.13720703125,1.8438782691955569,78.1838607788086,-75.145751953125
-0.291748046875,1.777587890625,-0.237548828125,-52.6123046875,98.876953125,-20.8740234375,3.7878918647766113,76.99797058105469,-71.43490600585938
-0.42578125,1.703125,-0.173095703125,-72.69287109375,5.126953125,-19.83642578125,5.1358604431152335,74.632080078125,-71.40479278564453
-0.237060546875,1.83837890625,-0.114501953125,-69.2138671875,-144.83642578125,1.28173828125,3.5540413856506348,72.16571807861328,-76.8956527709961
0.1962890625,1.9208984375,-0.026611328125,-65.49072265625,-169.37255859375,14.22119140625,0.4891672730445862,70.03971862792969,-83.07252502441406
0.4736328125,1.837158203125,0.048583984375,-52.30712890625,-96.98486328125,20.3857421875,-2.226334810256958,68.649169921875,-86.40502166748047
0.2060546875,1.54345703125,0.0859375,-30.21240234375,14.83154296875,13.0615234375,-2.7111077308654785,68.10015869140625,-85.6863784790039
-0.07373046875,1.312744140625,0.044189453125,-12.20703125,6.77490234375,0.18310546875,-2.3900012969970703,68.36435699462889,-85.46794128417969
-0.18408203125,1.10498046875,0.047119140625,3.41796875,-61.95068359375,-13.36669921875,-2.303627252578736,69.34511566162111,-88.00340270996094
-0.13232421875,0.9052734375,0.0283203125,21.30126953125,-167.48046875,-30.57861328125,-2.9721720218658447,71.22261047363281,-94.74812316894531
-0.132080078125,0.7744140625,0.06640625,38.330078125,-218.26171875,-36.865234375,-3.6647119522094727,73.79454803466797,-103.5358657836914
-0.082763671875,0.76611328125,0.034912109375,59.26513671875,-248.96240234375,-35.46142578125,-4.427070140838623,77.4912338256836,-113.56524658203124
-0.019287109375,0.822265625,0.006103515625,77.1484375,-248.4130859375,-32.470703125,-4.672869682312012,81.837158203125,-123.60464477539062
0.010009765625,0.889892578125,-0.02783203125,86.97509765625,-224.67041015625,-27.4658203125,-4.313521385192871,86.4046630859375,-132.68548583984378
-0.05224609375,0.96484375,-0.054443359375,88.8671875,-199.15771484375,-21.66748046875,-3.293141365051269,90.77239990234376,-140.6787109375
-0.071044921875,1.05126953125,-0.117919921875,83.67919921875,-203.125,-19.59228515625,-1.8186763525009155,94.68907165527344,-148.7467498779297
0.017822265625,0.900390625,-0.02197265625,78.67431640625,-193.4814453125,-14.09912109375,-0.3670994639396668,97.83434295654295,-156.35537719726562
0.171142578125,0.6904296875,0.115234375,91.36962890625,-151.4892578125,-5.92041015625,0.0815977156162262,100.81903076171876,-162.298583984375
0.3662109375,0.556884765625,0.084716796875,117.37060546875,-56.82373046875,-6.65283203125,-0.3908529281616211,104.87134552001952,-164.4921417236328
0.25146484375,0.572265625,-0.03759765625,124.69482421875,19.10400390625,-10.8642578125,-1.102832555770874,109.43408966064452,-163.66390991210938
-0.0146484375,0.643310546875,-0.099365234375,114.3798828125,88.623046875,-6.4697265625,-1.6530755758285522,113.41252899169922,-160.24879455566406
-0.26025390625,0.69140625,-0.050048828125,109.43603515625,49.9267578125,-0.244140625,-1.6405867338180542,117.02233123779295,-158.39564514160156
2.449951171875,1.35400390625,1.041015625,73.486328125,350.76904296875,0.30517578125,-9.937376976013184,117.53925323486328,-145.93605041503906
-1.10888671875,0.86474609375,-0.09423828125,-39.00146484375,314.94140625,67.5048828125,-15.592705726623535,112.85855865478516,-135.44712829589844
-0.491943359375,0.664306640625,0.113037109375,-100.15869140625,113.6474609375,-7.14111328125,-15.142166137695312,106.61428833007812,-130.74195861816406
-0.504638671875,0.53759765625,0.016845703125,-104.98046875,-22.03369140625,-15.7470703125,-12.398153305053713,102.05387115478516,-131.39779663085938
-0.275634765625,0.60009765625,-0.3349609375,-98.876953125,-153.38134765625,8.60595703125,-11.694429397583008,100.32093811035156,-137.80447387695312
-0.078857421875,0.72900390625,-0.62939453125,-79.1015625,-111.572265625,39.48974609375,-11.89441204071045,99.30044555664062,-142.8156280517578
-0.1416015625,0.69482421875,-0.040283203125,-113.46435546875,-5.55419921875,80.74951171875,-14.154060363769533,94.65972900390624,-143.4436492919922
0.2705078125,0.70458984375,0.28857421875,-104.43115234375,-42.8466796875,69.580078125,-17.562273025512695,89.91270446777344,-145.0479736328125
0.37890625,0.780029296875,-0.054931640625,-52.1240234375,23.4375,19.4091796875,-18.64666175842285,87.65253448486328,-144.0814666748047
0.106201171875,0.634521484375,0.133056640625,-44.677734375,3.173828125,-42.6025390625,-16.581501007080078,85.45519256591797,-143.92799377441406
-0.476806640625,0.816650390625,-0.037353515625,-23.62060546875,-3.90625,-56.396484375,-12.497624397277832,84.95597839355469,-144.39102172851562
-0.072998046875,0.960205078125,0.0185546875,-21.97265625,-20.44677734375,4.150390625,-12.076383590698242,84.39752960205078,-145.24649047851562
-0.238037109375,1.047607421875,-0.12646484375,-13.3056640625,-17.7001953125,7.6904296875,-11.50248908996582,84.48453521728516,-146.04002380371094
-0.188720703125,0.918701171875,-0.0263671875,-18.12744140625,-34.5458984375,7.080078125,-10.83409309387207,84.0757827758789,-147.4314727783203
-0.051513671875,0.857666015625,0.057373046875,-9.033203125,-43.39599609375,4.33349609375,-10.616710662841797,84.10887145996094,-149.18673706054688
0.058349609375,0.906494140625,-0.0625,30.57861328125,-17.822265625,16.7236328125,-10.32229995727539,88.73883056640625,-157.41712951660156
-0.209716796875,0.828125,0.06298828125,38.26904296875,-34.97314453125,16.66259765625,-10.311257362365724,90.69281005859376,-158.8590545654297
-0.00390625,0.98486328125,-0.183349609375,59.5703125,-65.49072265625,5.67626953125,-10.01034450531006,93.92687225341795,-161.58494567871094
-0.010986328125,1.09326171875,-0.437744140625,64.39208984375,-66.0400390625,7.14111328125,-9.616473197937012,97.65882110595705,-164.3895721435547
0.008056640625,1.19580078125,-0.299560546875,52.42919921875,-70.80078125,-5.7373046875,-8.56081485748291,100.81616973876952,-167.27395629882812
-0.11181640625,0.899658203125,-0.029296875,6.53076171875,-71.71630859375,1.15966796875,-7.4426727294921875,101.10498809814452,-170.06973266601562
-0.035400390625,0.93017578125,-0.136474609375,9.8876953125,-66.95556640625,8.97216796875,-6.876246929168701,101.71470642089844,-172.7690887451172
0.0478515625,0.9931640625,-0.24609375,2.86865234375,-55.35888671875,0.42724609375,-6.542123794555664,102.1563491821289,-174.96090698242188
0.396484375,0.96044921875,-0.41064453125,-1.953125,-80.810546875,-29.47998046875,-5.253522396087647,102.77484893798828,-177.91746520996094
0.1865234375,1.15185546875,-0.14599609375,-8.9111328125,-72.021484375,-55.6640625,-2.6102395057678223,102.34500122070312,-180.21792602539062
0.03955078125,0.987060546875,-0.178466796875,-12.26806640625,-56.57958984375,-74.70703125,1.023823380470276,101.67610931396484,-181.79083251953125
-0.3037109375,0.94384765625,-0.041748046875,-7.99560546875,-40.52734375,-49.74365234375,3.945976972579956,100.94364166259766,-182.99620056152344
-0.45751953125,0.90087890625,-0.05078125,6.89697265625,-1.89208984375,18.73779296875,4.115334987640382,100.91633605957031,-183.2386016845703
-0.047607421875,0.636962890625,-0.1259765625,49.1943359375,5.126953125,41.68701171875,2.8166828155517583,102.99112701416016,-183.3754425048828
-0.106689453125,1.23779296875,-0.5322265625,45.7763671875,7.50732421875,57.861328125,0.5772334337234497,105.20697021484376,-183.63522338867188
-0.04541015625,1.128173828125,-0.361083984375,3.662109375,5.43212890625,48.03466796875,-1.2614357471466064,105.44180297851562,-183.93885803222656
0.03369140625,1.01416015625,-0.2041015625,-17.9443359375,-2.38037109375,23.74267578125,-2.4138014316558842,104.94519805908205,-184.28533935546875
0.025634765625,1.0166015625,-0.1484375,-42.90771484375,-17.822265625,-33.87451171875,-0.8921877145767212,102.95907592773438,-184.63470458984372
-0.111328125,0.897705078125,-0.130859375,-42.96875,-26.0009765625,-48.64501953125,1.534070372581482,101.03620910644531,-185.2434844970703
-0.1494140625,0.95751953125,-0.16064453125,-32.53173828125,-21.91162109375,-40.71044921875,3.6450815200805664,99.69757080078124,-185.8128204345703
-0.331787109375,0.966552734375,-0.21728515625,-23.86474609375,-17.15087890625,-13.24462890625,4.862123966217041,98.79586791992188,-186.40460205078125
-0.383544921875,0.994384765625,-0.318603515625,-23.86474609375,-17.39501953125,15.80810546875,4.946157932281494,98.09441375732422,-187.16879272460938
-0.272216796875,0.950439453125,-0.21630859375,-29.23583984375,-20.32470703125,37.353515625,3.821025133132935,97.1141128540039,-188.1596221923828
0.249755859375,0.76220703125,-0.031005859375,-17.15087890625,-31.1279296875,-4.638671875,3.3025007247924805,96.15689086914062,170.6208038330078
-0.10302734375,1.024658203125,-0.24853515625,-2.62451171875,-32.53173828125,-30.33447265625,4.739828109741211,96.25128173828124,169.4761199951172
-0.039794921875,1.185791015625,-0.3388671875,-5.92041015625,-23.681640625,-19.6533203125,5.472649097442627,96.18089294433594,168.63990783691406
-0.19921875,0.974609375,-0.123291015625,-0.42724609375,-15.56396484375,-18.12744140625,6.496106147766112,96.13185119628906,168.0999298095703
-0.276123046875,0.951171875,-0.15576171875,17.15087890625,-26.91650390625,-14.7705078125,7.579665184020996,96.80097198486328,167.10458374023438
-0.302734375,1.036865234375,-0.301025390625,28.1982421875,-21.42333984375,20.32470703125,6.968552589416504,98.11874389648438,166.18116760253906
-0.1015625,0.963134765625,-0.2333984375,17.51708984375,-14.58740234375,18.49365234375,6.2839717864990225,98.9435577392578,165.51220703125
-0.215576171875,0.989013671875,-0.263671875,1.77001953125,-21.8505859375,9.70458984375,6.264899730682372,99.13182067871094,164.6053466796875
-0.404541015625,0.86328125,-0.10791015625,-12.26806640625,-23.4375,-3.23486328125,6.613079071044923,98.98106384277344,163.74319458007812
-0.296142578125,1.029052734375,-0.533935546875,-20.01953125,-23.74267578125,0.1220703125,7.075015068054199,98.75724029541016,162.8758544921875
-0.453857421875,0.77197265625,-0.048828125,-18.37158203125,-26.4892578125,-21.17919921875,8.966215133666992,97.69707489013672,161.90757751464844
-0.2880859375,0.96435546875,-0.156982421875,-8.6669921875,-27.28271484375,-14.6484375,9.941965103149414,97.3783721923828,160.92031860351562
-0.329833984375,1.165771484375,-0.296875,-5.18798828125,-13.73291015625,11.8408203125,9.760990142822266,97.3186492919922,160.3474884033203
-0.308349609375,1.23291015625,-0.299072265625,-11.3525390625,-9.3994140625,29.47998046875,8.79931354522705,97.0108413696289,159.85507202148438
-0.225341796875,1.318115234375,-0.34326171875,-13.5498046875,-7.9345703125,34.97314453125,7.4470014572143555,96.71100616455078,159.41114807128906
-0.2353515625,1.4443359375,-0.40087890625,-20.8740234375,-11.71875,31.73828125,6.305328369140625,96.13441467285156,158.8374786376953
-0.221435546875,1.459716796875,-0.4208984375,-29.11376953125,-18.85986328125,27.34375,5.380262851715088,95.2582550048828,158.01095581054688
-0.191162109375,1.399169921875,-0.35009765625,-39.48974609375,-22.39990234375,22.0947265625,4.685338973999023,93.88957977294922,157.06715393066406
-0.197998046875,1.3251953125,-0.250244140625,-46.44775390625,-21.30126953125,25.146484375,3.879096984863281,92.21633911132812,156.1751708984375
-0.160400390625,1.286376953125,-0.23876953125,-48.27880859375,-13.18359375,37.17041015625,2.537285566329956,90.56542205810548,155.6250457763672
-0.005859375,1.207763671875,-0.18359375,-52.490234375,-2.62451171875,50.84228515625,0.3505803644657135,88.69947052001953,155.53985595703125
0.1806640625,1.11181640625,-0.114990234375,-39.1845703125,6.16455078125,43.15185546875,-1.7376673221588137,87.39607238769531,155.84645080566406
0.2314453125,1.137451171875,-0.173828125,-27.7099609375,4.150390625,14.46533203125,-2.687398195266724,86.70361328125,156.0309600830078
0.158447265625,1.1572265625,-0.2294921875,-32.16552734375,-1.953125,-18.37158203125,-2.11859393119812,85.95344543457031,155.8848876953125
0.026611328125,1.111572265625,-0.205810546875,-63.8427734375,-12.6953125,-59.814453125,0.2418406456708908,83.97003173828125,155.15570068359375
0.0400390625,1.03076171875,-0.15283203125,-88.623046875,-19.47021484375,-77.69775390625,3.116363525390625,80.94727325439453,153.9912872314453
0.008056640625,0.912841796875,-0.112060546875,-100.4638671875,-20.56884765625,-84.47265625,6.259805679321289,77.36531829833984,152.58511352539062
-0.064208984375,0.8125,-0.056640625,-96.74072265625,-28.74755859375,-83.49609375,9.145777702331543,73.87710571289062,150.7076416015625
-0.0859375,0.7998046875,-0.016357421875,-92.83447265625,-31.79931640625,-78.43017578125,11.637331008911133,70.43920135498047,148.61978149414062
-0.014404296875,0.804931640625,-0.0009765625,-94.23828125,-29.4189453125,-72.44873046875,13.451760292053224,66.94013977050781,146.59225463867188
-0.066162109375,0.712646484375,0.125732421875,-92.10205078125,-18.1884765625,-70.556640625,15.392415046691895,63.30354690551758,144.8245391845703
-0.14208984375,0.6796875,0.1552734375,-83.19091796875,-20.44677734375,-73.91357421875,17.466253280639652,59.89730834960938,142.76559448242188
-0.182861328125,0.73486328125,0.114990234375,-78.9794921875,-26.06201171875,-78.79638671875,19.51027107238769,56.6576042175293,140.32424926757812
-0.20166015625,0.750732421875,0.165283203125,-81.9091796875,-25.08544921875,-75.62255859375,21.27176284790039,53.262184143066406,137.8831787109375
-0.28271484375,0.7255859375,0.226318359375,-74.40185546875,-19.53125,-68.603515625,22.95130920410156,50.10262680053711,135.66415405273438
-0.30224609375,0.750244140625,0.20703125,-66.71142578125,-19.775390625,-61.46240234375,24.24073600769043,47.43011474609375,133.62742614746094
-0.2783203125,0.761474609375,0.210205078125,-67.626953125,-19.10400390625,-59.814453125,25.344667434692386,44.77637481689453,131.63938903808594
-0.35986328125,0.69921875,0.29638671875,-66.95556640625,-17.39501953125,-62.98828125,26.634618759155273,41.83023452758789,129.43719482421878
-0.40283203125,0.660400390625,0.31982421875,-60.4248046875,-23.98681640625,-66.40625,27.806255340576172,38.894432067871094,126.83714294433594
-0.439453125,0.666748046875,0.3203125,-57.0068359375,-30.029296875,-67.9931640625,28.715747833251953,36.00571060180664,123.993408203125
-0.410888671875,0.670654296875,0.365478515625,-55.11474609375,-34.3017578125,-65.91796875,29.1652774810791,33.145458221435554,121.08956909179688
-0.306640625,0.67578125,0.36376953125,-49.74365234375,-36.4990234375,-67.626953125,29.116878509521484,30.60503578186035,118.14744567871094
-0.377197265625,0.703857421875,0.400146484375,-36.2548828125,-30.94482421875,-70.4345703125,29.40652275085449,28.60765647888184,115.20877075195312
-0.428466796875,0.751953125,0.348876953125,-23.8037109375,-30.21240234375,-67.7490234375,29.726055145263672,27.35052299499512,112.48175811767578
-0.461181640625,0.80859375,0.30810546875,-20.3857421875,-28.4423828125,-62.92724609375,30.017093658447266,26.515289306640625,110.07819366455078
-0.426513671875,0.8173828125,0.33984375,-24.35302734375,-30.57861328125,-63.29345703125,30.110095977783203,25.455196380615234,107.60297393798828
-0.465087890625,0.7578125,0.380126953125,-26.85546875,-31.18896484375,-66.58935546875,30.25395774841309,24.078601837158203,104.90730285644531
-0.51171875,0.714599609375,0.439697265625,-24.59716796875,-31.73828125,-67.3828125,30.397220611572266,22.59099578857422,102.07979583740234
-0.548828125,0.689208984375,0.458251953125,-18.6767578125,-31.6162109375,-64.3310546875,30.47639274597168,21.37664031982422,99.3755340576172
-0.465576171875,0.65625,0.459228515625,-18.73779296875,-34.36279296875,-68.90869140625,30.324787139892575,20.085289001464844,96.45951080322266
-0.551025390625,0.633056640625,0.479736328125,-19.1650390625,-37.29248046875,-83.3740234375,30.415210723876953,18.24856948852539,92.77179718017578
-0.6591796875,0.65576171875,0.47705078125,-14.7705078125,-43.9453125,-92.10205078125,30.354360580444336,16.471866607666016,88.68028259277344
-0.666748046875,0.70751953125,0.438720703125,-19.83642578125,-45.0439453125,-90.63720703125,30.15843772888184,14.71705150604248,84.75646209716797
-0.63037109375,0.7099609375,0.445068359375,-24.7802734375,-43.76220703125,-86.0595703125,29.804790496826172,12.957978248596193,81.11246490478516
-0.609619140625,0.684814453125,0.494384765625,-24.2919921875,-41.259765625,-81.6650390625,29.35168647766113,11.366728782653807,77.72721099853516
-0.56396484375,0.6806640625,0.475830078125,-21.17919921875,-38.6962890625,-78.67431640625,28.868709564208984,10.116759300231934,74.58099365234375
-0.600341796875,0.656982421875,0.494140625,-22.03369140625,-40.0390625,-80.50537109375,28.32402420043945,8.782894134521483,71.34693145751953
-0.729248046875,0.6376953125,0.5205078125,-28.9306640625,-41.8701171875,-80.87158203125,27.84509658813477,7.077163219451903,68.05386352539061
-0.68994140625,0.610595703125,0.554931640625,-34.72900390625,-43.02978515625,-73.30322265625,27.129913330078125,5.351239204406738,65.14585876464844
-0.64599609375,0.53466796875,0.58251953125,-37.90283203125,-40.10009765625,-68.7255859375,26.44067001342773,3.512944459915161,62.43940734863281
-0.635498046875,0.462646484375,0.5986328125,-38.6962890625,-33.63037109375,-62.255859375,25.88331794738769,1.7984901666641235,60.07331085205078
-0.60986328125,0.494384765625,0.557861328125,-36.92626953125,-26.55029296875,-58.53271484375,25.573226928710934,0.4294053018093109,57.98956298828125
-0.67724609375,0.46630859375,0.61376953125,-36.1328125,-22.94921875,-56.0302734375,25.42585372924805,-0.967559576034546,55.985130310058594
-0.640869140625,0.467529296875,0.516357421875,-38.51318359375,-24.84130859375,-54.62646484375,25.23855972290039,-2.264842987060547,54.13508987426758
-0.778076171875,0.396484375,0.5869140625,-42.05322265625,-28.6865234375,-54.01611328125,24.972990036010746,-3.930049419403076,52.23440933227539
-0.703125,0.404296875,0.60693359375,-42.90771484375,-31.92138671875,-50.6591796875,24.392742156982425,-5.481141567230225,50.55907440185547
-0.64892578125,0.33203125,0.646240234375,-45.5322265625,-22.76611328125,-44.61669921875,24.08270835876465,-7.052614212036133,49.12834167480469
-0.6669921875,0.324951171875,0.67529296875,-38.6962890625,-17.2119140625,-42.66357421875,23.967884063720703,-8.307169914245605,47.78163146972656
-0.65478515625,0.2548828125,0.6884765625,-20.3857421875,-23.74267578125,-45.0439453125,23.6761531829834,-8.786494255065918,46.41873550415039
-0.615478515625,0.375732421875,0.583251953125,-20.263671875,-23.01025390625,-54.8095703125,23.293195724487305,-9.24332332611084,44.71044158935547
-0.697998046875,0.36328125,0.59619140625,-32.5927734375,-23.5595703125,-64.697265625,22.91576194763184,-10.430171966552734,42.55585479736328
-0.699951171875,0.35009765625,0.578857421875,-39.48974609375,-23.98681640625,-64.51416015625,22.566505432128906,-11.952686309814453,40.406898498535156
-0.894775390625,0.248779296875,0.685546875,-40.52734375,-25.08544921875,-52.79541015625,22.2818546295166,-13.511362075805664,38.72027206420898
-0.903076171875,0.218994140625,0.724609375,-31.06689453125,-43.212890625,-40.0390625,21.353364944458008,-14.413015365600586,37.79252624511719
-0.712158203125,0.27587890625,0.67333984375,-30.2734375,-46.142578125,-31.92138671875,20.2177734375,-14.882905006408693,37.34740447998047
-0.643798828125,0.191162109375,0.735107421875,-37.4755859375,-32.77587890625,-25.2685546875,19.54387855529785,-15.698834419250488,36.99056625366211
-0.615234375,0.171630859375,0.72216796875,-35.82763671875,-23.62060546875,-24.0478515625,19.223299026489254,-16.459711074829098,36.58868408203125
-0.654541015625,0.171875,0.717529296875,-31.06689453125,-24.47509765625,-32.40966796875,18.9438419342041,-17.07203483581543,35.88927459716797
-0.7802734375,0.23974609375,0.6689453125,-30.45654296875,-34.48486328125,-41.19873046875,18.327791213989254,-17.710317611694336,34.97823715209961
-0.752685546875,0.187744140625,0.710693359375,-35.46142578125,-39.24560546875,-38.39111328125,17.482995986938473,-18.540992736816406,34.237815856933594
-0.69091796875,0.111083984375,0.74951171875,-35.5224609375,-35.400390625,-32.89794921875,16.692764282226562,-19.387104034423828,33.659358978271484
-0.634521484375,0.09033203125,0.7666015625,-33.14208984375,-25.146484375,-28.3203125,16.291587829589847,-20.11721420288086,33.132553100585945
-0.659912109375,0.076416015625,0.763427734375,-31.18896484375,-19.6533203125,-26.9775390625,16.163579940795902,-20.79190444946289,32.58419418334961
-0.6796875,0.0947265625,0.760986328125,-28.99169921875,-18.12744140625,-26.91650390625,16.138248443603516,-21.35353279113769,32.03473281860352
-0.67041015625,0.09619140625,0.712890625,-27.52685546875,-16.845703125,-23.37646484375,16.249080657958984,-21.790069580078125,31.621807098388672
-0.65673828125,0.0869140625,0.725341796875,-27.16064453125,-15.2587890625,-20.20263671875,16.420787811279293,-22.180395126342773,31.316692352294922
-0.664306640625,0.072998046875,0.74462890625,-27.099609375,-13.5498046875,-19.6533203125,16.583162307739258,-22.575536727905273,31.01228332519531
-0.669921875,0.06494140625,0.73876953125,-23.681640625,-11.41357421875,-18.00537109375,16.913192749023438,-22.84853935241699,30.73803329467773
-0.665771484375,0.049560546875,0.744873046875,-21.1181640625,-9.033203125,-13.12255859375,17.377277374267578,-22.997241973876953,30.614707946777344
-0.64404296875,0.046142578125,0.751220703125,-18.12744140625,-6.89697265625,-7.080078125,17.91780662536621,-22.970170974731445,30.696704864501953
-0.6513671875,0.0283203125,0.7626953125,-15.2587890625,-3.23486328125,-4.638671875,18.64218521118164,-22.842267990112305,30.81312561035156
-0.65380859375,0.0458984375,0.729248046875,-15.19775390625,1.953125,-0.54931640625,19.64919090270996,-22.66347694396973,31.02099609375
-0.67333984375,0.016845703125,0.761962890625,-15.7470703125,2.86865234375,-0.30517578125,20.64690589904785,-22.605607986450195,31.202938079833984
-0.6982421875,0.021728515625,0.74365234375,-15.93017578125,-2.86865234375,-3.84521484375,21.39822006225586,-22.54392051696777,31.361141204833984
-0.6884765625,0.0263671875,0.75244140625,-14.70947265625,-3.41796875,-1.89208984375,22.107616424560547,-22.38227844238281,31.6225700378418
-0.69580078125,0.02978515625,0.733154296875,-14.16015625,-1.15966796875,-1.220703125,22.9090576171875,-22.21223258972168,31.87838363647461
-0.70458984375,0.043212890625,0.729736328125,-15.68603515625,-3.41796875,-5.9814453125,23.56349754333496,-22.136642456054688,31.99927520751953
-0.707763671875,0.040771484375,0.74267578125,-16.54052734375,-6.34765625,-8.7890625,24.03062629699707,-22.124534606933594,32.061241149902344
-0.682373046875,0.02490234375,0.748779296875,-17.7001953125,-7.26318359375,-8.7890625,24.37634658813477,-22.221498489379886,32.115341186523445
-0.698486328125,-0.00830078125,0.763916015625,-17.333984375,-7.9345703125,-7.99560546875,24.708993911743164,-22.309215545654297,32.207778930664055
-0.72314453125,0.01318359375,0.769775390625,-14.5263671875,-5.7373046875,-5.79833984375,25.179969787597656,-22.219778060913086,32.37588119506836
-0.74169921875,0.028564453125,0.756103515625,-14.404296875,-5.31005859375,-3.35693359375,25.73146247863769,-22.06209373474121,32.652416229248054
-0.70654296875,0.01025390625,0.732421875,-17.02880859375,-3.23486328125,1.953125,26.40006446838379,-21.96909713745117,33.10097885131836
-0.67431640625,0.01025390625,0.73681640625,-15.68603515625,-0.6103515625,2.0751953125,27.086408615112305,-21.81960868835449,33.52725601196289
-0.6962890625,0.001953125,0.723876953125,-16.845703125,-4.33349609375,-0.732421875,27.615442276000977,-21.77737045288086,33.889583587646484
-0.722412109375,0.0107421875,0.73583984375,-19.4091796875,-11.65771484375,-10.07080078125,27.743877410888672,-21.947250366210934,33.995716094970696
-0.739990234375,-0.005615234375,0.757080078125,-19.8974609375,-12.75634765625,-12.20703125,27.78479766845703,-22.199050903320312,34.020126342773445
-0.68896484375,-0.03173828125,0.763916015625,-19.71435546875,-11.16943359375,-9.33837890625,27.82764434814453,-22.42327880859375,34.12947463989258
-0.685302734375,-0.03955078125,0.7548828125,-18.85986328125,-6.65283203125,-7.50732421875,28.06893539428711,-22.62944602966309,34.231956481933594
-0.67626953125,-0.037841796875,0.751708984375,-16.357421875,-3.90625,-4.638671875,28.43732261657715,-22.68756484985352,34.416946411132805
-0.684814453125,-0.0517578125,0.73828125,-13.916015625,-1.89208984375,-1.220703125,28.966480255126953,-22.64600944519043,34.69058990478516
-0.688720703125,-0.04345703125,0.710693359375,-14.0380859375,-1.89208984375,-1.40380859375,29.50114440917969,-22.598966598510746,34.968311309814446
-0.703857421875,-0.043701171875,0.74462890625,-13.671875,-4.45556640625,-2.38037109375,29.88106346130371,-22.52200126647949,35.26174545288086
-0.689208984375,-0.0615234375,0.746826171875,-13.24462890625,-4.33349609375,0.1220703125,30.22293472290039,-22.38381576538086,35.65924072265625
-0.685791015625,-0.05859375,0.73974609375,-7.26318359375,1.0986328125,4.08935546875,30.848285675048828,-21.992834091186523,36.12321090698242
-0.69921875,-0.03515625,0.73486328125,-3.0517578125,3.0517578125,5.615234375,31.57999038696289,-21.372678756713867,36.65005874633789
-0.71826171875,-0.005859375,0.723876953125,-0.79345703125,2.62451171875,8.48388671875,32.388290405273445,-20.52776908874512,37.35486602783203
-0.68212890625,-0.005126953125,0.705078125,-3.173828125,2.44140625,14.58740234375,33.180221557617195,-19.64710807800293,38.336158752441406
-0.66845703125,-0.023681640625,0.717529296875,-5.06591796875,2.25830078125,15.07568359375,33.881114959716804,-18.875778198242188,39.3265495300293
-0.690185546875,-0.047119140625,0.74658203125,-4.0283203125,0.91552734375,12.939453125,34.482894897460945,-18.14225578308105,40.228702545166016
-0.702880859375,-0.0205078125,0.72119140625,-2.50244140625,1.77001953125,13.3056640625,35.12326431274414,-17.333797454833984,41.14921569824219
-0.719482421875,-0.04443359375,0.75439453125,-1.40380859375,3.173828125,15.44189453125,35.774436950683594,-16.500097274780273,42.11977767944336
-0.731689453125,-0.021240234375,0.733154296875,-0.42724609375,3.0517578125,14.70947265625,36.42712783813477,-15.588692665100098,43.10022735595703
-0.721435546875,-0.019775390625,0.71484375,1.3427734375,4.150390625,18.4326171875,37.1417121887207,-14.54400634765625,44.23344421386719
-0.710693359375,-0.005615234375,0.711669921875,2.3193359375,5.79833984375,20.44677734375,37.887290954589844,-13.384177207946776,45.47272491455078
-0.7216796875,0.0,0.717529296875,2.99072265625,5.615234375,16.78466796875,38.57151412963867,-12.344632148742676,46.52102279663086
-0.74365234375,0.014404296875,0.7109375,4.7607421875,0.732421875,13.48876953125,39.02842712402344,-11.257522583007812,47.49530029296875
-0.7509765625,0.007080078125,0.701416015625,5.79833984375,0.79345703125,18.1884765625,39.51365280151367,-10.028411865234377,48.68163299560547
-0.730712890625,0.006591796875,0.6875,8.30078125,3.90625,24.658203125,40.0662956237793,-8.521366119384767,50.16864013671875
-0.7353515625,0.03515625,0.682373046875,11.23046875,5.37109375,29.23583984375,40.71523666381836,-6.70045804977417,51.92681503295898
-0.714599609375,0.072998046875,0.6591796875,11.474609375,5.06591796875,31.43310546875,41.30377578735352,-4.70408296585083,53.87362289428711
-0.689697265625,0.08544921875,0.6474609375,9.521484375,5.31005859375,34.0576171875,41.78306198120117,-2.7431936264038086,55.93695068359375
-0.695556640625,0.050537109375,0.699951171875,11.5966796875,7.4462890625,39.306640625,42.235084533691406,-0.608940064907074,58.22425842285156
-0.713623046875,0.0732421875,0.6845703125,15.07568359375,10.80322265625,41.6259765625,42.7896614074707,1.7772892713546753,60.66938781738281
-0.738037109375,0.11669921875,0.654052734375,15.7470703125,12.3291015625,42.96875,43.4160041809082,4.360101222991943,63.288169860839844
-0.73828125,0.10302734375,0.66650390625,15.625,13.24462890625,49.13330078125,43.8975715637207,7.067337512969972,66.19009399414061
-0.74169921875,0.08447265625,0.697998046875,18.00537109375,10.986328125,51.33056640625,44.120094299316406,9.805461883544922,69.10952758789061
-0.743408203125,0.109619140625,0.6787109375,22.5830078125,10.31494140625,51.81884765625,44.216697692871094,12.811615943908693,72.10218811035156
-0.72900390625,0.165771484375,0.64990234375,23.86474609375,12.3291015625,53.64990234375,44.2707405090332,15.964484214782715,75.22498321533203
-0.700927734375,0.192138671875,0.61279296875,24.658203125,13.12255859375,61.5234375,44.134986877441406,19.438365936279297,78.76710510253906
-0.669677734375,0.2080078125,0.625732421875,26.611328125,14.6484375,65.97900390625,43.748130798339844,23.015178680419922,82.44415283203125
-0.706298828125,0.2529296875,0.62451171875,28.6865234375,15.93017578125,61.279296875,43.38962173461914,26.49208831787109,85.86603546142578
-0.78662109375,0.30517578125,0.607421875,29.296875,17.15087890625,61.8896484375,43.03586196899414,30.021747589111328,89.3189468383789
-0.748046875,0.298828125,0.595947265625,32.40966796875,16.4794921875,71.6552734375,42.22416305541992,33.820327758789055,93.06906127929688
-0.68017578125,0.296142578125,0.599365234375,33.99658203125,20.263671875,81.72607421875,41.10357666015625,37.677001953125,97.06871032714844
-0.67529296875,0.339599609375,0.600830078125,36.62109375,20.8740234375,79.7119140625,39.85258865356445,41.38198471069336,100.7994155883789
-0.75439453125,0.34814453125,0.59228515625,37.353515625,19.83642578125,74.52392578125,38.73196792602539,44.72288513183594,104.07746124267578
-0.80419921875,0.4033203125,0.570556640625,37.53662109375,13.97705078125,75.3173828125,37.355464935302734,47.85339736938477,107.04159545898438
-0.66748046875,0.42138671875,0.54541015625,36.865234375,10.92529296875,82.6416015625,35.41415405273437,50.79337692260742,109.9065170288086
-0.595458984375,0.3994140625,0.563720703125,34.1796875,15.0146484375,83.19091796875,33.358577728271484,53.36603546142578,112.6540298461914
-0.594482421875,0.480224609375,0.535888671875,36.43798828125,19.59228515625,79.40673828125,31.48489761352539,55.97135543823242,115.35130310058594
-0.741455078125,0.538330078125,0.5166015625,40.52734375,20.5078125,80.2001953125,29.76239585876465,58.70009994506836,117.99803924560548
-0.538330078125,0.61767578125,0.450439453125,41.07666015625,18.12744140625,85.8154296875,27.444337844848636,61.37308883666992,120.5396728515625
-0.59765625,0.5771484375,0.469970703125,33.99658203125,12.6953125,84.41162109375,25.15057373046875,63.35685348510742,122.6125030517578
-0.546875,0.605712890625,0.536376953125,35.21728515625,15.19775390625,82.33642578125,22.83052062988281,65.10456848144531,124.54244995117188
-0.551025390625,0.640625,0.461669921875,37.9638671875,22.15576171875,89.2333984375,20.411378860473636,67.14295196533203,126.81892395019531
-0.5849609375,0.680908203125,0.438720703125,40.34423828125,32.65380859375,97.35107421875,17.89451026916504,69.33241271972656,129.50778198242188
-0.56494140625,0.700439453125,0.40576171875,38.9404296875,30.70068359375,99.54833984375,15.234038352966307,71.30363464355469,132.00863647460938
-0.49755859375,0.676513671875,0.419677734375,37.65869140625,22.88818359375,103.271484375,12.279840469360352,72.87214660644531,134.08546447753906
-0.48681640625,0.7099609375,0.403076171875,42.29736328125,19.83642578125,114.92919921875,8.831090927124023,74.5047378540039,136.07199096679688
-0.48974609375,0.678955078125,0.47119140625,35.5224609375,28.80859375,127.25830078125,5.081304550170898,75.55851745605469,138.40385437011722
-0.5068359375,0.593017578125,0.552001953125,44.12841796875,29.9072265625,137.3291015625,1.0995075702667236,76.50991821289062,140.79660034179688
-0.322021484375,0.621337890625,0.47705078125,66.162109375,28.50341796875,150.390625,-3.6800172328948975,78.22931671142578,143.1967010498047
-0.2578125,0.683349609375,0.421142578125,74.27978515625,24.23095703125,138.18359375,-8.09144115447998,80.23799133300781,145.23268127441406
-0.2705078125,0.7529296875,0.347900390625,78.30810546875,13.427734375,114.990234375,-11.588643074035645,82.65469360351562,146.5377960205078
-0.245849609375,0.847900390625,0.218017578125,77.33154296875,-4.39453125,89.599609375,-14.119317054748535,85.40408325195312,146.80917358398438
-0.208984375,0.876708984375,0.169921875,68.359375,-11.29150390625,82.1533203125,-16.372509002685547,87.9325942993164,146.6144561767578
-0.1494140625,0.863037109375,0.152099609375,56.7626953125,-11.90185546875,78.06396484375,-18.574932098388672,90.04368591308594,146.25762939453125
-0.098388671875,0.85009765625,0.1337890625,48.27880859375,-10.009765625,65.7958984375,-20.23284149169922,91.73566436767578,145.91664123535156
-0.056884765625,0.84912109375,0.100341796875,44.49462890625,-7.38525390625,56.7626953125,-21.56014633178711,93.28789520263672,145.62586975097656
-0.1650390625,0.83984375,0.13671875,41.3818359375,-3.84521484375,51.45263671875,-22.35800552368164,94.46707153320312,145.52981567382812
-0.1591796875,0.845703125,0.1357421875,37.7197265625,1.52587890625,64.27001953125,-23.70280456542969,95.45384979248048,145.575927734375
-0.06884765625,0.8447265625,0.095703125,34.912109375,12.939453125,75.1953125,-25.6760311126709,96.2191162109375,146.0130615234375
0.008544921875,0.820068359375,0.096435546875,35.64453125,26.9775390625,78.857421875,-28.01875877380371,96.67888641357422,147.0667724609375
0.045166015625,0.8271484375,0.067138671875,45.8984375,33.63037109375,70.556640625,-30.038522720336914,97.4334945678711,148.43824768066406
-0.08642578125,1.067626953125,-0.098876953125,93.20068359375,27.16064453125,28.3203125,-33.02747344970703,105.55370330810548,153.01710510253906
-0.21923828125,1.161376953125,-0.166015625,95.5810546875,23.5595703125,25.146484375,-32.644664764404304,108.65332794189452,153.9481658935547
-0.3388671875,1.213623046875,-0.199951171875,87.0361328125,8.4228515625,33.63037109375,-32.34679412841797,111.77066040039062,154.05099487304688
-0.35400390625,1.23388671875,-0.222412109375,78.67431640625,-5.43212890625,44.921875,-32.237564086914055,114.9393539428711,153.3013458251953
-0.267822265625,1.261962890625,-0.290771484375,65.7958984375,-19.83642578125,51.81884765625,-32.205150604248054,118.0735321044922,151.6802215576172
-0.21142578125,1.23291015625,-0.273193359375,48.15673828125,-30.6396484375,54.13818359375,-32.01728057861328,120.60021209716795,149.58155822753906
-0.16455078125,1.189697265625,-0.254150390625,37.841796875,-33.99658203125,59.6923828125,-31.93672752380371,122.75326538085938,147.2161407470703
-0.1015625,1.162353515625,-0.24169921875,29.6630859375,-35.46142578125,64.39208984375,-32.03371810913086,124.5417251586914,144.6969757080078
-0.077880859375,1.158203125,-0.218505859375,25.57373046875,-36.0107421875,66.46728515625,-32.132091522216804,126.16505432128906,142.0892791748047
-0.0439453125,1.157958984375,-0.212158203125,22.88818359375,-36.9873046875,65.12451171875,-32.15880584716797,127.62321472167969,139.48362731933594
-0.076416015625,1.1416015625,-0.18603515625,15.9912109375,-35.58349609375,63.3544921875,-32.06454849243164,128.60922241210938,137.03236389160156
-0.0693359375,1.131103515625,-0.1650390625,5.67626953125,-36.62109375,65.185546875,-32.00494384765625,129.20933532714844,134.48196411132812
-0.026611328125,1.145263671875,-0.179443359375,2.62451171875,-40.771484375,60.11962890625,-31.73070907592773,129.68331909179688,131.92399597167972
-0.01513671875,1.1513671875,-0.16943359375,-1.15966796875,-46.38671875,46.875,-30.96162033081055,129.90669250488278,129.54972839355472
0.012451171875,1.135009765625,-0.101318359375,-7.38525390625,-51.81884765625,28.6865234375,-29.573772430419922,129.45394897460938,127.63215637207031
0.0712890625,1.15087890625,-0.074951171875,-8.85009765625,-46.93603515625,21.66748046875,-28.267620086669922,128.67869567871094,126.0933837890625
0.226806640625,1.1640625,-0.126220703125,-8.4228515625,-39.4287109375,10.3759765625,-27.18940353393555,127.77587127685548,125.04258728027344
0.412841796875,1.225341796875,-0.22216796875,-5.06591796875,-36.376953125,-29.052734375,-25.14718437194824,126.6680145263672,125.0540008544922
0.254150390625,1.232421875,-0.20068359375,-8.36181640625,-30.6396484375,-62.68310546875,-21.97355079650879,124.98831939697266,126.05609130859376
-0.032470703125,1.18310546875,-0.18115234375,-10.19287109375,-21.78955078125,-72.69287109375,-18.13832664489746,123.18128967285156,127.4135284423828
-0.2431640625,1.110595703125,-0.167236328125,-14.09912109375,-14.0380859375,-46.08154296875,-15.1970853805542,121.48290252685548,128.23968505859378
-0.212646484375,1.038818359375,-0.168212890625,-18.61572265625,-13.00048828125,-17.76123046875,-13.343016624450685,119.87185668945312,128.37142944335938
-0.03857421875,0.977783203125,-0.1416015625,-19.04296875,-11.5966796875,-1.8310546875,-12.59648895263672,118.32489776611328,128.18635559082028
0.079833984375,0.93359375,-0.11376953125,-17.27294921875,-7.62939453125,-4.5166015625,-12.019969940185547,116.81031799316406,128.18003845214844
0.082763671875,0.894775390625,-0.125244140625,-17.333984375,-5.615234375,-13.48876953125,-11.192500114440918,115.34378051757812,128.37359619140622
0.06884765625,0.879150390625,-0.1162109375,-15.68603515625,-1.64794921875,-20.751953125,-10.132078170776367,113.91800689697266,128.80723571777344
-0.009033203125,0.90234375,-0.14306640625,-12.451171875,0.732421875,-25.0244140625,-8.817992210388184,112.7380142211914,129.34129333496094
-0.00244140625,0.75390625,-0.23388671875,-9.94873046875,-1.40380859375,-23.8037109375,-7.565489768981934,112.05924987792969,129.69120788574222
0.17431640625,0.659423828125,-0.306884765625,-7.50732421875,-5.859375,-24.2919921875,-5.767411231994629,110.52753448486328,129.97662353515622
0.1572265625,0.823486328125,-0.017822265625,17.333984375,-1.953125,-19.6533203125,-5.2191267013549805,110.443359375,130.25909423828122
0.113525390625,1.005615234375,-0.15673828125,19.775390625,3.60107421875,-35.15625,-4.009083271026611,110.71204376220705,130.93730163574222
-0.069580078125,1.2568359375,-0.615234375,21.484375,4.33349609375,-42.1142578125,-2.3254175186157227,111.5458755493164,131.71168518066406
0.072998046875,1.15478515625,-0.457763671875,-12.939453125,-5.7373046875,-0.06103515625,-2.2804713249206543,111.02501678466795,131.49960327148438
0.277587890625,0.921142578125,-0.205322265625,2.13623046875,-1.15966796875,-4.33349609375,-2.658100843429565,110.7729721069336,131.53507995605472
0.004150390625,0.9365234375,-0.184814453125,2.38037109375,-5.2490234375,-16.6015625,-2.106046199798584,111.48064422607422,131.5518798828125
0.1943359375,0.790283203125,-0.1455078125,11.474609375,-28.9306640625,-10.7421875,-1.7365939617156982,111.53130340576172,130.65226745605472
-0.060791015625,0.8134765625,-0.300048828125,9.1552734375,-24.10888671875,-19.4091796875,-0.4324239492416382,111.84400939941406,130.04829406738278
-0.1357421875,0.751953125,-0.2197265625,8.6669921875,-34.48486328125,-22.76611328125,1.237980842590332,111.9345474243164,129.11337280273438
-0.126220703125,0.823974609375,-0.26904296875,16.7236328125,-48.2177734375,-23.37646484375,3.109837770462036,112.38323211669922,127.6806640625
-0.13134765625,0.890380859375,-0.321044921875,20.5078125,-56.57958984375,-25.32958984375,5.106176853179932,112.96659088134766,125.97879028320312
0.16162109375,0.882568359375,-1.27587890625,44.73876953125,-69.091796875,-48.4619140625,9.278590202331543,114.32901000976562,124.21427917480469
0.217041015625,1.00244140625,-0.29150390625,41.015625,-51.1474609375,-13.36669921875,9.80970287322998,115.36099243164062,122.50491333007812
-0.04736328125,1.2080078125,-0.59326171875,28.86962890625,-22.52197265625,0.67138671875,9.870430946350098,116.391845703125,121.67266845703124
0.019775390625,1.15234375,-0.499267578125,-8.36181640625,-4.69970703125,-6.34765625,9.91817569732666,115.9165496826172,121.59544372558594
-0.193359375,1.01318359375,-0.49755859375,-23.5595703125,14.2822265625,18.310546875,9.00524616241455,115.00184631347656,121.79563903808594
-0.214599609375,0.9853515625,-0.50244140625,-23.8037109375,14.7705078125,21.30126953125,8.065759658813478,114.14167022705078,121.98696899414062
0.07763671875,0.896484375,-0.356689453125,-27.77099609375,22.0947265625,38.39111328125,5.678922653198242,112.9362564086914,122.17185974121094
-0.153564453125,0.87353515625,-0.2412109375,-32.65380859375,45.2880859375,30.21240234375,4.036242485046387,111.42273712158205,123.35829162597656
0.04296875,0.862060546875,-0.184814453125,-39.36767578125,49.9267578125,30.8837890625,1.9132200479507449,109.53675079345705,124.77061462402344
-0.262939453125,0.81396484375,-0.125732421875,-50.29296875,46.875,-3.173828125,2.1549723148345947,107.45196533203124,126.56822204589844
0.022216796875,0.716552734375,-0.184326171875,-31.982421875,38.26904296875,11.29150390625,1.12579607963562,106.07456970214844,127.89840698242188
-0.054443359375,0.748046875,-0.172607421875,-18.310546875,23.193359375,-0.79345703125,1.02020263671875,105.2211456298828,128.79576110839844
-0.0625,0.806396484375,-0.12548828125,-5.18798828125,9.94873046875,-15.31982421875,1.5181517601013184,104.78185272216795,129.33604431152344
0.008056640625,0.93359375,-0.33642578125,11.90185546875,14.83154296875,-25.0244140625,2.245466709136963,105.47151184082031,130.177734375
0.012451171875,1.107666015625,-0.5703125,-14.70947265625,25.93994140625,-17.9443359375,2.5458247661590576,105.3845672607422,131.38941955566406
0.01806640625,0.877685546875,-0.294189453125,-31.79931640625,36.07177734375,-14.892578125,2.6669721603393555,104.34873962402344,132.94731140136722
-0.12451171875,0.86962890625,-0.266845703125,-23.8037109375,41.9921875,-12.14599609375,2.930707693099976,103.57390594482422,134.69898986816406
-0.241943359375,0.909912109375,-0.287841796875,-20.99609375,46.630859375,2.38037109375,2.8512396812438965,102.96340942382812,136.49624633789062
0.0419921875,0.86962890625,-0.367919921875,-6.591796875,46.0205078125,-6.16455078125,3.027801990509033,103.0234603881836,138.35746765136722
-0.2412109375,0.87255859375,-0.311767578125,-5.615234375,37.53662109375,-17.08984375,3.8039884567260738,103.13703155517578,139.990234375
-0.2265625,0.833251953125,-0.28564453125,-8.11767578125,37.90283203125,-10.498046875,4.283153533935547,103.13274383544922,141.5786590576172
-0.114990234375,0.861328125,-0.320068359375,-7.38525390625,38.4521484375,-9.1552734375,4.409734725952148,103.23297882080078,143.18450927734375
-0.17236328125,0.8798828125,-0.302490234375,-12.20703125,40.52734375,-16.4794921875,4.917509078979492,103.09651184082031,144.93478393554688
-0.174072265625,0.909912109375,-0.31396484375,-11.04736328125,40.771484375,-18.85986328125,5.488509178161621,103.0337142944336,146.7202911376953
-0.16943359375,0.927734375,-0.345458984375,-9.70458984375,38.330078125,-19.04296875,6.031697750091553,103.06350708007812,148.4190216064453
-0.132080078125,0.93017578125,-0.318115234375,-10.009765625,38.63525390625,-18.6767578125,6.4681358337402335,103.06266784667969,150.12698364257812
-0.369140625,0.463623046875,0.439697265625,-10.25390625,38.26904296875,-28.564453125,8.260466575622559,101.2027359008789,151.67173767089844
0.073974609375,0.8564453125,-0.353759765625,43.27392578125,32.89794921875,0.67138671875,7.430017948150635,103.6876220703125,153.03517150878906
-0.01708984375,0.998779296875,-0.480712890625,28.1982421875,39.61181640625,-23.13232421875,7.663296222686768,105.51649475097656,154.8756103515625
-0.21484375,1.01220703125,-0.506103515625,-1.3427734375,37.17041015625,-34.72900390625,8.711885452270508,106.14459228515624,156.7630157470703
-0.195556640625,0.897705078125,-0.424072265625,-19.4091796875,43.5791015625,-31.92138671875,9.735677719116213,106.05001068115234,158.87295532226562
0.209228515625,1.003173828125,-0.538330078125,-43.02978515625,63.53759765625,-31.31103515625,9.468282699584961,105.2684555053711,161.78591918945312
-0.063720703125,0.949462890625,-0.299072265625,-64.88037109375,74.27978515625,-55.17578125,10.62520980834961,103.3556900024414,165.2837677001953
-0.01611328125,0.902587890625,-0.271728515625,-52.734375,68.9697265625,-69.27490234375,12.37830638885498,102.00794219970705,168.67823791503906
-0.1123046875,0.868408203125,-0.2509765625,-19.47021484375,51.513671875,-58.41064453125,14.010149955749512,101.9692840576172,171.28651428222656
-0.2353515625,0.959716796875,-0.222900390625,8.544921875,33.0810546875,-33.3251953125,14.995616912841795,102.74999237060548,-187.07298278808597
-0.1318359375,1.042236328125,-0.341064453125,29.4189453125,19.95849609375,-13.5498046875,14.895886421203613,104.4068603515625,-186.080078125
0.18701171875,0.80078125,-0.0673828125,40.46630859375,13.24462890625,-0.1220703125,13.702277183532715,105.75865936279295,-185.66302490234372
0.10546875,0.907958984375,-0.2392578125,95.8251953125,43.0908203125,-0.67138671875,12.413704872131348,109.91658782958984,-184.0126495361328
-0.074462890625,1.51123046875,-1.23486328125,68.603515625,69.15283203125,22.5830078125,10.260990142822266,113.7063980102539,-181.6239471435547
0.044921875,0.951416015625,-0.36962890625,-34.85107421875,51.26953125,33.3251953125,7.730240821838379,112.41470336914062,-180.2621154785156
0.278564453125,0.486328125,-0.0380859375,-0.3662109375,17.9443359375,-10.009765625,6.45416784286499,111.87496948242188,-179.5135498046875
0.18359375,1.157470703125,-0.617919921875,-4.7607421875,0.48828125,-53.466796875,8.300396919250487,111.46818542480469,-178.72793579101562
-0.10791015625,0.905517578125,-0.2685546875,-33.8134765625,-10.8642578125,-72.81494140625,11.094705581665039,110.00800323486328,-178.11447143554688
-0.142578125,0.90625,-0.2353515625,-19.95849609375,-11.71875,-58.28857421875,13.342950820922852,109.04784393310548,-177.80532836914062
-0.19140625,0.99755859375,-0.337890625,-1.52587890625,-5.7373046875,-32.470703125,14.609554290771484,109.03866577148438,-177.5875701904297
-0.265625,1.111572265625,-0.449462890625,4.7607421875,-0.79345703125,8.72802734375,14.206998825073242,109.29661560058594,-177.71151733398438
-0.258544921875,1.10791015625,-0.45654296875,-6.53076171875,-1.40380859375,35.15625,12.822287559509276,109.02009582519531,-178.21791076660156
0.209716796875,0.713134765625,-0.384033203125,63.96484375,1.15966796875,40.95458984375,10.498693466186523,111.52127838134766,-178.7613525390625
0.93994140625,1.38720703125,-1.375732421875,44.921875,-2.3193359375,-3.23486328125,9.33434009552002,114.12450408935548,-178.67440795898438
-0.037841796875,0.731689453125,-0.312255859375,-20.8740234375,-3.72314453125,-32.40966796875,10.312914848327637,113.3005828857422,-178.28594970703125
-0.326416015625,0.815673828125,-0.34423828125,-17.39501953125,-11.8408203125,-37.78076171875,12.253807067871096,112.59320068359376,-178.1355438232422
-0.232177734375,0.8251953125,-0.27099609375,-7.4462890625,-25.0244140625,-7.8125,13.030436515808105,111.92369079589844,-179.00267028808594
-0.20947265625,0.823974609375,-0.330322265625,9.521484375,-15.9912109375,19.10400390625,12.574792861938475,112.08638763427734,-179.91017150878906
0.03173828125,0.843017578125,-0.330322265625,17.27294921875,-6.7138671875,31.92138671875,10.880605697631836,112.60234832763672,-180.6689910888672
0.032470703125,0.931640625,-0.40673828125,21.54541015625,3.84521484375,18.61572265625,9.63650608062744,113.46308135986328,-180.82107543945312
-0.109619140625,0.95263671875,-0.435302734375,16.11328125,3.11279296875,4.5166015625,9.275283813476562,114.14498138427734,-180.77566528320312
-0.21923828125,0.901611328125,-0.45068359375,6.89697265625,-12.26806640625,-1.220703125,9.495569229125977,114.37858581542969,-181.20343017578125
-0.20361328125,0.961669921875,-0.4443359375,-5.2490234375,-11.23046875,2.8076171875,9.633008003234863,114.09358978271484,-181.66526794433597
-0.146484375,0.94189453125,-0.46240234375,-14.892578125,-15.56396484375,-2.685546875,9.91525650024414,113.47418975830078,-182.18630981445312
-0.077880859375,0.82275390625,-0.3486328125,-20.69091796875,-13.00048828125,-13.7939453125,10.456634521484377,112.3990478515625,-182.48434448242188
-0.13916015625,0.79541015625,-0.3515625,0.9765625,14.83154296875,-14.83154296875,10.718878746032717,112.62722778320312,-181.6866455078125
-0.114501953125,0.8671875,-0.388427734375,7.9345703125,31.18896484375,-7.26318359375,10.343634605407717,113.22669219970705,-180.39524841308597
-0.142333984375,0.861083984375,-0.391845703125,3.7841796875,50.10986328125,-0.3662109375,9.432938575744627,113.7082748413086,-178.52442932128906
-0.10107421875,0.92041015625,-0.474853515625,-3.96728515625,78.369140625,11.41357421875,7.5898284912109375,114.0820541381836,-175.79820251464844
-0.1298828125,0.936767578125,-0.4599609375,-20.69091796875,91.6748046875,14.70947265625,5.544604301452637,113.68192291259766,-172.6612091064453
-0.080322265625,0.91650390625,-0.431884765625,-36.7431640625,94.29931640625,16.66259765625,3.60247015953064,112.41368103027344,-169.45648193359375
-0.31884765625,0.8515625,-0.334716796875,-45.34912109375,90.63720703125,27.40478515625,1.861982107162476,110.68975830078124,-166.5068359375
-0.240966796875,0.824462890625,-0.27294921875,-45.7763671875,75.927734375,47.54638671875,-0.4132404625415802,108.7795639038086,-164.31423950195312
-0.217041015625,0.74853515625,-0.168701171875,-35.2783203125,63.5986328125,62.1337890625,-3.0353333950042725,106.97566223144531,-162.67361450195312
-0.28564453125,0.7451171875,-0.228271484375,-0.18310546875,34.423828125,72.3876953125,-5.301713943481445,106.92244720458984,-162.21241760253906
-0.16650390625,0.991455078125,-0.43017578125,11.3525390625,1.28173828125,81.48193359375,-7.86130428314209,107.72804260253906,-163.17068481445312
-0.096435546875,1.167724609375,-0.575439453125,5.43212890625,-19.95849609375,91.36962890625,-10.794095993041992,108.66901397705078,-165.16073608398438
0.173828125,1.25537109375,-0.683349609375,-19.8974609375,-29.60205078125,83.0078125,-13.393929481506348,108.72708892822266,-167.47752380371094
0.236328125,1.236083984375,-0.630126953125,-29.4189453125,-33.0810546875,63.4765625,-15.22161102294922,108.39826202392578,-169.6881103515625
0.278564453125,1.1708984375,-0.583251953125,-31.18896484375,-34.912109375,37.78076171875,-16.013864517211914,107.9310302734375,-171.63282775878906
0.092529296875,1.154052734375,-0.538330078125,-26.79443359375,-42.90771484375,15.2587890625,-15.600132942199707,107.65338897705078,-173.60464477539062
0.09716796875,1.11669921875,-0.537353515625,-29.60205078125,-54.8095703125,13.3056640625,-15.006268501281738,107.40282440185548,-176.0251922607422
0.17041015625,1.03173828125,-0.485107421875,-42.17529296875,-55.17578125,20.08056640625,-14.956024169921875,106.65447235107422,-178.5355224609375
0.409423828125,0.839599609375,-0.385498046875,-58.4716796875,-36.07177734375,32.04345703125,-16.143424987792972,105.0851821899414,-180.41082763671875
0.490478515625,0.677001953125,-0.29443359375,-61.5234375,-8.97216796875,28.62548828125,-17.84821891784668,103.0879898071289,-181.1324005126953
0.559814453125,0.60986328125,-0.242919921875,-54.26025390625,12.14599609375,12.451171875,-19.391786575317386,101.08214569091795,-180.81398010253903
0.40185546875,0.59912109375,-0.2236328125,-44.00634765625,23.4375,-25.87890625,-19.055078506469727,99.24957275390624,-179.73558044433594
0.2802734375,0.62939453125,-0.257080078125,-37.9638671875,23.4375,-50.4150390625,-17.360773086547848,97.80796813964844,-178.5933837890625
0.155517578125,0.609130859375,-0.236572265625,-32.8369140625,22.64404296875,-63.232421875,-14.704343795776367,96.55622863769531,-177.4479217529297
0.025390625,0.6787109375,-0.224853515625,-21.3623046875,22.52197265625,-63.90380859375,-11.785806655883787,95.88841247558594,-176.35720825195312
-0.04345703125,0.75,-0.28369140625,-8.72802734375,22.0947265625,-53.1005859375,-9.204845428466797,95.91340637207031,-175.35438537597656
-0.05419921875,0.90283203125,-0.398193359375,-0.6103515625,19.287109375,-35.09521484375,-7.451812267303468,96.47339630126952,-174.53640747070312
0.0146484375,1.060791015625,-0.494140625,-5.55419921875,12.14599609375,-10.7421875,-6.831617832183838,96.90001678466795,-174.09140014648438
0.101318359375,1.059814453125,-0.467041015625,-14.09912109375,13.7939453125,3.60107421875,-6.97989559173584,96.92228698730469,-173.6356201171875
0.138427734375,1.00048828125,-0.405517578125,-22.03369140625,23.681640625,16.11328125,-7.7774715423583975,96.5025863647461,-172.83518981933594
0.1201171875,0.878173828125,-0.320556640625,-21.30126953125,38.2080078125,28.076171875,-9.049650192260742,95.96440887451172,-171.4979705810547
0.12744140625,0.8359375,-0.2646484375,-14.5263671875,44.677734375,28.50341796875,-10.339454650878906,95.54389190673828,-169.88519287109375
0.10888671875,0.796630859375,-0.275634765625,-8.7890625,44.189453125,21.42333984375,-11.250567436218262,95.36446380615234,-168.26971435546875
0.110595703125,0.809326171875,-0.270751953125,-3.0517578125,39.48974609375,3.72314453125,-11.408194541931152,95.43840026855469,-166.78115844726562
0.086669921875,0.8388671875,-0.305419921875,-0.732421875,34.48486328125,-10.7421875,-10.900127410888672,95.697021484375,-165.45108032226562
0.03515625,0.89111328125,-0.360595703125,-0.48828125,27.7099609375,-19.10400390625,-9.883740425109863,96.09048461914062,-164.36758422851562
0.03076171875,0.919677734375,-0.397216796875,-2.5634765625,13.48876953125,-20.1416015625,-8.841431617736816,96.5558624267578,-163.84689331054688
0.099853515625,0.956298828125,-0.423095703125,-5.37109375,8.9111328125,-17.27294921875,-8.08049201965332,96.94549560546876,-163.50784301757812
0.120361328125,0.94189453125,-0.396728515625,-8.1787109375,13.916015625,-12.6953125,-7.629161834716798,97.1205596923828,-162.96868896484375
0.1787109375,0.938720703125,-0.381103515625,-5.7373046875,31.92138671875,-1.15966796875,-7.850337505340576,97.28913879394531,-161.76068115234375
0.197265625,0.922119140625,-0.37353515625,-3.90625,44.61669921875,3.173828125,-8.35206127166748,97.44383239746094,-160.0672149658203
0.194580078125,0.904541015625,-0.35302734375,-1.64794921875,56.2744140625,-1.03759765625,-8.716276168823242,97.5707778930664,-157.88299560546875
0.149658203125,0.8759765625,-0.33447265625,-0.42724609375,62.1337890625,-14.22119140625,-8.513439178466799,97.678466796875,-155.3921661376953
0.11376953125,0.86962890625,-0.326171875,-0.6103515625,62.5,-25.20751953125,-7.807853698730469,97.77374267578124,-152.8243408203125
0.099853515625,0.856689453125,-0.32177734375,-0.54931640625,63.17138671875,-33.87451171875,-6.784893035888673,97.88240051269531,-150.17652893066406
0.077392578125,0.850830078125,-0.3056640625,2.01416015625,63.720703125,-39.48974609375,-5.518425941467285,98.12255096435548,-147.46737670898438
0.0556640625,0.866455078125,-0.332275390625,4.57763671875,65.61279296875,-40.0390625,-4.249773025512694,98.5577392578125,-144.6722869873047
0.043701171875,0.88916015625,-0.34326171875,2.8076171875,68.2373046875,-37.78076171875,-3.1015758514404297,98.9788589477539,-141.7723846435547
0.011962890625,0.93994140625,-0.40087890625,-4.150390625,67.3828125,-36.0107421875,-2.025423765182495,99.22586059570312,-138.90719604492188
-0.095458984375,0.97412109375,-0.4267578125,-18.37158203125,56.396484375,-36.56005859375,-0.6690219640731812,98.9855728149414,-136.4656982421875
-0.477294921875,0.89892578125,-0.152587890625,-33.8134765625,47.607421875,-39.794921875,0.4868883788585663,97.98624420166016,-134.34613037109378
-0.02294921875,1.017333984375,-0.38720703125,-42.48046875,30.1513671875,-43.88427734375,2.0911204814910893,96.81195831298828,-132.91487121582028
-0.05126953125,0.958740234375,-0.32568359375,-44.61669921875,31.79931640625,-49.98779296875,3.9640843868255615,95.56297302246094,-131.41058349609378
-0.048583984375,0.777587890625,-0.151611328125,-30.76171875,45.22705078125,-45.47119140625,5.877494812011719,95.03534698486328,-129.3941650390625
-0.47314453125,0.9853515625,-0.34814453125,3.96728515625,56.2744140625,-23.4375,7.311203479766847,95.97269439697266,-126.99046325683594
-0.236328125,1.077392578125,-0.3818359375,28.6865234375,33.75244140625,-10.3759765625,7.734683036804199,97.81849670410156,-125.51972198486328
-0.176513671875,1.127685546875,-0.473876953125,30.70068359375,10.07080078125,-8.1787109375,7.971365928649902,99.71595001220705,-124.9850616455078
-0.068359375,1.05908203125,-0.474853515625,2.44140625,-1.5869140625,-4.45556640625,7.983216285705566,100.36849975585938,-124.93885040283205
0.02978515625,0.938720703125,-0.369873046875,-23.4375,4.638671875,-0.6103515625,7.596925735473633,99.88658142089844,-124.6874771118164
0.067626953125,0.804443359375,-0.256103515625,-41.56494140625,17.02880859375,3.41796875,6.862071990966798,98.52137756347656,-123.99666595458984
0.250244140625,0.712646484375,-0.08544921875,-27.9541015625,19.10400390625,4.08935546875,5.592179775238037,97.40660858154295,-123.25531768798828
0.146240234375,0.741943359375,-0.087646484375,6.34765625,27.4658203125,3.35693359375,4.658988952636719,97.71590423583984,-122.18418884277344
0.1708984375,0.85302734375,-0.28173828125,29.23583984375,21.8505859375,-8.30078125,4.092756748199463,99.32584381103516,-121.24541473388672
0.32568359375,1.055908203125,-0.456787109375,28.9306640625,15.5029296875,-28.50341796875,4.328220844268799,101.06453704833984,-120.399658203125
0.290283203125,1.113525390625,-0.4892578125,12.451171875,15.9912109375,-45.47119140625,5.282219409942627,102.120361328125,-119.36687469482422
0.22900390625,1.045654296875,-0.428466796875,-5.92041015625,17.4560546875,-53.77197265625,6.600681781768799,102.32162475585938,-118.18614196777344
0.145751953125,0.92431640625,-0.280029296875,-14.22119140625,21.78955078125,-49.74365234375,7.755531311035156,102.07869720458984,-116.8756103515625
0.124267578125,0.888427734375,-0.251953125,-10.92529296875,25.93994140625,-41.3818359375,8.543140411376951,101.9722671508789,-115.47649383544922
0.09326171875,0.863525390625,-0.220458984375,-7.99560546875,29.96826171875,-32.958984375,8.994006156921387,101.88998413085938,-114.00608825683594
0.117919921875,0.87744140625,-0.202880859375,-4.0283203125,37.53662109375,-25.390625,9.022493362426758,102.02648162841795,-112.2973861694336
0.1142578125,0.884521484375,-0.2177734375,-1.3427734375,40.34423828125,-23.25439453125,8.948472023010254,102.31178283691406,-110.4903335571289
0.103515625,0.927978515625,-0.2392578125,1.15966796875,42.05322265625,-24.2919921875,8.874197959899902,102.6951675415039,-108.60613250732422
0.1083984375,0.96923828125,-0.288330078125,1.708984375,41.19873046875,-29.4189453125,9.053916931152344,103.19998168945312,-106.68968963623048
0.095458984375,0.995361328125,-0.296142578125,-0.91552734375,40.6494140625,-32.3486328125,9.363550186157227,103.5901870727539,-104.76175689697266
0.082275390625,0.998779296875,-0.31982421875,-5.79833984375,40.46630859375,-31.494140625,9.706989288330078,103.83234405517578,-102.83518981933594
0.04638671875,0.97705078125,-0.285888671875,-9.033203125,42.48046875,-24.23095703125,9.746851921081543,103.8799285888672,-100.90829467773438
0.047119140625,0.923828125,-0.270263671875,-9.765625,43.212890625,-16.11328125,9.456165313720703,103.88349151611328,-99.03321838378906
0.072021484375,0.9189453125,-0.265380859375,-9.46044921875,45.83740234375,-9.58251953125,8.842362403869629,103.91897583007812,-97.11758422851562
0.0234375,0.93603515625,-0.333251953125,-13.7939453125,42.54150390625,-6.40869140625,8.276169776916504,103.83942413330078,-95.35092163085938
0.006103515625,0.938720703125,-0.31103515625,-25.81787109375,32.89794921875,-10.31494140625,8.024165153503418,103.16986083984376,-93.93368530273438
0.109130859375,0.8896484375,-0.306640625,-39.1845703125,23.3154296875,-17.578125,7.207035541534424,101.9559097290039,-92.81201171875
0.18212890625,0.796142578125,-0.18408203125,-31.92138671875,38.63525390625,-23.681640625,7.051178932189941,100.9202651977539,-91.08124542236328
0.033447265625,0.825927734375,-0.26171875,-26.0009765625,47.4853515625,-21.05712890625,7.154325485229492,100.384765625,-89.00787353515625
-0.018310546875,0.812744140625,-0.23046875,-19.1650390625,48.095703125,-12.26806640625,7.072359085083008,100.06009674072266,-86.9862289428711
-0.0498046875,0.873046875,-0.29052734375,-6.28662109375,43.64013671875,-0.732421875,6.631454944610597,100.33504486083984,-85.2121810913086
-0.13818359375,0.99267578125,-0.357666015625,-5.55419921875,36.9873046875,5.7373046875,6.169137477874756,100.632568359375,-83.7502670288086
-0.19091796875,1.096923828125,-0.455078125,-16.17431640625,22.39990234375,12.3291015625,5.6312923431396475,100.49683380126952,-82.9120864868164
-0.157958984375,1.0517578125,-0.33642578125,-33.935546875,6.16455078125,18.37158203125,4.96813440322876,99.42073059082031,-82.77299499511719
