0.176025390625,0.818359375,-0.588623046875,31.494140625,-13.36669921875,55.60302734375,-6.188758850097656,148.93975830078125,71.19569396972656
0.158447265625,0.79541015625,-0.59765625,22.64404296875,-4.33349609375,59.5703125,-7.764616966247559,149.2654266357422,69.26077270507811
0.194580078125,0.8486328125,-0.70751953125,10.55908203125,8.72802734375,54.3212890625,-9.27441120147705,149.17442321777344,67.65536499023439
0.07373046875,0.7705078125,-0.715087890625,9.70458984375,18.37158203125,43.39599609375,-10.59376049041748,149.09893798828125,66.62846374511719
0.03955078125,0.782470703125,-0.677490234375,13.427734375,16.17431640625,36.4990234375,-11.405874252319336,149.12026977539062,65.85591888427734
0.015380859375,0.5654296875,-0.619873046875,18.37158203125,-38.02490234375,26.123046875,-10.227743148803713,149.7056884765625,64.24827575683594
-0.025146484375,0.716064453125,-0.748291015625,33.8134765625,-46.142578125,1.77001953125,-8.217853546142576,150.6732940673828,63.35948181152344
-0.09228515625,0.710205078125,-0.76806640625,42.78564453125,-42.41943359375,-27.89306640625,-5.546834468841553,151.9493865966797,63.828857421875
-0.044921875,0.836181640625,-0.66748046875,60.1806640625,-40.95458984375,-40.71044921875,-3.056485652923584,153.39198303222656,64.62046813964844
0.06494140625,0.9033203125,-0.561279296875,50.47607421875,-36.1328125,-36.4990234375,-1.1586414575576782,154.1860809326172,65.359130859375
0.1103515625,0.84033203125,-0.5,22.0947265625,-24.169921875,-24.90234375,-0.35340267419815063,153.318603515625,65.75845336914061
0.06494140625,0.785888671875,-0.55859375,-21.91162109375,-3.72314453125,-7.26318359375,-0.2284826934337616,151.3611297607422,65.95628356933594
-0.034423828125,0.782958984375,-0.63427734375,-40.0390625,3.96728515625,4.8828125,-0.37609803676605225,148.87681579589844,65.86710357666016
-0.072021484375,0.751953125,-0.638671875,-50.84228515625,0.06103515625,12.75634765625,-0.4640226066112518,145.98126220703125,65.35700225830078
-0.10009765625,0.731201171875,-0.635986328125,-62.92724609375,-4.2724609375,14.892578125,-0.41787049174308777,142.86526489257812,64.77036285400389
-0.053955078125,0.756103515625,-0.67529296875,-72.8759765625,-2.74658203125,7.080078125,-0.3713942766189575,139.49546813964844,64.47972106933594
-0.0546875,0.75244140625,-0.669677734375,-84.41162109375,1.28173828125,-2.0751953125,-0.14972098171710968,135.70155334472656,64.60182952880861
-0.05810546875,0.742919921875,-0.644775390625,-91.73583984375,-2.197265625,-7.9345703125,0.27886420488357544,131.82510375976562,64.75394439697266
0.005126953125,0.793212890625,-0.690673828125,-96.19140625,0.30517578125,-12.14599609375,0.6193959712982178,127.9303970336914,65.07619476318361
0.025390625,0.6923828125,-0.7392578125,-96.0693359375,10.80322265625,-24.7802734375,1.1237821578979492,124.56515502929688,66.197509765625
0.02001953125,0.65380859375,-0.72998046875,-75.1953125,16.05224609375,-35.0341796875,1.8452889919281008,122.11157989501952,67.51893615722656
0.1708984375,0.63671875,-0.710205078125,-57.18994140625,10.1318359375,-34.97314453125,2.3532967567443848,120.46927642822266,68.62295532226561
0.22412109375,0.732666015625,-0.6337890625,-40.1611328125,14.5263671875,-25.81787109375,2.2291057109832764,119.4097671508789,69.698486328125
0.18212890625,0.705810546875,-0.572265625,-37.65869140625,27.28271484375,-13.12255859375,1.625304937362671,118.30498504638672,70.92881774902344
0.11669921875,0.6923828125,-0.589599609375,-40.71044921875,33.447265625,-4.33349609375,0.8011684417724609,117.16476440429688,72.21011352539062
0.08837890625,0.678466796875,-0.640869140625,-39.00146484375,32.5927734375,-4.82177734375,0.2044358849525452,116.44593811035156,73.50959014892578
0.109619140625,0.695068359375,-0.6513671875,-22.39990234375,36.62109375,-16.7236328125,-0.11815258860588075,116.18965911865234,75.12259674072266
0.1201171875,0.75390625,-0.630615234375,-12.87841796875,40.771484375,-31.494140625,0.01332701463252306,116.19700622558594,77.1427993774414
0.19873046875,0.816162109375,-0.568115234375,-4.94384765625,47.607421875,-44.00634765625,0.32660916447639465,116.31819152832031,79.72264099121094
0.216552734375,0.905517578125,-0.55029296875,-4.33349609375,56.396484375,-53.5888671875,0.7656031847000122,116.35395050048828,82.6998519897461
0.257080078125,0.943603515625,-0.51513671875,-7.14111328125,62.1337890625,-62.19482421875,1.3222063779830933,116.20394897460938,86.03620147705078
0.28662109375,1.011474609375,-0.564697265625,-8.23974609375,75.37841796875,-69.091796875,1.9722845554351809,115.96575164794922,90.1030502319336
0.304443359375,1.0712890625,-0.56298828125,-13.61083984375,86.669921875,-81.9091796875,2.762220859527588,115.66416931152344,94.66183471679688
0.26171875,1.118896484375,-0.537109375,-18.4326171875,94.17724609375,-87.2802734375,3.7009902000427246,115.18963623046876,99.57573699951172
0.182373046875,1.12890625,-0.4521484375,-24.90234375,90.14892578125,-88.80615234375,4.987742424011231,114.25324249267578,104.13101959228516
0.292236328125,1.214111328125,-0.43115234375,-43.8232421875,82.94677734375,-93.1396484375,6.365103721618652,112.75404357910156,108.67920684814452
0.364501953125,1.28857421875,-0.44189453125,-63.41552734375,105.5908203125,-116.14990234375,8.256081581115723,110.7817611694336,114.37203979492188
0.202880859375,1.2265625,-0.380126953125,-88.92822265625,125.9765625,-131.40869140625,10.803698539733887,107.87559509277344,120.9036865234375
0.20703125,1.241943359375,-0.4052734375,-112.3046875,105.89599609375,-114.2578125,13.208256721496582,104.51917266845705,126.39231872558594
0.272216796875,1.26904296875,-0.414794921875,-125.42724609375,88.134765625,-88.19580078125,14.904755592346193,100.69548034667969,130.80201721191406
0.340576171875,1.153564453125,-0.41943359375,-136.8408203125,75.5615234375,-60.546875,15.362836837768555,96.37173461914062,134.3533935546875
0.295166015625,1.06494140625,-0.470703125,-141.29638671875,86.181640625,-32.53173828125,15.2899808883667,92.38008880615234,138.24259948730472
0.19384765625,1.001708984375,-0.46484375,-133.7890625,96.435546875,-23.98681640625,15.265935897827148,88.97782897949219,142.5162811279297
0.14453125,0.88134765625,-0.42041015625,-125.0,101.6845703125,-24.658203125,15.61088752746582,86.29480743408203,147.0757293701172
0.1474609375,0.837890625,-0.44873046875,-112.85400390625,113.6474609375,-29.4189453125,16.289899826049805,84.28349304199219,152.03831481933594
0.129150390625,0.822265625,-0.44873046875,-104.00390625,125.18310546875,-33.8134765625,17.349552154541016,82.91175842285156,157.46685791015625
0.097900390625,0.80615234375,-0.452392578125,-95.8251953125,136.41357421875,-38.87939453125,18.825687408447266,82.35370635986328,163.52362060546875
0.019775390625,0.845458984375,-0.412353515625,-81.6650390625,142.27294921875,-35.33935546875,20.296167373657227,82.36135864257812,169.74655151367188
-0.056884765625,0.921630859375,-0.37353515625,-72.69287109375,130.859375,-27.64892578125,21.48731231689453,82.57984924316406,-184.4336395263672
-0.090087890625,0.87890625,-0.337890625,-70.86181640625,106.87255859375,-15.80810546875,21.90323638916016,82.40745544433594,-179.90884399414062
-0.237548828125,1.09423828125,-0.59765625,-78.18603515625,79.16259765625,-6.34765625,22.29198455810547,81.96142578125,-176.0253143310547
-0.017578125,0.6806640625,-0.500244140625,-91.796875,67.626953125,18.798828125,21.36534881591797,81.11864471435547,-172.36935424804688
-0.1494140625,0.769287109375,-0.494873046875,-80.9326171875,56.0302734375,25.20751953125,20.504064559936523,80.60417938232422,-169.3357391357422
0.007080078125,0.765869140625,-0.4716796875,-44.37255859375,29.296875,13.18359375,19.54615974426269,80.86666107177734,-167.45803833007812
-0.06103515625,0.73046875,-0.318359375,-20.20263671875,55.35888671875,0.06103515625,19.37977409362793,82.12171173095703,-164.70455932617188
0.456787109375,0.947021484375,-0.15771484375,0.6103515625,85.9375,-15.80810546875,19.09507942199707,84.5031509399414,-160.29055786132812
-0.040283203125,1.107177734375,-0.2490234375,10.6201171875,104.00390625,-14.892578125,19.33716583251953,87.09745025634766,-155.7108612060547
0.18310546875,0.874755859375,-0.282470703125,9.033203125,60.546875,11.23046875,17.84394645690918,89.10025024414062,-152.8854217529297
0.102294921875,0.84814453125,-0.3466796875,17.27294921875,64.94140625,21.05712890625,16.12045669555664,91.57183074951172,-149.83853149414062
0.101806640625,0.935791015625,-0.222412109375,6.591796875,68.9697265625,0.30517578125,15.139455795288086,93.073486328125,-146.85598754882812
0.03076171875,0.995361328125,-0.220947265625,-1.5869140625,84.16748046875,-15.380859375,14.86874771118164,94.29523468017578,-143.2431640625
0.0791015625,1.04345703125,-0.3515625,-5.37109375,74.27978515625,-13.5498046875,14.622925758361815,95.19210052490234,-140.18380737304688
0.16748046875,0.89453125,-0.31005859375,-18.61572265625,51.7578125,-5.55419921875,13.709413528442385,95.51805877685548,-137.89840698242188
0.140869140625,0.846435546875,-0.35498046875,-13.12255859375,38.9404296875,12.39013671875,12.20949649810791,96.01152801513672,-136.20268249511722
0.052490234375,0.8603515625,-0.30419921875,-1.89208984375,33.14208984375,28.62548828125,10.116342544555664,96.79963684082031,-134.97529602050778
0.263671875,0.99365234375,-0.44287109375,3.11279296875,-6.591796875,42.66357421875,7.56241512298584,97.50110626220705,-135.3485107421875
0.034912109375,0.871337890625,-0.211181640625,8.60595703125,11.53564453125,33.99658203125,5.769904136657715,98.10734558105469,-135.04940795898438
0.210693359375,0.70947265625,-0.1318359375,-3.41796875,3.662109375,43.701171875,3.043699026107788,97.8811492919922,-135.16206359863278
0.0185546875,0.704345703125,-0.113037109375,-26.85546875,4.08935546875,63.232421875,0.3437403440475464,96.8357391357422,-135.3282470703125
-0.136962890625,0.724365234375,-0.12646484375,-41.50390625,-8.6669921875,68.84765625,-1.9433097839355469,95.28914642333984,-135.97897338867188
-0.226318359375,0.757080078125,-0.068115234375,-54.38232421875,-16.4794921875,50.6591796875,-2.8745036125183105,92.9393081665039,-137.07852172851562
-0.215087890625,0.739501953125,-0.078369140625,-69.9462890625,-40.52734375,17.333984375,-2.773498296737671,90.32810974121094,-138.74705505371094
-0.1513671875,0.611083984375,-0.151611328125,-65.97900390625,-150.20751953125,16.05224609375,-2.820215940475464,88.49128723144531,-144.78836059570312
-0.01025390625,0.67626953125,-0.10546875,-53.955078125,-139.70947265625,15.19775390625,-3.0736145973205566,87.03396606445312,-150.04132080078125
-0.10302734375,0.800048828125,-0.01611328125,-53.3447265625,-121.7041015625,0.06103515625,-2.9732449054718018,85.30599975585938,-154.918212890625
-0.197509765625,0.805908203125,-0.050048828125,-46.69189453125,-122.25341796875,10.009765625,-3.1556313037872314,84.0022964477539,-159.78172302246094
-0.29638671875,0.846923828125,-0.03515625,-31.1279296875,-149.2919921875,31.73828125,-4.402134418487549,83.59642791748047,-165.99293518066406
-0.288818359375,0.97607421875,-0.013916015625,-20.99609375,-197.44873046875,33.63037109375,-5.7694950103759775,83.7093505859375,-173.74156188964844
-0.109619140625,1.183837890625,-0.059326171875,-21.54541015625,-203.9794921875,8.48388671875,-6.510783672332764,84.06909942626953,-181.89064025878903
0.0654296875,0.868896484375,-0.109619140625,-21.66748046875,-193.603515625,-11.71875,-6.6447105407714835,84.7311019897461,170.2936248779297
0.160400390625,0.9208984375,-0.118896484375,-0.79345703125,-176.6357421875,-13.427734375,-6.785016059875487,86.01451873779297,163.11102294921875
0.31494140625,1.137939453125,-0.1171875,7.32421875,-159.24072265625,-21.05712890625,-6.6307125091552725,87.42681884765625,156.6214141845703
0.208984375,1.15966796875,0.1494140625,-23.92578125,-126.46484375,-31.67724609375,-5.787726879119872,86.4955825805664,151.8008270263672
0.287841796875,1.073974609375,-0.05712890625,-39.0625,-105.3466796875,-25.93994140625,-5.395849227905273,85.5907211303711,147.4897918701172
0.36083984375,1.15576171875,-0.106689453125,-27.64892578125,-88.7451171875,-22.216796875,-5.255450248718262,85.17539978027344,143.83755493164062
0.387939453125,1.313232421875,-0.00537109375,-18.4326171875,-67.56591796875,-18.12744140625,-5.247414588928223,84.74327850341797,141.3060760498047
0.322265625,1.265625,0.07373046875,-28.9306640625,-52.91748046875,-13.3056640625,-5.277484893798828,83.84489440917969,139.13775634765622
0.336669921875,1.26318359375,0.04931640625,-36.4990234375,-42.48046875,-15.7470703125,-5.226842880249023,82.68362426757812,137.36322021484378
0.388671875,1.146484375,0.03271484375,-40.6494140625,-37.109375,-10.80322265625,-5.699265480041504,81.35580444335938,135.91677856445312
0.429443359375,1.225341796875,-0.05419921875,-33.5693359375,-24.7802734375,7.6904296875,-6.691807746887207,80.51921844482422,134.94482421875
0.280517578125,1.302978515625,-0.10009765625,-26.79443359375,-17.02880859375,25.390625,-8.023625373840332,80.03646087646484,134.37741088867188
0.24658203125,1.123046875,-0.040283203125,-25.57373046875,-20.5078125,44.921875,-10.324134826660156,79.49071502685547,133.80320739746094
0.26220703125,1.0341796875,0.020751953125,-30.517578125,-11.77978515625,54.931640625,-12.720989227294922,78.63160705566406,133.68721008300778
0.168212890625,0.920166015625,-0.048095703125,-20.93505859375,9.521484375,38.0859375,-14.053256034851074,78.18978881835938,134.25665283203122
0.03125,0.767822265625,0.028076171875,-9.58251953125,1.953125,15.5029296875,-14.099398612976074,78.17890167236328,134.09690856933594
0.0927734375,0.93359375,0.109130859375,-24.10888671875,-3.7841796875,-1.46484375,-13.739154815673828,77.45028686523438,133.88088989257812
-0.003173828125,0.8564453125,-0.0400390625,-32.8369140625,6.16455078125,-14.5263671875,-12.589823722839355,76.71278381347656,133.84809875488278
-0.058837890625,0.8642578125,-0.140625,-28.86962890625,-5.31005859375,-45.2880859375,-9.733040809631348,76.74085998535156,132.79335021972656
0.233154296875,0.843017578125,-0.1953125,-15.869140625,-17.7001953125,-122.13134765625,-5.390893459320068,77.3143310546875,130.84271240234378
0.205810546875,0.87890625,-0.16064453125,-5.615234375,6.77490234375,-148.01025390625,0.11452201008796692,77.99229431152344,129.77937316894528
0.18115234375,1.00390625,-0.079833984375,20.6298828125,28.80859375,-141.845703125,4.870254993438722,79.60325622558594,129.75010681152344
0.7080078125,0.824462890625,-0.2578125,18.798828125,12.6953125,-68.90869140625,6.092452049255371,81.17279815673828,129.85328674316406
-0.061767578125,0.344482421875,0.132080078125,56.57958984375,51.20849609375,-119.93408203125,11.238800048828123,83.15167236328125,131.20933532714844
0.026611328125,1.025146484375,0.1572265625,58.89892578125,33.87451171875,-99.2431640625,13.66106128692627,85.00206756591797,132.011474609375
0.249267578125,1.00146484375,0.13818359375,7.14111328125,41.1376953125,23.62060546875,11.800498008728027,85.54852294921875,133.73759460449222
-0.074462890625,0.803466796875,-0.0234375,-7.26318359375,62.01171875,54.5654296875,9.548234939575195,85.98680114746094,136.45831298828122
-0.2919921875,0.912109375,-0.196044921875,10.55908203125,57.80029296875,27.89306640625,9.230575561523438,87.70167541503906,138.57492065429688
-0.4423828125,0.78857421875,0.0546875,28.9306640625,56.640625,-36.9873046875,11.534936904907227,89.19570922851562,140.83740234375
-0.251953125,0.982666015625,0.03759765625,28.3203125,39.306640625,-50.1708984375,13.642791748046875,90.60980224609376,142.43875122070312
-0.189453125,1.146240234375,0.026123046875,15.56396484375,33.26416015625,-29.052734375,14.095969200134276,91.1635971069336,143.708984375
-0.195068359375,1.07373046875,0.0322265625,-11.474609375,20.93505859375,29.84619140625,12.73753833770752,90.7682647705078,144.51358032226562
-0.172119140625,1.033203125,0.000244140625,-24.84130859375,15.07568359375,66.71142578125,9.9420166015625,89.84613037109375,145.09556579589844
-0.1591796875,1.100830078125,-0.087890625,-31.3720703125,10.19287109375,89.66064453125,6.21182918548584,88.69847106933594,145.55264282226562
-0.220458984375,1.276611328125,-0.13623046875,-47.7294921875,3.96728515625,85.63232421875,2.948045492172241,87.0870590209961,145.8536376953125
-0.22998046875,1.388671875,-0.13818359375,-67.3828125,-4.638671875,58.837890625,0.8511607646942139,84.713623046875,145.8392791748047
-0.274169921875,1.338623046875,-0.19482421875,-81.35986328125,-12.8173828125,31.67724609375,0.16253973543643951,81.87541961669922,145.26429748535156
-0.12060546875,1.19580078125,-0.21337890625,-77.880859375,-28.564453125,21.97265625,-0.6646024584770203,79.46195983886719,144.272705078125
0.03076171875,1.279052734375,-0.26171875,-63.17138671875,-28.38134765625,27.03857421875,-1.9702996015548704,77.8005599975586,143.35931396484375
-0.00732421875,1.358154296875,-0.251220703125,-53.89404296875,-30.09033203125,34.36279296875,-3.761873960494995,76.65380096435547,142.30152893066406
0.086669921875,1.49560546875,-0.194091796875,-47.7294921875,-47.36328125,58.59375,-6.467347621917725,75.65505981445312,140.9567413330078
0.175537109375,1.53125,-0.202392578125,-46.875,-45.0439453125,82.1533203125,-10.106094360351562,74.7507095336914,139.93820190429688
0.28125,1.37109375,-0.171875,-47.8515625,-34.48486328125,105.5908203125,-14.695616722106935,73.6642837524414,139.84617614746094
0.259521484375,1.2294921875,-0.115478515625,-51.45263671875,-2.8076171875,102.6611328125,-18.56851577758789,72.12406158447266,140.76364135742188
0.11181640625,1.147705078125,-0.087646484375,-50.47607421875,5.7373046875,88.92822265625,-21.39772224426269,70.51445007324219,141.8992462158203
0.203369140625,1.04541015625,-0.01171875,-48.2177734375,12.39013671875,64.63623046875,-22.7496395111084,68.91661834716797,143.0242462158203
0.24951171875,1.005859375,0.008544921875,-44.00634765625,29.84619140625,-0.42724609375,-22.001340866088867,67.53217315673828,143.89230346679688
0.272216796875,1.0439453125,0.029296875,-49.74365234375,39.85595703125,-66.0400390625,-18.72015380859375,66.20989990234375,144.04632568359375
0.0244140625,0.7529296875,0.055908203125,-59.814453125,40.52734375,-126.40380859375,-12.849457740783693,65.08942413330078,142.7296600341797
0.22265625,0.90380859375,0.1416015625,-53.1005859375,1.953125,-148.37646484375,-7.522379398345947,64.02035522460939,140.09588623046878
0.263916015625,0.914306640625,0.147705078125,-54.8095703125,13.48876953125,-170.71533203125,-1.53993022441864,62.65633010864258,137.45283508300778
0.09716796875,0.913818359375,0.215087890625,-70.12939453125,21.3623046875,-183.65478515625,4.915647983551025,60.17145156860352,134.83360290527344
0.04931640625,0.909912109375,0.2080078125,-86.85302734375,18.12744140625,-152.9541015625,10.193120002746582,57.01742935180664,132.32798767089844
0.022705078125,0.843994140625,0.2265625,-91.796875,15.869140625,-132.01904296875,14.44320011138916,53.51744842529297,129.939208984375
0.013671875,0.72998046875,0.21142578125,-94.970703125,23.5595703125,-123.046875,18.35887336730957,49.94281768798828,127.97450256347656
-0.117431640625,0.66455078125,0.221435546875,-91.796875,39.9169921875,-115.78369140625,22.56423568725586,46.44536590576172,126.25047302246094
-0.227294921875,0.60595703125,0.299072265625,-87.58544921875,43.76220703125,-112.85400390625,26.845949172973636,42.73163986206055,124.3504638671875
-0.381103515625,0.61572265625,0.325439453125,-77.0263671875,27.587890625,-105.224609375,30.24437522888184,38.992584228515625,121.7462921142578
-0.417724609375,0.653564453125,0.32568359375,-79.2236328125,13.73291015625,-102.60009765625,33.221031188964844,34.958011627197266,118.76609802246094
-0.441650390625,0.647705078125,0.32958984375,-82.21435546875,7.87353515625,-105.52978515625,35.81981658935547,30.44933891296387,115.26935577392578
-0.4501953125,0.616943359375,0.365234375,-82.94677734375,-1.52587890625,-113.09814453125,37.92915344238281,25.196453094482425,110.73910522460938
-0.44775390625,0.56787109375,0.376708984375,-79.9560546875,-7.62939453125,-121.64306640625,39.50411605834961,19.560134887695312,105.59611511230469
-0.4404296875,0.576904296875,0.391357421875,-79.4677734375,-11.77978515625,-115.53955078125,40.36608123779297,14.049076080322266,100.58914184570312
-0.50634765625,0.539794921875,0.416259765625,-79.28466796875,-12.451171875,-104.1259765625,40.75720977783203,8.840368270874023,96.19825744628906
-0.503173828125,0.51806640625,0.435546875,-82.8857421875,-12.14599609375,-98.44970703125,40.86021041870117,3.6845896244049072,91.97896575927734
-0.56640625,0.465087890625,0.46337890625,-83.80126953125,-12.8173828125,-98.20556640625,40.72442626953125,-1.5632879734039309,87.74269104003906
-0.642822265625,0.421630859375,0.48974609375,-76.66015625,-17.76123046875,-95.3369140625,40.264930725097656,-6.317032814025879,83.72765350341797
-0.729248046875,0.395751953125,0.53564453125,-68.54248046875,-17.2119140625,-92.22412109375,39.61018753051758,-10.680168151855467,79.95191955566406
-0.748779296875,0.4267578125,0.55517578125,-56.640625,-20.8740234375,-86.0595703125,38.69332504272461,-14.051234245300293,76.77928161621094
-0.762451171875,0.514892578125,0.64697265625,-48.9501953125,-25.93994140625,-84.228515625,37.28245544433594,-16.65663719177246,74.03147888183594
-0.72802734375,0.692626953125,0.67431640625,-53.1005859375,-32.2265625,-86.0595703125,35.60189819335937,-18.911211013793945,71.65444946289062
-0.75537109375,0.651611328125,0.727294921875,-65.36865234375,-33.02001953125,-83.1298828125,33.855175018310554,-21.464832305908203,69.51746368408203
-0.65234375,0.70068359375,0.68017578125,-75.8056640625,-34.36279296875,-85.63232421875,31.89361953735352,-24.17060089111328,67.51511383056639
-0.6435546875,0.64599609375,0.666259765625,-74.8291015625,-34.5458984375,-84.41162109375,29.95499038696289,-26.61051368713379,65.71530914306639
-0.6943359375,0.56201171875,0.721923828125,-67.626953125,-31.67724609375,-76.59912109375,28.229995727539066,-28.62545967102051,64.21275329589844
-0.6318359375,0.43701171875,0.78369140625,-61.03515625,-27.34375,-73.54736328125,26.53976821899414,-30.327186584472656,62.85543823242188
-0.668701171875,0.501953125,0.72998046875,-61.46240234375,-22.705078125,-68.54248046875,25.237720489501953,-31.86660194396973,61.58348846435547
-0.631103515625,0.4990234375,0.739501953125,-65.12451171875,-23.74267578125,-75.68359375,23.67997932434082,-33.530521392822266,60.14225769042969
-0.546630859375,0.475341796875,0.715576171875,-68.42041015625,-22.39990234375,-93.20068359375,21.5468807220459,-35.563690185546875,57.94957733154297
-0.482421875,0.443359375,0.703857421875,-75.62255859375,-21.8505859375,-98.5107421875,19.29842185974121,-37.62653732299805,55.84247589111328
-0.40625,0.39111328125,0.673095703125,-75.68359375,-13.00048828125,-80.26123046875,17.64457893371582,-39.41092300415039,54.18666458129883
-0.5625,0.225341796875,0.682373046875,-72.20458984375,0.06103515625,-59.9365234375,17.424776077270508,-41.10970687866211,52.863670349121094
-0.617431640625,0.0986328125,0.681884765625,-57.92236328125,5.37109375,-39.00146484375,17.66373634338379,-42.48415756225586,51.89249801635742
-0.628173828125,0.065673828125,0.72119140625,-45.95947265625,7.87353515625,-41.6259765625,17.826547622680664,-43.44041442871094,50.79222869873047
-0.53076171875,0.197998046875,0.65087890625,-39.36767578125,11.04736328125,-53.7109375,17.718769073486328,-44.03837966918945,49.17258071899414
-0.5615234375,0.2158203125,0.62890625,-42.29736328125,21.78955078125,-56.45751953125,17.915315628051758,-44.81353759765625,47.33400344848633
-0.632568359375,0.11572265625,0.650390625,-48.52294921875,20.93505859375,-40.10009765625,18.56669807434082,-45.9000358581543,45.95227813720703
-0.66552734375,-0.05419921875,0.617431640625,-46.5087890625,20.263671875,-29.47998046875,19.43927764892578,-47.08182907104492,44.798736572265625
-0.654541015625,-0.09423828125,0.61767578125,-33.935546875,17.02880859375,-41.56494140625,19.8112907409668,-47.97456741333008,43.41846466064453
-0.60400390625,-0.037109375,0.6357421875,-25.20751953125,18.98193359375,-49.25537109375,19.918771743774414,-48.42094802856445,41.84406661987305
-0.579345703125,0.037109375,0.587646484375,-23.193359375,22.15576171875,-44.7998046875,20.464757919311523,-48.61954116821289,40.43467712402344
-0.67236328125,-0.040283203125,0.58837890625,-21.05712890625,21.8505859375,-25.634765625,21.49302864074707,-48.83406066894531,39.408111572265625
-0.736328125,-0.096435546875,0.55810546875,-15.0146484375,15.31982421875,-12.39013671875,22.798830032348636,-48.80181884765625,38.91211700439453
-0.706298828125,-0.0234375,0.54248046875,-0.79345703125,5.859375,-3.84521484375,24.11205863952637,-47.59593200683594,39.20891952514648
-0.6640625,0.025390625,0.604736328125,10.92529296875,4.21142578125,-0.79345703125,25.323184967041016,-45.91810607910156,39.605712890625
-0.717041015625,-0.025146484375,0.6103515625,12.39013671875,6.04248046875,-8.60595703125,26.34454917907715,-44.47954940795898,39.65395736694336
-0.86376953125,-0.086669921875,0.641357421875,10.92529296875,8.48388671875,-25.93994140625,26.9193115234375,-43.56233978271485,38.87954711914063
-0.8935546875,0.00244140625,0.653564453125,15.07568359375,-3.662109375,-19.83642578125,27.45984649658203,-42.1480712890625,38.8386344909668
-0.76513671875,-0.031982421875,0.580078125,21.54541015625,-21.3623046875,-5.4931640625,27.77464866638184,-40.08615112304688,39.77083587646485
-0.575927734375,0.0654296875,0.5859375,29.72412109375,-21.1181640625,-1.5869140625,28.068096160888672,-37.259376525878906,40.93684387207031
-0.6416015625,-0.02490234375,0.6044921875,40.771484375,-9.70458984375,15.7470703125,28.96080207824707,-34.196144104003906,42.29041290283203
-0.71337890625,-0.033447265625,0.55029296875,58.65478515625,-8.48388671875,43.8232421875,30.579633712768555,-30.058338165283203,44.65419006347656
-0.810791015625,0.02099609375,0.6318359375,75.62255859375,-6.8359375,70.98388671875,32.587535858154304,-24.17412185668945,48.63327026367188
-0.782958984375,0.128173828125,0.703857421875,85.5712890625,-7.8125,94.1162109375,34.321895599365234,-17.2900390625,53.6068000793457
-0.830078125,0.138916015625,0.794677734375,81.23779296875,-2.197265625,83.8623046875,35.56925582885742,-10.856293678283693,58.14685821533203
-0.787353515625,0.205810546875,0.747314453125,73.3642578125,2.38037109375,66.95556640625,36.472618103027344,-5.357494831085205,61.75960540771485
-0.833251953125,0.2294921875,0.66015625,66.10107421875,1.708984375,58.16650390625,37.23539352416992,-0.20535413920879364,65.1531982421875
-0.86279296875,0.179931640625,0.678955078125,61.82861328125,-2.3193359375,64.88037109375,37.58360290527344,4.726149082183838,68.73494720458984
-0.907958984375,0.2177734375,0.669677734375,56.15234375,-3.84521484375,66.83349609375,37.669837951660156,9.173641204833984,72.14256286621094
-0.8515625,0.242431640625,0.6103515625,43.212890625,-6.4697265625,44.86083984375,37.65712356567383,12.608332633972168,74.56446838378906
-0.7626953125,0.30419921875,0.510009765625,38.9404296875,-15.93017578125,30.21240234375,37.33885955810547,15.497538566589355,76.20343017578125
-0.668212890625,0.31103515625,0.467041015625,35.400390625,-19.71435546875,17.88330078125,36.89782333374024,17.770782470703125,77.11351776123047
-0.673583984375,0.28271484375,0.4228515625,34.66796875,-17.51708984375,26.123046875,36.542030334472656,20.194604873657227,78.36055755615234
-0.5791015625,0.307861328125,0.400634765625,38.9404296875,-14.83154296875,46.142578125,35.81703567504883,23.39498519897461,80.55663299560547
-0.61474609375,0.259521484375,0.44482421875,47.79052734375,-12.3291015625,62.98828125,34.8043212890625,27.227888107299805,83.3943862915039
-0.57470703125,0.3115234375,0.504150390625,54.6875,-4.69970703125,65.61279296875,33.722339630126946,31.06223106384277,86.15528869628906
-0.593505859375,0.34619140625,0.486572265625,53.64990234375,3.35693359375,59.99755859375,32.96068954467773,34.72285842895508,88.74771881103516
-0.64111328125,0.40283203125,0.411865234375,51.513671875,9.6435546875,61.5234375,32.299205780029304,38.62527847290039,91.68170928955078
-0.61328125,0.477294921875,0.374755859375,55.11474609375,14.83154296875,75.37841796875,31.29668426513672,42.913124084472656,95.07093811035156
-0.5791015625,0.48583984375,0.3359375,57.0068359375,18.5546875,82.21435546875,30.01141357421875,47.282630920410156,98.6058120727539
-0.5947265625,0.474853515625,0.399169921875,60.11962890625,16.845703125,82.45849609375,28.519023895263672,51.145973205566406,101.59058380126952
-0.519287109375,0.46826171875,0.451416015625,55.60302734375,14.83154296875,69.15283203125,27.074970245361328,54.31292724609375,103.93248748779295
-0.542724609375,0.39892578125,0.44140625,50.048828125,17.88330078125,68.17626953125,25.84250640869141,56.9697494506836,106.13298797607422
-0.4697265625,0.460205078125,0.321533203125,53.7109375,17.822265625,88.8671875,23.432960510253906,60.3961181640625,109.12237548828124
-0.352294921875,0.47607421875,0.32470703125,58.65478515625,33.69140625,134.21630859375,19.63408660888672,64.01821136474611,113.01481628417969
-0.33935546875,0.423828125,0.30859375,59.38720703125,46.38671875,165.34423828125,14.908337593078613,67.40599822998047,117.50384521484376
-0.218017578125,0.39208984375,0.248046875,63.4765625,54.01611328125,182.2509765625,9.294994354248047,70.6435775756836,122.22328186035156
-0.14794921875,0.349365234375,0.211669921875,68.9697265625,67.44384765625,175.78125,3.872048377990722,73.49136352539062,126.89398193359376
-0.110107421875,0.343017578125,0.183837890625,74.21875,82.1533203125,161.07177734375,-1.0057034492492676,76.12163543701172,131.70785522460938
-0.36669921875,0.3740234375,0.151123046875,84.3505859375,92.1630859375,152.40478515625,-4.889479637145996,79.28655242919922,136.50679016113278
-0.257080078125,0.598876953125,0.0908203125,112.4267578125,66.89453125,176.3916015625,-10.37924861907959,83.34241485595703,140.2491455078125
-0.2314453125,0.80029296875,0.10205078125,117.3095703125,60.97412109375,171.0205078125,-15.965365409851074,87.28350067138672,143.3296356201172
-0.1826171875,0.91552734375,0.1640625,108.70361328125,51.8798828125,156.494140625,-20.937620162963867,90.50993347167969,145.59149169921875
-0.15478515625,0.962646484375,0.1484375,97.2900390625,36.7431640625,132.99560546875,-25.16183280944824,93.4307632446289,147.1411895751953
-0.1533203125,1.057373046875,0.057373046875,86.97509765625,26.30615234375,107.97119140625,-28.290754318237305,96.2462158203125,148.04885864257812
-0.192138671875,1.201416015625,-0.02685546875,82.45849609375,20.5078125,86.12060546875,-30.269790649414066,99.05812072753906,148.67227172851562
-0.0732421875,1.313232421875,-0.072265625,81.60400390625,14.16015625,78.0029296875,-32.17997360229492,102.02328491210938,148.82293701171875
0.043212890625,1.42626953125,-0.15380859375,75.5615234375,6.4697265625,73.66943359375,-33.94399261474609,105.02008819580078,148.47767639160156
0.0009765625,1.550048828125,-0.243896484375,60.6689453125,13.3056640625,54.74853515625,-34.72068405151367,106.90789794921876,148.81259155273438
-0.026123046875,1.662109375,-0.272216796875,47.9736328125,25.390625,37.41455078125,-35.134769439697266,108.07103729248048,149.67132568359375
-0.1220703125,1.695556640625,-0.2578125,38.0859375,33.935546875,24.4140625,-35.064071655273445,108.4267578125,151.1431427001953
-0.09423828125,1.73583984375,-0.265625,37.841796875,8.85009765625,43.701171875,-35.50492477416992,109.9425811767578,150.5301513671875
0.065673828125,1.644287109375,-0.29833984375,32.71484375,-8.6669921875,48.76708984375,-35.968238830566406,111.48792266845705,149.57244873046875
0.079833984375,1.517333984375,-0.317138671875,23.01025390625,3.96728515625,31.982421875,-35.98759078979492,112.15432739257812,149.45526123046875
-0.07763671875,1.48291015625,-0.3564453125,13.85498046875,23.3154296875,12.39013671875,-35.38032150268555,111.7847671508789,150.5384063720703
-0.1962890625,1.345703125,-0.3212890625,14.404296875,13.3056640625,13.671875,-34.53094482421875,111.74192810058594,151.12875366210938
-0.167236328125,1.197265625,-0.285888671875,17.822265625,3.7841796875,15.93017578125,-33.65909576416016,112.11012268066406,151.24314880371094
-0.16162109375,1.089599609375,-0.227783203125,11.962890625,3.41796875,-6.16455078125,-31.9816837310791,111.95296478271484,151.7747802734375
-0.190185546875,1.0595703125,-0.22119140625,4.94384765625,1.708984375,-23.681640625,-29.627155303955078,111.43084716796876,152.50181579589844
-0.1923828125,1.0283203125,-0.250732421875,-1.220703125,-6.4697265625,-31.18896484375,-26.92355155944824,110.91539001464844,152.91062927246094
-0.1865234375,0.934814453125,-0.31005859375,-1.953125,-16.357421875,-33.99658203125,-23.95431137084961,110.8674774169922,152.7191619873047
-0.173828125,0.93798828125,-0.361083984375,2.62451171875,-27.52685546875,-42.78564453125,-20.702608108520508,111.13721466064452,152.28036499023438
-0.109375,0.876708984375,-0.359619140625,12.3291015625,-41.80908203125,-48.4619140625,-17.247722625732422,111.95508575439452,151.3894500732422
-0.12548828125,1.112060546875,-0.372802734375,12.51220703125,-41.259765625,-61.46240234375,-13.455446243286133,112.46566009521484,150.82611083984375
-0.0693359375,0.902099609375,-0.31884765625,10.3759765625,-47.607421875,-58.10546875,-9.896655082702637,112.92343139648438,149.9899139404297
-0.03125,0.783203125,-0.342529296875,13.12255859375,-51.6357421875,-47.54638671875,-6.865612030029298,113.63224792480469,148.8394775390625
0.02880859375,0.74072265625,-0.344482421875,32.53173828125,-44.677734375,-36.865234375,-4.5968894958496085,115.07618713378906,147.81838989257812
0.009521484375,0.799072265625,-0.295654296875,49.13330078125,-33.87451171875,-30.3955078125,-2.757871150970459,116.8837432861328,147.15525817871094
-0.04541015625,0.959716796875,-0.294677734375,53.5888671875,-23.74267578125,-29.296875,-1.0725646018981934,118.63703918457031,146.88702392578125
-0.0654296875,0.79833984375,0.06787109375,29.9072265625,-30.2734375,-33.0810546875,0.8847394585609436,118.566650390625,146.4855499267578
-0.159912109375,0.801025390625,-0.195556640625,23.3154296875,-21.728515625,-27.89306640625,2.676786184310913,118.90497589111328,146.25482177734375
-0.232421875,0.727783203125,-0.23876953125,17.4560546875,-23.62060546875,-0.67138671875,3.71955156326294,119.1372299194336,145.42166137695312
-0.313720703125,0.799072265625,-0.257568359375,18.49365234375,-14.892578125,31.31103515625,3.5843372344970703,119.37261962890624,144.2565460205078
-0.478515625,0.728759765625,-0.181884765625,15.68603515625,-20.08056640625,36.92626953125,3.804840564727783,119.38436889648438,142.79055786132812
-0.441162109375,0.78955078125,-0.287353515625,22.0947265625,-41.68701171875,30.70068359375,4.49166202545166,119.77615356445312,140.70599365234378
-0.329345703125,1.01806640625,-0.33349609375,20.8740234375,-51.81884765625,6.9580078125,5.7864203453063965,119.9810562133789,138.72857666015622
-0.3134765625,1.0810546875,-0.320556640625,7.62939453125,-53.89404296875,4.33349609375,7.099971294403076,119.5344009399414,136.70552062988278
-0.1787109375,0.977783203125,-0.31689453125,-4.08935546875,-56.7626953125,19.34814453125,7.6467647552490225,118.59335327148438,134.26747131347656
-0.365966796875,1.05517578125,-0.40966796875,-9.70458984375,-39.48974609375,50.9033203125,7.012977600097656,117.60472106933594,131.84873962402344
-0.1279296875,-0.220703125,-0.584228515625,-16.2353515625,-39.4287109375,102.72216796875,4.575760841369629,118.84857177734376,128.76780700683594
-0.4296875,0.6650390625,-0.310791015625,-9.09423828125,-22.705078125,55.48095703125,4.0602402687072745,118.19945526123048,126.88046264648438
-0.216796875,1.185302734375,-0.35205078125,-5.37109375,-52.67333984375,40.22216796875,3.863682508468628,117.3324737548828,124.22373962402344
-0.208740234375,1.064208984375,-0.35693359375,-20.01953125,-53.955078125,39.48974609375,3.696100950241089,115.99678802490234,121.55162048339844
-0.240234375,1.04345703125,-0.51123046875,-19.10400390625,-54.931640625,33.99658203125,3.740666627883911,115.0539321899414,118.97283172607422
-0.190185546875,1.139404296875,-0.59423828125,-3.35693359375,-68.29833984375,24.4140625,4.19996976852417,114.80245971679688,116.08281707763672
-0.046142578125,1.208251953125,-0.6005859375,2.38037109375,-63.90380859375,24.23095703125,4.309453010559082,114.74504852294922,113.35336303710938
-0.074462890625,1.15185546875,-0.591064453125,7.01904296875,-61.279296875,40.0390625,3.8546051979064937,114.90100860595705,110.45450592041016
-0.084716796875,1.06884765625,-0.53173828125,12.5732421875,-52.79541015625,56.396484375,2.7278707027435303,115.28658294677734,107.58099365234376
-0.20263671875,1.00439453125,-0.57470703125,11.23046875,-45.22705078125,55.17578125,1.8142666816711424,115.79640197753906,105.00009155273438
-0.268798828125,0.840576171875,-0.492919921875,20.8740234375,-52.6123046875,37.4755859375,1.945635676383972,116.71176147460938,102.45530700683594
-0.204833984375,0.824462890625,-0.37841796875,29.296875,-63.29345703125,5.126953125,3.350243330001831,117.6826400756836,100.10993957519531
-0.064208984375,1.077880859375,-0.44775390625,15.19775390625,-72.8759765625,15.13671875,4.171452045440674,117.8841781616211,97.23294067382812
-0.053466796875,0.607666015625,-0.1572265625,-2.3193359375,-68.29833984375,7.38525390625,5.205116748809815,117.03775024414062,94.62776184082031
-0.118896484375,0.77294921875,-0.304931640625,-29.60205078125,-71.59423828125,19.95849609375,5.876415729522705,115.33472442626952,91.67125701904295
-0.222412109375,0.695556640625,-0.33544921875,-43.3349609375,-77.69775390625,18.37158203125,6.894690990447997,113.24768829345705,88.51128387451172
-0.1923828125,0.71484375,-0.544921875,-42.3583984375,-88.623046875,32.71484375,7.263289928436278,111.61441802978516,84.76853942871094
0.107666015625,0.6611328125,-0.512939453125,-26.30615234375,-81.4208984375,40.0390625,6.396886348724365,110.74982452392578,81.21221923828125
0.130615234375,0.7744140625,-0.39892578125,-10.68115234375,-73.18115234375,39.9169921875,5.352353572845459,110.22486114501952,77.92499542236328
0.1884765625,1.010009765625,-0.30712890625,-9.521484375,-69.88525390625,26.91650390625,4.68940019607544,109.4349136352539,74.91168212890625
0.15966796875,1.0361328125,-0.253173828125,-27.2216796875,-55.419921875,36.4990234375,3.5067501068115234,107.9208526611328,72.32498931884766
0.125732421875,0.903076171875,-0.25341796875,-34.85107421875,-38.26904296875,51.7578125,1.550886869430542,106.33041381835938,70.24740600585939
-0.02734375,0.75390625,-0.2958984375,-22.94921875,-28.38134765625,46.875,0.08580949902534485,105.57676696777344,68.64072418212889
-0.219970703125,0.84326171875,-0.215576171875,-3.173828125,-27.52685546875,24.23095703125,0.006961727049201727,105.38634490966795,67.31603240966797
-0.205322265625,0.84912109375,-0.127685546875,-5.2490234375,-34.36279296875,13.48876953125,0.3797759413719177,104.89210510253906,65.84383392333984
-0.228271484375,0.911376953125,-0.12158203125,-13.48876953125,-38.02490234375,2.5634765625,1.198351263999939,104.0351104736328,64.33866119384766
-0.396484375,0.846435546875,-0.229248046875,-19.22607421875,-36.7431640625,17.9443359375,1.7474136352539062,103.25091552734376,62.73107147216797
-0.109130859375,0.697998046875,-0.276611328125,-22.03369140625,-33.26416015625,39.97802734375,0.7558717131614685,102.64684295654295,61.07904052734375
-0.13037109375,0.9033203125,-0.291748046875,-10.1318359375,-33.8134765625,32.28759765625,0.07710805535316467,102.42190551757812,59.476417541503906
-0.026123046875,0.978271484375,-0.338134765625,-6.53076171875,-20.3857421875,24.35302734375,-0.6385239958763123,102.41494750976562,58.46820831298828
0.223388671875,0.91259765625,-0.3798828125,6.53076171875,21.42333984375,0.1220703125,-1.3112698793411257,103.04174041748048,59.29717254638672
0.294921875,1.04736328125,-0.25048828125,6.2255859375,65.91796875,-12.20703125,-1.994089126586914,103.21439361572266,61.97699737548828
0.4306640625,1.33837890625,-0.2392578125,-22.39990234375,126.220703125,7.4462890625,-4.00632905960083,101.92938995361328,66.85164642333984
0.155517578125,1.115234375,-0.2861328125,-41.6259765625,154.11376953125,17.822265625,-6.028715133666992,99.8236083984375,72.77825927734375
0.037353515625,1.15478515625,-0.2568359375,-55.84716796875,162.59765625,21.05712890625,-7.656392574310303,96.92316436767578,79.10692596435547
0.194091796875,1.1689453125,-0.3076171875,-66.46728515625,158.63037109375,27.03857421875,-9.392451286315918,93.62295532226562,85.34465026855469
0.14990234375,1.115478515625,-0.4111328125,-55.6640625,164.73388671875,32.958984375,-10.913338661193848,90.86490631103516,91.86131286621094
0.152099609375,1.375,-0.310791015625,-47.54638671875,174.37744140625,32.77587890625,-11.996346473693848,88.00546264648438,98.88561248779295
0.225830078125,1.40869140625,-0.14892578125,-79.4677734375,181.21337890625,12.451171875,-11.876206398010256,83.59683990478516,106.232421875
0.27783203125,1.438232421875,-0.18115234375,-113.46435546875,204.65087890625,-7.4462890625,-10.283016204833984,78.01121520996094,114.297119140625
0.15576171875,1.193603515625,-0.157958984375,-123.59619140625,209.1064453125,-15.2587890625,-7.518336772918701,72.58039855957031,122.17962646484376
0.2509765625,1.033203125,-0.14892578125,-96.74072265625,194.39697265625,10.009765625,-5.624305725097656,68.80059051513672,129.57797241210938
0.32470703125,1.06982421875,-0.140380859375,-91.97998046875,193.84765625,7.9345703125,-3.4096243381500244,65.58713531494139,136.77940368652344
0.338134765625,1.02001953125,-0.09765625,-96.49658203125,220.458984375,-12.63427734375,0.25846120715141296,62.5894889831543,144.4422149658203
0.21240234375,0.739013671875,-0.15283203125,-75.50048828125,235.53466796875,-28.62548828125,5.03386926651001,61.30646514892578,152.2377166748047
-0.119140625,0.92578125,0.01416015625,-48.33984375,195.00732421875,-4.150390625,9.00589370727539,61.25560760498047,159.14126586914062
0.047119140625,0.830322265625,0.039794921875,-22.27783203125,170.83740234375,-1.8310546875,11.8136568069458,62.46410751342773,165.38966369628906
0.263671875,0.6484375,0.063720703125,-10.68115234375,197.57080078125,-46.7529296875,15.745321273803713,64.36573791503906,-188.04067993164062
-0.080078125,0.71337890625,0.175048828125,-0.732421875,201.2939453125,-59.4482421875,20.821779251098636,66.91529846191406,-181.2192840576172
-0.149169921875,1.175048828125,0.37646484375,-5.55419921875,147.03369140625,-33.5693359375,23.696758270263672,68.92607879638672,-175.7984161376953
0.000244140625,0.91015625,0.370361328125,-54.3212890625,111.87744140625,-26.18408203125,25.359539031982425,68.43041229248047,-171.6424102783203
0.131103515625,0.815673828125,0.280029296875,-64.0869140625,111.572265625,-50.6591796875,27.60743522644043,67.66649627685547,-167.79312133789062
0.15185546875,0.784912109375,0.177734375,-72.75390625,134.58251953125,-77.63671875,31.10537147521973,67.31222534179689,-163.22994995117188
0.25146484375,0.59033203125,0.053955078125,-69.3359375,188.1103515625,-120.361328125,36.53530502319336,68.76084136962889,-156.60321044921875
0.011962890625,0.701416015625,0.056884765625,-36.80419921875,210.51025390625,-128.2958984375,42.71487808227539,73.32057189941406,-147.95887756347656
-0.055419921875,0.75,0.106689453125,5.9814453125,206.0546875,-115.41748046875,47.56581115722656,81.01787567138672,-137.7783203125
0.022705078125,-1.64404296875,1.500244140625,143.12744140625,271.6064453125,-142.76123046875,54.56692886352539,97.6168975830078,-122.35882568359376
0.390625,0.037353515625,-0.283935546875,213.37890625,-16.9677734375,162.9638671875,46.99425506591797,105.65201568603516,-123.99837493896484
-0.1904296875,1.548828125,0.217529296875,154.541015625,31.1279296875,168.39599609375,38.95643997192383,109.71843719482422,-126.19365692138672
-0.820556640625,1.279052734375,0.04248046875,-28.01513671875,59.99755859375,110.16845703125,33.85341644287109,108.30475616455078,-125.74359893798828
-0.8173828125,1.0673828125,-0.062744140625,-78.43017578125,0.6103515625,110.53466796875,29.787410736083984,103.84385681152344,-127.50100708007812
-0.552001953125,0.808349609375,-0.044677734375,-91.4306640625,-64.39208984375,108.7646484375,26.216899871826172,97.97657012939452,-131.52938842773438
-0.4306640625,1.0390625,-0.354736328125,-79.345703125,-109.619140625,73.2421875,23.581167221069336,93.06564331054688,-136.46340942382812
0.29248046875,1.00048828125,-0.13134765625,-79.2236328125,-124.08447265625,71.044921875,19.37257957458496,88.12015533447266,-141.69439697265625
-0.094970703125,0.92724609375,-0.01904296875,7.6904296875,-151.67236328125,23.3154296875,4.14941930770874,80.00807189941406,-171.99159240722656
0.044677734375,1.044677734375,-0.09521484375,12.39013671875,-184.6923828125,16.54052734375,2.0337092876434326,80.7007064819336,-179.1282958984375
0.20556640625,1.1572265625,-0.171630859375,5.9814453125,-191.46728515625,-2.62451171875,0.5081580877304077,81.44181823730469,-186.681640625
0.33154296875,1.207275390625,-0.21484375,-4.5166015625,-181.640625,-18.98193359375,-0.37680163979530334,81.94116973876953,166.03392028808594
0.276123046875,1.154296875,-0.216796875,-11.29150390625,-158.50830078125,-19.53125,-0.9589792490005492,82.25960540771484,159.6480255126953
0.1953125,1.068359375,-0.194580078125,-5.06591796875,-164.97802734375,7.2021484375,-2.4360806941986084,82.93270874023438,153.129638671875
0.2763671875,1.069580078125,-0.1806640625,5.67626953125,-172.42431640625,36.9873046875,-5.117823123931885,84.22494506835938,146.39871215820312
0.330078125,1.050048828125,-0.095458984375,17.27294921875,-146.728515625,53.28369140625,-8.198779106140138,85.98054504394531,140.65040588378906
0.250244140625,0.981201171875,-0.043212890625,25.93994140625,-124.57275390625,59.02099609375,-11.029532432556152,88.08349609375,135.68446350097656
0.21630859375,0.91796875,0.03125,34.36279296875,-116.455078125,66.71142578125,-13.817248344421387,90.46330261230469,130.94514465332028
0.214599609375,0.864013671875,0.085693359375,44.921875,-112.4267578125,62.5,-16.15157699584961,93.22852325439452,126.2653350830078
0.22998046875,0.901123046875,0.11279296875,49.31640625,-103.515625,40.83251953125,-17.358697891235348,96.05650329589844,121.9356689453125
0.204345703125,1.011962890625,0.12158203125,41.9921875,-96.74072265625,7.26318359375,-16.927038192749027,98.39640045166016,118.04649353027344
0.127685546875,1.12109375,0.12255859375,21.78955078125,-105.46875,-34.423828125,-14.503840446472168,99.77140808105469,114.13536071777344
0.130615234375,1.198486328125,0.019775390625,-3.84521484375,-122.6806640625,-54.0771484375,-11.200461387634276,100.19024658203124,109.68915557861328
0.1962890625,1.15283203125,-0.082275390625,-38.2080078125,-131.77490234375,-67.32177734375,-7.595527172088622,99.19099426269531,104.94898223876952
0.238525390625,1.14990234375,-0.1474609375,-79.4677734375,-114.92919921875,-76.47705078125,-4.102998733520509,96.34786224365234,100.81988525390624
0.232421875,1.025146484375,-0.152587890625,-99.30419921875,-90.51513671875,-67.0166015625,-1.4858784675598145,92.60948944091795,97.43682098388672
0.140380859375,0.869873046875,-0.08642578125,-106.3232421875,-74.15771484375,-36.80419921875,-0.2829757630825043,88.50909423828125,94.50164794921876
0.1162109375,0.743896484375,-0.063232421875,-110.2294921875,-67.626953125,11.53564453125,-1.2380286455154421,84.37210083007812,91.8426742553711
0.062744140625,0.641845703125,-0.08740234375,-99.365234375,-55.2978515625,29.78515625,-2.8604652881622314,80.9837417602539,89.79037475585938
0.1455078125,0.5615234375,-0.065673828125,-86.5478515625,-53.7109375,47.05810546875,-5.544688701629639,78.23829650878906,87.98886108398438
0.09912109375,0.655517578125,-0.083251953125,-60.6689453125,-39.306640625,47.119140625,-7.84425687789917,76.66973114013672,86.78080749511719
0.052734375,0.75,-0.09326171875,-39.1845703125,-30.029296875,31.79931640625,-9.221446990966797,76.02155303955078,85.78988647460938
0.0234375,0.833984375,-0.06494140625,-19.34814453125,-24.5361328125,7.26318359375,-9.450782775878906,76.10885620117188,84.77778625488281
0.095703125,0.93212890625,-0.075439453125,6.9580078125,-12.939453125,-29.541015625,-8.294575691223145,77.22286224365234,83.87865447998047
0.16357421875,1.030517578125,-0.0576171875,23.0712890625,3.72314453125,-55.84716796875,-6.123399257659912,78.79548645019531,83.47637939453125
0.15234375,1.03955078125,-0.092529296875,38.0859375,21.8505859375,-72.6318359375,-3.2159514427185063,80.90974426269531,83.76806640625
0.0810546875,1.10400390625,-0.050537109375,60.546875,30.3955078125,-67.32177734375,-0.43902987241745,83.7498779296875,84.59693908691406
0.0751953125,1.148193359375,-0.040283203125,67.93212890625,21.97265625,-44.98291015625,1.2860380411148071,86.78296661376953,85.32489776611328
-0.099365234375,1.256591796875,-0.0322265625,5.92041015625,-0.67138671875,31.494140625,-0.21830366551876068,92.70630645751952,87.26831817626953
-0.04345703125,1.2646484375,-0.072265625,-20.32470703125,-16.41845703125,40.8935546875,-1.7316423654556274,91.9125747680664,86.5398178100586
0.010498046875,1.253173828125,-0.099365234375,-35.70556640625,-22.3388671875,37.29248046875,-3.145172119140625,90.61286163330078,85.60449981689453
0.03076171875,1.249267578125,-0.10693359375,-45.654296875,-25.81787109375,30.94482421875,-4.3095359802246085,89.00919342041016,84.55992126464844
0.07373046875,1.166748046875,-0.145751953125,-47.42431640625,-30.57861328125,25.0244140625,-5.312114715576172,87.52031707763672,83.33648681640625
0.081787109375,1.105224609375,-0.158935546875,-41.9921875,-33.935546875,22.39990234375,-6.229781627655028,86.38182830810547,81.98033905029297
0.104736328125,1.006103515625,-0.12890625,-31.25,-34.85107421875,23.5595703125,-7.248398303985597,85.70684051513672,80.59638214111328
0.10791015625,0.863525390625,-0.099609375,-18.6767578125,-34.72900390625,26.9775390625,-8.418790817260742,85.55562591552734,79.22449493408203
0.15283203125,0.82080078125,-0.082763671875,-15.0146484375,-30.1513671875,24.169921875,-9.555086135864258,85.52067565917969,78.02313995361328
0.09228515625,0.82666015625,-0.085693359375,-13.00048828125,-21.91162109375,11.5966796875,-9.958063125610352,85.5448989868164,77.10430908203125
0.056640625,0.934326171875,-0.10986328125,-11.3525390625,-18.12744140625,-16.29638671875,-9.11089324951172,85.65304565429688,76.24695587158203
0.017333984375,1.017822265625,-0.125732421875,-10.25390625,-18.73779296875,-42.48046875,-7.158440113067628,85.80802154541016,75.29934692382812
-0.021728515625,1.086181640625,-0.163330078125,-9.27734375,-25.5126953125,-65.7958984375,-4.2883968353271475,86.04888153076172,74.03581237792969
0.030029296875,1.165283203125,-0.182861328125,-12.14599609375,-41.015625,-85.44921875,-0.8872165679931641,86.14098358154297,72.1391830444336
0.0849609375,1.188232421875,-0.152099609375,-10.3759765625,-48.7060546875,-87.0361328125,2.3238637447357178,86.12345123291016,69.96664428710939
0.100341796875,1.160888671875,-0.136474609375,-7.14111328125,-55.23681640625,-68.66455078125,4.628146171569824,86.09527587890625,67.59852600097656
0.100341796875,1.04833984375,-0.112060546875,-3.173828125,-71.96044921875,-16.66259765625,4.710081577301025,86.11054992675781,64.70606231689453
0.120361328125,0.98876953125,-0.10009765625,-3.173828125,-85.63232421875,25.146484375,3.0345489978790283,86.12210845947266,61.377830505371094
