0.060302734375,0.986572265625,-0.026611328125,-7.26318359375,-5.55419921875,-4.150390625,-2.956275224685669,80.96735382080078,12.116973876953125
0.069091796875,1.09521484375,-0.050537109375,-12.63427734375,-11.29150390625,-16.90673828125,-2.3873369693756104,80.93438720703125,11.542957305908205
-0.072509765625,1.029541015625,-0.074951171875,11.71875,-102.84423828125,-37.9638671875,-1.2312387228012085,82.04463195800781,7.233454704284668
-0.02783203125,1.225341796875,-0.072021484375,4.2724609375,-148.74267578125,-51.33056640625,0.13043741881847382,82.70674896240234,1.0652713775634766
0.37060546875,1.45166015625,0.02099609375,5.126953125,-144.10400390625,-57.43408203125,1.1446020603179932,83.07869720458984,-4.927557468414307
0.5439453125,1.62890625,0.01318359375,14.404296875,-38.39111328125,-88.8671875,3.732388019561768,83.80137634277344,-6.846613883972168
0.221923828125,1.547119140625,0.021484375,10.7421875,31.25,-88.8671875,6.911275863647461,84.51131439208984,-5.937509059906006
-0.001220703125,1.477294921875,0.022705078125,0.79345703125,31.55517578125,-82.275390625,10.017395973205566,84.85487365722656,-4.943234443664551
-0.0107421875,1.49169921875,0.024658203125,-14.0380859375,-12.75634765625,-68.7255859375,12.31913948059082,84.2966537475586,-5.686239242553711
-0.031005859375,1.462158203125,0.02734375,-30.2734375,-52.18505859375,-48.33984375,13.56869411468506,82.73260498046875,-7.987619400024414
0.10009765625,1.359130859375,0.05078125,-46.875,-91.6748046875,-28.564453125,13.47066593170166,80.14098358154297,-11.824857711791992
0.318115234375,1.040283203125,0.085205078125,-57.67822265625,-86.181640625,8.97216796875,11.309680938720705,77.30074310302734,-15.139347076416016
0.32470703125,1.067626953125,0.085693359375,-61.09619140625,-38.4521484375,33.5693359375,8.578219413757324,74.95620727539062,-16.249032974243164
0.163330078125,1.080078125,0.078369140625,-63.96484375,-4.2724609375,45.8984375,6.107696533203125,72.86170196533203,-15.83091926574707
-0.0791015625,0.99169921875,0.0927734375,-74.15771484375,-13.36669921875,60.97412109375,3.57607650756836,70.37197875976562,-15.526691436767578
-0.16552734375,0.849853515625,0.11767578125,-80.9326171875,-49.74365234375,81.84814453125,0.11633893102407455,67.55788421630861,-16.200958251953125
-0.037109375,0.787109375,0.124755859375,-79.77294921875,-81.35986328125,103.02734375,-4.8396172523498535,64.94017791748047,-17.536737442016598
0.09814453125,0.778076171875,0.123046875,-68.17626953125,-66.40625,130.615234375,-10.770065307617188,62.84504318237305,-17.691938400268555
0.079833984375,0.7822265625,0.115234375,-61.4013671875,-42.8466796875,147.76611328125,-16.590866088867188,60.816932678222656,-16.537879943847653
0.09619140625,0.88623046875,0.119140625,-50.23193359375,-12.63427734375,155.76171875,-21.845355987548828,58.73661422729492,-13.956907272338867
-0.080810546875,0.853759765625,0.103515625,-42.29736328125,10.19287109375,160.0341796875,-26.05798530578613,56.38524627685547,-10.244516372680664
-0.0576171875,0.829833984375,0.078857421875,-38.0859375,-4.94384765625,161.68212890625,-30.45964241027832,54.18406295776367,-6.8244285583496085
0.103271484375,0.837890625,0.083740234375,-32.2265625,-10.1318359375,159.60693359375,-35.04612350463867,51.97755432128906,-3.3683381080627437
0.225341796875,0.83984375,0.094970703125,-19.6533203125,23.681640625,152.28271484375,-38.55738830566406,49.17927932739258,1.5224618911743164
0.061279296875,0.796630859375,0.093017578125,-12.39013671875,54.38232421875,145.32470703125,-40.36028289794922,45.78265380859375,7.6183834075927725
0.011962890625,0.759033203125,0.096435546875,-9.46044921875,46.44775390625,139.22119140625,-41.78490447998047,42.61761474609375,13.415033340454102
0.0546875,0.66748046875,0.0703125,-3.11279296875,26.67236328125,122.49755859375,-43.25407791137695,40.51350784301758,17.9681453704834
-0.139404296875,0.7099609375,-0.017578125,11.65771484375,33.0810546875,103.82080078125,-43.63873291015625,39.54386520385742,21.86572265625
-0.476318359375,0.742919921875,0.1484375,28.1982421875,27.2216796875,80.74951171875,-42.95079040527344,39.33216857910156,25.08175277709961
0.3974609375,0.729248046875,0.196533203125,28.076171875,24.658203125,41.93115234375,-42.9135971069336,40.24674987792969,26.621601104736328
0.176513671875,0.68408203125,0.139404296875,30.82275390625,83.43505859375,33.63037109375,-40.4805793762207,40.4477424621582,29.65657043457031
-0.070556640625,0.817138671875,0.411865234375,36.2548828125,46.9970703125,34.60693359375,-38.47484970092773,41.13766098022461,31.88318634033203
-0.02880859375,0.845458984375,0.56689453125,7.50732421875,14.892578125,11.65771484375,-36.91861343383789,41.591793060302734,32.369949340820305
0.1669921875,0.730712890625,-0.31103515625,4.45556640625,-2.8076171875,-3.23486328125,-36.82177734375,44.52780151367188,30.56413269042969
0.10107421875,0.858642578125,-0.07666015625,22.03369140625,-26.123046875,-3.173828125,-36.758296966552734,48.19457244873047,28.22045135498047
0.34619140625,0.822509765625,0.17333984375,26.611328125,-99.2431640625,-6.591796875,-38.617835998535156,53.063194274902344,23.34510803222656
0.575927734375,0.806884765625,0.0712890625,33.0810546875,-106.8115234375,-0.30517578125,-40.98838424682617,58.6058235168457,17.921585083007812
0.521240234375,0.974609375,0.224365234375,33.447265625,-106.50634765625,-5.18798828125,-42.32991409301758,64.1890869140625,12.237953186035154
0.3681640625,0.98095703125,0.07958984375,23.193359375,-74.21875,0.732421875,-42.75088119506836,68.61628723144531,7.8861846923828125
0.3759765625,1.1259765625,-0.016845703125,23.4375,-81.97021484375,6.40869140625,-43.18206024169922,73.44635772705078,3.039535522460937
0.86572265625,0.938232421875,0.298095703125,13.427734375,-69.03076171875,11.53564453125,-44.24714279174805,76.36310577392578,-0.452885627746582
0.65576171875,0.97607421875,0.166748046875,-5.55419921875,-24.658203125,12.3291015625,-44.516502380371094,77.13469696044922,-1.756507396697998
0.34375,0.91259765625,0.32861328125,-20.6298828125,-49.9267578125,18.6767578125,-44.71182632446289,77.69329833984375,-4.003952980041504
0.55859375,0.90185546875,0.16357421875,-26.2451171875,-70.25146484375,14.58740234375,-45.29053115844727,79.36710357666016,-7.797548294067383
0.367431640625,0.969482421875,-0.03125,-31.25,-91.36962890625,18.98193359375,-45.673583984375,82.30270385742188,-13.219572067260742
0.67822265625,0.959716796875,-0.6416015625,-20.20263671875,-193.4814453125,14.95361328125,-46.33319091796875,91.37288665771484,-25.63698959350586
0.109375,0.80224609375,-0.58544921875,-6.7138671875,-317.0166015625,4.638671875,-43.34292984008789,105.41474151611328,-44.46435928344727
1.1240234375,0.982421875,-0.4658203125,4.39453125,-446.2890625,-10.43701171875,-36.16286087036133,119.6681137084961,-65.82581329345703
1.297119140625,1.16064453125,-0.181640625,-19.6533203125,-263.18359375,-26.3671875,-30.23937225341797,123.72282409667969,-75.46275329589844
0.483642578125,0.980224609375,-0.01025390625,-41.56494140625,-146.78955078125,-28.38134765625,-26.065105438232425,123.06062316894531,-79.6507568359375
0.15478515625,0.770751953125,-0.044677734375,-43.27392578125,-184.6923828125,0.9765625,-21.62866973876953,122.86604309082031,-85.89228820800781
0.888916015625,0.8935546875,0.12353515625,-5.92041015625,-245.849609375,36.1328125,-18.38556289672852,124.78374481201172,-95.00829315185548
1.294677734375,1.0830078125,0.430419921875,2.01416015625,-134.70458984375,40.22216796875,-17.942651748657227,125.26725769042969,-100.19369506835938
0.739501953125,0.742919921875,0.294921875,-19.287109375,98.7548828125,38.63525390625,-22.58883857727051,122.068359375,-97.1122055053711
0.295654296875,0.685791015625,0.02001953125,-24.10888671875,120.849609375,45.2880859375,-26.726184844970703,118.29345703125,-93.02784729003906
0.4658203125,0.834228515625,-0.137451171875,-28.6865234375,114.68505859375,52.91748046875,-30.779659271240234,114.63894653320312,-89.08999633789062
0.5,0.90576171875,-0.313720703125,-58.59375,136.962890625,47.79052734375,-34.46547698974609,109.2334976196289,-83.79976654052734
0.266357421875,0.733154296875,-0.158935546875,-60.11962890625,111.99951171875,39.48974609375,-36.6671028137207,103.73819732666016,-78.92147827148438
0.496337890625,0.8154296875,-0.0244140625,-57.0068359375,103.1494140625,25.81787109375,-38.26222229003906,97.95793151855469,-73.75874328613281
0.3818359375,0.723388671875,0.078857421875,-44.921875,122.314453125,4.8828125,-38.48539733886719,91.65587615966795,-67.17880249023439
0.3759765625,0.697998046875,0.050048828125,-21.91162109375,99.9755859375,-2.13623046875,-37.97615432739258,87.34818267822266,-61.92692565917969
0.43994140625,0.75537109375,0.000244140625,-2.62451171875,93.3837890625,-3.96728515625,-37.25892639160156,84.46731567382812,-57.29615783691406
0.42822265625,0.78125,-0.012939453125,7.32421875,105.65185546875,7.01904296875,-36.71923065185547,81.82870483398438,-52.162330627441406
0.457275390625,0.81640625,0.03564453125,11.90185546875,112.85400390625,20.3857421875,-36.500389099121094,79.11254119873047,-46.58524703979492
0.520263671875,0.818115234375,0.077880859375,14.2822265625,114.19677734375,37.04833984375,-36.83001708984375,76.322265625,-40.75213623046875
0.595458984375,0.826416015625,0.05810546875,8.36181640625,130.67626953125,44.7998046875,-37.158302307128906,72.85411071777344,-34.0633544921875
0.659423828125,0.833251953125,0.06591796875,-1.52587890625,147.15576171875,45.22705078125,-37.01888275146485,68.59258270263672,-26.62196922302246
0.5595703125,0.8125,0.058349609375,-13.3056640625,156.79931640625,48.52294921875,-36.2515983581543,63.87256240844727,-18.89447021484375
0.46826171875,0.7861328125,0.1005859375,-23.5595703125,137.63427734375,59.14306640625,-35.58371353149414,59.36553955078125,-11.978208541870115
0.604736328125,0.810302734375,0.17724609375,-25.32958984375,129.39453125,65.12451171875,-35.06632232666016,54.94982528686523,-5.308294296264648
0.637939453125,0.82470703125,0.19384765625,-29.4189453125,136.53564453125,70.4345703125,-34.175975799560554,50.39028930664063,1.596601486206055
0.587158203125,0.7451171875,0.1357421875,-52.06298828125,140.44189453125,60.6689453125,-32.52529144287109,45.52145385742188,7.974882125854492
0.641357421875,0.679443359375,0.270263671875,-65.61279296875,121.09375,47.05810546875,-30.722679138183594,40.768516540527344,13.094947814941404
0.487060546875,0.66796875,0.356689453125,-57.92236328125,115.17333984375,40.6494140625,-28.3242130279541,36.8808822631836,17.48277473449707
0.557373046875,0.666259765625,0.464111328125,-39.85595703125,91.552734375,60.48583984375,-27.038806915283203,33.790557861328125,21.806793212890625
0.382080078125,0.61572265625,0.494873046875,-26.91650390625,78.30810546875,67.626953125,-25.86316108703613,31.41642761230469,25.93235015869141
0.48193359375,0.562744140625,0.45849609375,-11.90185546875,37.04833984375,65.97900390625,-26.29374885559082,30.149280548095703,29.00338363647461
0.76220703125,0.71630859375,0.339111328125,-9.27734375,26.2451171875,56.5185546875,-27.32095718383789,29.55380439758301,31.33145523071289
0.733642578125,0.69873046875,0.3603515625,-29.78515625,46.56982421875,45.95947265625,-27.319002151489254,28.080018997192386,33.699935913085945
0.541748046875,0.63330078125,0.34326171875,-37.353515625,42.3583984375,29.60205078125,-26.883115768432614,26.76748275756836,35.25028610229492
0.454345703125,0.532470703125,0.508544921875,-25.45166015625,-11.65771484375,23.98681640625,-27.959535598754886,26.13483428955078,35.65574645996094
0.620361328125,0.6328125,0.487060546875,12.0849609375,-69.580078125,19.10400390625,-31.23405456542969,27.856821060180664,34.543628692626946
0.912353515625,0.603759765625,0.44140625,30.82275390625,-77.33154296875,-5.7373046875,-34.610580444335945,30.95708084106445,32.073570251464844
0.623779296875,0.60205078125,0.572265625,15.93017578125,-74.64599609375,-28.62548828125,-36.609962463378906,34.025577545166016,28.562461853027344
-1.048828125,0.392822265625,0.3935546875,11.41357421875,-157.8369140625,-31.494140625,-38.69844055175781,38.34028244018555,22.498676300048828
1.177001953125,0.912841796875,-0.3115234375,49.01123046875,-320.3125,-68.84765625,-46.65321350097656,52.51705551147461,6.1354713439941415
0.80419921875,0.760986328125,-0.074951171875,17.39501953125,-294.86083984375,-108.33740234375,-48.80978775024414,68.56836700439453,-13.548864364624025
1.29541015625,0.86328125,0.109619140625,-10.009765625,-273.74267578125,-124.32861328125,-47.016578674316406,81.87704467773438,-31.65236473083496
0.669677734375,0.97119140625,-0.003662109375,-50.10986328125,-197.57080078125,-127.01416015625,-42.10137176513672,88.42691802978516,-43.519691467285156
0.275146484375,0.75244140625,-0.112060546875,-108.642578125,-215.02685546875,-88.92822265625,-37.66256713867188,91.7575225830078,-54.98107528686523
0.71484375,0.67724609375,0.12939453125,-105.3466796875,-243.71337890625,-32.53173828125,-36.16308975219727,94.39764404296876,-66.7862548828125
1.22412109375,0.853271484375,0.73291015625,-75.62255859375,-145.44677734375,-16.11328125,-35.76401138305664,94.18302154541016,-73.08307647705078
0.429443359375,0.83837890625,0.367919921875,-15.5029296875,20.263671875,-37.04833984375,-34.043460845947266,91.74951171875,-71.30029296875
0.384521484375,0.79541015625,0.114013671875,16.11328125,-30.8837890625,-32.65380859375,-32.37192916870117,92.7285614013672,-72.45889282226562
0.500244140625,0.787841796875,0.208251953125,30.33447265625,-50.29296875,-35.46142578125,-30.847265243530273,94.4228057861328,-74.3287353515625
0.794189453125,0.80859375,0.055419921875,50.59814453125,-29.296875,-22.3388671875,-30.385019302368164,96.8028335571289,-75.44046783447266
0.647216796875,0.7744140625,0.065673828125,42.78564453125,9.033203125,-29.1748046875,-29.66811561584473,97.79581451416016,-74.63621520996094
0.708740234375,0.781982421875,0.052734375,30.6396484375,16.7236328125,-43.02978515625,-28.57184600830078,98.10929107666016,-73.39453125
0.55908203125,0.76220703125,0.02392578125,16.78466796875,9.94873046875,-53.77197265625,-26.82356071472168,98.03838348388672,-72.41792297363281
0.6494140625,0.82080078125,0.0078125,14.892578125,13.671875,-59.14306640625,-25.029884338378906,97.8952178955078,-71.29718017578125
0.564697265625,0.8486328125,-0.0048828125,7.62939453125,37.90283203125,-60.6689453125,-23.18116950988769,97.09065246582031,-69.16694641113281
0.45361328125,0.878662109375,-0.00244140625,1.46484375,55.7861328125,-52.91748046875,-21.51130485534668,95.85340881347656,-66.39028930664061
0.48291015625,0.903076171875,0.009033203125,4.150390625,50.9033203125,-42.48046875,-20.288259506225586,94.92247009277344,-63.94527816772461
0.520263671875,0.918212890625,0.03076171875,8.7890625,44.86083984375,-36.0107421875,-19.376096725463867,94.31575012207031,-61.81872177124024
0.5048828125,0.919921875,0.00634765625,13.12255859375,46.0205078125,-41.9921875,-18.217552185058594,93.98162841796876,-59.6792221069336
0.497802734375,0.940185546875,0.00048828125,14.7705078125,45.8984375,-50.1708984375,-16.735759735107422,93.78636932373048,-57.5558090209961
0.445556640625,0.904052734375,0.0068359375,14.46533203125,40.52734375,-55.48095703125,-15.015682220458984,93.68952941894531,-55.66450500488281
0.393798828125,0.920166015625,-0.01318359375,19.47021484375,34.66796875,-60.48583984375,-13.02920627593994,93.95750427246094,-54.03136444091797
0.387939453125,0.998779296875,-0.026611328125,19.71435546875,32.53173828125,-61.09619140625,-11.02255630493164,94.32325744628906,-52.49140930175781
0.3857421875,1.0283203125,-0.01904296875,13.00048828125,36.31591796875,-56.15234375,-9.283308029174805,94.4132843017578,-50.81127548217773
0.24462890625,1.003662109375,-0.04931640625,1.89208984375,32.89794921875,-50.23193359375,-7.563649177551269,94.19334411621094,-49.31236267089844
0.250732421875,1.050048828125,-0.045166015625,0.1220703125,12.63427734375,-44.00634765625,-6.083770275115968,94.03948211669922,-48.65953826904297
0.33349609375,1.086181640625,-0.030517578125,-6.8359375,6.89697265625,-36.80419921875,-5.072459220886231,93.62100219726562,-48.26467514038086
0.35791015625,1.061279296875,0.018798828125,-21.8505859375,28.80859375,-33.99658203125,-4.317796230316162,92.4550552368164,-47.00930404663086
0.27197265625,1.046142578125,0.022705078125,-29.84619140625,38.2080078125,-34.60693359375,-3.394936800003052,90.99649047851562,-45.41363525390625
0.25439453125,1.0478515625,0.036376953125,-30.76171875,33.935546875,-34.36279296875,-2.440870761871338,89.56513214111328,-44.02906036376953
0.334228515625,1.084716796875,0.0732421875,-28.62548828125,28.564453125,-33.935546875,-1.6454240083694458,88.23456573486328,-42.89263534545898
0.3525390625,1.066162109375,0.072509765625,-27.40478515625,36.68212890625,-44.98291015625,-0.4483004212379456,87.01776123046875,-41.48297119140625
0.2919921875,1.067138671875,0.07080078125,-29.296875,40.8935546875,-59.63134765625,1.4387967586517334,85.81294250488281,-39.98301696777344
0.240478515625,1.10009765625,0.10791015625,-27.89306640625,39.97802734375,-69.3359375,3.7807521820068364,84.69013214111328,-38.60282516479492
0.2041015625,1.103759765625,0.08056640625,-28.86962890625,42.05322265625,-70.98388671875,6.2007575035095215,83.68732452392578,-37.193031311035156
0.189208984375,1.084228515625,0.09130859375,-33.69140625,45.22705078125,-72.8759765625,8.66472053527832,82.57498931884766,-35.70998764038086
0.126220703125,1.0703125,0.095703125,-39.6728515625,51.6357421875,-73.54736328125,11.245389938354492,81.355712890625,-34.02017974853516
0.148681640625,1.100341796875,0.100341796875,-47.79052734375,54.5654296875,-68.84765625,13.562250137329102,79.9476547241211,-32.226806640625
0.104248046875,1.06591796875,0.107177734375,-57.80029296875,61.03515625,-64.88037109375,15.808297157287598,78.3033447265625,-30.19268035888672
0.010009765625,0.999267578125,0.13134765625,-67.9931640625,54.38232421875,-63.41552734375,18.104421615600586,76.2271728515625,-28.490880966186523
-0.0556640625,0.9775390625,0.15966796875,-71.8994140625,43.64013671875,-57.67822265625,20.18567657470703,73.912109375,-27.25655174255371
-0.09033203125,0.93603515625,0.177001953125,-73.486328125,32.40966796875,-46.9970703125,21.77741050720215,71.45435333251953,-26.433513641357425
-0.052978515625,0.874267578125,0.18701171875,-71.533203125,20.8740234375,-29.84619140625,22.46289825439453,69.02095031738281,-25.89958381652832
0.006103515625,0.84326171875,0.212646484375,-71.47216796875,20.01953125,-27.2216796875,22.889101028442386,66.59171295166016,-25.406963348388672
0.0,0.800537109375,0.22021484375,-70.4345703125,22.3388671875,-29.11376953125,23.43728446960449,64.25914001464844,-24.89300346374512
-0.019775390625,0.802734375,0.231689453125,-69.27490234375,23.8037109375,-31.982421875,24.15962791442871,62.02294158935547,-24.40925598144531
-0.05224609375,0.795654296875,0.254638671875,-71.044921875,26.9775390625,-35.94970703125,25.14837646484375,59.73553848266602,-23.93916320800781
-0.08740234375,0.820068359375,0.262939453125,-71.10595703125,25.87890625,-34.912109375,26.14101219177246,57.5088882446289,-23.51508140563965
-0.154541015625,0.8134765625,0.28125,-69.03076171875,21.240234375,-30.09033203125,27.008344650268555,55.3482894897461,-23.196643829345703
-0.12451171875,0.83740234375,0.293212890625,-69.15283203125,17.51708984375,-22.5830078125,27.44108772277832,53.27522277832031,-22.828224182128906
-0.1376953125,0.82763671875,0.3154296875,-72.08251953125,22.5830078125,-13.7939453125,27.73850440979004,51.2834587097168,-22.068174362182614
-0.12353515625,0.82080078125,0.356201171875,-75.25634765625,24.7802734375,-6.8359375,27.84051322937012,49.25629043579102,-21.075773239135746
-0.1201171875,0.814697265625,0.398193359375,-73.66943359375,25.87890625,-5.2490234375,27.92583274841309,47.295166015625,-20.04128646850586
-0.1748046875,0.82080078125,0.38916015625,-72.08251953125,21.54541015625,-6.34765625,28.08072853088379,45.40648651123047,-19.167407989501953
-0.0791015625,0.837646484375,0.447998046875,-67.3828125,16.6015625,-0.42724609375,27.70660781860352,43.68115234375,-18.296735763549805
-0.066650390625,0.808837890625,0.4775390625,-65.24658203125,26.123046875,-3.0517578125,27.67703056335449,42.09714126586914,-17.255096435546875
-0.1318359375,0.7734375,0.49365234375,-61.21826171875,31.982421875,-9.09423828125,28.147449493408203,40.628150939941406,-16.2806396484375
-0.29150390625,0.719482421875,0.5322265625,-55.6640625,24.10888671875,-7.99560546875,28.710731506347656,39.15018081665039,-15.591751098632812
-0.2578125,0.737060546875,0.570556640625,-49.49951171875,15.2587890625,3.2958984375,28.60613441467285,37.99858474731445,-14.763626098632812
-0.087890625,0.7900390625,0.572509765625,-50.78125,20.5078125,9.3994140625,28.159542083740234,37.110931396484375,-13.506628036499025
-0.15869140625,0.80078125,0.562744140625,-62.43896484375,40.1611328125,2.0751953125,28.70431327819824,35.94855880737305,-11.964086532592773
-0.205078125,0.86962890625,0.55712890625,-69.091796875,34.5458984375,1.77001953125,29.174835205078125,34.59218215942383,-10.52737808227539
-0.15771484375,0.935546875,0.532958984375,-75.74462890625,34.36279296875,9.27734375,29.40104103088379,33.292236328125,-8.734272003173826
-0.13916015625,0.920166015625,0.53076171875,-96.923828125,49.13330078125,11.04736328125,30.08682632446289,31.410066604614254,-6.499382019042969
-0.205078125,0.8466796875,0.59619140625,-108.88671875,52.55126953125,6.7138671875,31.119564056396484,28.863265991210934,-4.464160919189453
-0.283203125,0.7763671875,0.695068359375,-106.5673828125,44.86083984375,6.28662109375,32.028793334960945,26.114524841308594,-2.769991874694824
-0.199462890625,0.779052734375,0.7724609375,-94.6044921875,33.50830078125,9.58251953125,32.30179977416992,23.787841796875,-1.209373950958252
-0.1279296875,0.768798828125,0.813720703125,-88.19580078125,37.41455078125,4.8828125,32.68269729614258,21.65879440307617,0.19474411010742188
-0.1171875,0.728515625,0.80419921875,-86.181640625,47.607421875,-8.1787109375,33.63628387451172,19.41374969482422,1.1658554077148438
-0.213134765625,0.704833984375,0.79541015625,-87.40234375,56.70166015625,-22.94921875,35.29768753051758,16.841989517211914,1.5553426742553709
-0.26220703125,0.696533203125,0.7578125,-89.17236328125,59.38720703125,-25.146484375,37.15966033935547,14.238662719726562,1.8550672531127932
-0.304931640625,0.683837890625,0.771728515625,-89.4775390625,60.24169921875,-24.84130859375,39.066741943359375,11.616466522216795,2.1039066314697266
-0.359375,0.653564453125,0.76220703125,-88.5009765625,59.14306640625,-25.32958984375,40.98320007324219,8.972349166870117,2.2335634231567383
-0.39306640625,0.572021484375,0.771728515625,-89.90478515625,57.12890625,-21.78955078125,42.78289413452149,6.205749988555907,2.362271308898926
-0.416748046875,0.51171875,0.788818359375,-89.9658203125,55.23681640625,-18.24951171875,44.45394134521485,3.4113652706146236,2.518243789672852
-0.440185546875,0.499267578125,0.788330078125,-87.82958984375,53.40576171875,-17.76123046875,46.039512634277344,0.7013797760009766,2.6350669860839844
-0.44189453125,0.52685546875,0.78173828125,-87.82958984375,48.2177734375,-21.54541015625,47.38621139526367,-2.0723602771759038,2.559138298034668
-0.368896484375,0.543701171875,0.798583984375,-88.56201171875,46.69189453125,-21.1181640625,48.49110412597656,-4.758153915405273,2.5513992309570312
-0.439697265625,0.506103515625,0.798583984375,-87.82958984375,49.560546875,-22.5830078125,49.76926803588867,-7.618210315704347,2.308643341064453
-0.507080078125,0.44970703125,0.77294921875,-83.31298828125,43.9453125,-22.3388671875,50.89660263061523,-10.414887428283693,1.971774101257324
-0.491455078125,0.420654296875,0.802490234375,-81.23779296875,30.94482421875,-20.69091796875,51.407447814941406,-12.98178768157959,1.8355817794799805
-0.492431640625,0.3583984375,0.811279296875,-78.4912109375,26.611328125,-20.8740234375,51.683006286621094,-15.519627571105955,1.6413497924804688
-0.489990234375,0.337158203125,0.797607421875,-75.37841796875,25.32958984375,-21.54541015625,51.8887939453125,-17.93225860595703,1.4251871109008791
-0.490234375,0.34521484375,0.799560546875,-71.4111328125,24.169921875,-22.64404296875,52.03000259399414,-20.134326934814453,1.2211322784423828
-0.54931640625,0.32421875,0.799072265625,-69.3359375,20.81298828125,-23.86474609375,52.09782409667969,-22.3105583190918,0.9621648788452148
-0.578125,0.295166015625,0.775146484375,-65.61279296875,13.427734375,-22.3388671875,51.96832275390625,-24.15900802612305,0.9436931610107422
-0.552490234375,0.288330078125,0.793212890625,-62.07275390625,10.68115234375,-21.66748046875,51.68643188476562,-25.702075958251953,1.0944662094116209
-0.5419921875,0.2646484375,0.81298828125,-58.41064453125,11.65771484375,-20.01953125,51.41688537597656,-27.043174743652344,1.3084630966186523
-0.56103515625,0.26416015625,0.796875,-57.06787109375,11.1083984375,-20.3857421875,51.18336868286133,-28.30953598022461,1.5299224853515625
-0.584228515625,0.216796875,0.801025390625,-56.21337890625,5.92041015625,-20.6298828125,50.76273727416992,-29.53620338439941,1.808012008666992
-0.551025390625,0.211669921875,0.8046875,-51.20849609375,-2.01416015625,-20.56884765625,50.02735137939453,-30.300966262817386,2.385655403137207
-0.50927734375,0.19482421875,0.803955078125,-49.62158203125,0.54931640625,-19.04296875,49.35603332519531,-30.975082397460934,2.9709596633911133
-0.554931640625,0.18798828125,0.806884765625,-48.583984375,5.31005859375,-20.08056640625,48.91349792480469,-31.81066703796387,3.3002653121948238
-0.572265625,0.150634765625,0.843017578125,-47.66845703125,2.5634765625,-19.4091796875,48.3566780090332,-32.592052459716804,3.6884708404541016
-0.574462890625,0.134521484375,0.833740234375,-45.5322265625,-0.3662109375,-18.24951171875,47.7486572265625,-33.193153381347656,4.2063560485839835
-0.541259765625,0.14013671875,0.8427734375,-44.25048828125,-1.953125,-16.11328125,47.099205017089844,-33.560302734375,4.920546531677246
-0.522705078125,0.12158203125,0.8623046875,-44.37255859375,2.3193359375,-14.09912109375,46.58868408203125,-33.979114532470696,5.56757926940918
-0.568115234375,0.07275390625,0.8427734375,-44.0673828125,8.72802734375,-14.16015625,46.35823059082031,-34.700572967529304,5.872847557067871
-0.619140625,0.083740234375,0.838623046875,-42.41943359375,7.6904296875,-14.22119140625,46.19855880737305,-35.33103561401367,6.206633567810059
-0.56591796875,0.08154296875,0.798828125,-39.85595703125,-1.89208984375,-11.5966796875,45.76005172729492,-35.49354934692383,7.016458511352539
-0.55859375,0.052001953125,0.8173828125,-38.9404296875,-2.74658203125,-10.1318359375,45.28011322021485,-35.61256408691406,7.869241714477539
-0.56396484375,0.0458984375,0.830810546875,-39.794921875,-0.30517578125,-10.498046875,44.87531280517578,-35.85227966308594,8.602083206176758
-0.601806640625,0.02685546875,0.838134765625,-36.43798828125,-2.13623046875,-11.77978515625,44.43247604370117,-36.03137969970703,9.276329040527344
-0.573486328125,0.037109375,0.836181640625,-33.69140625,-5.859375,-11.474609375,43.85870742797852,-35.95927810668945,10.11152458190918
-0.548095703125,0.0361328125,0.826416015625,-33.14208984375,-7.080078125,-11.1083984375,43.24064254760742,-35.82734680175781,10.989835739135742
-0.567138671875,-0.00390625,0.87646484375,-33.75244140625,-4.82177734375,-11.962890625,42.63538360595703,-35.898929595947266,11.672658920288086
-0.563232421875,0.001708984375,0.8447265625,-33.5693359375,-1.28173828125,-11.65771484375,42.20620346069336,-36.036376953125,12.240020751953125
-0.588134765625,0.013916015625,0.829345703125,-30.8837890625,0.91552734375,-12.5732421875,41.91216278076172,-36.1393928527832,12.689956665039062
-0.5830078125,-0.015380859375,0.83837890625,-28.1982421875,-3.0517578125,-11.3525390625,41.48493194580078,-36.07766342163086,13.271848678588867
-0.5791015625,-0.032958984375,0.8681640625,-28.50341796875,-3.7841796875,-11.65771484375,40.986629486083984,-36.05093383789063,13.835710525512695
-0.5576171875,-0.036865234375,0.863037109375,-27.099609375,-0.244140625,-10.498046875,40.61223983764648,-36.01160049438477,14.326431274414062
-0.613037109375,-0.0556640625,0.802978515625,-26.123046875,3.11279296875,-10.25390625,40.51139450073242,-36.125732421875,14.629741668701172
-0.62158203125,-0.0419921875,0.797607421875,-23.01025390625,-3.23486328125,-9.46044921875,40.26150894165039,-35.940887451171875,15.179256439208984
-0.583251953125,-0.044189453125,0.821044921875,-21.66748046875,-8.23974609375,-9.765625,39.75563430786133,-35.584903717041016,15.881738662719727
-0.575439453125,-0.05126953125,0.84619140625,-22.3388671875,-6.65283203125,-8.7890625,39.29052734375,-35.27706527709961,16.555025100708008
-0.577880859375,-0.0751953125,0.84326171875,-20.751953125,-2.74658203125,-9.09423828125,38.94758605957031,-35.06726837158203,17.03805160522461
-0.593017578125,-0.0869140625,0.840576171875,-20.32470703125,-2.86865234375,-9.3994140625,38.62454223632813,-34.89795684814453,17.472578048706055
-0.579345703125,-0.0732421875,0.843017578125,-19.59228515625,-7.26318359375,-9.70458984375,38.146087646484375,-34.595840454101555,18.036792755126953
-0.576171875,-0.089599609375,0.8486328125,-20.5078125,-5.615234375,-8.60595703125,37.73738098144531,-34.382442474365234,18.5577392578125
-0.5849609375,-0.098388671875,0.841552734375,-19.04296875,-4.39453125,-8.48388671875,37.40133666992188,-34.173084259033196,19.01390838623047
-0.586181640625,-0.08740234375,0.8486328125,-19.59228515625,-4.33349609375,-8.72802734375,37.07544708251953,-33.974258422851555,19.46343231201172
-0.586669921875,-0.0966796875,0.8583984375,-20.20263671875,-3.41796875,-8.36181640625,36.78195571899414,-33.83249282836914,19.880380630493164
-0.583251953125,-0.08740234375,0.85888671875,-21.17919921875,-2.197265625,-8.056640625,36.545989990234375,-33.72631454467773,20.28058624267578
-0.568359375,-0.112060546875,0.85205078125,-20.69091796875,-1.52587890625,-6.103515625,36.34696960449219,-33.62427520751953,20.702428817749023
-0.59228515625,-0.112060546875,0.8466796875,-19.8974609375,0.91552734375,-6.2255859375,36.28067398071289,-33.55536651611328,21.035554885864254
-0.606201171875,-0.135009765625,0.85009765625,-19.83642578125,1.46484375,-6.77490234375,36.22634506225586,-33.56827163696289,21.292837142944336
-0.596923828125,-0.133056640625,0.81982421875,-18.798828125,0.3662109375,-6.7138671875,36.158447265625,-33.53456497192383,21.573810577392575
-0.591796875,-0.123779296875,0.822265625,-17.7001953125,-2.62451171875,-6.65283203125,35.98998641967773,-33.382556915283196,21.953105926513672
-0.566162109375,-0.11865234375,0.828125,-19.22607421875,-4.7607421875,-6.40869140625,35.71305465698242,-33.22898483276367,22.411096572875977
-0.59814453125,-0.134521484375,0.84130859375,-19.04296875,-1.03759765625,-5.67626953125,35.615779876708984,-33.161422729492195,22.763168334960934
-0.608154296875,-0.139404296875,0.83544921875,-17.63916015625,0.06103515625,-4.638671875,35.601295471191406,-33.05429077148437,23.11271858215332
-0.60546875,-0.153564453125,0.830810546875,-16.54052734375,-1.708984375,-4.57763671875,35.51966857910156,-32.914573669433594,23.488391876220703
-0.613037109375,-0.128662109375,0.8330078125,-16.11328125,-2.99072265625,-4.2724609375,35.43195343017578,-32.67995834350586,23.93936538696289
-0.589599609375,-0.1396484375,0.836181640625,-16.90673828125,-5.615234375,-4.150390625,35.20897674560547,-32.45653533935547,24.44985198974609
-0.579833984375,-0.14697265625,0.85595703125,-18.06640625,-4.45556640625,-4.21142578125,34.98679351806641,-32.307510375976555,24.91815948486328
-0.6015625,-0.14208984375,0.8203125,-17.02880859375,-3.7841796875,-4.21142578125,34.875778198242195,-32.160579681396484,25.346332550048828
-0.600341796875,-0.180419921875,0.820556640625,-15.56396484375,-5.37109375,-5.18798828125,34.66522216796875,-32.05292510986328,25.717025756835934
-0.603271484375,-0.162353515625,0.821533203125,-15.56396484375,-9.58251953125,-5.37109375,34.33234024047852,-31.85214614868164,26.20669174194336
-0.568115234375,-0.1572265625,0.823486328125,-14.34326171875,-10.3759765625,-4.33349609375,33.944015502929695,-31.55063056945801,26.76324844360352
-0.5732421875,-0.1689453125,0.819580078125,-15.07568359375,-8.1787109375,-3.662109375,33.66281890869141,-31.343730926513672,27.257434844970703
-0.58349609375,-0.182373046875,0.831787109375,-13.61083984375,-5.859375,-3.5400390625,33.468276977539055,-31.1448917388916,27.67351531982422
-0.602294921875,-0.194091796875,0.82958984375,-13.0615234375,-7.8125,-3.11279296875,33.25030517578125,-30.934364318847656,28.12691879272461
-0.597900390625,-0.1787109375,0.82763671875,-11.8408203125,-10.3759765625,-2.38037109375,32.97063446044922,-30.599306106567386,28.683837890625
-0.564697265625,-0.17529296875,0.84814453125,-13.0615234375,-10.8642578125,-2.38037109375,32.60269546508789,-30.28750419616699,29.25787734985352
-0.5625,-0.1787109375,0.84912109375,-13.73291015625,-5.859375,-2.25830078125,32.414112091064446,-30.08675765991211,29.69892501831055
-0.599853515625,-0.1865234375,0.831298828125,-12.8173828125,-5.126953125,-2.13623046875,32.340660095214844,-29.91103744506836,30.095325469970703
-0.59130859375,-0.19091796875,0.84033203125,-12.87841796875,-7.99560546875,-1.220703125,32.16033935546875,-29.689777374267575,30.59128189086914
-0.575927734375,-0.1953125,0.853515625,-12.63427734375,-7.4462890625,-1.89208984375,31.94696617126465,-29.486024856567386,31.04086303710937
-0.559814453125,-0.175048828125,0.8583984375,-12.20703125,-6.04248046875,-0.91552734375,31.785654067993164,-29.21474456787109,31.51964569091797
-0.587890625,-0.18701171875,0.842529296875,-12.0849609375,-4.33349609375,-1.15966796875,31.74416160583496,-29.02573585510254,31.914165496826172
-0.576904296875,-0.199462890625,0.839599609375,-12.63427734375,-3.7841796875,-1.0986328125,31.700056076049805,-28.89959526062012,32.278743743896484
-0.5791015625,-0.19970703125,0.83984375,-11.71875,-4.33349609375,-0.3662109375,31.65533447265625,-28.72092437744141,32.681930541992195
-0.578125,-0.198974609375,0.83935546875,-12.0849609375,-6.40869140625,-0.3662109375,31.538028717041016,-28.53837776184082,33.12800979614258
-0.552978515625,-0.193115234375,0.82958984375,-12.20703125,-5.4931640625,0.3662109375,31.4382438659668,-28.34996795654297,33.58498001098633
-0.578125,-0.215087890625,0.83056640625,-12.63427734375,-4.8828125,0.06103515625,31.389299392700195,-28.259376525878906,33.979080200195305
-0.58837890625,-0.197265625,0.8505859375,-12.14599609375,-7.080078125,-0.18310546875,31.266170501708984,-28.078937530517575,34.43774032592773
-0.557861328125,-0.20263671875,0.86572265625,-12.14599609375,-6.34765625,-1.0986328125,31.081527709960934,-27.927324295043945,34.840072631835945
-0.56591796875,-0.201416015625,0.8486328125,-12.0849609375,-3.35693359375,-0.06103515625,31.06114959716797,-27.80413246154785,35.20755386352539
-0.5751953125,-0.1923828125,0.82177734375,-11.3525390625,-1.64794921875,-0.42724609375,31.145788192749023,-27.6854305267334,35.51880645751953
-0.5732421875,-0.192138671875,0.824951171875,-12.14599609375,-4.7607421875,-0.3662109375,31.11100006103516,-27.562841415405273,35.90055847167969
-0.5986328125,-0.224609375,0.8388671875,-12.939453125,-5.7373046875,-0.6103515625,31.050050735473636,-27.543804168701172,36.252349853515625
-0.567626953125,-0.208740234375,0.83740234375,-12.26806640625,-6.34765625,-0.1220703125,30.933523178100586,-27.43809509277344,36.65918731689453
-0.57177734375,-0.19677734375,0.820068359375,-10.7421875,-4.150390625,-0.9765625,30.916202545166016,-27.305089950561523,36.98668670654297
-0.5859375,-0.215087890625,0.844970703125,-11.65771484375,-4.8828125,-2.38037109375,30.835285186767575,-27.26347923278809,37.25411987304688
-0.580810546875,-0.201171875,0.85400390625,-12.02392578125,-6.34765625,-1.5869140625,30.70842170715332,-27.16522789001465,37.604835510253906
-0.58056640625,-0.22412109375,0.837646484375,-13.18359375,-3.662109375,-2.25830078125,30.67426300048828,-27.227230072021484,37.83272552490234
-0.56982421875,-0.219970703125,0.837158203125,-13.48876953125,-4.5166015625,-2.3193359375,30.593711853027344,-27.27921295166016,38.083580017089844
-0.572265625,-0.211181640625,0.852294921875,-13.18359375,-5.126953125,-1.77001953125,30.49760437011719,-27.2674560546875,38.38685989379883
-0.56884765625,-0.22412109375,0.859130859375,-14.95361328125,-1.46484375,-1.708984375,30.51579284667969,-27.38924217224121,38.60094451904297
-0.58349609375,-0.22509765625,0.83203125,-13.85498046875,-0.48828125,-1.46484375,30.62756538391113,-27.49523735046387,38.79286193847656
-0.571533203125,-0.22314453125,0.811279296875,-13.0615234375,-2.01416015625,-1.0986328125,30.69071388244629,-27.55051231384277,39.03099060058594
-0.583740234375,-0.2294921875,0.78759765625,-10.55908203125,-4.33349609375,-0.3662109375,30.729007720947266,-27.50160789489746,39.33125686645508
-0.553955078125,-0.22998046875,0.79345703125,-7.9345703125,-3.72314453125,1.64794921875,30.76168632507324,-27.30282783508301,39.70647048950195
-0.584716796875,-0.228271484375,0.8154296875,-5.67626953125,-2.8076171875,2.44140625,30.871129989624023,-26.99822807312012,40.099693298339844
-0.5947265625,-0.224365234375,0.8330078125,-5.859375,-4.8828125,3.2958984375,30.9163761138916,-26.649763107299805,40.57823944091797
-0.599853515625,-0.1953125,0.830322265625,-6.53076171875,-9.09423828125,2.38037109375,30.818492889404297,-26.251575469970703,41.13279342651367
-0.573974609375,-0.211181640625,0.8564453125,-7.01904296875,-11.29150390625,2.5634765625,30.562713623046875,-25.875110626220703,41.72232437133789
-0.568115234375,-0.199951171875,0.846435546875,-9.82666015625,-9.033203125,1.77001953125,30.38742637634277,-25.64811515808105,42.23054885864258
-0.56787109375,-0.215576171875,0.8583984375,-11.3525390625,-7.32421875,0.8544921875,30.242116928100586,-25.557239532470703,42.64422607421875
-0.564208984375,-0.224853515625,0.852294921875,-12.63427734375,-4.08935546875,0.18310546875,30.2021541595459,-25.59408187866211,42.94849395751953
-0.596923828125,-0.251220703125,0.820068359375,-11.5966796875,-4.45556640625,-0.9765625,30.21157264709473,-25.703107833862305,43.16442108154297
-0.581787109375,-0.253662109375,0.818115234375,-10.1318359375,-8.7890625,-1.89208984375,30.023500442504886,-25.73012733459473,43.42942428588867
-0.56494140625,-0.238525390625,0.834716796875,-8.9111328125,-10.1318359375,-1.0986328125,29.767148971557614,-25.626224517822266,43.779823303222656
-0.55078125,-0.23779296875,0.83642578125,-9.46044921875,-7.50732421875,-0.91552734375,29.59026527404785,-25.56632804870605,44.08335494995117
-0.570556640625,-0.254150390625,0.83251953125,-7.75146484375,-3.90625,-1.708984375,29.56803894042969,-25.53815650939941,44.25691223144531
-0.5751953125,-0.255859375,0.817138671875,-7.62939453125,-3.23486328125,-1.52587890625,29.59836196899414,-25.52688217163086,44.41509246826172
-0.56591796875,-0.255126953125,0.819091796875,-7.568359375,-6.04248046875,-0.8544921875,29.525617599487305,-25.430871963500977,44.67446899414063
-0.541748046875,-0.263427734375,0.813232421875,-4.94384765625,-7.01904296875,0.6103515625,29.39614677429199,-25.253131866455078,44.98520278930664
-0.55908203125,-0.27294921875,0.81494140625,-4.638671875,-7.2021484375,0.3662109375,29.28600311279297,-25.09790802001953,45.27263641357422
-0.550537109375,-0.277099609375,0.7919921875,-2.5634765625,-6.28662109375,0.8544921875,29.22246551513672,-24.85826110839844,45.54950714111328
-0.5576171875,-0.266845703125,0.803466796875,0.42724609375,-8.23974609375,2.01416015625,29.12001037597656,-24.47057342529297,45.91691589355469
-0.537353515625,-0.26611328125,0.788818359375,1.64794921875,-11.5966796875,3.662109375,28.90309715270996,-23.99616432189941,46.40154647827149
-0.536865234375,-0.279296875,0.805908203125,3.47900390625,-10.498046875,5.0048828125,28.75328254699707,-23.45220184326172,46.88011932373047
-0.53564453125,-0.265380859375,0.781494140625,6.591796875,-10.43701171875,6.103515625,28.62925148010254,-22.79165458679199,47.41475296020508
-0.531982421875,-0.2646484375,0.77685546875,8.97216796875,-11.23046875,7.6904296875,28.498125076293945,-22.028039932250977,48.01199722290039
-0.5244140625,-0.25244140625,0.765625,11.53564453125,-10.80322265625,8.72802734375,28.42409324645996,-21.06134414672852,48.64643096923828
-0.54150390625,-0.263671875,0.74462890625,17.08984375,-10.3759765625,11.41357421875,28.42693901062012,-20.00433158874512,49.3326187133789
-0.53515625,-0.251220703125,0.737060546875,24.2919921875,-12.451171875,13.12255859375,28.36481857299805,-18.6276912689209,50.11150741577149
-0.545166015625,-0.21875,0.7763671875,29.23583984375,-19.287109375,15.380859375,27.90818977355957,-16.784797668457028,51.20473861694336
-0.49462890625,-0.191162109375,0.81494140625,32.53173828125,-29.052734375,18.4326171875,27.09456825256348,-14.810577392578125,52.43265151977539
-0.4619140625,-0.177734375,0.828125,33.8134765625,-24.0478515625,20.6298828125,26.414447784423828,-12.833239555358887,53.64031600952149
-0.4775390625,-0.15087890625,0.84326171875,33.203125,-16.78466796875,23.193359375,26.117454528808594,-10.894604682922363,54.86488723754883
-0.47802734375,-0.1376953125,0.861572265625,31.31103515625,-12.5732421875,26.79443359375,25.90500640869141,-9.015022277832033,56.17176818847656
-0.4833984375,-0.109130859375,0.87060546875,29.35791015625,-8.60595703125,28.1982421875,25.834062576293945,-7.204322814941406,57.502723693847656
-0.490966796875,-0.09228515625,0.814453125,31.73828125,-8.97216796875,29.84619140625,25.762435913085934,-5.253956317901611,58.927955627441406
-0.49072265625,-0.064697265625,0.821044921875,34.66796875,-14.83154296875,31.25,25.45685768127441,-3.2223241329193115,60.3769760131836
-0.498291015625,-0.053955078125,0.860595703125,34.11865234375,-18.310546875,31.25,24.950397491455078,-1.2726325988769531,61.78791046142578
-0.4697265625,-0.014892578125,0.87744140625,34.7900390625,-17.63916015625,31.494140625,24.422504425048828,0.70768803358078,63.21035766601562
-0.47802734375,-0.018310546875,0.848388671875,37.04833984375,-9.58251953125,32.53173828125,24.19279289245605,2.694377899169922,64.59871673583984
-0.522705078125,-0.00390625,0.822998046875,41.93115234375,-10.07080078125,34.423828125,24.02101707458496,4.861891269683838,66.03694915771484
-0.544677734375,0.03466796875,0.84375,44.5556640625,-19.8974609375,35.2783203125,23.290485382080078,7.142829418182372,67.44019317626953
-0.522705078125,0.041748046875,0.89013671875,48.7060546875,-29.6630859375,34.66796875,22.199153900146484,9.422958374023438,68.68178558349611
-0.448974609375,0.072998046875,0.87841796875,50.84228515625,-29.1748046875,35.7666015625,20.981239318847656,11.742938041687012,69.89857482910156
-0.48779296875,0.13671875,0.868408203125,53.64990234375,-19.6533203125,36.80419921875,20.24848747253418,14.273155212402346,71.2060775756836
-0.52685546875,0.145263671875,0.86669921875,55.72509765625,-18.4326171875,36.31591796875,19.571504592895508,16.757532119750973,72.43221282958984
-0.50439453125,0.15380859375,0.889404296875,55.60302734375,-27.2216796875,36.80419921875,18.46768569946289,19.08603858947754,73.47852325439453
-0.4345703125,0.19189453125,0.919921875,57.06787109375,-27.89306640625,36.68212890625,17.206188201904293,21.380847930908203,74.42203521728516
-0.45947265625,0.20947265625,0.917724609375,57.80029296875,-18.9208984375,34.72900390625,16.329883575439453,23.66513442993164,75.36875915527344
-0.492919921875,0.2265625,0.900634765625,61.03515625,-17.822265625,34.1796875,15.574745178222654,26.018325805664066,76.2552719116211
-0.486083984375,0.279052734375,0.882568359375,63.8427734375,-21.1181640625,34.0576171875,14.598979949951172,28.45995712280273,77.00035095214844
-0.475830078125,0.303466796875,0.89404296875,64.453125,-29.052734375,32.8369140625,13.427746772766113,30.814231872558594,77.499755859375
-0.400146484375,0.3125,0.912353515625,61.34033203125,-28.99169921875,30.57861328125,12.170731544494627,32.90741729736328,77.83479309082031
-0.4228515625,0.3408203125,0.904541015625,60.85205078125,-22.88818359375,28.13720703125,11.279438018798828,34.997482299804695,78.21713256835938
-0.4248046875,0.35986328125,0.83837890625,65.4296875,-16.357421875,29.1748046875,10.610018730163574,37.28120040893555,78.70555114746094
-0.47021484375,0.4072265625,0.828857421875,66.89453125,-21.1181640625,27.587890625,9.912181854248047,39.60783767700195,78.98397827148438
-0.416015625,0.4345703125,0.883544921875,64.208984375,-33.38623046875,29.1748046875,8.577163696289062,41.60098648071289,78.9001693725586
-0.337646484375,0.473876953125,0.90087890625,63.1103515625,-30.3955078125,34.0576171875,7.160567760467528,43.61330795288086,79.00345611572266
-0.34228515625,0.458740234375,0.8935546875,65.24658203125,-16.54052734375,34.48486328125,6.194159507751465,45.65520477294922,79.44927215576172
-0.4462890625,0.496826171875,0.878662109375,68.4814453125,-12.02392578125,34.36279296875,5.500022411346436,47.85361862182617,79.90054321289062
-0.36767578125,0.523681640625,0.874267578125,67.0166015625,-23.37646484375,36.4990234375,4.3620123863220215,49.915199279785156,80.10014343261719
-0.32666015625,0.60986328125,0.97119140625,66.5283203125,-22.76611328125,37.65869140625,3.086012601852417,51.90690994262695,80.29376220703125
-0.328857421875,0.528076171875,0.842529296875,66.34521484375,-17.333984375,36.0107421875,2.222404956817627,53.89535903930664,80.59654998779297
-0.382080078125,0.5947265625,0.77685546875,69.7021484375,-9.521484375,28.74755859375,1.8120688199996948,56.07855606079102,80.92967987060547
-0.427978515625,0.608642578125,0.7490234375,68.17626953125,-15.869140625,26.42822265625,1.4414067268371582,58.18291091918945,80.96046447753906
-0.36328125,0.67041015625,0.76220703125,66.2841796875,-29.47998046875,26.3671875,0.5818334817886353,60.10296630859375,80.34142303466797
-0.29150390625,0.686279296875,0.783935546875,61.6455078125,-34.11865234375,23.98681640625,-0.3207570314407349,61.84056091308594,79.60924530029297
-0.308349609375,0.70068359375,0.729736328125,64.5751953125,-24.59716796875,21.17919921875,-0.8444334864616394,63.7387924194336,79.131103515625
-0.33837890625,0.744873046875,0.655029296875,69.76318359375,-26.55029296875,21.30126953125,-1.4128857851028442,65.94455718994139,78.4095230102539
-0.278076171875,0.787841796875,0.630859375,65.673828125,-42.78564453125,24.7802734375,-2.329363346099853,68.03844451904297,77.240478515625
-0.22216796875,0.762939453125,0.662841796875,60.85205078125,-43.701171875,22.64404296875,-3.2215592861175537,69.79358673095703,75.96654510498047
-0.301025390625,0.703125,0.64013671875,62.3779296875,-38.0859375,20.8740234375,-3.7353191375732417,71.56452941894531,74.85459899902344
-0.27734375,0.6943359375,0.598388671875,70.1904296875,-44.5556640625,22.03369140625,-4.313251495361328,73.62710571289062,73.47675323486328
-0.2392578125,0.7548828125,0.5654296875,71.96044921875,-48.88916015625,23.92578125,-5.029988765716553,75.84854125976562,71.90335845947266
-0.193115234375,0.70703125,0.5537109375,70.86181640625,-49.62158203125,23.4375,-5.705767631530763,77.93920135498047,70.29936981201172
-0.232177734375,0.64990234375,0.56689453125,78.61328125,-45.10498046875,22.3388671875,-6.1388587951660165,80.15959167480469,68.80659484863281
-0.342529296875,0.634521484375,0.6123046875,99.30419921875,-52.3681640625,29.1748046875,-6.58345890045166,83.12744903564453,67.04067230224611
-0.231201171875,0.7578125,0.561767578125,117.919921875,-65.0634765625,37.9638671875,-7.657467842102051,87.11500549316406,64.65047454833984
-0.12255859375,0.779052734375,0.49951171875,119.140625,-60.11962890625,44.73876953125,-8.917835235595703,91.07433319091795,62.41552734375
-0.094970703125,0.797607421875,0.429931640625,111.63330078125,-43.51806640625,48.27880859375,-10.210740089416504,94.70270538330078,60.741676330566406
-0.15380859375,0.825439453125,0.33251953125,103.02734375,-32.5927734375,50.1708984375,-11.361406326293945,98.0045166015625,59.37714385986328
-0.1572265625,0.88818359375,0.2880859375,92.71240234375,-44.00634765625,56.15234375,-12.506471633911133,101.13575744628906,57.435951232910156
-0.102294921875,0.94921875,0.263671875,83.6181640625,-57.2509765625,65.12451171875,-13.87028980255127,104.0783920288086,54.79560852050781
0.089599609375,0.9853515625,0.24462890625,66.83349609375,-57.43408203125,70.49560546875,-15.812766075134276,106.0845947265625,52.20263671875
0.097412109375,0.974609375,0.2255859375,37.841796875,-30.70068359375,75.0732421875,-17.99982261657715,107.04973602294922,50.38964462280274
0.0234375,0.9609375,0.19287109375,17.08984375,-23.86474609375,73.91357421875,-19.962358474731445,107.18771362304688,48.85373306274414
0.048828125,1.011962890625,0.201904296875,5.2490234375,-35.09521484375,74.89013671875,-21.80446434020996,107.03160858154295,46.69586944580078
0.142333984375,1.0263671875,0.228515625,-3.72314453125,-50.84228515625,82.763671875,-23.91086769104004,106.88694763183594,43.98161697387695
0.304443359375,1.013427734375,0.257080078125,-11.1083984375,-44.677734375,83.1298828125,-26.38417816162109,106.43087768554688,41.53955459594727
0.2421875,1.03125,0.300537109375,-20.01953125,-24.47509765625,78.55224609375,-28.68620300292969,105.0102081298828,40.24549102783203
0.269287109375,1.0087890625,0.316162109375,-19.6533203125,-25.2685546875,73.3642578125,-30.850812911987305,103.82429504394531,38.92317581176758
0.29052734375,1.003662109375,0.345458984375,-9.521484375,-42.17529296875,70.00732421875,-32.72168731689453,103.45398712158205,36.932716369628906
0.404541015625,1.025390625,0.382568359375,-1.77001953125,-46.38671875,61.1572265625,-34.242156982421875,103.45069122314452,35.025524139404304
0.39013671875,1.03076171875,0.361572265625,3.23486328125,-31.25,48.583984375,-35.4464225769043,103.30908203125,33.79425430297852
0.320068359375,1.041259765625,0.33642578125,14.70947265625,-28.86962890625,42.29736328125,-36.24864196777344,103.57828521728516,32.739639282226555
0.3564453125,1.073974609375,0.314453125,24.5361328125,-43.27392578125,33.87451171875,-36.38290786743164,104.81047058105469,30.96003341674805
0.39306640625,1.103271484375,0.3056640625,21.484375,-47.607421875,18.37158203125,-36.07791137695313,105.79491424560548,29.25558853149414
0.366943359375,1.099609375,0.28466796875,13.5498046875,-39.24560546875,12.0849609375,-35.57024002075195,106.15740966796876,28.03681564331055
0.376708984375,1.11474609375,0.23876953125,3.173828125,-31.06689453125,8.23974609375,-35.06349563598633,105.64755249023438,27.39596939086914
0.22998046875,0.985595703125,0.2822265625,-10.55908203125,-19.8974609375,10.92529296875,-34.5887451171875,104.40438842773438,27.13880920410156
0.211669921875,0.990478515625,0.249755859375,-13.73291015625,-24.7802734375,14.95361328125,-34.188907623291016,103.30634307861328,26.53288269042969
0.263916015625,0.9794921875,0.29931640625,-18.798828125,-30.6396484375,22.5830078125,-34.260303497314446,102.09437561035156,25.56383514404297
0.313232421875,0.961181640625,0.31396484375,-24.658203125,-25.0244140625,29.541015625,-34.702056884765625,100.60037231445312,24.8369140625
0.2890625,0.94287109375,0.314697265625,-26.123046875,-16.17431640625,31.31103515625,-35.24314880371094,98.83971405029295,24.534088134765625
0.243408203125,0.927490234375,0.294921875,-26.7333984375,-18.37158203125,30.33447265625,-35.62116622924805,97.33033752441406,23.96505355834961
0.303955078125,0.929443359375,0.30126953125,-21.78955078125,-40.283203125,31.494140625,-36.064701080322266,96.56591796875,22.47096061706543
0.4580078125,0.92578125,0.19921875,-24.4140625,-47.119140625,26.79443359375,-36.56190490722656,96.22373962402344,20.482810974121094
0.54296875,0.544189453125,0.4150390625,-32.2265625,-45.34912109375,25.20751953125,-37.66763305664063,94.89259338378906,18.762374877929688
0.280517578125,0.9375,0.245849609375,-5.92041015625,-76.35498046875,5.126953125,-36.81414031982422,96.04701232910156,15.498315811157227
0.245361328125,1.006103515625,0.1064453125,-5.7373046875,-97.65625,16.05224609375,-36.08791732788086,98.14789581298828,10.948846817016602
0.360595703125,0.92724609375,0.1669921875,-13.427734375,-95.39794921875,26.91650390625,-36.08329772949219,99.35704040527344,6.731106758117676
0.249755859375,0.859619140625,0.12353515625,-18.310546875,-94.23828125,28.74755859375,-35.82538604736328,100.63605499267578,2.391299247741699
0.251708984375,0.837158203125,0.06591796875,-12.0849609375,-132.26318359375,33.26416015625,-35.30900192260742,103.3408660888672,-3.877476215362549
0.7685546875,0.81591796875,0.15576171875,-9.09423828125,-150.146484375,39.55078125,-35.54784774780273,106.13145446777344,-10.45102310180664
0.52587890625,0.872802734375,0.146484375,-15.31982421875,-110.04638671875,11.41357421875,-34.62213516235352,107.53004455566406,-15.146791458129885
0.328857421875,0.87841796875,0.09130859375,-20.01953125,-109.7412109375,9.46044921875,-33.15476226806641,108.57923126220705,-19.717327117919922
0.46630859375,1.00439453125,0.08203125,-16.54052734375,-119.2626953125,20.8740234375,-32.347347259521484,109.9568862915039,-24.7846794128418
0.42578125,0.9609375,0.0771484375,-24.84130859375,-95.27587890625,38.330078125,-32.216014862060554,110.52490234375,-29.08568382263184
0.582763671875,1.060546875,0.180419921875,-33.14208984375,-77.08740234375,47.607421875,-32.90230941772461,110.26446533203124,-32.66083526611328
0.802490234375,0.66015625,0.32763671875,-20.751953125,-75.50048828125,24.35302734375,-32.989051818847656,110.1991195678711,-35.30219650268555
0.6884765625,0.813232421875,0.20751953125,-24.658203125,-52.79541015625,-0.79345703125,-32.657730102539055,109.2820281982422,-36.98994445800781
0.4853515625,0.71044921875,0.251708984375,-10.8642578125,-22.4609375,15.625,-33.181625366210945,108.07738494873048,-37.45723724365234
0.4833984375,0.8837890625,0.190673828125,0.67138671875,11.23046875,26.55029296875,-34.608779907226555,106.5258560180664,-36.244224548339844
0.467529296875,0.8056640625,0.195068359375,2.9296875,36.62109375,39.6728515625,-36.4613037109375,104.68958282470705,-34.334739685058594
0.555419921875,0.961669921875,0.034423828125,17.15087890625,9.21630859375,26.18408203125,-37.35255813598633,104.57379913330078,-33.78915405273437
0.783447265625,0.835693359375,0.298583984375,-3.0517578125,77.20947265625,25.69580078125,-39.53507995605469,99.71888732910156,-28.12751388549805
0.7275390625,1.477294921875,-0.015869140625,-32.28759765625,185.48583984375,41.56494140625,-41.43345642089844,91.8154525756836,-18.405963897705078
0.1552734375,0.877685546875,-0.01904296875,-118.408203125,255.9814453125,71.2890625,-42.20980072021485,77.77739715576172,-4.551219940185547
0.364013671875,0.350830078125,0.141357421875,-10.6201171875,23.62060546875,27.9541015625,-42.83147430419922,78.92015838623047,-5.604598522186278
0.57470703125,0.61279296875,0.1279296875,20.93505859375,-50.23193359375,16.54052734375,-43.79228973388672,81.4771957397461,-8.150197982788086
0.83203125,0.823486328125,-0.0302734375,41.015625,-48.583984375,32.958984375,-45.36939239501953,85.27753448486328,-10.94264030456543
0.78466796875,0.884033203125,0.15869140625,20.01953125,26.3671875,23.13232421875,-45.11845779418945,85.07059478759766,-9.53010368347168
0.4892578125,0.7119140625,0.0244140625,10.1318359375,-83.251953125,34.48486328125,-46.21761322021485,88.93173217773438,-14.275279998779295
0.935302734375,0.976318359375,0.1416015625,18.310546875,-110.4736328125,11.1083984375,-46.42522430419922,94.0087661743164,-20.47226333618164
0.80322265625,0.97998046875,0.091064453125,15.2587890625,-95.64208984375,-14.2822265625,-44.78245544433594,98.19532012939452,-25.755598068237305
0.673095703125,0.93896484375,0.03076171875,1.0986328125,-119.20166015625,-41.56494140625,-41.967132568359375,101.95124816894531,-31.466999053955078
0.5556640625,0.959716796875,-0.03857421875,1.15966796875,-159.912109375,-57.373046875,-37.73209762573242,106.2753448486328,-38.48120880126953
0.54833984375,0.864501953125,-0.028564453125,9.33837890625,-190.61279296875,-57.6171875,-32.98381805419922,110.77449798583984,-46.063682556152344
0.600341796875,0.900146484375,-0.019287109375,14.58740234375,-177.8564453125,-52.06298828125,-28.44110679626465,114.05692291259766,-52.35900115966797
0.64794921875,0.943603515625,0.0087890625,9.94873046875,-137.3291015625,-37.17041015625,-25.10388374328613,115.7727279663086,-56.80234146118164
0.563720703125,0.8896484375,-0.01953125,0.06103515625,-92.10205078125,-25.81787109375,-23.02037048339844,116.0086441040039,-59.27978515625
0.1591796875,0.85107421875,-0.211669921875,-32.77587890625,-62.92724609375,6.7138671875,-21.68594741821289,115.16079711914062,-61.65815353393555
0.215087890625,0.634521484375,0.113037109375,-36.92626953125,-52.42919921875,59.9365234375,-23.002315521240234,113.51136779785156,-64.29139709472656
0.681396484375,0.740234375,0.323974609375,14.892578125,-33.02001953125,79.65087890625,-26.590991973876953,114.19329071044922,-65.94805145263672
0.99072265625,0.6328125,0.11279296875,24.5361328125,32.16552734375,31.005859375,-29.49049186706543,114.0089340209961,-64.83020782470703
0.525390625,0.53125,0.0908203125,8.36181640625,40.83251953125,-5.4931640625,-30.6424617767334,112.34732818603516,-62.45704650878906
0.70166015625,1.0107421875,0.1884765625,23.49853515625,145.93505859375,0.6103515625,-34.68619155883789,106.99922943115234,-53.5953369140625
0.77197265625,0.773681640625,0.059814453125,13.24462890625,237.60986328125,-23.681640625,-36.45818328857422,99.95757293701172,-41.51049041748047
0.7685546875,0.877685546875,0.054931640625,14.34326171875,244.873046875,1.64794921875,-37.8240852355957,92.5834503173828,-28.9835262298584
0.240478515625,0.909423828125,-0.2041015625,27.40478515625,196.8994140625,25.146484375,-38.66889190673828,89.076171875,-20.86813735961914
0.6337890625,1.027587890625,-0.26904296875,21.728515625,129.94384765625,58.2275390625,-40.53026580810547,86.21544647216797,-14.430238723754885
0.286865234375,0.972900390625,-0.298095703125,6.2255859375,130.06591796875,58.04443359375,-41.504783630371094,82.78182220458984,-7.96737003326416
0.53271484375,0.80078125,-0.39599609375,20.5078125,0.1220703125,32.2265625,-42.17799377441406,85.21405792236328,-9.684465408325195
0.739501953125,0.949951171875,-0.10546875,9.765625,-52.734375,-13.85498046875,-41.57598876953125,87.97760009765625,-12.85820770263672
0.810546875,0.925537109375,0.016357421875,6.40869140625,-79.89501953125,-39.24560546875,-40.006256103515625,91.03873443603516,-17.109725952148438
0.58349609375,0.865478515625,-0.018310546875,-8.9111328125,-90.8203125,-61.58447265625,-35.739280700683594,93.82139587402344,-22.257455825805664
0.4287109375,0.710693359375,-0.211181640625,-11.41357421875,-211.181640625,-60.97412109375,-32.117721557617195,99.36176300048828,-32.298370361328125
0.6396484375,0.835693359375,-0.2197265625,-13.36669921875,-260.986328125,-72.021484375,-27.29599380493164,104.53713989257812,-43.43426132202149
0.84228515625,1.05224609375,-0.29296875,-28.50341796875,-236.6943359375,-68.78662109375,-22.70699119567871,106.42317199707031,-51.68629455566406
-0.09619140625,0.644775390625,0.1640625,-65.91796875,-133.36181640625,8.056640625,-20.520166397094727,104.60945129394531,-56.83591842651367
0.28076171875,0.6064453125,0.140380859375,-37.109375,-118.7744140625,53.955078125,-21.64276123046875,104.06240844726562,-61.97298812866211
0.437744140625,0.715087890625,0.226318359375,-7.38525390625,-85.26611328125,74.3408203125,-24.62652969360352,104.4100112915039,-65.33206176757811
0.9091796875,0.786376953125,0.2314453125,19.287109375,-11.65771484375,41.1376953125,-27.082075119018555,104.71978759765624,-65.93089294433594
0.91357421875,0.744873046875,0.157470703125,8.36181640625,77.1484375,21.3623046875,-29.604692459106445,102.76881408691406,-62.39275741577149
0.5654296875,0.52880859375,-0.0078125,-9.58251953125,104.6142578125,-18.4326171875,-30.054851531982425,99.60171508789062,-57.48544311523438
0.661865234375,0.89013671875,0.526123046875,-8.544921875,245.54443359375,-17.15087890625,-30.695072174072266,92.01077270507812,-45.34198379516602
0.43408203125,0.81982421875,0.173583984375,-4.8828125,271.42333984375,-30.3955078125,-29.1204776763916,84.98854064941406,-32.583816528320305
0.1396484375,0.886962890625,-0.091064453125,8.11767578125,207.1533203125,-2.50244140625,-28.276371002197266,82.428955078125,-24.93627548217773
0.308349609375,0.894287109375,-1.126708984375,21.6064453125,44.37255859375,24.23095703125,-28.89723014831543,84.43745422363281,-23.8344841003418
0.699462890625,1.037109375,-0.35693359375,-34.912109375,53.955078125,16.357421875,-29.539573669433594,82.69363403320312,-21.72453498840332
0.533447265625,0.988525390625,-0.172119140625,-39.55078125,57.06787109375,-1.64794921875,-29.04168128967285,80.69003295898438,-19.95077896118164
0.60302734375,1.036865234375,-0.06103515625,-37.353515625,17.822265625,-14.0380859375,-28.433900833129886,79.3404769897461,-19.48899269104004
0.296630859375,1.0048828125,-0.08203125,-41.9921875,-37.17041015625,-26.06201171875,-27.24150848388672,79.17769622802734,-21.665925979614254
0.539794921875,1.039794921875,-0.15673828125,-55.908203125,-123.22998046875,-33.3251953125,-26.601083755493164,80.19308471679688,-27.932283401489254
-0.00537109375,0.686767578125,0.0419921875,-76.23291015625,-167.05322265625,-13.97705078125,-26.09899711608887,80.73178100585938,-35.504024505615234
0.3720703125,0.588623046875,0.022705078125,-50.537109375,-208.0078125,15.07568359375,-28.07222557067871,83.15411376953125,-44.776344299316406
0.583984375,0.66455078125,0.006591796875,-23.5595703125,-198.05908203125,-2.50244140625,-28.810964584350586,86.65870666503906,-53.39744186401367
0.72607421875,0.808349609375,0.16259765625,-9.521484375,-144.04296875,-16.78466796875,-28.828388214111328,89.18553161621094,-59.8682861328125
0.71337890625,0.82763671875,0.37109375,-8.85009765625,-47.7294921875,-21.728515625,-28.42204284667969,89.0585708618164,-61.65485000610352
0.73095703125,0.549072265625,0.55126953125,6.34765625,33.69140625,-39.794921875,-26.26362419128418,87.79700469970703,-59.06642532348633
0.479736328125,0.634765625,0.140380859375,43.76220703125,-6.9580078125,-31.982421875,-25.408222198486328,89.32073211669922,-59.24242401123047
0.71533203125,0.70068359375,-0.035888671875,36.62109375,-1.3427734375,-41.259765625,-24.543813705444336,90.90924072265624,-59.34210586547852
1.030517578125,0.833740234375,0.317626953125,31.982421875,117.98095703125,-34.912109375,-23.49416542053223,88.87731170654297,-52.39471435546875
0.395263671875,0.869873046875,-0.133056640625,24.71923828125,161.4990234375,-26.30615234375,-22.304555892944336,87.51036834716797,-45.56632614135742
0.5732421875,0.90234375,0.271484375,2.13623046875,165.771484375,-1.15966796875,-22.184534072875977,84.34253692626953,-38.20964813232422
0.283203125,1.06884765625,-0.72314453125,-8.056640625,111.572265625,4.21142578125,-21.584396362304688,83.72308349609375,-35.793235778808594
0.479248046875,0.9677734375,-0.017822265625,-20.99609375,75.13427734375,-4.39453125,-21.241214752197266,81.98174285888672,-32.70440673828125
0.24462890625,0.89306640625,-0.06591796875,-17.63916015625,53.8330078125,-6.103515625,-20.469524383544922,80.96082305908203,-30.640066146850586
0.41748046875,0.924072265625,-0.010498046875,-9.3994140625,7.50732421875,-4.33349609375,-20.46563148498535,80.83695983886719,-30.586631774902344
0.50244140625,0.93896484375,0.08056640625,-11.90185546875,14.83154296875,-6.16455078125,-20.42782020568848,80.30036926269531,-30.05164337158203
0.461669921875,0.912109375,0.077392578125,-13.97705078125,19.8974609375,-9.58251953125,-20.166431427001953,79.64254760742188,-29.34135437011719
0.430419921875,0.833984375,0.145263671875,-11.53564453125,31.8603515625,-15.5029296875,-19.49257469177246,78.8584213256836,-27.9541015625
0.354736328125,0.904296875,0.069091796875,-6.9580078125,43.45703125,-19.04296875,-18.487110137939453,78.29276275634766,-26.389955520629886
0.28662109375,0.8857421875,0.083740234375,-13.671875,53.16162109375,-5.7373046875,-17.799551010131836,77.31431579589844,-24.32597541809082
0.248291015625,0.802490234375,0.073974609375,-11.5966796875,42.724609375,-1.28173828125,-17.408515930175778,76.81489562988281,-22.97085952758789
0.39453125,0.795654296875,0.022705078125,-12.939453125,27.16064453125,-5.37109375,-17.316429138183597,76.3949203491211,-22.035490036010746
0.320068359375,0.891845703125,0.1474609375,-1.220703125,21.1181640625,-20.08056640625,-16.427457809448242,76.30348205566406,-21.416454315185547
0.368408203125,1.13525390625,0.090576171875,6.591796875,18.5546875,-32.958984375,-14.972773551940918,76.68529510498047,-20.887165069580078
0.28564453125,0.913330078125,0.16943359375,-1.0986328125,41.07666015625,-28.62548828125,-13.56884479522705,76.39614868164062,-19.532012939453125
0.261474609375,0.933837890625,0.197021484375,-1.220703125,53.40576171875,-33.5693359375,-11.835064888000488,76.0018539428711,-17.7391300201416
0.11328125,0.881591796875,0.23876953125,4.21142578125,46.93603515625,-31.55517578125,-9.97759246826172,76.32568359375,-16.88675308227539
0.595703125,1.0068359375,0.088134765625,9.82666015625,-10.43701171875,-25.634765625,-9.87559986114502,77.11847686767578,-17.5882568359375
0.2900390625,0.98486328125,0.17626953125,11.5966796875,56.0302734375,-33.38623046875,-8.338717460632324,77.36871337890625,-15.682597160339355
-0.1845703125,1.077880859375,0.125244140625,13.61083984375,46.38671875,-44.5556640625,-5.398683547973633,77.97820281982422,-15.144388198852539
-0.156005859375,1.030029296875,0.1552734375,18.12744140625,-41.07666015625,-57.12890625,-2.9403171539306636,78.97472381591797,-17.21769905090332
0.052001953125,0.988525390625,0.131103515625,18.798828125,-77.392578125,-61.279296875,-1.0922688245773315,79.97200012207031,-20.709810256958008
0.1826171875,0.946044921875,0.11865234375,19.95849609375,-76.72119140625,-63.720703125,0.5347583293914795,80.99646759033203,-23.961673736572266
0.162353515625,0.891357421875,0.084228515625,22.03369140625,-47.54638671875,-65.12451171875,2.401571750640869,81.9453125,-26.22214317321777
0.14306640625,0.84521484375,0.084228515625,22.5830078125,-24.10888671875,-64.02587890625,4.336964130401611,82.84952545166016,-27.50957489013672
0.092041015625,0.8125,0.085205078125,17.63916015625,-11.41357421875,-62.56103515625,6.363577365875244,83.43883514404297,-28.16592025756836
0.013427734375,0.85791015625,0.113525390625,6.16455078125,-16.29638671875,-65.73486328125,8.608114242553711,83.50601959228516,-29.117040634155273
-0.02587890625,0.861083984375,0.113037109375,-0.91552734375,-35.64453125,-68.54248046875,10.887354850769043,83.1153335571289,-30.87517547607422
0.0205078125,0.85498046875,0.118896484375,-7.14111328125,-54.6875,-66.40625,12.59209156036377,82.07391357421875,-33.614063262939446
0.216552734375,0.906982421875,0.1044921875,-17.333984375,-50.10986328125,-63.53759765625,13.812150955200195,80.86813354492188,-36.00666809082031
0.21484375,0.9375,0.10791015625,-29.60205078125,-24.96337890625,-65.7958984375,15.21090316772461,79.404541015625,-37.442039489746094
0.15234375,0.918212890625,0.10888671875,-34.7900390625,-1.953125,-67.93212890625,17.00384521484375,78.08372497558594,-37.760902404785156
0.09423828125,0.89208984375,0.10498046875,-34.0576171875,15.19775390625,-63.41552734375,18.71416664123535,76.94168853759766,-37.63276672363281
0.131103515625,0.896728515625,0.093017578125,-34.423828125,29.052734375,-56.33544921875,20.136327743530273,76.06575012207031,-36.88017272949219
0.230712890625,0.929443359375,0.046630859375,-39.794921875,55.23681640625,-59.326171875,21.98152732849121,75.6880874633789,-34.56613540649414
0.1064453125,0.927001953125,0.04052734375,-41.68701171875,85.8154296875,-74.03564453125,24.604835510253906,75.63275909423828,-31.54093360900879
-0.099365234375,0.93896484375,0.041748046875,-35.400390625,81.60400390625,-68.90869140625,27.345630645751953,75.93434143066406,-28.54969024658203
-0.188720703125,0.930908203125,0.06298828125,-26.7333984375,43.45703125,-48.52294921875,28.623958587646484,75.86305236816406,-27.50379943847656
-0.06591796875,0.951904296875,0.03955078125,-22.03369140625,-9.82666015625,-35.82763671875,28.98127174377441,75.0916976928711,-28.086748123168945
0.0771484375,1.006103515625,0.04345703125,-17.2119140625,-30.8837890625,-39.36767578125,28.94617462158203,74.0616226196289,-29.642112731933594
0.142822265625,1.01708984375,0.067138671875,-12.02392578125,-21.1181640625,-34.60693359375,28.70262336730957,73.71073913574219,-30.34943771362305
-0.011474609375,0.991455078125,0.091064453125,-1.953125,-3.60107421875,-20.263671875,28.387060165405273,73.9148941040039,-30.52844047546387
-0.051025390625,1.03759765625,0.078857421875,4.82177734375,-17.88330078125,-12.3291015625,27.70237159729004,74.17665100097656,-31.21737098693848
-0.0302734375,1.02392578125,0.068603515625,9.27734375,-40.4052734375,-9.521484375,26.492021560668945,74.15287780761719,-33.01503372192383
-0.065185546875,1.06640625,0.055419921875,-1.953125,-9.46044921875,5.4931640625,6.229187965393066,78.41156005859375,-50.49002456665039
-0.1435546875,1.03271484375,0.025634765625,-5.9814453125,-17.578125,3.11279296875,6.03894567489624,78.48690795898438,-51.11680603027344
-0.07421875,1.021240234375,0.02197265625,-10.986328125,-38.75732421875,0.8544921875,5.539278030395508,78.27739715576172,-52.59596633911133
0.01953125,0.97998046875,0.037841796875,-3.173828125,-28.74755859375,13.48876953125,1.1461715698242188,79.03644561767578,-60.32848358154297
0.008056640625,0.99365234375,0.0546875,-4.69970703125,-22.5830078125,12.87841796875,0.4106152057647705,79.13243103027344,-61.11412048339844
0.021240234375,1.03173828125,0.05859375,-5.4931640625,-13.36669921875,11.90185546875,-0.22038491070270536,79.19738006591797,-61.54940414428711
0.020751953125,1.03125,0.058349609375,-6.2255859375,0.0,9.3994140625,-0.6256697177886963,79.23303985595703,-61.48126602172852
-0.046630859375,1.018798828125,0.065185546875,-5.92041015625,6.2255859375,6.7138671875,-0.7148600220680237,79.25957489013672,-61.19053649902344
-0.087158203125,1.024658203125,0.053955078125,-8.48388671875,-1.8310546875,3.2958984375,-0.672879159450531,79.25588989257812,-61.24322128295898
-0.012939453125,0.9990234375,0.005126953125,-10.8642578125,5.615234375,8.60595703125,-0.9978433847427368,80.03404235839844,-61.3105583190918
-0.4873046875,2.0576171875,-0.1484375,2.01416015625,16.66259765625,8.056640625,-0.6447736024856567,80.63058471679688,-60.608192443847656
-0.15185546875,1.092529296875,-0.063720703125,1.40380859375,-12.5732421875,4.21142578125,-0.7972360849380493,81.4256362915039,-61.08749771118164
0.021728515625,0.98681640625,0.02783203125,-2.50244140625,-4.45556640625,13.18359375,-4.8749165534973145,83.23509216308594,-64.81222534179689
0.05712890625,1.017578125,-0.03564453125,-4.57763671875,-4.21142578125,11.474609375,-5.283783912658691,83.3955307006836,-64.95674133300781
0.088134765625,0.984375,0.0068359375,-5.79833984375,-3.7841796875,3.5400390625,-5.325881004333496,83.4614486694336,-65.11871337890625
