-0.015869140625,0.985107421875,0.033935546875,-7.9345703125,-4.8828125,2.197265625,-2.528752565383911,80.05819702148438,-127.58885955810548
0.076904296875,0.938720703125,0.030029296875,-7.568359375,-4.21142578125,1.77001953125,-2.618968963623047,80.1114273071289,-127.64165496826172
0.26416015625,0.544921875,0.349365234375,-11.5966796875,-66.58935546875,8.9111328125,-4.210500240325929,78.96807861328125,-130.15432739257812
-0.698974609375,0.978271484375,0.224365234375,1.0986328125,-5.615234375,12.451171875,-3.635186672210693,79.53665924072266,-132.67840576171878
-0.045166015625,0.979248046875,-0.2412109375,-17.39501953125,26.611328125,-9.58251953125,-3.527349710464477,78.9941177368164,-131.49026489257812
-0.020751953125,1.03173828125,0.00244140625,-3.90625,8.056640625,2.44140625,-3.379704475402832,79.23348236083984,-131.18080139160156
0.069091796875,1.00439453125,0.0400390625,-12.0849609375,19.83642578125,0.244140625,-2.3657093048095703,79.26567077636719,-128.98663330078122
0.01611328125,0.978271484375,0.085205078125,-9.1552734375,15.5029296875,1.89208984375,-2.2225961685180664,79.17422485351562,-128.39852905273438
-0.105712890625,0.94873046875,0.088134765625,-9.21630859375,12.5732421875,2.8076171875,-1.9013566970825195,78.99021911621094,-127.89273071289062
-0.071044921875,0.98193359375,0.0986328125,-5.18798828125,3.84521484375,4.638671875,-1.816039085388184,78.97066497802734,-127.71399688720705
-0.005859375,1.002197265625,0.04150390625,-5.92041015625,-0.79345703125,2.50244140625,-1.9052573442459104,78.98677062988281,-127.80789947509766
0.05615234375,0.97314453125,0.02294921875,-10.19287109375,-0.9765625,1.40380859375,-2.023612260818481,78.94715118408203,-127.8477783203125
-0.056640625,0.998046875,0.062744140625,-4.8828125,5.37109375,3.23486328125,-1.6854511499404907,79.38433074951172,-126.51897430419922
-0.025390625,0.975830078125,0.02783203125,-5.37109375,-5.18798828125,2.01416015625,-1.6806830167770386,79.46965789794922,-126.76228332519531
-0.012939453125,0.989013671875,0.0615234375,-4.94384765625,-6.8359375,2.3193359375,-1.7243422269821167,79.5409927368164,-127.02278137207031
-0.153076171875,0.952880859375,0.064208984375,-1.89208984375,-17.27294921875,7.080078125,-1.5890868902206419,79.75874328613281,-128.50991821289062
-0.229248046875,1.060791015625,0.066162109375,4.150390625,-28.4423828125,28.076171875,-3.176515817642212,80.31346130371094,-129.47987365722656
-0.199462890625,1.114990234375,-0.10888671875,-2.44140625,-25.87890625,56.0302734375,-5.028059005737305,80.841064453125,-130.17523193359378
-0.157470703125,1.178955078125,-0.082275390625,-9.8876953125,-13.3056640625,67.3828125,-7.271389484405518,80.95884704589844,-130.32965087890622
-0.241455078125,1.101318359375,-0.0048828125,-14.404296875,-24.35302734375,59.14306640625,-8.784316062927246,80.9006576538086,-131.32054138183594
-0.002197265625,1.153564453125,-0.076171875,-23.0712890625,-54.443359375,14.09912109375,-9.332889556884766,80.80757141113281,-133.48802185058594
0.074951171875,1.161376953125,-0.1640625,-47.91259765625,-65.5517578125,-16.54052734375,-8.900138854980469,79.99418640136719,-136.32794189453122
-0.016357421875,1.03759765625,-0.097412109375,-64.0869140625,-62.6220703125,-29.6630859375,-7.747207641601562,78.3801498413086,-139.12260437011722
-0.221923828125,1.023193359375,-0.012939453125,-50.9033203125,-59.50927734375,-15.380859375,-6.872236728668213,77.12897491455078,-141.67271423339844
-0.246826171875,1.080810546875,0.024169921875,-34.423828125,-62.3779296875,6.34765625,-6.915013313293457,76.47705841064453,-144.12294006347656
-0.21923828125,1.076904296875,0.032470703125,-28.25927734375,-65.73486328125,21.6064453125,-7.758709907531737,76.10067749023438,-146.624755859375
-0.190185546875,0.877197265625,0.123046875,-16.90673828125,-80.01708984375,23.25439453125,-8.643267631530763,76.0595474243164,-149.5748748779297
0.11328125,0.752197265625,0.07470703125,21.78955078125,-109.375,-17.822265625,-5.284946918487549,84.6998062133789,165.3300018310547
0.164306640625,0.85693359375,0.037109375,31.982421875,-101.25732421875,-12.20703125,-5.267989158630371,86.52262115478516,161.24395751953125
0.170654296875,0.970703125,-0.01806640625,33.87451171875,-95.03173828125,-19.6533203125,-4.826635360717773,88.38032531738281,157.38296508789062
0.15625,1.055908203125,-0.078125,38.39111328125,-90.087890625,-19.22607421875,-4.227315902709962,90.41848754882812,153.744140625
0.146728515625,1.117919921875,-0.068115234375,40.34423828125,-85.44921875,-16.6015625,-3.681990623474121,92.34909057617188,150.32781982421875
0.2080078125,1.13671875,-0.0224609375,19.47021484375,-81.0546875,-25.32958984375,-2.769543170928955,93.2454071044922,147.14170837402344
0.215087890625,1.06591796875,-0.03857421875,25.08544921875,-82.45849609375,-21.728515625,-2.0188136100769043,94.32369232177734,143.91070556640625
0.2001953125,1.096923828125,-0.065185546875,26.79443359375,-72.93701171875,-8.1787109375,-1.9514241218566892,95.5003662109375,141.11700439453125
0.18408203125,1.09326171875,-0.0712890625,22.94921875,-60.1806640625,15.44189453125,-2.6064627170562744,96.43202209472656,138.65737915039062
0.11474609375,1.04541015625,-0.096435546875,25.69580078125,-50.537109375,26.91650390625,-3.563669919967652,97.51448059082031,136.51657104492188
0.07666015625,1.097412109375,-0.12158203125,34.0576171875,-43.64013671875,29.1748046875,-4.436479568481445,99.1040267944336,134.63504028320312
0.0126953125,1.285888671875,-0.2255859375,5.31005859375,-46.20361328125,1.40380859375,-4.033980369567871,99.47135162353516,132.79655456542972
0.011474609375,1.146484375,-0.153564453125,-8.544921875,-56.15234375,-6.7138671875,-3.2619500160217285,99.17957305908205,130.62712097167972
0.047607421875,1.029296875,-0.103515625,-3.7841796875,-50.23193359375,6.40869140625,-3.2346506118774414,99.14784240722656,128.75035095214844
-0.055419921875,0.911376953125,-0.053955078125,24.0478515625,-38.4521484375,19.6533203125,-3.4816675186157227,99.96265411376952,127.11351013183594
0.014404296875,1.196533203125,-0.170654296875,8.11767578125,-43.15185546875,25.634765625,-4.067045211791991,100.32308197021484,125.23297119140624
-0.073974609375,1.01904296875,-0.17431640625,-21.05712890625,-56.15234375,7.87353515625,-3.2989928722381587,99.47567749023438,122.74478149414062
0.060302734375,0.81982421875,-0.12890625,-19.04296875,-65.49072265625,-3.11279296875,-2.786651849746704,98.8137664794922,120.17935180664062
0.086181640625,0.828857421875,-0.131591796875,-8.6669921875,-50.537109375,-4.150390625,-2.434157133102417,98.55023193359376,118.20685577392578
-0.030029296875,1.065673828125,-0.15283203125,-10.1318359375,-43.8232421875,3.11279296875,-2.1128783226013184,97.93353271484376,116.38416290283205
-0.126953125,0.995849609375,-0.144287109375,-35.46142578125,-52.1240234375,6.40869140625,-1.7288060188293457,96.58253479003906,114.2772979736328
-0.0751953125,0.802001953125,-0.074951171875,-29.78515625,-65.12451171875,-10.25390625,-0.7635489702224731,95.38186645507812,111.72967529296876
-0.000732421875,0.85302734375,-0.077880859375,-7.14111328125,-74.76806640625,-36.2548828125,1.2184394598007202,95.36193084716795,108.88775634765624
0.12646484375,0.94873046875,-0.083984375,8.1787109375,-85.26611328125,-35.15625,2.6004159450531006,95.55286407470705,105.63145446777344
0.1318359375,0.97607421875,-0.2109375,10.43701171875,-52.6123046875,-19.59228515625,3.1980252265930176,96.1151123046875,103.6291732788086
0.176513671875,0.944091796875,-0.218017578125,10.6201171875,-12.87841796875,9.521484375,2.414233446121216,96.7589874267578,103.0606689453125
-0.0771484375,0.969970703125,-0.13818359375,14.95361328125,-4.08935546875,26.611328125,1.4651046991348269,97.38567352294922,102.76544189453124
-0.201416015625,1.0224609375,-0.12646484375,14.0380859375,-17.15087890625,23.0712890625,1.0266045331954956,97.9017333984375,101.95954895019531
-0.385986328125,1.1025390625,-0.07666015625,-2.9296875,-50.6591796875,19.8974609375,1.326791286468506,97.1427230834961,99.16815948486328
-0.13525390625,1.000244140625,-0.041015625,-33.87451171875,-90.576171875,25.32958984375,0.9856746196746826,95.50762176513672,95.44522857666016
-0.00439453125,0.88525390625,-0.13671875,-26.3671875,-73.73046875,3.35693359375,1.0909695625305176,94.51412963867188,92.49856567382812
0.06787109375,1.04833984375,-0.112548828125,-20.81298828125,-52.001953125,-4.5166015625,1.1696997880935671,93.68065643310548,90.63434600830078
-0.074951171875,0.97265625,-0.089111328125,-20.69091796875,-33.69140625,4.45556640625,1.201164960861206,92.87103271484376,89.27779388427734
-0.163818359375,0.98388671875,-0.0615234375,-16.6015625,-40.83251953125,5.55419921875,1.382611870765686,92.18218231201172,87.6327133178711
-0.132080078125,0.97705078125,-0.09375,-16.2353515625,-52.67333984375,-0.42724609375,1.7791085243225098,91.5650863647461,85.4163818359375
-0.012939453125,0.879638671875,-0.085693359375,-5.859375,-57.18994140625,-5.4931640625,2.0272555351257324,91.39852142333984,83.13988494873047
0.1279296875,0.81884765625,-0.084716796875,5.615234375,-41.50390625,-9.521484375,2.029020071029663,91.72669982910156,81.49724578857422
0.03759765625,0.96484375,-0.0888671875,9.70458984375,-23.5595703125,-8.30078125,2.107598066329956,92.12474822998048,80.68331146240234
-0.1162109375,1.09912109375,-0.102294921875,-9.09423828125,-18.5546875,15.7470703125,1.6632018089294434,91.84688568115234,79.92050170898438
-0.2548828125,1.096435546875,-0.107177734375,-32.65380859375,-31.6162109375,20.6298828125,1.321013569831848,90.63694763183594,78.63277435302734
-0.12158203125,0.76708984375,-0.017822265625,-21.54541015625,-40.6494140625,21.66748046875,0.5935442447662354,90.4149169921875,77.03538513183594
-0.00537109375,0.976318359375,-0.086669921875,0.18310546875,-26.79443359375,4.8828125,0.4007227718830109,90.5827178955078,75.96310424804688
0.088134765625,1.150390625,-0.1669921875,-1.8310546875,-16.9677734375,-2.13623046875,0.3085236251354217,90.79407501220705,75.28810119628906
-0.010498046875,0.97802734375,-0.11376953125,-4.33349609375,-6.8359375,-5.615234375,0.4625650644302368,90.77655792236328,75.10552978515625
-0.142822265625,0.899658203125,-0.101806640625,2.197265625,2.01416015625,4.21142578125,0.6297177672386169,91.07330322265624,75.18421173095703
-0.07666015625,0.929443359375,-0.1015625,6.591796875,1.953125,13.5498046875,0.248765230178833,91.52699279785156,75.25035095214844
-0.10205078125,1.045654296875,-0.130126953125,6.16455078125,2.8076171875,2.50244140625,0.4764343500137329,91.85482788085938,75.29548645019531
-0.010009765625,1.10791015625,-0.101806640625,-24.10888671875,-3.41796875,-21.66748046875,1.3452078104019165,91.00843811035156,75.18438720703125
-0.091552734375,1.09716796875,-0.302001953125,-16.11328125,-11.8408203125,-37.65869140625,2.986156225204468,90.89752197265624,74.75312805175781
0.00732421875,1.06591796875,-0.172119140625,-43.15185546875,-5.67626953125,-24.10888671875,3.978142499923706,89.099609375,74.48683166503906
-0.067138671875,0.8828125,-0.021240234375,-26.67236328125,0.3662109375,0.0,3.992732286453247,88.109130859375,74.50658416748047
-0.093505859375,0.865234375,0.002685546875,-8.97216796875,6.9580078125,9.521484375,3.7081050872802734,87.82250213623047,74.80081176757812
-0.102783203125,0.91015625,-0.01708984375,4.08935546875,10.43701171875,16.17431640625,3.120054006576538,88.29078674316406,75.26062774658203
-0.0556640625,0.964111328125,-0.06787109375,8.30078125,9.70458984375,13.427734375,2.6002988815307617,88.85530090332031,75.6723861694336
-0.087158203125,0.9921875,-0.084716796875,1.8310546875,8.9111328125,5.9814453125,2.462181806564331,89.16781616210938,76.04256439208984
-0.10400390625,1.000244140625,-0.099853515625,-5.615234375,5.126953125,5.43212890625,2.0109508037567143,89.32047271728516,76.26631927490234
-0.155517578125,0.943115234375,-0.01123046875,-20.93505859375,-7.8125,-14.0380859375,2.8563621044158936,88.50745391845703,75.94313049316406
-0.153564453125,1.106201171875,-0.11279296875,15.13671875,8.7890625,18.73779296875,1.381967306137085,89.3978042602539,76.24602508544922
-0.093017578125,1.041259765625,-0.133544921875,-4.45556640625,-0.8544921875,12.02392578125,1.0899422168731692,89.56509399414062,76.22256469726562
-0.134521484375,1.04296875,-0.092529296875,-15.380859375,-11.962890625,-26.67236328125,2.39642596244812,89.13690185546875,75.73750305175781
-0.080810546875,1.031982421875,-0.12939453125,-20.32470703125,-14.5263671875,-31.25,3.7143230438232417,88.59380340576172,75.147216796875
-0.025390625,0.8818359375,0.008056640625,-17.51708984375,-9.70458984375,-20.56884765625,4.494353771209717,87.89603424072266,74.73811340332031
-0.1357421875,1.037353515625,-0.043701171875,2.9296875,6.8359375,8.7890625,4.269633293151856,88.19851684570312,75.03581237792969
-0.134521484375,1.053955078125,-0.070556640625,15.9912109375,10.8642578125,21.3623046875,3.545753002166748,89.07672882080078,75.5047607421875
-0.112060546875,1.158203125,-0.12939453125,11.90185546875,10.8642578125,19.287109375,3.0374159812927246,89.71389770507812,75.87232208251953
-0.1259765625,1.116455078125,-0.106689453125,-0.244140625,2.01416015625,14.95361328125,2.5752501487731934,89.92024993896484,75.96392822265625
-0.100341796875,1.0615234375,-0.080078125,-12.02392578125,-4.39453125,7.9345703125,2.3703103065490723,89.5906982421875,75.79472351074219
-0.112060546875,0.98046875,-0.088623046875,-20.1416015625,-7.4462890625,0.79345703125,2.5107674598693848,88.96620178222656,75.50341033935547
-0.101806640625,0.929443359375,-0.07177734375,-18.6767578125,-10.07080078125,1.03759765625,2.609391212463379,88.40155029296875,75.10865783691406
-0.09423828125,0.891357421875,-0.066650390625,-12.939453125,-8.48388671875,3.35693359375,2.601902961730957,88.08600616455078,74.7818374633789
-0.09228515625,0.93310546875,-0.0771484375,-6.28662109375,-6.4697265625,5.31005859375,2.5160036087036133,88.09149169921875,74.54105377197266
-0.0791015625,0.902099609375,-0.143310546875,9.1552734375,-7.75146484375,4.45556640625,2.4291813373565674,88.86127471923828,74.25362396240234
-0.063720703125,1.080810546875,-0.0966796875,0.67138671875,-8.7890625,19.8974609375,1.668236494064331,89.1090316772461,73.92315673828125
-0.06689453125,0.954833984375,-0.123779296875,-10.6201171875,-10.07080078125,12.451171875,1.4464160203933716,88.96881103515625,73.47573852539062
-0.07763671875,0.955810546875,-0.097900390625,-12.3291015625,-12.939453125,-8.48388671875,1.9019156694412231,88.71732330322266,72.9581298828125
-0.23974609375,1.09814453125,-0.22412109375,-11.65771484375,-15.93017578125,-22.39990234375,3.1858696937561035,88.7025375366211,72.31788635253906
-0.06640625,0.9755859375,-0.190185546875,-20.1416015625,-20.69091796875,-24.4140625,4.11228084564209,88.20262145996094,71.48603057861328
0.0126953125,0.961669921875,-0.195068359375,-15.9912109375,-23.5595703125,-32.53173828125,5.192004203796387,87.99237823486328,70.53974914550781
-0.097900390625,0.7509765625,0.05078125,-16.845703125,-22.15576171875,-24.658203125,6.226980686187744,87.13628387451172,69.60200500488281
-0.039794921875,1.195068359375,-0.1123046875,-1.15966796875,-15.5029296875,4.08935546875,6.086167335510254,87.2054672241211,69.00613403320311
-0.111328125,1.032470703125,-0.095703125,3.60107421875,-7.38525390625,16.11328125,5.435103893280028,87.62821197509766,68.76900482177734
-0.15673828125,1.103515625,-0.108154296875,0.732421875,-5.67626953125,5.4931640625,5.313066959381104,87.93639373779297,68.57727813720703
-0.173828125,1.07177734375,-0.052978515625,-7.32421875,-12.6953125,4.45556640625,5.027342319488525,87.72090148925781,68.02582550048828
-0.125,1.023193359375,-0.060546875,-19.287109375,-13.12255859375,3.72314453125,4.933990478515625,87.11331939697266,67.52333831787111
-0.10888671875,1.0283203125,-0.06494140625,-20.751953125,-11.16943359375,-0.48828125,4.974290370941162,86.48702239990234,67.09501647949219
-0.110107421875,1.04248046875,-0.06982421875,-20.5078125,-7.9345703125,3.84521484375,4.872397422790527,85.89154052734375,66.80807495117189
-0.142822265625,1.088134765625,-0.0810546875,-21.728515625,-5.31005859375,7.14111328125,4.677000522613525,85.32196807861328,66.64250183105469
-0.167236328125,1.120849609375,-0.101318359375,-22.5830078125,-5.67626953125,6.591796875,4.548216819763184,84.77433776855469,66.46664428710939
-0.15478515625,1.133056640625,-0.077880859375,-24.96337890625,-6.103515625,8.1787109375,4.325214385986328,84.11738586425781,66.28084564208984
-0.13232421875,1.1552734375,-0.095458984375,-24.47509765625,-4.08935546875,8.97216796875,4.041609287261963,83.53268432617188,66.18498992919922
-0.134521484375,1.180419921875,-0.089111328125,-22.39990234375,0.0,12.39013671875,3.6499547958374015,83.0506820678711,66.26959991455078
-0.15673828125,1.178955078125,-0.08251953125,-21.728515625,3.23486328125,15.13671875,3.1694147586822514,82.63118743896484,66.5130615234375
-0.158447265625,1.17822265625,-0.08984375,-25.5126953125,3.47900390625,20.263671875,2.565690279006958,82.06837463378906,66.77976989746094
-0.1240234375,1.13037109375,-0.083251953125,-28.50341796875,1.64794921875,21.484375,1.8748247623443604,81.39852905273438,66.98530578613281
-0.08740234375,1.074951171875,-0.0751953125,-27.9541015625,2.9296875,14.09912109375,1.452053785324097,80.75434875488281,67.20115661621094
-0.110107421875,1.063232421875,-0.034912109375,-20.69091796875,7.2021484375,19.34814453125,0.9146046042442322,80.35877990722656,67.61956787109375
-0.130859375,1.0546875,-0.022705078125,-12.5732421875,10.6201171875,33.63037109375,-0.09339335560798644,80.27301025390625,68.26600646972656
-0.066650390625,1.06396484375,-0.041748046875,-5.67626953125,9.46044921875,40.58837890625,-1.507244348526001,80.48174285888672,68.90444183349611
-0.017333984375,1.055419921875,-0.015869140625,-5.615234375,7.6904296875,34.3017578125,-2.711097002029419,80.63397216796875,69.41828918457031
0.03759765625,0.92236328125,0.068115234375,-1.5869140625,-12.87841796875,36.56005859375,-6.841206073760986,80.14213562011719,68.97555541992189
0.073974609375,0.93505859375,0.0322265625,-4.638671875,-10.1318359375,51.94091796875,-8.896742820739746,80.3106918334961,68.87953948974611
0.113037109375,0.942138671875,-0.019775390625,-7.4462890625,1.28173828125,68.78662109375,-11.515381813049315,80.33973693847656,69.32594299316406
0.129150390625,0.95751953125,-0.0263671875,-8.544921875,11.5966796875,80.6884765625,-14.464529037475586,80.20226287841797,70.25570678710939
0.101806640625,0.97216796875,-0.03955078125,-13.00048828125,19.6533203125,91.24755859375,-17.619033813476562,79.75846099853516,71.58622741699219
0.16748046875,0.96630859375,-0.04443359375,-24.23095703125,29.35791015625,95.947265625,-20.86845588684082,78.64923858642578,73.39585876464844
0.21337890625,0.89794921875,-0.023681640625,-33.75244140625,24.90234375,92.1630859375,-23.976585388183594,77.09674072265625,75.08369445800781
0.190185546875,0.83056640625,0.01123046875,-36.4990234375,27.587890625,89.05029296875,-26.77521705627441,75.24649047851562,77.03167724609375
0.19287109375,0.764892578125,0.048583984375,-28.9306640625,29.9072265625,85.99853515625,-29.278696060180664,73.45010375976562,79.15596771240234
0.181884765625,0.765625,0.065673828125,-23.5595703125,30.6396484375,83.06884765625,-31.473838806152344,71.7445068359375,81.39456176757812
0.13037109375,0.764404296875,0.0751953125,-17.578125,24.35302734375,76.7822265625,-33.177913665771484,70.38680267333984,83.34947204589844
0.113037109375,0.788818359375,0.055908203125,-10.80322265625,8.30078125,65.91796875,-34.61769485473633,69.85665130615234,84.39741516113281
0.22802734375,0.82373046875,0.030029296875,-6.89697265625,-0.3662109375,52.91748046875,-35.91207504272461,69.89198303222656,84.79621124267578
0.25634765625,0.899169921875,0.010498046875,-7.50732421875,-1.708984375,36.7431640625,-36.6131591796875,70.15785217285156,84.80967712402344
0.277587890625,0.96630859375,-0.009521484375,-11.41357421875,2.44140625,24.7802734375,-36.78560256958008,70.31850433349611,84.77714538574219
0.27880859375,0.952392578125,0.00634765625,-15.0146484375,6.04248046875,24.35302734375,-36.89154815673828,70.18793487548828,84.93344116210938
0.290771484375,0.903076171875,0.048095703125,-14.5263671875,6.28662109375,35.09521484375,-37.640098571777344,69.73088836669922,85.51434326171875
0.32958984375,0.84521484375,0.055419921875,-6.2255859375,7.4462890625,51.69677734375,-38.87394714355469,69.44471740722656,86.31610107421875
0.364990234375,0.873291015625,0.048828125,1.0986328125,8.23974609375,53.5888671875,-40.17594528198242,69.40616607666016,87.1816177368164
0.384521484375,0.88916015625,0.03125,3.11279296875,8.23974609375,52.42919921875,-41.39669418334961,69.48940277099611,87.99370574951172
0.352294921875,0.875244140625,0.050537109375,2.8076171875,7.01904296875,56.45751953125,-42.70121383666992,69.47251129150389,88.85575866699219
0.369873046875,0.885498046875,0.03076171875,5.0048828125,4.57763671875,65.3076171875,-44.36050415039063,69.54079437255861,89.72637939453125
0.381591796875,0.865234375,0.0322265625,5.859375,4.08935546875,72.3876953125,-46.31999969482422,69.49211883544922,90.73839569091795
0.4833984375,0.802734375,0.06982421875,7.62939453125,5.18798828125,71.8994140625,-48.36553192138672,69.23480987548828,91.9586944580078
0.495361328125,0.798095703125,0.05029296875,7.080078125,8.1787109375,59.26513671875,-49.85958480834961,69.03841400146484,93.06319427490234
0.498046875,0.86865234375,0.049560546875,9.58251953125,9.09423828125,48.33984375,-50.70734024047852,69.10802459716797,93.9173355102539
0.533935546875,0.86962890625,0.040771484375,4.39453125,8.9111328125,50.47607421875,-51.77446746826172,68.91300964355469,94.85651397705078
0.568115234375,0.862548828125,0.006103515625,-1.89208984375,10.31494140625,50.9033203125,-52.88164138793945,68.45738983154297,95.83296966552734
0.55322265625,0.869140625,0.0029296875,-9.09423828125,13.36669921875,42.41943359375,-53.58419418334961,67.75394439697266,96.76939392089844
0.552001953125,0.813232421875,0.070556640625,-14.58740234375,12.39013671875,33.63037109375,-53.93213653564453,66.76748657226561,97.6612319946289
0.56396484375,0.7734375,0.09130859375,-10.3759765625,10.7421875,38.63525390625,-54.51925277709961,65.81980895996094,98.67536926269531
0.58154296875,0.780517578125,0.0625,-7.568359375,9.27734375,43.701171875,-55.29969787597656,65.13770294189453,99.58516693115234
0.625732421875,0.83984375,0.03515625,-13.85498046875,7.14111328125,42.8466796875,-56.09789657592773,64.35303497314453,100.32131958007812
0.61083984375,0.805908203125,0.052734375,-17.39501953125,4.57763671875,43.88427734375,-56.94451522827149,63.45122909545898,100.9971694946289
0.6064453125,0.837646484375,0.033935546875,-13.24462890625,5.43212890625,49.560546875,-57.9681282043457,62.54969024658203,101.97608947753906
0.620361328125,0.830810546875,0.033447265625,-12.87841796875,8.85009765625,65.185546875,-59.4002685546875,60.96723937988281,103.67428588867188
0.67529296875,0.708740234375,0.05615234375,-13.85498046875,10.68115234375,71.47216796875,-61.14053344726562,58.59994125366211,106.12789916992188
0.74609375,0.554443359375,0.11376953125,-5.31005859375,16.357421875,72.81494140625,-62.96963882446289,54.86286544799805,110.23182678222656
0.790283203125,0.671142578125,0.0859375,10.55908203125,31.92138671875,85.5712890625,-64.53141784667969,50.51857376098633,115.86338806152344
0.73681640625,0.72314453125,0.06103515625,7.8125,37.59765625,95.5810546875,-65.87406158447266,44.95880889892578,122.73574829101562
0.720703125,0.696044921875,0.085693359375,-0.42724609375,34.5458984375,91.00341796875,-66.82347869873047,39.02885055541992,129.61415100097656
0.719482421875,0.705078125,0.072998046875,-8.72802734375,23.13232421875,76.11083984375,-67.51959228515625,34.428173065185554,134.70132446289062
0.788330078125,0.719482421875,0.069091796875,-13.0615234375,18.98193359375,69.51904296875,-68.10712432861328,30.21721076965332,139.16793823242188
0.887451171875,0.636962890625,0.057861328125,-15.9912109375,22.94921875,71.4111328125,-68.57396697998047,24.54135131835937,145.03805541992188
0.882568359375,0.566162109375,0.107421875,-10.43701171875,33.203125,83.984375,-68.61024475097656,17.557064056396484,152.51626586914062
0.8310546875,0.564453125,0.1142578125,-6.9580078125,35.0341796875,91.85791015625,-68.29010009765625,10.329275131225586,160.462890625
0.8359375,0.568359375,0.1328125,-4.94384765625,33.63037109375,94.970703125,-67.70860290527344,3.2404291629791264,168.3734588623047
0.864990234375,0.511474609375,0.15576171875,-1.89208984375,35.2783203125,94.7265625,-66.71125030517578,-3.1041903495788574,-184.3421936035156
0.8759765625,0.480712890625,0.15771484375,1.28173828125,37.7197265625,94.482421875,-65.38401794433594,-8.594226837158201,-177.7908477783203
0.856689453125,0.458984375,0.18310546875,3.47900390625,35.7666015625,88.68408203125,-63.94300079345703,-12.760952949523926,-172.51414489746094
0.84423828125,0.45458984375,0.178955078125,0.3662109375,22.5830078125,76.171875,-63.04718017578125,-15.765174865722654,-168.59104919433594
0.862060546875,0.358642578125,0.220947265625,-2.3193359375,21.05712890625,69.15283203125,-62.12510681152344,-18.441204071044922,-165.19349670410156
0.856689453125,0.35693359375,0.228271484375,-1.220703125,25.93994140625,66.95556640625,-61.322120666503906,-20.111352920532227,-162.67950439453125
0.824951171875,0.3623046875,0.231689453125,-2.50244140625,20.01953125,60.11962890625,-60.491783142089844,-21.647024154663086,-160.4805908203125
0.90576171875,0.3408203125,0.25,-5.4931640625,15.44189453125,52.79541015625,-59.92129898071289,-23.014202117919922,-158.636474609375
0.939208984375,0.307861328125,0.241943359375,-6.591796875,14.2822265625,48.88916015625,-59.47142791748047,-24.22193145751953,-157.03762817382812
0.888427734375,0.332275390625,0.24365234375,-7.99560546875,13.671875,44.98291015625,-59.09453582763672,-25.084875106811523,-155.85963439941406
0.875,0.34521484375,0.255615234375,-8.6669921875,10.55908203125,44.5556640625,-58.8177490234375,-25.902931213378906,-154.72718811035156
0.873046875,0.322509765625,0.262451171875,-10.8642578125,7.4462890625,46.56982421875,-58.61833572387695,-27.02016830444336,-153.35008239746094
0.910888671875,0.2802734375,0.248291015625,-13.12255859375,5.92041015625,44.189453125,-58.49089050292969,-28.33212661743164,-151.91883850097656
0.89453125,0.296142578125,0.25146484375,-13.18359375,8.11767578125,42.78564453125,-58.3034782409668,-29.35638236999512,-150.79562377929688
0.84033203125,0.290771484375,0.23779296875,-13.916015625,6.04248046875,41.259765625,-58.30093765258789,-30.315204620361328,-149.76669311523438
0.88623046875,0.26123046875,0.236572265625,-11.53564453125,0.54931640625,38.14697265625,-58.45294952392578,-31.322566986083984,-148.61924743652344
0.9208984375,0.220947265625,0.2265625,-10.498046875,0.54931640625,39.48974609375,-58.55580520629883,-32.551204681396484,-147.23204040527344
0.931640625,0.22509765625,0.218017578125,-7.6904296875,1.28173828125,41.07666015625,-58.607688903808594,-33.6820068359375,-145.82516479492188
0.939697265625,0.1923828125,0.239501953125,-6.9580078125,2.86865234375,42.29736328125,-58.49440383911133,-34.85870742797852,-144.3629913330078
0.958251953125,0.193359375,0.240234375,-7.75146484375,2.0751953125,42.236328125,-58.40146255493164,-36.06255340576172,-142.9060516357422
0.96142578125,0.188720703125,0.245849609375,-7.62939453125,1.15966796875,40.6494140625,-58.31808090209961,-37.15235137939453,-141.56861877441406
0.9755859375,0.177734375,0.263916015625,-7.38525390625,4.8828125,41.56494140625,-58.08147811889648,-38.11498641967773,-140.37452697753906
0.937744140625,0.168212890625,0.25830078125,-5.9814453125,6.591796875,41.015625,-57.79302597045898,-38.8755111694336,-139.34483337402344
0.9560546875,0.1298828125,0.268798828125,-6.8359375,6.28662109375,39.4287109375,-57.49609375,-39.62305068969727,-138.38662719726562
0.8955078125,0.14453125,0.25439453125,-7.9345703125,3.5400390625,37.41455078125,-57.36695861816406,-40.36235427856445,-137.46742248535156
0.90576171875,0.131103515625,0.24951171875,-8.11767578125,2.01416015625,35.64453125,-57.32340621948242,-41.125267028808594,-136.5469970703125
0.90771484375,0.135009765625,0.263671875,-10.986328125,0.9765625,36.31591796875,-57.23810958862305,-42.04772567749024,-135.5697021484375
0.89208984375,0.1201171875,0.255859375,-10.55908203125,0.3662109375,31.8603515625,-57.30622100830078,-42.74089050292969,-134.84066772460938
0.8994140625,0.1220703125,0.266357421875,-11.5966796875,-0.1220703125,25.32958984375,-57.54542922973633,-43.15011596679688,-134.48806762695312
0.898681640625,0.090087890625,0.2685546875,-13.12255859375,-1.3427734375,21.240234375,-57.83345031738281,-43.64584732055664,-134.16342163085938
0.92626953125,0.068359375,0.27099609375,-14.46533203125,-2.3193359375,19.71435546875,-58.19914627075195,-44.17516326904297,-133.86932373046878
0.9375,0.06689453125,0.261474609375,-14.09912109375,-0.8544921875,21.8505859375,-58.4677734375,-44.75544357299805,-133.51535034179688
0.97705078125,0.0537109375,0.242919921875,-11.1083984375,0.91552734375,23.3154296875,-58.585716247558594,-45.19811630249024,-133.128662109375
0.981689453125,0.038330078125,0.268310546875,-5.92041015625,7.01904296875,27.7099609375,-58.42261123657226,-45.4359130859375,-132.8330078125
0.926513671875,0.048095703125,0.305419921875,-2.9296875,8.36181640625,29.47998046875,-58.10931777954102,-45.374778747558594,-132.68753051757812
0.898681640625,0.05322265625,0.318115234375,-2.8076171875,4.2724609375,27.099609375,-57.9354133605957,-45.36897659301758,-132.4593505859375
0.91845703125,0.03515625,0.303466796875,-6.8359375,-2.38037109375,23.25439453125,-58.09321212768555,-45.71328353881836,-132.0213623046875
0.9677734375,0.02099609375,0.310302734375,-8.056640625,-2.99072265625,20.8740234375,-58.32197570800781,-46.09115600585938,-131.62451171875
0.961669921875,0.046875,0.296875,-8.85009765625,0.1220703125,23.74267578125,-58.42415237426758,-46.4958381652832,-131.24252319335938
0.925048828125,0.025634765625,0.29443359375,-8.1787109375,-1.0986328125,24.23095703125,-58.50104904174805,-46.90926742553711,-130.80836486816406
0.9365234375,0.005859375,0.287353515625,-8.6669921875,-3.72314453125,22.76611328125,-58.673866271972656,-47.48397445678711,-130.23526000976562
0.9619140625,0.001708984375,0.279296875,-7.080078125,-3.47900390625,24.4140625,-58.74602127075195,-47.94656372070313,-129.69699096679688
0.943603515625,-0.009765625,0.309814453125,-7.38525390625,-0.6103515625,24.59716796875,-58.71601486206055,-48.35205078125,-129.25775146484378
0.94384765625,-0.017578125,0.31787109375,-7.99560546875,0.9765625,24.0478515625,-58.63740539550781,-48.662010192871094,-128.95646667480472
0.93701171875,-0.007568359375,0.308837890625,-8.056640625,2.01416015625,24.169921875,-58.57355117797852,-48.97186660766602,-128.67315673828122
0.93701171875,-0.056640625,0.30810546875,-7.75146484375,1.708984375,23.62060546875,-58.444541931152344,-49.32894897460938,-128.34332275390622
0.924072265625,-0.0478515625,0.329345703125,-8.36181640625,-1.0986328125,19.775390625,-58.48175811767578,-49.5688591003418,-128.14239501953122
0.93896484375,-0.069091796875,0.323974609375,-4.94384765625,-2.62451171875,15.5029296875,-58.67866897583008,-49.62615203857422,-128.01466369628906
0.931396484375,-0.036865234375,0.296875,-4.21142578125,-3.47900390625,8.97216796875,-59.16249084472656,-49.42036819458008,-128.161865234375
0.94287109375,-0.06396484375,0.2978515625,-2.197265625,-0.91552734375,8.056640625,-59.55301284790039,-49.05108261108398,-128.43722534179688
0.94970703125,-0.060302734375,0.307373046875,-2.38037109375,1.220703125,9.09423828125,-59.84209442138672,-48.508338928222656,-128.90911865234378
0.94580078125,-0.0400390625,0.31494140625,-1.953125,1.8310546875,9.33837890625,-60.10714721679688,-47.93740463256836,-129.38055419921878
0.933837890625,-0.03173828125,0.326416015625,-2.9296875,-0.18310546875,8.9111328125,-60.41408920288086,-47.42957305908203,-129.80720520019528
0.9326171875,-0.05908203125,0.3271484375,-4.5166015625,-3.84521484375,9.6435546875,-60.78092956542969,-47.2697868347168,-129.92218017578122
0.9638671875,-0.041259765625,0.302734375,-4.638671875,-1.64794921875,10.986328125,-61.07796096801758,-47.15387344360352,-130.01998901367188
0.95751953125,-0.060791015625,0.326171875,-3.7841796875,0.42724609375,10.25390625,-61.262474060058594,-46.84123992919922,-130.30303955078122
0.923828125,-0.068603515625,0.33544921875,-4.638671875,0.48828125,11.16943359375,-61.35124588012695,-46.58018493652344,-130.560791015625
0.918212890625,-0.052490234375,0.325927734375,-5.859375,-2.13623046875,8.4228515625,-61.63396835327149,-46.34784698486328,-130.83401489257812
0.92822265625,-0.05029296875,0.3251953125,-5.9814453125,-4.45556640625,6.53076171875,-62.03304672241211,-46.15578079223633,-131.06950378417972
0.9228515625,-0.053466796875,0.326904296875,-5.92041015625,-5.615234375,6.103515625,-62.44174575805664,-45.9921989440918,-131.2579345703125
0.918212890625,-0.067138671875,0.341552734375,-6.103515625,-6.53076171875,5.18798828125,-62.846900939941406,-45.84718704223633,-131.4512939453125
0.95654296875,-0.08203125,0.31298828125,-7.38525390625,-6.40869140625,4.39453125,-63.30178451538086,-45.88652038574219,-131.53884887695312
0.974365234375,-0.067138671875,0.3154296875,-6.591796875,-3.84521484375,4.94384765625,-63.6822395324707,-45.72454071044922,-131.80953979492188
0.9423828125,-0.05712890625,0.333984375,-5.9814453125,-2.86865234375,4.69970703125,-63.99439239501953,-45.33852005004883,-132.27969360351562
0.94384765625,-0.087158203125,0.328369140625,-7.38525390625,-4.150390625,2.99072265625,-64.34217834472656,-45.12272262573242,-132.65249633789062
0.939453125,-0.06005859375,0.319091796875,-7.14111328125,-4.39453125,0.67138671875,-64.79784393310547,-44.69381332397461,-133.2369384765625
0.947265625,-0.07763671875,0.319091796875,-6.8359375,-3.5400390625,0.0,-65.20794677734375,-44.23396682739258,-133.86070251464844
0.94677734375,-0.07080078125,0.330078125,-5.55419921875,-2.13623046875,0.67138671875,-65.53428649902344,-43.612937927246094,-134.59799194335938
0.9443359375,-0.06884765625,0.31005859375,-5.67626953125,-2.01416015625,0.6103515625,-65.84347534179689,-42.97019577026367,-135.35595703125
0.9384765625,-0.06640625,0.317626953125,-4.8828125,-0.18310546875,-1.64794921875,-66.16402435302734,-42.07649230957031,-136.37400817871094
0.942626953125,-0.05517578125,0.343994140625,-4.94384765625,0.1220703125,-1.15966796875,-66.41978454589844,-41.07384490966797,-137.49583435058594
0.9306640625,-0.046630859375,0.335205078125,-4.08935546875,1.89208984375,-2.13623046875,-66.64771270751953,-39.85655975341797,-138.81758117675778
0.886474609375,-0.068359375,0.34814453125,-6.4697265625,-0.244140625,-3.96728515625,-66.8836669921875,-38.76470184326172,-140.11257934570312
0.913330078125,-0.07568359375,0.34326171875,-8.056640625,-2.50244140625,-6.4697265625,-67.2506103515625,-37.77521514892578,-141.38037109375
0.94873046875,-0.061279296875,0.32568359375,-9.033203125,-4.33349609375,-7.9345703125,-67.75982666015625,-36.836692810058594,-142.63992309570312
0.916015625,-0.0517578125,0.33349609375,-7.6904296875,-2.197265625,-11.1083984375,-68.22119140625,-35.33863830566406,-144.4364013671875
0.910400390625,-0.044677734375,0.33154296875,-6.77490234375,-3.41796875,-11.77978515625,-68.70927429199219,-33.769493103027344,-146.2696533203125
0.948974609375,-0.0625,0.31591796875,-7.6904296875,-5.615234375,-12.51220703125,-69.26270294189453,-32.346939086914055,-147.9407501220703
0.94970703125,-0.052734375,0.318359375,-4.150390625,-3.662109375,-12.75634765625,-69.74581909179689,-30.675912857055664,-149.7958984375
0.927978515625,-0.037109375,0.33349609375,-4.39453125,-3.2958984375,-13.61083984375,-70.16818237304689,-28.73657035827637,-151.9353485107422
0.93896484375,-0.018798828125,0.32568359375,-2.8076171875,-3.2958984375,-17.578125,-70.65885925292969,-26.228918075561523,-154.61013793945312
0.9296875,-0.023681640625,0.32958984375,-4.45556640625,-3.60107421875,-17.39501953125,-71.08312225341797,-23.80949211120605,-157.26968383789062
0.9453125,-0.021728515625,0.338134765625,-2.74658203125,-3.41796875,-20.3857421875,-71.48687744140625,-20.93585777282715,-160.34495544433594
0.96337890625,-0.02978515625,0.311279296875,-1.953125,-0.6103515625,-25.2685546875,-71.84327697753906,-17.456071853637695,-164.05242919921875
0.9365234375,-0.01904296875,0.3115234375,2.01416015625,7.50732421875,-30.21240234375,-71.84564971923828,-12.900071144104006,-168.74203491210938
0.906494140625,0.01123046875,0.31982421875,2.5634765625,9.765625,-33.935546875,-71.64883422851562,-7.789932250976562,-173.99465942382812
0.8427734375,0.034423828125,0.353271484375,3.11279296875,7.26318359375,-39.4287109375,-71.39485931396484,-1.7964861392974854,-180.1859893798828
0.83251953125,0.066650390625,0.39013671875,-3.41796875,-8.7890625,-46.81396484375,-71.41088104248047,4.3695573806762695,-186.8207092285156
0.921875,0.0625,0.35205078125,-4.94384765625,-16.05224609375,-48.095703125,-71.65281677246094,10.520044326782227,166.4637451171875
0.9892578125,0.081298828125,0.329345703125,-3.173828125,-15.31982421875,-48.33984375,-71.7290267944336,16.787836074829098,159.6924285888672
0.985595703125,0.05615234375,0.348388671875,-0.30517578125,-9.3994140625,-51.57470703125,-71.31575012207031,22.765724182128906,153.30496215820312
0.91796875,0.103515625,0.335693359375,1.15966796875,-8.30078125,-54.0771484375,-70.5778579711914,28.72933006286621,146.9891815185547
0.85693359375,0.153076171875,0.327880859375,4.69970703125,-10.68115234375,-57.55615234375,-69.58422088623047,34.851322174072266,140.63761901855472
0.864501953125,0.186767578125,0.3271484375,4.82177734375,-17.02880859375,-57.06787109375,-68.59423065185547,40.6973876953125,134.54353332519528
0.8916015625,0.147216796875,0.324462890625,6.28662109375,-17.4560546875,-59.75341796875,-67.47975158691406,45.87895202636719,129.13442993164062
0.893798828125,0.162109375,0.330810546875,8.36181640625,-17.88330078125,-69.27490234375,-65.85324859619139,51.40007400512695,123.38517761230469
0.865966796875,0.23046875,0.3134765625,8.60595703125,-21.54541015625,-84.16748046875,-63.67004013061523,56.887428283691406,117.61393737792969
0.821533203125,0.2646484375,0.3212890625,5.126953125,-25.146484375,-90.27099609375,-61.11796569824219,61.64019775390625,112.35974884033205
0.8134765625,0.249755859375,0.321044921875,10.43701171875,-28.1982421875,-92.34619140625,-58.49030303955078,65.81333160400389,107.81686401367188
0.83349609375,0.36962890625,0.294189453125,9.1552734375,-31.55517578125,-95.21484375,-55.56342315673828,69.70465850830078,103.47321319580078
0.852294921875,0.428955078125,0.29150390625,8.23974609375,-29.23583984375,-92.041015625,-52.61800765991211,72.71923065185547,99.98681640625
0.81689453125,0.400146484375,0.2978515625,2.99072265625,-28.01513671875,-86.0595703125,-49.92668533325195,74.75154113769531,97.2502212524414
0.768310546875,0.411376953125,0.26025390625,1.40380859375,-38.39111328125,-87.646484375,-47.25603103637695,76.92771911621094,94.13582611083984
0.791748046875,0.442138671875,0.20751953125,-0.42724609375,-44.0673828125,-89.29443359375,-44.58820724487305,79.09957122802734,90.87026977539062
0.806640625,0.498291015625,0.1728515625,-3.96728515625,-41.748046875,-83.92333984375,-42.15204620361328,80.62303161621094,88.18263244628906
0.77392578125,0.447509765625,0.2119140625,-9.765625,-31.92138671875,-75.86669921875,-39.98808288574219,81.28968811035156,86.20008087158203
0.731201171875,0.380126953125,0.219970703125,-4.150390625,-34.97314453125,-82.33642578125,-37.72815322875977,82.06729888916016,84.18302917480469
0.780029296875,0.4287109375,0.15087890625,-0.54931640625,-39.1845703125,-95.03173828125,-35.030967712402344,83.26073455810547,81.83924102783203
0.6806640625,0.465087890625,0.134033203125,0.67138671875,-40.34423828125,-118.7744140625,-31.261024475097656,84.40653991699219,79.48302459716797
0.585693359375,0.5234375,0.136474609375,-10.6201171875,-41.44287109375,-118.59130859375,-27.338890075683594,84.86840057373047,77.25355529785156
0.52880859375,0.5078125,0.142333984375,-19.95849609375,-40.83251953125,-108.88671875,-23.861703872680664,84.7004165649414,75.18865203857422
0.48291015625,0.375732421875,0.17236328125,-17.578125,-36.92626953125,-103.57666015625,-20.900901794433594,84.22342681884766,73.41064453125
0.427490234375,0.34814453125,0.185791015625,-3.23486328125,-33.0810546875,-105.40771484375,-17.90064811706543,84.07429504394531,71.80724334716797
0.416015625,0.43994140625,0.168212890625,11.8408203125,-30.517578125,-106.01806640625,-14.679783821105955,84.67301177978516,70.28324127197266
0.423583984375,0.493408203125,0.13232421875,12.20703125,-28.80859375,-111.87744140625,-11.29974365234375,85.20235443115234,68.79509735107422
0.39892578125,0.52734375,0.146728515625,14.09912109375,-27.40478515625,-128.5400390625,-7.234302520751952,85.65084075927734,67.36145782470703
0.373779296875,0.630126953125,0.089599609375,15.19775390625,-26.67236328125,-139.22119140625,-2.666098117828369,86.24285125732422,65.93444061279297
0.363037109375,0.68310546875,0.04443359375,17.02880859375,-25.81787109375,-139.0380859375,1.8377978801727293,86.92137145996094,64.58979034423828
0.310302734375,0.702392578125,0.048583984375,25.20751953125,-24.658203125,-140.380859375,6.401337623596191,87.79334259033203,63.35673522949219
0.28369140625,0.813232421875,0.04931640625,39.36767578125,-26.30615234375,-140.80810546875,11.00201416015625,89.11936950683594,62.14440155029297
0.27490234375,1.1357421875,0.026611328125,46.08154296875,-34.0576171875,-141.54052734375,15.693509101867676,90.59932708740234,60.73562622070313
0.224365234375,1.28857421875,-0.02880859375,29.1748046875,-47.119140625,-135.3759765625,20.13839340209961,91.1943588256836,58.866859436035156
0.2197265625,1.241455078125,-0.032470703125,3.0517578125,-58.16650390625,-130.0048828125,24.20384407043457,90.11325073242188,56.325462341308594
0.19189453125,1.0830078125,0.035400390625,8.48388671875,-63.3544921875,-132.26318359375,28.18032073974609,89.0875473022461,53.45700073242188
0.188720703125,1.20361328125,0.012451171875,31.67724609375,-63.29345703125,-116.51611328125,31.41064071655273,88.85276794433594,50.46949768066406
0.22021484375,1.283447265625,-0.00048828125,45.5322265625,-64.14794921875,-90.9423828125,33.49667358398437,89.03128051757812,47.38540649414063
0.182861328125,1.427734375,-0.06591796875,48.88916015625,-66.650390625,-70.12939453125,34.77416229248047,89.29906463623047,44.21154022216797
0.157958984375,1.377685546875,-0.069580078125,39.306640625,-68.4814453125,-47.79052734375,35.148136138916016,89.08919525146484,40.93862915039063
0.107177734375,1.365234375,-0.098388671875,36.1328125,-72.69287109375,-36.7431640625,35.11883544921875,88.69181823730469,37.49253845214844
0.122314453125,1.366943359375,-0.125732421875,31.18896484375,-76.5380859375,-25.390625,34.594406127929695,88.08550262451172,33.91457748413086
0.216064453125,1.292236328125,-0.1650390625,22.5830078125,-76.5380859375,-12.75634765625,33.42847442626953,87.32857513427734,30.451923370361328
0.28662109375,1.20947265625,-0.192138671875,18.06640625,-67.626953125,-4.57763671875,31.741056442260746,87.02184295654297,27.795246124267575
0.323974609375,1.25,-0.238525390625,12.6953125,-49.31640625,1.708984375,29.9732666015625,86.95174407958984,25.82387924194336
0.410400390625,1.431640625,-0.480712890625,-9.3994140625,-38.39111328125,-1.953125,28.43490600585937,86.63257598876953,24.52922058105469
0.194580078125,1.078125,-0.251953125,-33.935546875,-37.59765625,-23.0712890625,27.88161659240723,85.15605926513672,23.11888885498047
0.0966796875,0.921875,-0.098876953125,-10.986328125,-29.4189453125,-25.93994140625,27.560258865356445,84.52696990966797,21.92570304870605
0.051513671875,0.9873046875,-0.1552734375,0.0,-23.13232421875,1.77001953125,26.28250312805176,84.68125915527344,21.18825340270996
0.03466796875,0.9873046875,-0.172119140625,2.38037109375,-20.6298828125,5.06591796875,24.96573638916016,85.0364761352539,20.58255195617676
0.021484375,1.122314453125,-0.18798828125,-5.0048828125,-24.84130859375,11.65771484375,23.44883728027344,85.0186996459961,19.800270080566406
0.04345703125,1.013916015625,-0.125732421875,-15.9912109375,-25.0244140625,19.34814453125,21.61842918395996,84.49601745605469,19.001344680786133
0.096923828125,0.9736328125,-0.072021484375,9.27734375,-23.98681640625,18.9208984375,19.6834716796875,84.66580200195312,18.34276390075684
-0.174072265625,0.736083984375,-0.28369140625,-23.681640625,-22.8271484375,-43.27392578125,21.105478286743164,84.35992431640625,17.55583381652832
0.074951171875,1.074462890625,-0.087890625,-28.86962890625,-32.3486328125,-30.21240234375,21.213420867919922,83.08164978027344,16.20542335510254
0.096923828125,0.834716796875,-0.07080078125,-22.8271484375,-22.52197265625,-0.30517578125,20.069684982299805,82.3126449584961,15.432844161987305
-0.012451171875,0.87060546875,-0.0478515625,14.6484375,-12.87841796875,16.4794921875,18.615108489990234,83.18486022949219,15.124153137207033
-0.113525390625,0.96337890625,-0.121337890625,23.3154296875,-21.78955078125,20.5078125,17.257951736450195,84.4228286743164,14.478605270385742
0.075439453125,1.116943359375,-0.0537109375,-3.11279296875,-32.28759765625,14.5263671875,15.744390487670898,84.26296997070312,13.296895980834961
0.035400390625,0.957275390625,-0.1591796875,-5.2490234375,-49.49951171875,-1.89208984375,14.949915885925293,84.1125259399414,11.413070678710938
0.087646484375,0.70361328125,0.050537109375,-2.38037109375,-47.79052734375,-5.859375,14.129538536071776,83.57522583007812,9.445358276367188
-0.221435546875,0.365234375,0.003662109375,10.009765625,-36.92626953125,-8.72802734375,12.840838432312012,85.43389892578125,8.06385612487793
0.059814453125,0.679931640625,-0.2353515625,5.55419921875,-37.7197265625,15.5029296875,11.471964836120605,86.25920104980469,6.770364761352539
-0.089111328125,1.081787109375,-0.240478515625,-8.9111328125,-52.001953125,26.2451171875,10.041763305664062,86.15459442138672,4.852029800415039
-0.00634765625,0.899658203125,-0.18505859375,-7.32421875,-61.82861328125,9.1552734375,9.14991855621338,86.05016326904297,2.4802160263061523
0.077392578125,0.97119140625,-0.2080078125,2.13623046875,-61.1572265625,-2.197265625,8.56235408782959,86.3737564086914,0.10323715209960938
0.1591796875,1.023681640625,-0.24658203125,7.01904296875,-48.9501953125,-1.953125,7.876060009002685,87.02906799316406,-1.7794756889343262
0.11572265625,0.97216796875,-0.186767578125,5.67626953125,-36.2548828125,-1.220703125,7.298605918884277,87.59382629394531,-3.1709742546081543
0.15966796875,0.94775390625,-0.21044921875,-2.3193359375,-23.37646484375,-0.67138671875,6.649960517883301,87.9553451538086,-4.040690898895264
0.303955078125,1.243896484375,-0.290771484375,-6.34765625,-7.99560546875,-3.41796875,6.005785465240479,88.23636627197266,-4.299384593963623
0.015380859375,1.019775390625,-0.02783203125,6.2255859375,0.0,0.0,5.088594436645508,89.54862976074219,-4.1951379776000985
-0.020263671875,0.955810546875,-0.234619140625,-17.2119140625,4.94384765625,-10.43701171875,5.3562355041503915,89.42626190185547,-3.949426651000977
-0.00927734375,0.786376953125,-0.165771484375,-0.3662109375,15.5029296875,1.89208984375,5.100044250488281,89.94805908203125,-3.281862735748291
-0.029541015625,0.847900390625,-0.168212890625,13.916015625,17.76123046875,7.50732421875,4.670618057250977,90.9976043701172,-2.534562110900879
0.25830078125,0.493408203125,-0.457763671875,10.43701171875,5.67626953125,6.34765625,3.4656281471252437,92.84503936767578,-2.2130126953125
-0.035400390625,1.1025390625,-0.259521484375,-29.47998046875,-2.0751953125,-19.95849609375,4.199570655822754,92.0603256225586,-2.234379291534424
-0.070556640625,0.810302734375,-0.14404296875,-23.13232421875,-14.58740234375,-24.169921875,5.210912227630615,91.39193725585938,-2.7650113105773926
-0.0234375,0.77197265625,-0.16064453125,7.99560546875,-2.44140625,6.2255859375,4.829456329345703,92.0988998413086,-2.8357181549072266
-0.014404296875,0.91357421875,-0.18896484375,23.8037109375,1.5869140625,11.8408203125,4.199842453002931,93.42057800292969,-2.766952991485596
-0.034423828125,1.02490234375,-0.20654296875,14.09912109375,-2.25830078125,10.8642578125,3.63811993598938,94.3394546508789,-2.862181663513184
-0.06103515625,0.99609375,-0.255615234375,-12.26806640625,-16.4794921875,-9.3994140625,4.05487871170044,94.18978881835938,-3.4671049118041988
-0.037841796875,1.045654296875,-0.261474609375,-21.91162109375,-25.0244140625,-21.78955078125,4.913228511810303,93.61585235595705,-4.378718852996826
-0.06103515625,1.084716796875,-0.25634765625,-29.9072265625,-30.2734375,-34.66796875,6.294759273529053,92.677978515625,-5.479486465454102
-0.04052734375,1.09228515625,-0.23583984375,-41.68701171875,-32.71484375,-39.4287109375,7.749633312225343,91.22013854980469,-6.694664001464844
-0.080810546875,1.04931640625,-0.1845703125,-47.54638671875,-35.46142578125,-31.8603515625,8.90014362335205,89.44646453857422,-8.068257331848145
-0.088134765625,0.848388671875,-0.093505859375,-42.236328125,-37.29248046875,-12.26806640625,9.240649223327637,87.77509307861328,-9.546549797058104
-0.005859375,0.799560546875,-0.078125,-4.45556640625,-23.74267578125,21.17919921875,8.016800880432129,87.75530242919922,-10.426830291748047
-0.041748046875,0.96337890625,-0.13232421875,10.31494140625,-13.7939453125,34.24072265625,6.419614791870117,88.48925018310547,-10.888846397399902
0.0068359375,1.086181640625,-0.1953125,8.1787109375,-11.90185546875,33.50830078125,4.826998710632324,89.28507995605469,-11.288850784301758
0.037109375,1.102294921875,-0.2177734375,-8.30078125,-8.1787109375,11.16943359375,4.116136074066162,89.3843994140625,-11.574092864990234
0.09423828125,1.0751953125,-0.258544921875,-19.22607421875,-1.03759765625,-12.63427734375,4.26817798614502,89.15431213378906,-11.579487800598145
0.07958984375,1.069580078125,-0.201416015625,-28.99169921875,17.333984375,-27.2216796875,5.0334296226501465,88.4906234741211,-10.866718292236328
0.013427734375,1.002685546875,-0.185302734375,-43.8232421875,26.55029296875,-16.78466796875,5.512092113494873,87.29460906982422,-9.779695510864258
-0.208984375,0.9228515625,-0.236328125,-40.58837890625,33.5693359375,-17.578125,6.5605998039245605,86.45176696777344,-8.408570289611816
-0.0517578125,0.718994140625,-0.200927734375,-47.8515625,28.1982421875,-13.00048828125,7.064656734466553,85.40618133544922,-7.224982738494872
0.09716796875,0.791015625,-0.14697265625,-21.78955078125,51.94091796875,-6.28662109375,6.934744834899902,85.36748504638672,-5.0840253829956055
-0.060546875,0.98779296875,-0.17236328125,-12.8173828125,66.2841796875,-8.11767578125,7.322670459747314,85.74368286132812,-2.376042366027832
-0.07666015625,1.03173828125,-0.144287109375,-12.3291015625,66.95556640625,3.0517578125,7.329942226409912,85.93218994140625,0.3689756393432617
-0.127197265625,0.869140625,-0.1083984375,-10.19287109375,64.88037109375,11.29150390625,7.088641166687013,86.28306579589844,3.062987327575684
-0.080322265625,0.7919921875,-0.029296875,5.2490234375,57.06787109375,18.1884765625,6.439107418060303,86.9859390258789,5.425134658813477
-0.105224609375,0.599853515625,-0.073974609375,3.5400390625,44.12841796875,0.91552734375,6.616860389709473,87.7093505859375,7.244738578796388
0.043701171875,0.88134765625,-0.087158203125,7.26318359375,32.65380859375,-7.568359375,6.585634231567383,88.4517593383789,8.583536148071289
-0.05078125,1.024169921875,-0.140380859375,6.77490234375,34.85107421875,-3.90625,6.616988182067871,89.24176025390625,10.024658203125
-0.120849609375,1.060546875,-0.175048828125,1.5869140625,26.2451171875,-8.11767578125,6.940372943878174,89.81684875488281,11.124979019165039
-0.12451171875,1.1318359375,-0.228759765625,-9.09423828125,14.22119140625,-14.70947265625,7.4990577697753915,89.9703598022461,11.753332138061525
-0.010498046875,1.134521484375,-0.267578125,-13.97705078125,8.97216796875,-22.52197265625,8.12598705291748,89.97559356689453,12.186595916748047
-0.105224609375,0.98388671875,-0.1845703125,-32.8369140625,18.798828125,-30.82275390625,8.721315383911133,89.58751678466797,13.066017150878904
0.204345703125,1.06982421875,-0.205322265625,-20.751953125,47.42431640625,-15.31982421875,8.592286109924316,89.47615051269531,15.050409317016602
0.088134765625,1.044921875,-0.242431640625,-10.009765625,66.22314453125,0.54931640625,8.058183670043945,89.989990234375,17.805389404296875
-0.044921875,1.1025390625,-0.15576171875,-0.48828125,75.98876953125,19.04296875,7.044768333435059,90.68101501464844,20.906150817871094
-0.029296875,1.023193359375,-0.1162109375,-0.06103515625,69.091796875,50.78125,4.752676010131836,91.17784881591795,23.66933822631836
-0.050537109375,1.044189453125,-0.153564453125,2.62451171875,59.4482421875,53.77197265625,2.463512659072876,91.70046997070312,26.011215209960934
-0.099853515625,1.116455078125,-0.2080078125,-12.6953125,44.61669921875,40.83251953125,0.8822637796401978,91.5785675048828,27.757137298583984
-0.0283203125,1.2578125,-0.325439453125,-56.94580078125,34.48486328125,22.8271484375,-0.033362649381160736,89.80606842041016,29.12936019897461
-0.227783203125,0.78076171875,-0.06640625,-83.49609375,21.484375,19.71435546875,-0.1599794328212738,86.64399719238281,29.98996734619141
-0.06005859375,0.82421875,0.016357421875,-24.2919921875,10.68115234375,64.02587890625,-2.2540283203125,85.8581314086914,30.570281982421875
-0.02392578125,0.76806640625,0.015380859375,4.57763671875,-2.25830078125,25.390625,-3.1096990108489986,86.14595794677734,30.54327392578125
0.13671875,0.783447265625,-0.02880859375,23.74267578125,3.84521484375,14.2822265625,-3.938308000564575,87.30242919921875,30.71420288085937
0.171630859375,0.86083984375,-0.0517578125,25.08544921875,20.20263671875,16.54052734375,-4.860077857971191,88.4664306640625,31.52893447875977
-0.21728515625,0.923095703125,-0.175048828125,6.77490234375,20.01953125,-0.30517578125,-4.139478683471681,89.13306427001953,32.294509887695305
-0.035400390625,0.998046875,-0.112548828125,0.48828125,1.5869140625,-16.54052734375,-3.2363979816436768,89.42398071289062,32.331897735595696
-0.0341796875,1.08349609375,-0.08349609375,-19.47021484375,-4.5166015625,-25.93994140625,-2.004739761352539,88.83734130859375,32.126758575439446
0.013671875,0.9384765625,-0.09375,-47.8515625,-13.36669921875,-24.0478515625,-1.0170825719833374,87.19629669189453,31.55233383178711
-0.0380859375,0.88330078125,-0.08837890625,-44.12841796875,-25.634765625,-29.60205078125,0.23903416097164154,85.76156616210938,30.452163696289066
0.4130859375,0.907958984375,-0.04931640625,-30.45654296875,-86.73095703125,-34.7900390625,0.7519926428794861,84.56224822998047,26.89126205444336
0.704833984375,1.29150390625,-0.034423828125,-28.9306640625,-28.86962890625,-40.4052734375,1.1251585483551023,83.61366271972656,25.597156524658203
0.26513671875,0.912353515625,-0.290771484375,-27.9541015625,25.390625,-21.8505859375,1.4565504789352417,83.39875793457031,26.531719207763672
0.241943359375,1.010498046875,-0.235107421875,9.94873046875,56.82373046875,6.4697265625,0.8595886826515198,84.57804870605469,28.834007263183594
0.243896484375,1.201416015625,-0.368896484375,55.11474609375,92.46826171875,83.0078125,-2.66394567489624,87.56095123291016,32.73912811279297
0.339111328125,1.584228515625,-0.5712890625,13.36669921875,110.77880859375,45.166015625,-4.683615684509277,88.64156341552734,37.18701171875
0.39013671875,1.513427734375,-0.5244140625,-45.7763671875,90.75927734375,-7.9345703125,-4.617959499359131,87.27826690673828,40.759124755859375
0.43115234375,1.223388671875,-0.44775390625,-104.43115234375,86.24267578125,-58.4716796875,-2.589528083801269,83.72406005859375,43.97948455810547
0.454833984375,1.0009765625,-0.267333984375,-112.3046875,99.54833984375,-66.58935546875,-0.2359341084957123,79.88977813720703,47.54600143432617
0.43359375,0.791748046875,-0.134521484375,-92.10205078125,133.9111328125,-45.10498046875,1.5262292623519895,76.88544464111328,52.46282577514648
0.1728515625,0.602783203125,0.015869140625,-36.7431640625,166.19873046875,7.32421875,2.0884325504302983,76.05013275146484,59.01339721679688
-0.02978515625,0.53857421875,0.08154296875,2.25830078125,162.53662109375,37.2314453125,2.1981856822967534,76.58776092529297,65.68730926513672
-0.232177734375,0.65771484375,0.032958984375,30.1513671875,154.96826171875,51.513671875,2.182262659072876,78.42196655273438,72.2031478881836
-0.298583984375,0.83056640625,-0.00634765625,30.1513671875,130.126953125,62.68310546875,1.3571314811706543,80.23312377929688,77.80018615722656
0.0498046875,0.818115234375,-0.05419921875,-3.11279296875,98.0224609375,-15.31982421875,-0.09212668985128404,81.74364471435547,95.6115264892578
0.044677734375,1.014892578125,-0.141845703125,-11.8408203125,103.02734375,-17.2119140625,1.0313127040863037,81.93460083007812,99.59490966796876
-0.00732421875,0.98095703125,-0.150390625,-42.724609375,118.71337890625,-14.58740234375,2.2704732418060303,81.0029525756836,104.21945190429688
-0.093017578125,0.86962890625,-0.060791015625,-54.01611328125,132.38525390625,-15.31982421875,3.897061824798584,79.61552429199219,109.36144256591795
-0.15478515625,0.803466796875,0.02490234375,-46.38671875,136.77978515625,-18.98193359375,5.933765411376952,78.53288269042969,114.6282958984375
-0.2685546875,0.78955078125,0.103759765625,-21.3623046875,129.82177734375,-34.24072265625,8.786545753479004,78.43868255615234,119.4991683959961
-0.218017578125,0.966796875,0.06884765625,-10.009765625,103.94287109375,-47.36328125,11.59113883972168,78.9857406616211,123.3151397705078
-0.245849609375,0.973388671875,0.033447265625,-16.78466796875,78.4912109375,-73.42529296875,15.151022911071776,79.25920867919922,125.9944305419922
-0.2900390625,0.93701171875,0.1513671875,-15.44189453125,45.654296875,-66.34521484375,18.15536880493164,79.0767593383789,127.36839294433594
-0.280517578125,0.78125,0.10888671875,11.71875,33.14208984375,-39.1845703125,19.98084259033203,80.00120544433594,128.48587036132812
-0.18603515625,1.064208984375,-0.0048828125,39.97802734375,27.52685546875,-14.83154296875,20.232892990112305,82.44092559814453,129.70600891113278
-0.080322265625,1.14892578125,-0.02880859375,42.1142578125,28.564453125,-3.41796875,19.85809326171875,84.89324951171875,131.01368713378906
-0.138427734375,1.0654296875,0.048828125,25.2685546875,30.76171875,6.9580078125,19.17630958557129,86.43338012695312,132.36190795898438
-0.127197265625,1.0478515625,0.03076171875,16.7236328125,25.7568359375,11.1083984375,18.299097061157227,87.52165222167969,133.48922729492188
-0.1064453125,1.0966796875,0.005615234375,-0.30517578125,15.7470703125,-7.14111328125,18.10239028930664,87.78829956054688,134.16487121582028
-0.142578125,1.032958984375,0.05712890625,-11.71875,12.20703125,-13.73291015625,18.260446548461914,87.41765594482422,134.64175415039062
-0.128173828125,0.93701171875,0.090576171875,-6.89697265625,7.8125,-11.962890625,18.334228515625,87.10010528564453,134.90740966796878
-0.1103515625,0.760498046875,0.10595703125,6.65283203125,3.96728515625,-3.173828125,18.06772994995117,87.19194793701172,134.99821472167972
-0.165283203125,0.59521484375,0.17236328125,27.9541015625,-6.34765625,-2.62451171875,18.05471992492676,87.67459869384766,134.55519104003906
-0.18212890625,0.60791015625,0.07421875,53.466796875,-23.86474609375,-4.638671875,18.043460845947266,89.51339721679688,133.54939270019528
0.135498046875,7.93310546875,-0.0712890625,1.40380859375,90.27099609375,23.49853515625,16.344282150268555,90.7142562866211,137.3255615234375
-0.363525390625,0.560791015625,-0.368408203125,-110.41259765625,14.58740234375,3.47900390625,16.78212547302246,87.58264923095703,138.232177734375
0.0732421875,3.280029296875,0.031982421875,-46.08154296875,62.68310546875,60.60791015625,13.783915519714355,86.52354431152344,140.9745635986328
-0.150634765625,2.15771484375,-0.5634765625,0.732421875,15.07568359375,-17.7001953125,14.149433135986328,87.4081802368164,141.72840881347656
-0.0302734375,0.884521484375,0.117431640625,-19.47021484375,-5.79833984375,1.03759765625,10.237070083618164,84.50191497802734,138.35932922363278
-0.045654296875,0.92138671875,0.06640625,-1.708984375,-4.2724609375,2.3193359375,9.834418296813963,84.44508361816406,138.20353698730472
0.097412109375,1.0322265625,-0.031982421875,-10.31494140625,-4.5166015625,2.685546875,9.115246772766113,84.28330993652344,138.08213806152344
