0.183349609375,0.939208984375,0.021484375,2.5634765625,48.40087890625,-3.7841796875,-2.1100730895996094,80.29854583740234,-82.37024688720703
-0.22509765625,1.005615234375,0.542236328125,-9.94873046875,43.64013671875,-18.73779296875,-0.552501916885376,79.13517761230469,-80.76293182373047
-0.1318359375,1.020751953125,-0.155517578125,-18.49365234375,-0.9765625,-4.82177734375,-0.05938905477523804,78.73341369628906,-81.2815933227539
0.1044921875,1.070556640625,-0.0283203125,-37.353515625,-5.126953125,-21.17919921875,0.508072555065155,77.72643280029297,-81.650390625
0.056884765625,1.2412109375,-0.07470703125,-52.8564453125,-15.2587890625,-13.36669921875,0.7691879868507385,76.20769500732422,-82.35688781738281
0.2080078125,1.390625,-0.038330078125,-62.5,-30.517578125,6.2255859375,-0.3022409677505493,74.37232208251953,-83.44306182861328
0.0283203125,1.44287109375,-0.06005859375,-62.07275390625,-35.7666015625,30.82275390625,-1.9151163101196291,72.60205841064453,-84.47241973876953
-0.16357421875,1.51318359375,-0.033203125,-56.7626953125,-39.0625,36.376953125,-3.4592800140380864,71.0936050415039,-85.53987121582031
-0.28173828125,1.530517578125,0.015380859375,-52.06298828125,-42.05322265625,23.86474609375,-4.1536149978637695,69.77977752685547,-87.00596618652344
-0.247802734375,1.544677734375,0.00390625,-50.78125,-36.43798828125,-6.65283203125,-3.905646562576294,68.61395263671875,-88.52948760986328
-0.166015625,1.548095703125,-0.0419921875,-48.095703125,-37.59765625,-21.1181640625,-3.293694257736206,67.67085266113281,-90.30623626708984
-0.05712890625,1.55908203125,-0.021484375,-41.259765625,-45.0439453125,-19.8974609375,-3.2357490062713623,67.10438537597656,-92.41007232666016
0.01123046875,1.526611328125,0.0634765625,-32.71484375,-56.09130859375,-7.4462890625,-3.72891616821289,66.71587371826172,-94.64169311523438
0.048583984375,1.52734375,0.11376953125,-29.47998046875,-51.513671875,-4.94384765625,-4.290464401245116,66.40611267089844,-96.66560363769531
-0.019287109375,1.47509765625,0.173095703125,-28.01513671875,-36.92626953125,-10.6201171875,-4.06884765625,65.94007873535156,-98.17273712158205
-0.16015625,1.285888671875,0.198486328125,-28.4423828125,-34.3017578125,-21.91162109375,-3.398546934127808,65.49242401123047,-99.83106994628906
-0.076904296875,1.249755859375,0.118896484375,-29.9072265625,-38.2080078125,-29.96826171875,-2.677485466003418,65.12789916992189,-101.76663208007812
-0.007080078125,1.162109375,0.124267578125,-22.8271484375,-37.59765625,-31.005859375,-2.195640087127685,65.14240264892578,-103.69622802734376
0.023681640625,1.108642578125,0.1630859375,-11.65771484375,-37.2314453125,-25.32958984375,-1.8583234548568728,65.3729248046875,-105.49732208251952
0.00390625,1.103515625,0.224609375,-11.77978515625,-34.5458984375,-21.240234375,-1.592103123664856,65.45452117919922,-107.12393951416016
-0.066650390625,1.074951171875,0.242919921875,-20.99609375,-38.6962890625,-17.333984375,-1.4711799621582031,65.00057983398439,-108.98491668701172
-0.043212890625,1.00927734375,0.239990234375,-36.43798828125,-53.40576171875,-13.61083984375,-1.7386106252670288,64.05072021484375,-111.16265106201172
-0.01708984375,0.943603515625,0.25927734375,-47.4853515625,-56.7626953125,-7.9345703125,-2.3570311069488525,62.63628387451172,-113.35135650634766
-0.001708984375,0.854736328125,0.28173828125,-57.0068359375,-57.43408203125,-0.67138671875,-3.447622060775757,60.66980361938477,-115.39620971679688
0.007080078125,0.76904296875,0.284912109375,-68.54248046875,-55.7861328125,4.39453125,-4.604910850524902,58.40576171875,-117.2615966796875
-0.02001953125,0.658447265625,0.277099609375,-72.6318359375,-54.01611328125,4.45556640625,-5.6714725494384775,55.99676132202149,-119.02434539794922
-0.016357421875,0.6123046875,0.319580078125,-74.03564453125,-52.55126953125,2.01416015625,-6.592991828918457,53.42168807983398,-120.72062683105469
-0.029296875,0.55126953125,0.325439453125,-75.1953125,-48.7060546875,-0.3662109375,-7.406447887420653,50.83947372436523,-122.31747436523438
-0.004638671875,0.51416015625,0.363525390625,-75.439453125,-44.3115234375,0.1220703125,-8.244221687316895,48.15909194946289,-123.7041473388672
0.005126953125,0.556884765625,0.404541015625,-75.3173828125,-35.70556640625,1.89208984375,-8.902212142944336,45.37382888793945,-124.66632843017578
-0.060302734375,0.546142578125,0.487548828125,-83.8623046875,-40.8935546875,9.33837890625,-9.798681259155273,42.277198791503906,-125.57653045654295
-0.023193359375,0.559326171875,0.492431640625,-93.93310546875,-51.08642578125,13.48876953125,-11.23777961730957,38.94971084594727,-126.57341003417969
0.028564453125,0.5732421875,0.512451171875,-104.248046875,-48.7060546875,16.05224609375,-12.735904693603516,35.22816467285156,-127.2265167236328
0.01611328125,0.584228515625,0.515869140625,-112.79296875,-32.16552734375,18.61572265625,-13.774720191955565,31.28259086608887,-127.44849395751952
-0.032470703125,0.60009765625,0.521728515625,-122.00927734375,-33.935546875,23.98681640625,-14.821069717407227,27.08353042602539,-127.46304321289062
-0.021240234375,0.603271484375,0.529296875,-132.14111328125,-43.212890625,31.43310546875,-16.391159057617188,22.518051147460934,-127.25559997558594
-0.032470703125,0.534912109375,0.5498046875,-134.58251953125,-52.30712890625,37.9638671875,-18.189611434936523,17.81614112854004,-126.80030822753906
0.104736328125,0.44873046875,0.559326171875,-130.859375,-49.560546875,37.53662109375,-20.154216766357425,13.131877899169922,-126.11225128173828
0.16650390625,0.488037109375,0.5947265625,-120.1171875,-32.3486328125,36.865234375,-21.2415771484375,9.103564262390137,-125.15648651123048
0.09716796875,0.55224609375,0.600341796875,-106.62841796875,-17.02880859375,42.8466796875,-21.712665557861328,5.557932376861572,-123.925537109375
0.007568359375,0.552978515625,0.638427734375,-100.40283203125,-22.0947265625,47.607421875,-22.065391540527344,2.237266540527344,-122.49112701416016
0.023681640625,0.53076171875,0.694091796875,-95.15380859375,-31.73828125,46.2646484375,-22.72204780578613,-0.809971034526825,-121.12863159179688
0.12744140625,0.496826171875,0.722412109375,-87.46337890625,-31.18896484375,39.794921875,-23.503864288330078,-3.5786497592926025,-119.9079360961914
0.1650390625,0.50830078125,0.7529296875,-78.30810546875,-17.2119140625,33.203125,-23.75111389160156,-5.811955451965332,-119.00733184814452
0.158203125,0.55712890625,0.760009765625,-69.580078125,-8.30078125,28.38134765625,-23.56335830688477,-7.323944568634032,-118.42196655273438
0.144775390625,0.56787109375,0.802734375,-60.302734375,-2.01416015625,25.390625,-23.14817237854004,-8.510252952575684,-117.98566436767578
0.1123046875,0.54931640625,0.849365234375,-58.41064453125,-0.30517578125,21.42333984375,-22.59271049499512,-9.574677467346193,-117.7120590209961
0.142578125,0.518798828125,0.855224609375,-59.50927734375,-4.08935546875,19.4091796875,-22.34009552001953,-10.70722770690918,-117.44416046142578
0.210693359375,0.54345703125,0.86572265625,-57.9833984375,-5.31005859375,19.6533203125,-22.20014953613281,-11.715317726135256,-117.19525909423828
0.15869140625,0.589599609375,0.92333984375,-61.09619140625,-1.46484375,21.30126953125,-21.77203369140625,-12.796799659729006,-116.93293762207031
0.188232421875,0.546630859375,0.9599609375,-68.603515625,-0.8544921875,20.751953125,-21.28404998779297,-14.26356029510498,-116.72869873046876
0.15087890625,0.54833984375,0.952880859375,-77.69775390625,2.0751953125,19.775390625,-20.70557403564453,-15.96192455291748,-116.554931640625
0.2060546875,0.5244140625,0.907470703125,-79.65087890625,-7.6904296875,26.42822265625,-20.560081481933594,-17.835651397705078,-115.9927749633789
0.238037109375,0.502197265625,0.8759765625,-77.5146484375,-9.6435546875,31.67724609375,-20.38116836547852,-19.625431060791016,-115.1850128173828
0.195556640625,0.48486328125,0.944580078125,-73.73046875,-1.28173828125,31.67724609375,-19.84507751464844,-21.268125534057614,-114.51464080810548
0.16552734375,0.460205078125,0.969482421875,-75.68359375,6.04248046875,26.91650390625,-19.025686264038086,-22.86964607238769,-114.15081787109376
0.1630859375,0.427978515625,0.927978515625,-75.86669921875,4.21142578125,23.0712890625,-18.48316192626953,-24.52913856506348,-113.83074951171876
0.221435546875,0.390869140625,0.917724609375,-75.3173828125,-2.99072265625,26.2451171875,-18.139537811279297,-26.13554763793945,-113.3305892944336
0.227294921875,0.379150390625,0.970703125,-73.18115234375,2.74658203125,30.57861328125,-17.486347198486328,-27.66576957702637,-112.7792510986328
0.16650390625,0.30859375,0.9912109375,-77.1484375,1.46484375,33.02001953125,-16.67661476135254,-29.527027130126953,-112.04513549804688
0.181884765625,0.223388671875,0.917724609375,-80.50537109375,-3.35693359375,34.60693359375,-16.039649963378903,-31.51230812072754,-111.19496154785156
0.220703125,0.21826171875,0.882568359375,-76.171875,-4.82177734375,35.888671875,-15.524496078491213,-33.283287048339844,-110.28470611572266
0.24365234375,0.265869140625,0.875244140625,-67.56591796875,-5.18798828125,36.865234375,-14.95779800415039,-34.468135833740234,-109.42256927490234
0.17919921875,0.287109375,0.930908203125,-60.60791015625,3.72314453125,34.97314453125,-14.077237129211426,-35.34904479980469,-108.7988510131836
0.1318359375,0.236083984375,0.94921875,-59.9365234375,7.080078125,30.1513671875,-13.083422660827635,-36.17659378051758,-108.39631652832031
0.14404296875,0.192626953125,0.927001953125,-58.2275390625,4.69970703125,26.2451171875,-12.35661506652832,-36.959022521972656,-108.01421356201172
0.199462890625,0.175537109375,0.947021484375,-55.35888671875,-0.9765625,26.9775390625,-11.862587928771973,-37.67644882202149,-107.47566986083984
0.176025390625,0.146728515625,0.955078125,-55.17578125,-5.79833984375,30.82275390625,-11.367192268371582,-38.44977188110352,-106.68299865722656
0.173828125,0.135498046875,0.968017578125,-53.28369140625,-5.126953125,31.3720703125,-10.807199478149414,-39.12775039672852,-105.94851684570312
0.12939453125,0.106689453125,0.98583984375,-49.4384765625,3.11279296875,25.146484375,-10.065797805786133,-39.59591293334961,-105.54845428466795
0.119873046875,0.088134765625,0.98486328125,-48.64501953125,-0.3662109375,22.64404296875,-9.486547470092773,-40.043304443359375,-105.11891174316406
0.11962890625,0.048095703125,0.96826171875,-47.8515625,-5.43212890625,21.728515625,-9.221302032470703,-40.4712028503418,-104.53266143798828
0.15478515625,0.07861328125,0.963134765625,-43.27392578125,-9.46044921875,19.71435546875,-9.094850540161133,-40.7184944152832,-103.93827056884766
0.18505859375,0.071533203125,0.979736328125,-42.90771484375,-9.1552734375,18.85986328125,-9.041988372802734,-40.95901489257813,-103.37342834472656
0.143798828125,0.05078125,0.98193359375,-42.54150390625,-5.4931640625,17.4560546875,-8.830270767211914,-41.161705017089844,-102.96055603027344
0.15966796875,0.02001953125,0.963623046875,-39.85595703125,-5.31005859375,16.05224609375,-8.677896499633789,-41.31452560424805,-102.56838989257812
0.172119140625,0.004638671875,0.9697265625,-34.85107421875,-3.35693359375,13.00048828125,-8.573997497558594,-41.27019119262695,-102.31385040283205
0.1875,-0.00048828125,0.967529296875,-31.25,-4.21142578125,11.41357421875,-8.566882133483888,-41.06694412231445,-102.0857162475586
0.1708984375,-0.00537109375,0.990234375,-28.74755859375,-5.126953125,10.7421875,-8.56730842590332,-40.798866271972656,-101.84536743164062
0.164306640625,-0.010498046875,0.962158203125,-27.83203125,-5.43212890625,9.82666015625,-8.596729278564451,-40.50878143310547,-101.62176513671876
0.177734375,-0.023193359375,0.97119140625,-25.634765625,-7.568359375,8.23974609375,-8.81304931640625,-40.10523223876953,-101.40985870361328
0.18017578125,0.001220703125,1.020263671875,-24.35302734375,-1.89208984375,7.50732421875,-8.80481243133545,-39.65206527709961,-101.35546875
0.163330078125,-0.029541015625,1.030517578125,-28.25927734375,-3.0517578125,5.9814453125,-8.825258255004883,-39.4140739440918,-101.30762481689452
0.17138671875,-0.06201171875,0.96240234375,-28.38134765625,-6.40869140625,5.37109375,-9.060665130615234,-39.24747085571289,-101.1391143798828
0.18798828125,-0.033935546875,0.951904296875,-23.5595703125,-10.25390625,6.2255859375,-9.373149871826172,-38.889427185058594,-100.89958953857422
0.2158203125,-0.03857421875,0.97998046875,-19.47021484375,-7.6904296875,5.31005859375,-9.668718338012695,-38.37747192382813,-100.75917053222656
0.192626953125,-0.023193359375,0.983154296875,-18.49365234375,-3.11279296875,3.60107421875,-9.799861907958984,-37.77931213378906,-100.83688354492188
0.187744140625,-0.04150390625,1.013427734375,-21.8505859375,-4.21142578125,2.38037109375,-9.969930648803713,-37.36006164550781,-100.88335418701172
0.20458984375,-0.064453125,1.010498046875,-22.4609375,-7.4462890625,3.23486328125,-10.24790859222412,-37.04375076293945,-100.8165054321289
0.232421875,-0.090576171875,0.992431640625,-22.76611328125,-8.6669921875,3.0517578125,-10.620044708251953,-36.784080505371094,-100.70629119873048
0.228515625,-0.07177734375,0.990478515625,-20.1416015625,-7.14111328125,4.39453125,-10.89789867401123,-36.42428588867188,-100.61705017089844
0.202392578125,-0.0654296875,1.017333984375,-18.9208984375,-4.21142578125,4.21142578125,-11.011038780212402,-35.989444732666016,-100.61317443847656
0.21484375,-0.083740234375,1.04296875,-20.8740234375,-5.67626953125,4.94384765625,-11.272570610046387,-35.61842346191406,-100.53463745117188
0.256591796875,-0.051513671875,1.000244140625,-21.17919921875,-4.150390625,7.14111328125,-11.429543495178224,-35.31038284301758,-100.4403839111328
0.228271484375,-0.1044921875,1.013427734375,-20.8740234375,-3.5400390625,8.6669921875,-11.446638107299805,-35.09811019897461,-100.29226684570312
0.214599609375,-0.091552734375,1.02294921875,-20.751953125,-2.86865234375,9.033203125,-11.42238712310791,-34.879661560058594,-100.1451644897461
0.18359375,-0.07275390625,1.025146484375,-21.1181640625,-0.79345703125,8.97216796875,-11.252665519714355,-34.608821868896484,-100.061279296875
0.20166015625,-0.097900390625,1.0244140625,-23.62060546875,-4.57763671875,9.8876953125,-11.224793434143066,-34.52170944213867,-99.84298706054688
0.205078125,-0.105224609375,1.010986328125,-23.5595703125,-2.685546875,9.21630859375,-11.189048767089844,-34.41586685180664,-99.70997619628906
0.184326171875,-0.118408203125,0.969970703125,-22.88818359375,-0.732421875,8.544921875,-11.046687126159668,-34.33245086669922,-99.61255645751952
0.154296875,-0.1357421875,0.961181640625,-21.1181640625,-2.44140625,7.14111328125,-10.928665161132812,-34.212703704833984,-99.51302337646484
0.18017578125,-0.14404296875,0.93896484375,-18.37158203125,-5.9814453125,5.859375,-11.05976104736328,-33.998241424560554,-99.3459930419922
0.21923828125,-0.13623046875,0.951171875,-11.23046875,-7.62939453125,4.638671875,-11.31963348388672,-33.51964569091797,-99.20795440673828
0.200927734375,-0.111083984375,0.972412109375,-9.33837890625,-5.37109375,5.67626953125,-11.429661750793455,-32.917449951171875,-99.09970092773438
0.172607421875,-0.111083984375,0.989501953125,-8.30078125,-4.150390625,5.31005859375,-11.467328071594238,-32.33036422729492,-99.03569793701172
0.178955078125,-0.1318359375,0.976806640625,-9.033203125,-4.94384765625,3.23486328125,-11.556188583374025,-31.777254104614254,-99.00843048095705
0.185791015625,-0.146484375,0.983154296875,-7.8125,-6.4697265625,2.0751953125,-11.72734546661377,-31.223018646240234,-98.98135375976562
0.21728515625,-0.12744140625,0.986328125,-6.9580078125,-7.9345703125,2.0751953125,-11.99666976928711,-30.629474639892575,-98.92616271972656
0.219482421875,-0.09765625,1.021240234375,-6.04248046875,-2.9296875,2.01416015625,-12.100112915039062,-29.92508125305176,-98.99889373779295
0.19384765625,-0.1064453125,1.04150390625,-8.23974609375,-2.9296875,2.0751953125,-12.134017944335938,-29.342273712158203,-99.06427764892578
0.209228515625,-0.132080078125,1.024169921875,-11.3525390625,-3.11279296875,1.64794921875,-12.2218017578125,-28.95713996887207,-99.13050842285156
0.22021484375,-0.1494140625,0.991943359375,-11.41357421875,-4.8828125,2.50244140625,-12.376616477966307,-28.654300689697266,-99.11476135253906
0.2294921875,-0.129638671875,0.984130859375,-8.48388671875,-5.126953125,3.96728515625,-12.534578323364258,-28.221149444580078,-99.05015563964844
0.20166015625,-0.117919921875,1.0029296875,-7.8125,-3.60107421875,5.37109375,-12.523604393005373,-27.70265388488769,-98.9876480102539
0.19873046875,-0.13232421875,1.03662109375,-5.92041015625,-2.62451171875,3.84521484375,-12.5028657913208,-27.17542839050293,-98.97401428222656
0.193115234375,-0.12939453125,1.035400390625,-7.9345703125,-3.41796875,2.38037109375,-12.527070999145508,-26.733572006225586,-98.9959945678711
0.1884765625,-0.11328125,1.015625,-9.27734375,-4.21142578125,2.50244140625,-12.616691589355467,-26.388805389404297,-98.9786148071289
0.188720703125,-0.137451171875,1.024169921875,-12.14599609375,-5.126953125,4.82177734375,-12.647404670715332,-26.1901798248291,-98.8715362548828
0.21240234375,-0.141845703125,1.008056640625,-10.55908203125,-3.7841796875,3.96728515625,-12.700064659118652,-25.94106483459473,-98.81558990478516
0.189697265625,-0.14453125,1.000244140625,-10.19287109375,-2.86865234375,3.662109375,-12.710027694702148,-25.6202449798584,-98.78887176513672
0.189453125,-0.113037109375,1.010986328125,-8.36181640625,-3.35693359375,4.150390625,-12.698034286499025,-25.24041557312012,-98.74449920654295
0.185302734375,-0.120849609375,1.023193359375,-9.1552734375,-4.2724609375,3.90625,-12.708977699279785,-24.920549392700195,-98.68738555908205
0.19580078125,-0.111572265625,1.026611328125,-11.23046875,-4.82177734375,2.99072265625,-12.798446655273438,-24.691022872924805,-98.64974212646484
0.198974609375,-0.137451171875,0.995361328125,-11.53564453125,-4.2724609375,3.47900390625,-12.84997272491455,-24.528919219970703,-98.59587860107422
0.19287109375,-0.15234375,0.99609375,-10.986328125,-5.126953125,4.45556640625,-12.898019790649414,-24.39353179931641,-98.48343658447266
0.19970703125,-0.13671875,0.999755859375,-10.80322265625,-6.28662109375,4.638671875,-12.96117115020752,-24.161474227905273,-98.37183380126952
0.20556640625,-0.12939453125,0.996337890625,-8.4228515625,-5.43212890625,4.45556640625,-13.048770904541016,-23.89129638671875,-98.26398468017578
0.20166015625,-0.123779296875,1.0224609375,-6.103515625,-3.60107421875,3.662109375,-13.061675071716307,-23.50499725341797,-98.22013854980469
0.18994140625,-0.114990234375,1.01318359375,-8.30078125,-3.60107421875,4.08935546875,-13.008054733276367,-23.245553970336914,-98.16294860839844
0.16845703125,-0.1220703125,1.01708984375,-10.92529296875,-4.7607421875,3.84521484375,-12.994028091430664,-23.07625961303711,-98.08921813964844
0.2001953125,-0.137939453125,1.029541015625,-10.55908203125,-4.8828125,1.46484375,-13.082477569580078,-22.91216087341309,-98.09480285644531
0.2021484375,-0.14404296875,1.017333984375,-9.82666015625,-3.5400390625,0.3662109375,-13.160858154296875,-22.77207374572754,-98.14288330078124
0.200927734375,-0.13720703125,0.994384765625,-9.3994140625,-3.90625,2.44140625,-13.20763874053955,-22.5881290435791,-98.12466430664062
0.185546875,-0.11083984375,1.0107421875,-9.3994140625,-3.72314453125,3.11279296875,-13.200889587402346,-22.35280418395996,-98.09760284423828
0.174072265625,-0.1123046875,1.03466796875,-9.033203125,-3.84521484375,1.28173828125,-13.213623046875,-22.10348320007324,-98.1781997680664
0.201416015625,-0.1328125,1.000732421875,-10.3759765625,-3.96728515625,-1.64794921875,-13.321406364440918,-21.937021255493164,-98.31326293945312
0.21484375,-0.130859375,0.992431640625,-11.65771484375,-4.39453125,0.18310546875,-13.44611930847168,-21.84536361694336,-98.37207794189452
0.21826171875,-0.14794921875,0.991455078125,-10.8642578125,-5.06591796875,3.2958984375,-13.481026649475098,-21.74168968200684,-98.28707122802734
0.2177734375,-0.1474609375,0.996826171875,-9.521484375,-3.7841796875,4.45556640625,-13.514898300170898,-21.64310646057129,-98.18408966064452
0.188232421875,-0.130126953125,1.01220703125,-9.033203125,-3.41796875,3.2958984375,-13.484613418579102,-21.47162437438965,-98.1411590576172
0.18115234375,-0.13232421875,1.0048828125,-8.60595703125,-4.0283203125,2.0751953125,-13.504732131958008,-21.333255767822266,-98.14300537109376
0.19921875,-0.1484375,1.00390625,-9.46044921875,-5.43212890625,1.15966796875,-13.604418754577635,-21.22210693359375,-98.13906860351562
0.215576171875,-0.14599609375,1.006103515625,-9.1552734375,-4.39453125,1.953125,-13.684743881225586,-21.102121353149414,-98.12152099609376
0.211669921875,-0.150390625,1.022705078125,-9.82666015625,-4.57763671875,3.0517578125,-13.700887680053713,-20.9639892578125,-98.054443359375
0.2021484375,-0.137939453125,1.019775390625,-9.521484375,-4.0283203125,4.5166015625,-13.694543838500975,-20.86748504638672,-97.9482650756836
0.1796875,-0.142333984375,0.982421875,-9.3994140625,-4.45556640625,2.86865234375,-13.693256378173828,-20.776514053344727,-97.89350128173828
0.18603515625,-0.14697265625,1.004638671875,-8.7890625,-4.5166015625,0.67138671875,-13.79184341430664,-20.67124938964844,-97.88414001464844
0.2021484375,-0.157470703125,1.003173828125,-7.50732421875,-5.859375,0.67138671875,-13.908249855041506,-20.5248966217041,-97.88648986816406
0.230712890625,-0.145263671875,0.99267578125,-5.31005859375,-3.35693359375,2.38037109375,-13.970855712890625,-20.283565521240234,-97.86421966552734
0.190673828125,-0.166259765625,1.0361328125,-7.568359375,-2.86865234375,3.72314453125,-13.846787452697756,-20.156787872314453,-97.78651428222656
0.17578125,-0.15966796875,0.995361328125,-8.85009765625,-5.37109375,3.72314453125,-13.846484184265135,-20.116161346435547,-97.6737060546875
0.186279296875,-0.152587890625,1.021484375,-9.21630859375,-5.31005859375,2.25830078125,-13.878305435180664,-20.053857803344727,-97.62399291992188
0.205322265625,-0.136962890625,0.988525390625,-6.9580078125,-5.2490234375,1.8310546875,-13.98055362701416,-19.869464874267575,-97.59837341308594
0.21337890625,-0.1318359375,1.032958984375,-6.77490234375,-4.638671875,1.52587890625,-14.048080444335938,-19.664535522460934,-97.59724426269531
0.204833984375,-0.14013671875,1.017578125,-8.11767578125,-3.173828125,2.5634765625,-14.031024932861328,-19.547733306884766,-97.56991577148438
0.19970703125,-0.145751953125,1.010009765625,-8.7890625,-1.8310546875,3.60107421875,-13.949917793273926,-19.50257873535156,-97.5023956298828
0.189208984375,-0.16455078125,0.9970703125,-9.765625,-5.31005859375,3.47900390625,-13.975455284118652,-19.532814025878906,-97.39344024658205
0.185791015625,-0.1572265625,0.98828125,-8.6669921875,-5.126953125,2.197265625,-14.007410049438475,-19.49238395690918,-97.34038543701172
0.210693359375,-0.11572265625,0.98974609375,-6.7138671875,-2.5634765625,1.52587890625,-13.970324516296387,-19.281661987304688,-97.36334228515624
0.179931640625,-0.128662109375,1.010498046875,-7.75146484375,-1.953125,0.91552734375,-13.88365077972412,-19.120988845825195,-97.4189453125
0.190673828125,-0.137939453125,1.009033203125,-9.46044921875,-4.8828125,0.79345703125,-13.934317588806152,-19.06470489501953,-97.43248748779295
0.220458984375,-0.154296875,1.00390625,-9.8876953125,-6.16455078125,1.220703125,-14.095108032226562,-19.00815200805664,-97.40119934082031
0.2265625,-0.14599609375,1.021240234375,-9.70458984375,-4.8828125,2.86865234375,-14.18019962310791,-19.00212860107422,-97.33075714111328
0.19921875,-0.14599609375,1.017333984375,-11.5966796875,-5.67626953125,4.5166015625,-14.214279174804688,-19.089317321777344,-97.18603515625
0.19970703125,-0.14404296875,1.027587890625,-12.75634765625,-4.33349609375,3.96728515625,-14.144264221191404,-19.191387176513672,-97.09368896484376
0.205078125,-0.15673828125,0.992919921875,-11.8408203125,-4.2724609375,3.2958984375,-14.163315773010256,-19.297178268432614,-97.00867462158205
0.195556640625,-0.152587890625,1.0048828125,-11.1083984375,-5.2490234375,4.0283203125,-14.183802604675293,-19.36564826965332,-96.88623046875
0.201416015625,-0.14892578125,1.037109375,-10.986328125,-5.92041015625,4.5166015625,-14.206664085388185,-19.42076110839844,-96.73902893066406
0.200927734375,-0.169677734375,1.0185546875,-10.8642578125,-4.82177734375,4.39453125,-14.207540512084961,-19.509336471557614,-96.60135650634766
0.2138671875,-0.1484375,1.028076171875,-10.92529296875,-4.150390625,4.69970703125,-14.205761909484865,-19.54950714111328,-96.47372436523438
0.18603515625,-0.142333984375,1.02587890625,-13.00048828125,-2.62451171875,4.57763671875,-14.059991836547852,-19.66107749938965,-96.39471435546876
0.17724609375,-0.163818359375,1.006591796875,-13.7939453125,-3.41796875,2.8076171875,-13.98971176147461,-19.827051162719727,-96.34158325195312
0.193359375,-0.1865234375,0.988525390625,-13.18359375,-3.84521484375,2.13623046875,-13.985118865966795,-20.015676498413086,-96.29500579833984
0.212646484375,-0.182373046875,0.98095703125,-10.8642578125,-4.45556640625,1.77001953125,-14.003338813781738,-20.063623428344727,-96.24385833740234
0.198486328125,-0.15283203125,0.995361328125,-9.46044921875,-2.86865234375,2.86865234375,-13.96552276611328,-20.02135467529297,-96.20342254638672
0.17822265625,-0.15234375,1.00048828125,-10.43701171875,-2.01416015625,2.99072265625,-13.84980010986328,-20.013336181640625,-96.17076873779295
0.18017578125,-0.16650390625,1.0126953125,-10.80322265625,-1.52587890625,1.77001953125,-13.736408233642578,-20.061359405517575,-96.20042419433594
0.196533203125,-0.185791015625,0.966552734375,-10.68115234375,-1.77001953125,0.48828125,-13.702676773071287,-20.127212524414066,-96.24519348144531
0.189453125,-0.20166015625,0.97998046875,-9.46044921875,-5.18798828125,0.91552734375,-13.768617630004885,-20.18585205078125,-96.21825408935548
0.220458984375,-0.182373046875,0.965087890625,-7.4462890625,-6.16455078125,2.197265625,-13.860136985778807,-20.045072555541992,-96.14852905273438
0.19775390625,-0.161865234375,0.97216796875,-3.96728515625,-3.47900390625,2.74658203125,-13.859034538269045,-19.81437492370605,-96.09591674804688
0.15087890625,-0.176513671875,0.977783203125,-4.21142578125,-2.9296875,1.89208984375,-13.740957260131836,-19.620210647583008,-96.0753173828125
0.158447265625,-0.194580078125,0.95751953125,-4.33349609375,-4.45556640625,0.3662109375,-13.719104766845705,-19.485414505004886,-96.10742950439452
0.168212890625,-0.2138671875,0.876220703125,-0.91552734375,-5.31005859375,-1.40380859375,-13.811505317687988,-19.290069580078125,-96.14531707763672
0.166259765625,-0.21923828125,0.84375,8.1787109375,-7.26318359375,-1.8310546875,-13.987728118896484,-18.776100158691406,-96.1648406982422
0.13671875,-0.193359375,0.869140625,17.63916015625,-6.7138671875,-2.62451171875,-14.09384822845459,-17.686975479125977,-96.26698303222656
0.113037109375,-0.166015625,0.88525390625,25.7568359375,-5.7373046875,-7.26318359375,-14.122998237609865,-16.317651748657227,-96.55170440673828
0.0810546875,-0.143798828125,0.8857421875,29.23583984375,-8.72802734375,-11.29150390625,-14.225428581237793,-14.774773597717285,-96.97039031982422
0.10791015625,-0.14453125,0.863037109375,34.48486328125,-14.2822265625,-15.68603515625,-14.670037269592285,-12.976369857788086,-97.53736877441406
0.132568359375,-0.123046875,0.863037109375,41.8701171875,-18.98193359375,-20.6298828125,-15.3402738571167,-10.93401336669922,-98.2563018798828
0.151123046875,-0.114990234375,0.83642578125,49.8046875,-20.44677734375,-24.47509765625,-16.100202560424805,-8.588973045349121,-99.14379119873048
0.161376953125,-0.114013671875,0.8466796875,60.302734375,-17.2119140625,-29.78515625,-16.713356018066403,-5.610162258148193,-100.3629379272461
0.1513671875,-0.061279296875,0.863037109375,73.3642578125,-18.12744140625,-32.77587890625,-17.250925064086914,-2.240145206451416,-101.68859100341795
0.15771484375,-0.007080078125,0.875732421875,79.40673828125,-21.728515625,-33.5693359375,-17.843393325805664,1.4169034957885742,-103.1024932861328
0.172607421875,0.024169921875,0.87744140625,84.5947265625,-22.64404296875,-34.7900390625,-18.357112884521484,5.357792377471924,-104.66032409667969
0.17333984375,0.095947265625,0.88671875,91.36962890625,-25.2685546875,-39.48974609375,-18.85411262512207,9.598114967346193,-106.45030975341795
0.192626953125,0.1455078125,0.903076171875,94.29931640625,-27.52685546875,-41.6259765625,-19.30803871154785,13.972350120544435,-108.39505004882812
0.235595703125,0.137939453125,0.90625,98.9990234375,-26.0009765625,-43.39599609375,-19.56479263305664,18.51653289794922,-110.40077209472656
0.2099609375,0.21044921875,0.9453125,103.1494140625,-21.6064453125,-44.86083984375,-19.445858001708984,23.07656669616699,-112.40943908691406
0.198486328125,0.28271484375,0.96875,99.67041015625,-23.74267578125,-44.86083984375,-19.21126365661621,27.47018051147461,-114.44940185546876
0.20654296875,0.30029296875,0.96435546875,93.68896484375,-26.85546875,-43.9453125,-19.04132080078125,31.43305587768555,-116.4959945678711
0.2373046875,0.32958984375,0.932373046875,90.087890625,-32.1044921875,-41.68701171875,-18.990163803100586,35.25407791137695,-118.5472183227539
0.25146484375,0.3525390625,0.94140625,90.087890625,-32.16552734375,-41.3818359375,-18.84292221069336,38.96238327026367,-120.5602569580078
0.229736328125,0.38720703125,0.915283203125,88.07373046875,-25.634765625,-41.8701171875,-18.194677352905273,42.44531631469727,-122.35228729248048
0.171630859375,0.4189453125,0.89404296875,83.251953125,-23.4375,-43.3349609375,-17.366384506225586,45.6626205444336,-124.11194610595705
0.21044921875,0.4248046875,0.848876953125,78.55224609375,-24.90234375,-42.66357421875,-16.637092590332028,48.60596084594727,-125.85279846191406
0.193115234375,0.40478515625,0.803955078125,76.904296875,-27.4658203125,-42.48046875,-15.96575164794922,51.44747543334961,-127.64743041992188
0.245361328125,0.431884765625,0.754150390625,80.26123046875,-29.72412109375,-41.50390625,-15.39332389831543,54.34840774536133,-129.43583679199222
0.25439453125,0.45556640625,0.727783203125,87.646484375,-24.35302734375,-41.9921875,-14.63768482208252,57.447914123535156,-131.01316833496094
0.2216796875,0.464111328125,0.724365234375,97.412109375,-12.939453125,-44.61669921875,-13.249765396118164,60.79032897949219,-132.08245849609378
0.1552734375,0.50634765625,0.7451171875,104.3701171875,-6.65283203125,-54.50439453125,-11.364542007446287,64.18834686279297,-133.10641479492188
0.223388671875,0.58447265625,0.739990234375,105.8349609375,-8.30078125,-59.326171875,-9.46329116821289,67.65488433837889,-134.19821166992188
0.248291015625,0.621337890625,0.698486328125,106.50634765625,-5.859375,-60.4248046875,-7.4890642166137695,71.08995819091797,-135.03219604492188
0.1865234375,0.607421875,0.68701171875,110.3515625,9.21630859375,-66.46728515625,-5.049918174743652,74.42472839355469,-135.32003784179688
0.114013671875,0.60009765625,0.636474609375,111.51123046875,21.8505859375,-76.96533203125,-1.9899153709411619,77.69205474853516,-135.10142517089844
0.091552734375,0.640380859375,0.6318359375,107.666015625,22.88818359375,-85.5712890625,1.342724323272705,80.76026153564453,-134.87503051757812
0.171630859375,0.639404296875,0.599609375,102.72216796875,16.2353515625,-84.65576171875,4.2923903465271005,83.61250305175781,-134.72042846679688
0.2080078125,0.670654296875,0.577392578125,104.06494140625,19.4091796875,-78.857421875,6.8340911865234375,86.54975128173828,-134.31455993652344
0.1669921875,0.657958984375,0.589599609375,104.736328125,30.6396484375,-75.62255859375,9.304591178894043,89.56484985351562,-133.1705322265625
0.0771484375,0.68994140625,0.53564453125,101.74560546875,43.212890625,-72.08251953125,11.6557035446167,92.5466537475586,-131.59072875976562
0.09375,0.73095703125,0.544189453125,102.23388671875,51.45263671875,-65.3076171875,13.522488594055176,95.65093231201172,-129.60287475585938
0.0537109375,0.71923828125,0.513916015625,100.76904296875,63.29345703125,-60.60791015625,15.051766395568848,98.8840789794922,-126.93533325195312
-0.001708984375,0.758544921875,0.45947265625,95.0927734375,72.20458984375,-54.8095703125,16.228265762329098,102.0561981201172,-123.97931671142578
-0.037109375,0.80810546875,0.401123046875,88.07373046875,71.47216796875,-46.44775390625,16.951797485351562,105.04515075683594,-121.04961395263672
-0.068115234375,0.812255859375,0.36767578125,80.62744140625,71.35009765625,-36.31591796875,17.149894714355472,107.6337432861328,-118.21964263916016
-0.13330078125,0.779052734375,0.351318359375,76.5380859375,77.1484375,-28.86962890625,17.08431625366211,110.1255874633789,-115.24568939208984
-0.120361328125,0.78515625,0.31103515625,70.61767578125,77.2705078125,-27.64892578125,16.806573867797848,112.3701171875,-112.28529357910156
-0.06494140625,0.8603515625,0.22607421875,62.8662109375,74.462890625,-22.216796875,15.936284065246582,114.34747314453124,-109.49357604980469
-0.091552734375,0.85302734375,0.20751953125,60.9130859375,83.1298828125,-9.70458984375,14.605391502380373,116.19145965576172,-106.6145477294922
-0.165283203125,0.82177734375,0.17041015625,61.09619140625,90.75927734375,-5.37109375,13.124266624450685,118.03257751464844,-103.5519027709961
-0.16748046875,0.917724609375,0.121826171875,58.65478515625,94.78759765625,-4.5166015625,11.391827583312988,119.6883544921875,-100.43970489501952
-0.154052734375,1.08203125,0.105712890625,46.81396484375,85.51025390625,7.080078125,9.376639366149902,120.73916625976562,-97.8517608642578
-0.161865234375,1.0791015625,0.086669921875,35.94970703125,76.35498046875,18.6767578125,7.200198650360107,121.17137908935548,-95.81781768798828
-0.171142578125,1.088623046875,0.059326171875,25.5126953125,69.4580078125,24.71923828125,5.028176307678223,120.9191436767578,-94.17119598388672
-0.21142578125,1.198974609375,0.04296875,7.6904296875,60.48583984375,28.38134765625,3.0532915592193604,120.09346771240234,-92.7770538330078
-0.2041015625,1.241943359375,0.043212890625,-12.451171875,44.86083984375,32.1044921875,1.3263704776763916,118.41922760009766,-91.91376495361328
-0.077880859375,1.230712890625,-0.002197265625,-29.4189453125,27.4658203125,39.97802734375,-0.6308784484863281,116.01946258544922,-91.82829284667969
-0.0009765625,1.240966796875,-0.081298828125,-35.888671875,24.90234375,46.9970703125,-2.722640991210937,113.69891357421876,-91.71219635009766
-0.025146484375,1.220458984375,-0.17333984375,-32.1044921875,32.3486328125,46.08154296875,-4.76513671875,111.7514877319336,-91.20987701416016
-0.072998046875,1.246826171875,-0.195556640625,-24.23095703125,40.95458984375,46.9970703125,-6.807635307312013,110.32649993896484,-90.37848663330078
-0.1865234375,1.262939453125,-0.103515625,-9.8876953125,33.5693359375,52.42919921875,-8.641694068908691,109.22712707519531,-89.76029968261719
-0.21240234375,1.194091796875,-0.062255859375,-7.4462890625,26.85546875,40.4052734375,-9.794175148010254,108.19749450683594,-89.17183685302734
-0.1533203125,1.22509765625,-0.112060546875,-1.40380859375,31.982421875,23.62060546875,-10.30685806274414,107.50711059570312,-88.03681182861328
-0.1953125,1.213134765625,-0.053955078125,9.8876953125,30.94482421875,10.1318359375,-10.318161964416504,107.103759765625,-86.85709381103516
-0.14501953125,1.185302734375,-0.005615234375,15.93017578125,26.123046875,1.46484375,-10.021588325500488,106.88347625732422,-85.74153900146484
-0.1064453125,1.210205078125,0.03125,19.95849609375,20.1416015625,-3.41796875,-9.52796745300293,106.80035400390624,-84.8246078491211
-0.02783203125,1.2119140625,0.116455078125,22.15576171875,18.24951171875,-5.43212890625,-9.13234806060791,106.66989135742188,-83.90660858154297
-0.025146484375,1.2431640625,0.152099609375,21.05712890625,29.4189453125,-9.1552734375,-8.743581771850586,106.37738037109376,-82.51164245605469
-0.119873046875,1.205078125,0.172607421875,15.380859375,36.19384765625,-13.7939453125,-7.954004764556885,105.65853881835938,-80.8570327758789
-0.107421875,1.12158203125,0.1298828125,2.99072265625,26.9775390625,-17.63916015625,-7.05611515045166,104.7327880859375,-79.50210571289062
-0.042236328125,1.094970703125,0.07568359375,-2.8076171875,18.1884765625,-13.671875,-6.356212615966798,103.76996612548828,-78.56705474853516
0.001220703125,1.0390625,0.0380859375,-1.8310546875,18.1884765625,-9.765625,-5.967768669128418,103.06934356689452,-77.58567810058594
-0.05859375,1.129638671875,0.013671875,0.3662109375,4.33349609375,19.10400390625,-6.292518615722656,101.14884185791016,-74.86901092529297
-0.1005859375,1.08837890625,0.033203125,-3.0517578125,3.96728515625,19.1650390625,-6.62128496170044,100.49954986572266,-74.80594635009766
-0.07958984375,1.08984375,0.03564453125,-5.7373046875,1.28173828125,18.85986328125,-6.9742188453674325,99.67920684814452,-74.9542007446289
0.0087890625,1.120361328125,0.04345703125,-11.8408203125,-3.72314453125,24.47509765625,-7.658581733703612,98.7545166015625,-75.20695495605469
-0.0703125,1.07666015625,0.073974609375,-15.56396484375,-0.244140625,23.193359375,-8.128325462341309,97.63148498535156,-75.28963470458984
-0.133056640625,1.00830078125,0.024169921875,-17.2119140625,0.48828125,16.9677734375,-8.150332450866701,96.64103698730469,-75.3380355834961
0.087890625,1.00439453125,-0.0107421875,-7.9345703125,-5.92041015625,11.41357421875,-7.991004467010497,92.66769409179688,-77.5011978149414
0.0048828125,1.076171875,-1.2861328125,6.34765625,-7.62939453125,0.6103515625,-7.782071590423584,94.64900207519531,-78.04220581054688
0.119140625,0.7294921875,-0.24658203125,-16.05224609375,9.82666015625,8.36181640625,-7.073302268981934,93.98896026611328,-77.30519104003906
0.120849609375,1.20458984375,-0.150634765625,-5.43212890625,-0.732421875,7.38525390625,-7.309239864349365,93.88774871826172,-77.36990356445312
-0.385986328125,0.72900390625,-0.073974609375,-8.056640625,-17.08984375,6.77490234375,-6.223939418792725,93.703857421875,-78.08909606933594
-0.180908203125,1.067626953125,0.06103515625,-6.9580078125,-15.07568359375,2.86865234375,-6.0444698333740225,93.49188995361328,-78.99337768554688
0.172119140625,1.164306640625,0.237548828125,-4.82177734375,-30.2734375,9.033203125,-6.427696704864503,92.8297119140625,-80.16602325439453
0.1064453125,1.116943359375,0.05810546875,-6.2255859375,-23.98681640625,0.9765625,-6.38046932220459,92.44182586669922,-81.10482025146484
-0.090576171875,0.937744140625,0.040283203125,-5.79833984375,-23.98681640625,6.77490234375,-6.546290397644043,92.26373291015624,-82.27596282958984
-0.00146484375,1.267578125,0.04833984375,-25.5126953125,-1.3427734375,-11.04736328125,-4.0471153259277335,88.52213287353516,-86.18155670166016
-0.1015625,1.0849609375,0.084716796875,-0.91552734375,1.77001953125,1.708984375,-3.742298603057861,88.3465805053711,-86.10130310058594
-0.05224609375,0.92578125,0.072265625,-8.23974609375,-9.94873046875,2.685546875,-3.765149354934693,88.0430679321289,-86.58177947998047
