0.00146484375,-1.02099609375,0.02734375,-7.4462890625,-4.69970703125,1.89208984375,1.7196391820907593,-95.20370483398438,-187.4013214111328
0.012451171875,-1.00439453125,0.05615234375,-7.50732421875,-3.84521484375,2.13623046875,1.7229675054550169,-95.1508331298828,-187.2460021972656
-0.20166015625,-0.9677734375,0.4814453125,-22.94921875,-3.5400390625,-1.64794921875,2.030291795730591,-94.87339782714844,-187.06092834472656
-0.25244140625,-1.1328125,-0.03857421875,-66.34521484375,-27.40478515625,-11.8408203125,2.096730232238769,-97.35784149169922,-185.9219665527344
-0.033203125,-1.065185546875,-0.26513671875,-37.59765625,-98.7548828125,-23.37646484375,1.732734203338623,-98.97482299804688,-181.8866271972656
0.297119140625,-0.978515625,-0.0146484375,-38.75732421875,-58.349609375,-16.7236328125,0.7438061833381653,-100.15045928955078,-179.458251953125
0.125,-1.02197265625,-0.1669921875,-37.59765625,-23.25439453125,5.92041015625,0.8510510921478271,-101.59356689453124,-178.5873565673828
0.243896484375,-1.42578125,-0.108642578125,-25.20751953125,-31.92138671875,24.23095703125,1.6469132900238037,-102.28089904785156,-177.536865234375
0.17041015625,-1.5908203125,-0.0830078125,9.33837890625,-12.939453125,30.21240234375,2.626484632492065,-101.51592254638672,-177.2757568359375
0.281494140625,-1.54833984375,-0.07421875,21.30126953125,-5.7373046875,3.41796875,2.29666519165039,-100.29749298095705,-177.06736755371094
0.421142578125,-1.625,-0.0712890625,13.00048828125,0.18310546875,-22.705078125,0.7469777464866638,-99.45930480957031,-176.91017150878906
0.384765625,-1.8505859375,-0.03857421875,-2.44140625,14.22119140625,-43.64013671875,-1.5543957948684692,-99.21858215332031,-177.18038940429688
0.3125,-1.91650390625,-0.09716796875,-7.38525390625,8.60595703125,-57.31201171875,-4.168671607971191,-99.25238037109376,-177.15252685546875
0.318115234375,-1.833251953125,-0.056640625,-16.66259765625,8.4228515625,-53.466796875,-6.551954746246338,-99.6112823486328,-177.14964294433594
0.483154296875,-1.645751953125,-0.091552734375,-23.62060546875,20.08056640625,-37.9638671875,-8.56984806060791,-100.22372436523438,-177.7075653076172
0.365234375,-1.43994140625,-0.05615234375,-23.74267578125,57.80029296875,-21.05712890625,-10.043546676635742,-100.4976043701172,-179.90321350097656
0.568115234375,-1.32470703125,0.0,-19.10400390625,76.59912109375,-13.916015625,-11.673619270324707,-100.29624938964844,-182.9384307861328
0.430419921875,-1.37744140625,0.0537109375,-6.9580078125,135.92529296875,-6.8359375,-13.096823692321776,-98.9020004272461,-188.4776763916016
0.3388671875,-1.3505859375,-0.082763671875,24.2919921875,137.87841796875,-11.04736328125,-14.320279121398926,-96.3750457763672,165.91082763671875
0.055908203125,-1.31787109375,-0.162353515625,28.13720703125,156.73828125,-4.94384765625,-14.61334991455078,-93.64997100830078,159.50209045410156
0.1142578125,-1.248779296875,-0.150146484375,42.78564453125,147.5830078125,8.11767578125,-14.153215408325195,-90.53507995605469,153.44451904296875
0.02490234375,-1.073486328125,-0.11572265625,60.1806640625,156.06689453125,49.86572265625,-11.547868728637695,-86.92818450927734,147.15870666503906
-0.1064453125,-0.9189453125,-0.036376953125,78.125,148.49853515625,88.2568359375,-6.845054626464844,-83.09889221191406,141.53805541992188
-0.233642578125,-0.693115234375,-0.02392578125,87.34130859375,129.7607421875,120.17822265625,-0.3823389112949371,-79.65221405029297,137.18197631835938
-0.11083984375,-0.61083984375,-0.027099609375,77.20947265625,113.46435546875,155.21240234375,6.983570575714111,-77.23657989501953,133.97291564941406
-0.130126953125,-0.604736328125,-0.027587890625,63.65966796875,103.3935546875,173.03466796875,14.845067977905273,-75.74227142333984,131.43701171875
-0.061767578125,-0.628173828125,-0.015869140625,48.33984375,95.3369140625,189.0869140625,22.731386184692386,-75.05087280273438,129.36195373535156
-0.18603515625,-0.677490234375,0.04248046875,37.353515625,98.32763671875,203.0029296875,31.25530815124512,-74.89508056640625,127.24667358398438
-0.32421875,-0.65771484375,0.10595703125,42.66357421875,78.7353515625,201.171875,39.580265045166016,-74.06273651123047,125.99641418457031
-0.335693359375,-0.645263671875,0.129150390625,51.69677734375,59.08203125,195.6787109375,47.19591903686523,-72.19929504394531,125.81712341308594
-0.47705078125,-0.580078125,0.1552734375,63.4765625,34.0576171875,187.744140625,54.30580139160156,-68.24406433105469,127.64862060546876
-0.47509765625,-0.50048828125,0.1748046875,67.138671875,18.00537109375,174.072265625,60.36230850219727,-62.14926528930664,131.66680908203122
-0.371337890625,-0.4248046875,0.114013671875,64.02587890625,6.591796875,158.26416015625,65.08364868164061,-54.42509841918945,137.61488342285156
-0.4130859375,-0.4140625,0.11474609375,54.26025390625,6.65283203125,159.0576171875,69.31182098388672,-44.32573318481445,146.40731811523438
-0.53369140625,-0.407958984375,0.1689453125,48.33984375,5.7373046875,159.24072265625,72.6815414428711,-29.64943885803223,160.08811950683594
-0.553955078125,-0.415283203125,0.203857421875,45.71533203125,-2.0751953125,149.658203125,74.15015411376953,-11.522132873535154,-182.5420837402344
-0.612060546875,-0.385009765625,0.216064453125,44.86083984375,-13.3056640625,129.94384765625,73.7087173461914,5.1284523010253915,-166.6512908935547
-0.560302734375,-0.412353515625,0.213623046875,41.19873046875,-18.5546875,115.3564453125,72.21995544433594,16.799856185913086,-155.70220947265625
-0.5830078125,-0.423828125,0.2685546875,37.53662109375,-18.00537109375,101.6845703125,70.37920379638672,24.50299644470215,-148.6787109375
-0.595947265625,-0.4091796875,0.29638671875,38.0859375,-16.845703125,77.57568359375,68.76673889160156,28.60105133056641,-145.42562866210938
-0.636474609375,-0.422119140625,0.334228515625,39.794921875,-13.916015625,59.5703125,67.53530883789061,30.785852432250977,-144.2381134033203
-0.688232421875,-0.431396484375,0.369140625,39.9169921875,-15.80810546875,41.80908203125,66.58586120605469,31.30118179321289,-144.83892822265625
-0.680419921875,-0.454345703125,0.399658203125,43.88427734375,-13.5498046875,30.76171875,65.91663360595703,31.060264587402344,-146.39085388183594
-0.741455078125,-0.4189453125,0.412353515625,45.8984375,-10.92529296875,32.71484375,65.29224395751953,31.495607376098636,-147.3246612548828
-0.747802734375,-0.3955078125,0.41552734375,42.48046875,-8.056640625,38.51318359375,64.64007568359375,32.440563201904304,-147.54940795898438
-0.76123046875,-0.356201171875,0.439453125,33.02001953125,-6.9580078125,54.87060546875,63.61123275756836,34.27587890625,-146.37594604492188
-0.79248046875,-0.363525390625,0.426025390625,23.5595703125,-5.2490234375,67.32177734375,62.41825866699219,36.51778793334961,-144.29925537109375
-0.874755859375,-0.46630859375,0.43994140625,17.76123046875,-6.591796875,71.044921875,61.21020126342773,38.32860565185547,-142.36532592773438
-0.84765625,-0.35888671875,0.482177734375,21.78955078125,-15.13671875,55.11474609375,59.96471786499024,38.982017517089844,-141.92955017089844
-0.78271484375,-0.251953125,0.482666015625,16.357421875,-12.8173828125,55.23681640625,58.66278839111328,39.62412643432617,-141.265625
-0.83984375,-0.231689453125,0.50732421875,4.7607421875,-4.08935546875,71.533203125,57.21460723876953,41.00155258178711,-139.18600463867188
-0.94873046875,-0.4462890625,0.5244140625,4.5166015625,1.89208984375,89.05029296875,55.7363510131836,42.887054443359375,-136.30110168457028
-0.985107421875,-0.387939453125,0.548095703125,12.6953125,-5.2490234375,93.8720703125,53.84422302246094,44.867088317871094,-133.65403747558594
-0.97265625,-0.382568359375,0.506103515625,21.8505859375,-5.92041015625,102.4169921875,51.73833465576172,47.24795150756836,-130.86869812011722
-0.92578125,-0.33740234375,0.489990234375,31.67724609375,-8.9111328125,111.51123046875,49.23486709594727,49.87825012207031,-128.14260864257812
-0.955322265625,-0.208984375,0.4921875,35.33935546875,-10.009765625,116.455078125,46.42693710327149,52.60264587402344,-125.45509338378906
-0.913330078125,-0.188720703125,0.492431640625,36.31591796875,-9.58251953125,122.00927734375,43.41064453125,55.09098434448242,-122.94019317626952
-0.91162109375,-0.1416015625,0.49267578125,43.701171875,-9.58251953125,125.244140625,40.244964599609375,57.6335334777832,-120.61442565917969
-0.87109375,-0.0859375,0.486328125,48.095703125,-8.6669921875,123.96240234375,37.07869338989258,60.053871154785156,-118.5652847290039
-0.8388671875,-0.0546875,0.4677734375,46.69189453125,-11.77978515625,120.17822265625,33.98031234741211,62.03702926635742,-116.97290802001952
-0.78955078125,-0.028564453125,0.48876953125,44.7998046875,-12.51220703125,108.2763671875,31.24122810363769,63.5157241821289,-115.8816375732422
-0.748779296875,0.005859375,0.490234375,41.259765625,-10.31494140625,95.947265625,28.954275131225586,64.63665008544922,-115.04753112792969
-0.712890625,0.06689453125,0.494873046875,40.0390625,-7.01904296875,82.6416015625,27.13216209411621,65.59697723388672,-114.37155151367188
-0.724853515625,0.105712890625,0.4892578125,35.70556640625,1.46484375,70.068359375,25.915210723876953,66.45244598388672,-113.5775909423828
-0.740966796875,0.162353515625,0.4931640625,33.3251953125,5.43212890625,59.26513671875,25.12051200866699,67.23753356933594,-112.80377197265624
-0.78173828125,0.170166015625,0.482177734375,30.09033203125,7.080078125,50.9033203125,24.71726226806641,67.89701080322266,-112.0988311767578
-0.8251953125,0.216796875,0.472412109375,28.62548828125,6.2255859375,45.41015625,24.501426696777344,68.53453826904297,-111.49256896972656
-0.855712890625,0.2216796875,0.465087890625,26.2451171875,5.79833984375,42.66357421875,24.41069984436035,69.07447814941406,-110.95037078857422
-0.840087890625,0.201904296875,0.48046875,25.08544921875,6.103515625,41.19873046875,24.37204360961914,69.48470306396484,-110.46270751953124
-0.859130859375,0.2021484375,0.453125,25.634765625,6.4697265625,44.12841796875,24.26963996887207,69.99781799316406,-109.90133666992188
-0.8837890625,0.261962890625,0.440673828125,26.0009765625,5.615234375,46.56982421875,24.022741317749023,70.61304473876953,-109.31509399414062
-0.8828125,0.26123046875,0.432861328125,23.62060546875,2.8076171875,50.23193359375,23.61048126220703,71.09968566894531,-108.80929565429688
-0.803466796875,0.295166015625,0.417724609375,22.94921875,1.0986328125,53.1005859375,22.97623634338379,71.53850555419922,-108.34725189208984
-0.77294921875,0.344970703125,0.398681640625,21.42333984375,3.5400390625,52.6123046875,22.32383346557617,72.00611877441406,-107.77631378173828
-0.7578125,0.3310546875,0.402099609375,15.625,5.31005859375,49.072265625,21.844369888305664,72.19721984863281,-107.20559692382812
-0.811767578125,0.3505859375,0.350341796875,13.24462890625,6.28662109375,36.0107421875,21.957008361816406,72.40410614013672,-106.7041015625
-0.75048828125,0.408935546875,0.36376953125,7.50732421875,5.0048828125,32.71484375,22.01646614074707,72.33797454833984,-106.30609130859376
-0.757080078125,0.37548828125,0.38623046875,2.5634765625,6.04248046875,31.494140625,22.17182159423828,72.00406646728516,-105.9112319946289
-0.845458984375,0.378662109375,0.406494140625,1.03759765625,7.2021484375,27.7099609375,22.552898406982425,71.63077545166016,-105.50657653808594
-0.86669921875,0.374267578125,0.4150390625,1.77001953125,5.18798828125,31.1279296875,22.79023361206055,71.27506256103516,-105.13568878173828
-0.848388671875,0.385986328125,0.400390625,2.99072265625,2.8076171875,33.02001953125,22.898799896240234,70.98414611816406,-104.8153076171875
-0.860595703125,0.423828125,0.393798828125,1.89208984375,1.708984375,31.6162109375,23.01225852966309,70.69039154052734,-104.52913665771484
-0.8447265625,0.4462890625,0.3876953125,0.6103515625,2.197265625,30.94482421875,23.1136531829834,70.38751983642578,-104.212890625
-0.82275390625,0.445556640625,0.383056640625,-1.28173828125,2.86865234375,29.23583984375,23.266864776611328,70.02041625976561,-103.88518524169922
-0.816650390625,0.42626953125,0.40185546875,-3.35693359375,0.9765625,28.3203125,23.43063545227051,69.48406982421875,-103.66383361816406
-0.811279296875,0.407470703125,0.41259765625,-4.08935546875,2.50244140625,28.80859375,23.60487937927246,68.91825103759766,-103.37647247314452
-0.7890625,0.435546875,0.40234375,-3.0517578125,3.35693359375,28.74755859375,23.73541831970215,68.46910858154297,-103.0221710205078
-0.803955078125,0.512939453125,0.387939453125,0.0,5.615234375,27.34375,23.87263298034668,68.30783843994139,-102.53565979003906
-0.791259765625,0.452392578125,0.366943359375,-0.48828125,6.28662109375,28.564453125,24.054134368896484,68.12688446044922,-102.0089111328125
-0.817626953125,0.49658203125,0.376708984375,-2.197265625,3.7841796875,29.35791015625,24.12822532653809,67.88513946533203,-101.55157470703124
-0.724365234375,0.458740234375,0.372802734375,-4.0283203125,0.732421875,26.4892578125,24.20244598388672,67.44071960449219,-101.2862548828125
-0.671875,0.471923828125,0.33837890625,-5.615234375,1.0986328125,19.53125,24.470905303955078,66.98612213134766,-101.07720184326172
-0.643798828125,0.50634765625,0.333740234375,-9.58251953125,3.0517578125,11.90185546875,24.94804382324219,66.4158935546875,-100.88971710205078
-0.65771484375,0.513427734375,0.318115234375,-12.26806640625,6.04248046875,-1.220703125,25.960020065307614,65.76168060302734,-100.7833023071289
-0.653564453125,0.510009765625,0.30224609375,-17.2119140625,6.103515625,-9.33837890625,27.24250030517578,64.89832305908203,-100.80757904052734
-0.626953125,0.507080078125,0.302734375,-19.22607421875,6.2255859375,-17.76123046875,28.741958618164066,63.891380310058594,-100.99564361572266
-0.54833984375,0.524658203125,0.258056640625,-23.98681640625,6.89697265625,-33.02001953125,30.599834442138672,62.71385955810547,-101.4067153930664
-0.4599609375,0.495849609375,0.25146484375,-30.45654296875,7.8125,-48.33984375,32.794692993164055,61.09994888305664,-102.15335083007812
-0.40234375,0.494384765625,0.23388671875,-38.51318359375,14.83154296875,-69.76318359375,35.634212493896484,59.0851058959961,-103.14002227783205
-0.461669921875,0.457763671875,0.193603515625,-49.74365234375,25.93994140625,-98.876953125,39.80402374267578,56.41461944580078,-104.5294189453125
-0.54443359375,0.4072265625,0.16552734375,-62.80517578125,29.1748046875,-117.98095703125,44.756446838378906,52.63093948364258,-106.71174621582031
-0.626953125,0.28271484375,0.203369140625,-73.486328125,32.1044921875,-133.23974609375,50.24580001831055,47.00411605834961,-110.35552215576172
-0.68798828125,0.18994140625,0.26318359375,-78.0029296875,30.57861328125,-142.9443359375,55.565025329589844,39.07008743286133,-116.21593475341795
-0.72705078125,0.12841796875,0.2861328125,-80.2001953125,27.83203125,-149.59716796875,60.2055778503418,28.36508178710937,-124.90583801269531
-0.794677734375,0.053955078125,0.316162109375,-81.1767578125,30.45654296875,-157.958984375,63.89876174926758,14.093822479248047,-137.26249694824222
-0.821044921875,-0.03515625,0.38232421875,-79.345703125,25.5126953125,-173.2177734375,65.50907135009766,-4.454407215118408,-154.19325256347656
-0.870849609375,-0.12744140625,0.3193359375,-77.57568359375,25.2685546875,-177.42919921875,64.8377685546875,-23.802947998046875,-172.06077575683594
-0.927490234375,-0.216796875,0.307373046875,-72.998046875,22.03369140625,-178.22265625,61.90100860595703,-40.24848175048828,-187.1348571777344
-0.994384765625,-0.33154296875,0.353271484375,-66.46728515625,16.41845703125,-181.45751953125,57.1894760131836,-52.40860366821289,161.89991760253906
-1.062744140625,-0.407958984375,0.3388671875,-57.06787109375,13.0615234375,-173.03466796875,51.9686279296875,-60.64248275756836,154.6096649169922
-1.07373046875,-0.4189453125,0.380859375,-46.93603515625,5.0048828125,-162.53662109375,46.70603561401367,-65.78997802734375,150.13990783691406
-1.029296875,-0.404541015625,0.312744140625,-36.80419921875,-1.15966796875,-153.3203125,41.72713851928711,-69.18408203125,147.17897033691406
-1.03369140625,-0.41748046875,0.31201171875,-35.33935546875,-3.96728515625,-149.0478515625,36.93759536743164,-71.74694061279297,145.05393981933594
-1.004150390625,-0.47265625,0.332763671875,-37.2314453125,-7.01904296875,-148.5595703125,32.122764587402344,-73.85733032226562,143.50604248046875
-0.96044921875,-0.507080078125,0.299072265625,-35.7666015625,-5.18798828125,-150.93994140625,27.293052673339844,-75.73243713378906,142.1117401123047
-0.70458984375,-0.583251953125,0.244873046875,-41.68701171875,-6.591796875,-161.56005859375,21.780841827392575,-77.7046127319336,140.89561462402344
-0.809814453125,-0.5791015625,0.267822265625,-55.0537109375,9.3994140625,-169.98291015625,16.351945877075195,-80.15731048583984,139.25306701660156
-0.807373046875,-0.6845703125,0.37939453125,-60.60791015625,12.451171875,-161.80419921875,11.19892120361328,-82.39948272705078,137.89530944824222
-0.8671875,-0.737548828125,0.35205078125,-50.6591796875,17.15087890625,-155.6396484375,6.450891971588135,-84.14971160888672,136.57122802734378
-0.854248046875,-0.807861328125,0.21337890625,-39.97802734375,12.5732421875,-151.2451171875,1.9279974699020384,-85.56648254394531,135.56280517578122
-0.849365234375,-0.85791015625,0.269775390625,-36.0107421875,2.99072265625,-129.39453125,-1.7051725387573242,-86.62342071533203,135.11279296875
-0.68212890625,-0.7998046875,0.320068359375,-27.83203125,9.09423828125,-121.52099609375,-5.061051368713379,-87.12120819091797,134.48124694824222
-0.743408203125,-0.8125,0.14794921875,-23.62060546875,4.0283203125,-111.87744140625,-7.8451056480407715,-87.79269409179688,134.11007690429688
-0.67138671875,-0.84765625,0.189208984375,-29.296875,-4.82177734375,-97.10693359375,-10.098546981811523,-88.634033203125,134.14283752441406
-0.559326171875,-0.81591796875,0.309326171875,-28.4423828125,-2.25830078125,-85.9375,-11.999356269836426,-89.11397552490234,134.06027221679688
-0.43017578125,-0.877197265625,0.332763671875,-22.03369140625,7.99560546875,-83.31298828125,-13.983769416809082,-89.17343139648438,133.54283142089844
-0.1806640625,-0.935791015625,0.213134765625,-16.54052734375,18.1884765625,-94.8486328125,-16.817947387695312,-89.1209487915039,132.62632751464844
-0.372802734375,-0.90576171875,0.108154296875,-29.78515625,46.44775390625,-105.1025390625,-19.5596981048584,-89.43901824951172,130.56098937988278
-0.58984375,-0.947998046875,0.130615234375,-44.5556640625,45.0439453125,-101.01318359375,-21.817359924316406,-90.25578308105469,128.5386962890625
-0.755615234375,-0.94189453125,0.045654296875,-49.25537109375,26.9775390625,-101.50146484375,-23.90402030944824,-91.6777114868164,127.39581298828124
-0.841064453125,-0.9111328125,0.027099609375,-46.56982421875,4.8828125,-122.0703125,-26.685646057128906,-93.42021942138672,127.3636474609375
-0.73193359375,-0.958984375,0.01220703125,-37.2314453125,-19.34814453125,-158.63037109375,-30.87724685668945,-95.42896270751952,128.7236328125
-0.56005859375,-0.816162109375,0.078369140625,-7.32421875,-30.029296875,-165.46630859375,-35.251869201660156,-96.50888061523438,130.76113891601562
-0.54345703125,-0.728271484375,0.025390625,6.40869140625,-33.63037109375,-156.494140625,-39.10997009277344,-97.4933853149414,133.20985412597656
-0.451171875,-0.681396484375,0.054931640625,8.7890625,-45.59326171875,-150.45166015625,-42.62662887573242,-98.9039077758789,136.40107727050778
-0.45068359375,-0.640625,0.06982421875,1.3427734375,-70.80078125,-138.36669921875,-45.353065490722656,-101.78937530517578,141.16111755371094
-0.35400390625,-0.58837890625,0.042724609375,-8.72802734375,-91.30859375,-122.37548828125,-47.03644561767578,-106.23844909667969,147.36138916015625
-0.253662109375,-0.611572265625,0.079345703125,-18.1884765625,-107.23876953125,-105.28564453125,-47.62762832641602,-111.54155731201172,154.34791564941406
-0.154296875,-0.64453125,0.085693359375,-18.98193359375,-116.51611328125,-87.646484375,-47.143943786621094,-116.84100341796876,161.47406005859375
-0.15380859375,-0.646240234375,0.096435546875,-19.6533203125,-121.27685546875,-76.47705078125,-45.7804183959961,-121.75502014160156,168.3336181640625
-0.220703125,-0.629638671875,0.0947265625,-19.6533203125,-134.33837890625,-69.03076171875,-43.38768768310547,-126.46556854248048,-184.73866271972656
0.01708984375,-0.716064453125,0.032470703125,-32.28759765625,-159.5458984375,-38.75732421875,-28.75228500366211,-140.56925964355472,-160.28150939941406
0.14697265625,-0.81689453125,0.0400390625,-28.50341796875,-163.4521484375,-17.76123046875,-23.828649520874023,-141.99539184570312,-156.0924835205078
0.246826171875,-0.93603515625,0.03466796875,-21.3623046875,-157.2265625,6.34765625,-18.733081817626953,-142.3533477783203,-152.9628448486328
0.23193359375,-0.986572265625,0.08935546875,-7.26318359375,-138.12255859375,27.4658203125,-13.8297119140625,-141.4252471923828,-150.95626831054688
0.289794921875,-1.00390625,0.078857421875,4.150390625,-132.62939453125,22.94921875,-9.471165657043457,-139.93795776367188,-148.71287536621094
0.33935546875,-1.074951171875,-0.008544921875,19.10400390625,-129.150390625,14.404296875,-5.649569511413574,-137.88212585449222,-146.0237274169922
0.3935546875,-1.154541015625,-0.0537109375,42.05322265625,-116.3330078125,16.2353515625,-2.4198546409606934,-134.83935546875,-143.45619201660156
0.37744140625,-1.18603515625,-0.031005859375,52.06298828125,-95.39794921875,22.5830078125,0.217022716999054,-131.28857421875,-141.37893676757812
0.291015625,-1.240478515625,-0.03515625,48.583984375,-76.5380859375,29.23583984375,2.5358457565307617,-127.8712387084961,-139.7841796875
0.24169921875,-1.25439453125,-0.096435546875,32.53173828125,-74.64599609375,35.33935546875,4.929901599884033,-125.2139129638672,-138.19035339355472
0.35595703125,-1.1904296875,-0.1396484375,4.7607421875,-73.1201171875,30.3955078125,6.772208690643311,-123.7832489013672,-136.38847351074222
0.41796875,-1.221435546875,-0.125244140625,-35.46142578125,-59.63134765625,30.82275390625,8.168225288391112,-123.99996948242188,-134.970703125
0.29638671875,-1.28564453125,-0.050537109375,-65.3076171875,-49.6826171875,24.658203125,9.33303928375244,-125.25154113769531,-133.71224975585938
0.32763671875,-1.3720703125,-0.009765625,-73.54736328125,-54.26025390625,5.92041015625,9.982854843139648,-126.61870574951172,-131.85624694824222
0.2978515625,-1.434326171875,0.02734375,-68.90869140625,-51.26953125,-6.9580078125,10.2405424118042,-127.65274047851562,-129.77978515625
0.162109375,-1.46875,0.04443359375,-55.48095703125,-47.18017578125,-2.62451171875,10.761082649230957,-128.10740661621094,-127.93872833251952
0.225341796875,-1.345947265625,0.10791015625,-39.00146484375,-38.63525390625,13.85498046875,11.469943046569824,-127.92729949951172,-126.75936889648438
0.035888671875,-1.253662109375,-0.01513671875,-19.47021484375,-30.33447265625,29.4189453125,12.711607933044435,-127.2294692993164,-126.23485565185548
0.181640625,-1.108154296875,-0.046142578125,-9.033203125,-15.380859375,50.6591796875,13.925668716430664,-126.4264907836914,-126.69597625732422
0.126953125,-1.14892578125,-0.1103515625,-13.18359375,-8.48388671875,61.46240234375,15.387794494628904,-126.0447235107422,-127.63224029541016
0.1025390625,-1.107421875,-0.109375,-18.9208984375,-5.79833984375,61.34033203125,16.776424407958984,-125.9538116455078,-128.62506103515622
0.09423828125,-1.100341796875,-0.104248046875,-24.0478515625,-4.5166015625,54.38232421875,17.882587432861328,-126.04598999023438,-129.46456909179688
0.08349609375,-1.05859375,-0.067138671875,-27.4658203125,-1.77001953125,48.33984375,18.718406677246094,-126.20539093017578,-130.21163940429688
0.07275390625,-1.099609375,-0.033203125,-23.0712890625,2.38037109375,38.9404296875,19.168243408203125,-126.09430694580078,-130.82844543457028
-0.0048828125,-1.174560546875,0.02490234375,-3.96728515625,1.953125,22.0947265625,19.247873306274414,-124.97647857666016,-130.96347045898438
-0.022216796875,-1.158203125,-0.002197265625,10.92529296875,-4.2724609375,10.80322265625,19.11832427978516,-123.17927551269531,-130.62188720703122
-0.472412109375,0.513427734375,-0.288818359375,87.95166015625,-117.1875,-28.1982421875,22.23160743713379,-119.5892105102539,-126.220703125
0.28515625,-1.056396484375,-0.02001953125,15.13671875,-21.8505859375,-15.44189453125,16.67396354675293,-110.08444213867188,-114.9621353149414
0.158447265625,-0.924560546875,0.02734375,11.962890625,23.01025390625,9.8876953125,15.765951156616213,-109.01583099365234,-115.76188659667969
0.12060546875,-0.9580078125,0.019287109375,11.1083984375,40.52734375,29.35791015625,15.500951766967773,-108.28494262695312,-117.53287506103516
-0.609130859375,-0.926513671875,-0.0732421875,4.7607421875,22.39990234375,6.40869140625,16.17087173461914,-107.87125396728516,-118.3657455444336
-0.05615234375,-1.021728515625,0.065185546875,1.52587890625,-2.99072265625,2.8076171875,15.841792106628418,-106.90240478515624,-118.04092407226562
0.0859375,-0.90576171875,0.01904296875,1.28173828125,1.52587890625,-1.220703125,14.980363845825195,-106.11672973632812,-117.89054107666016
-0.004638671875,-0.940185546875,0.01220703125,-3.173828125,4.39453125,1.8310546875,14.448017120361328,-105.59396362304688,-117.9091567993164
-0.15673828125,-0.64404296875,0.356689453125,-13.73291015625,-10.68115234375,2.197265625,14.703551292419435,-104.40926361083984,-117.09807586669922
0.14892578125,-1.2587890625,0.14306640625,-37.4755859375,-6.04248046875,8.7890625,14.312141418457033,-105.02162170410156,-116.73233032226562
-0.018798828125,-1.076171875,-0.203857421875,-18.00537109375,-1.3427734375,0.9765625,13.839320182800293,-105.53977966308594,-116.6414031982422
-0.08056640625,-1.06591796875,-0.176025390625,2.44140625,5.31005859375,-2.9296875,13.292939186096193,-105.2173309326172,-116.75782012939452
0.150146484375,-0.7607421875,0.10205078125,15.80810546875,-3.72314453125,0.54931640625,12.45078182220459,-103.64929962158205,-116.42244720458984
-0.2822265625,-0.934326171875,0.285400390625,-8.11767578125,-2.62451171875,0.6103515625,12.7077054977417,-102.79242706298828,-116.07083129882812
0.263427734375,-1.1259765625,0.134765625,-21.54541015625,-11.53564453125,2.38037109375,11.941032409667967,-102.7824249267578,-115.4639892578125
-0.2822265625,-0.754638671875,-0.094482421875,-18.1884765625,-3.23486328125,4.94384765625,12.496459007263185,-103.26236724853516,-115.33390045166016
0.274169921875,-0.978759765625,0.008056640625,-1.8310546875,-3.72314453125,-4.7607421875,11.284640312194824,-102.749755859375,-115.0308837890625
-0.186767578125,-1.248291015625,-0.227294921875,-11.04736328125,-2.197265625,18.5546875,11.908641815185547,-103.09532928466795,-115.09325408935548
0.124267578125,-1.171875,0.152099609375,1.46484375,-14.404296875,-6.591796875,11.10719394683838,-102.08550262451172,-114.29773712158205
-0.125732421875,-0.993408203125,0.212158203125,-9.21630859375,-3.11279296875,1.3427734375,11.06110954284668,-101.47330474853516,-114.00084686279295
-0.2001953125,-1.077880859375,-0.0517578125,-21.91162109375,-4.7607421875,8.11767578125,11.399249076843262,-101.9632568359375,-113.8093719482422
0.265869140625,-0.98486328125,0.07763671875,-10.3759765625,-4.94384765625,-3.2958984375,10.31459140777588,-101.68617248535156,-113.46129608154295
0.18603515625,-0.983642578125,0.036376953125,-3.23486328125,-4.8828125,0.48828125,9.567874908447266,-101.2257080078125,-113.17694091796876
-0.14453125,-1.00634765625,0.05224609375,-0.30517578125,-5.859375,3.84521484375,9.717732429504396,-100.62604522705078,-112.87792205810548
0.034423828125,-0.941162109375,0.2001953125,-9.33837890625,-4.7607421875,2.74658203125,9.424680709838867,-100.0671844482422,-112.55896759033205
-0.0654296875,-1.02783203125,0.091796875,-0.732421875,-5.18798828125,3.96728515625,8.569393157958983,-99.4911117553711,-111.54692840576172
0.063232421875,-1.019287109375,0.11962890625,-10.6201171875,-4.57763671875,1.46484375,8.192986488342285,-99.23387908935548,-111.27867126464844
0.06982421875,-1.011474609375,-0.01025390625,-13.12255859375,-4.69970703125,-0.732421875,7.719615459442139,-99.37122344970705,-111.03598022460938
