0.014892578125,0.9873046875,0.05859375,-9.09423828125,-5.55419921875,2.62451171875,-4.503239154815674,78.90194702148438,50.018287658691406
0.02001953125,0.987060546875,0.059326171875,-8.544921875,-5.2490234375,2.197265625,-4.497254848480225,78.8646469116211,49.80489730834961
0.027587890625,0.99072265625,0.0576171875,-8.48388671875,-4.94384765625,1.5869140625,-4.482598781585693,78.83497619628906,49.59859848022461
0.011474609375,0.9921875,0.051025390625,-8.11767578125,-5.2490234375,1.40380859375,-4.427058219909668,78.83734130859375,49.377601623535156
0.017822265625,0.98681640625,0.051513671875,-9.46044921875,-5.31005859375,1.8310546875,-4.40566349029541,78.78394317626953,49.15796279907226
0.023681640625,0.990966796875,0.05078125,-8.48388671875,-4.82177734375,1.8310546875,-4.3947486877441415,78.77225494384766,48.95751190185547
0.032958984375,0.9853515625,0.06298828125,-8.6669921875,-4.7607421875,2.0751953125,-4.414719581604004,78.72470092773438,48.76367568969727
0.020263671875,0.986572265625,0.036376953125,-8.7890625,-5.18798828125,2.13623046875,-4.41115665435791,78.73654174804688,48.54850769042969
0.012451171875,0.9853515625,0.055419921875,-8.6669921875,-5.55419921875,2.25830078125,-4.3969244956970215,78.71016693115234,48.323204040527344
0.026123046875,0.984619140625,0.0546875,-7.75146484375,-4.94384765625,2.13623046875,-4.40528678894043,78.72112274169922,48.12104034423828
0.0166015625,0.986328125,0.059814453125,-8.48388671875,-4.82177734375,1.64794921875,-4.3712310791015625,78.69081115722656,47.92067337036133
0.01416015625,0.9873046875,0.050537109375,-8.97216796875,-5.126953125,2.62451171875,-4.373776912689209,78.663818359375,47.71435546875
0.013427734375,0.990234375,0.047119140625,-8.11767578125,-4.45556640625,2.0751953125,-4.347916603088379,78.67842864990234,47.52955627441406
0.02392578125,0.9873046875,0.052978515625,-8.4228515625,-5.2490234375,2.01416015625,-4.350780487060547,78.66888427734375,47.31434631347656
0.01904296875,0.989501953125,0.058349609375,-8.4228515625,-5.31005859375,1.77001953125,-4.3330817222595215,78.64805603027344,47.09568786621094
0.03564453125,1.0048828125,0.05126953125,-8.11767578125,-5.06591796875,2.13623046875,-4.36545467376709,78.65719604492188,46.88832473754883
0.010986328125,0.986083984375,0.06689453125,-8.544921875,-4.7607421875,2.01416015625,-4.33402681350708,78.6102294921875,46.694541931152344
0.026123046875,0.986083984375,0.044677734375,-8.23974609375,-5.43212890625,1.8310546875,-4.337240695953368,78.63009643554688,46.46931076049805
0.023681640625,0.997802734375,0.051513671875,-9.21630859375,-5.43212890625,2.01416015625,-4.3687801361083975,78.5972671508789,44.95172500610352
0.011474609375,0.983154296875,0.0673828125,-8.48388671875,-5.37109375,2.3193359375,-4.355267524719238,78.55522155761719,44.73635864257813
0.025390625,0.9951171875,0.057861328125,-7.9345703125,-5.18798828125,1.77001953125,-4.351036071777344,78.55987548828125,44.52225875854492
0.021240234375,0.985595703125,0.050048828125,-8.85009765625,-4.94384765625,2.197265625,-4.353024959564209,78.54340362548828,44.31985092163086
0.01611328125,0.986083984375,0.04931640625,-8.7890625,-4.57763671875,2.3193359375,-4.345133304595946,78.53060913085938,44.13260269165039
0.016845703125,0.98681640625,0.053955078125,-6.28662109375,-4.638671875,1.708984375,-4.315581321716309,78.60831451416016,43.93903350830078
0.04296875,0.98974609375,0.0419921875,-8.23974609375,-4.8828125,1.953125,-4.371946334838866,78.63055419921875,43.11271667480469
0.022705078125,0.99755859375,0.060546875,-9.09423828125,-5.31005859375,2.0751953125,-4.373458385467528,78.58041381835938,42.89659118652344
0.0146484375,0.9970703125,0.061279296875,-9.58251953125,-5.43212890625,2.25830078125,-4.3649725914001465,78.51129913330078,42.6771125793457
0.02978515625,0.99365234375,0.05712890625,-8.7890625,-5.55419921875,1.953125,-4.380709171295166,78.48602294921875,42.44987487792969
0.02294921875,0.99658203125,0.04443359375,-7.6904296875,-5.43212890625,1.64794921875,-4.367536544799806,78.53463745117188,42.22263717651367
0.030517578125,0.992431640625,0.05419921875,-8.72802734375,-5.06591796875,1.8310546875,-4.376321792602538,78.5159683227539,42.01316452026367
0.017578125,0.981689453125,0.051513671875,-8.60595703125,-5.18798828125,1.953125,-4.407949924468994,78.5746841430664,39.91720581054688
0.01953125,0.983154296875,0.0634765625,-8.7890625,-4.57763671875,1.77001953125,-4.383967399597168,78.5283203125,39.72791290283203
0.017333984375,0.99853515625,0.039306640625,-9.70458984375,-5.615234375,2.0751953125,-4.376082420349121,78.50687408447266,39.495887756347656
0.019775390625,0.98046875,0.0654296875,-8.6669921875,-5.2490234375,2.01416015625,-4.368995666503906,78.46495056152344,39.28257751464844
0.0419921875,1.006591796875,0.016357421875,-7.9345703125,-4.8828125,2.9296875,-4.44526481628418,78.5659408569336,39.08230209350586
0.013916015625,0.981689453125,0.072509765625,-9.09423828125,-5.55419921875,1.64794921875,-4.409632205963135,78.48992156982422,38.85498046875
0.03173828125,0.9443359375,0.044921875,-3.2958984375,9.033203125,-4.57763671875,-4.400788307189941,78.93587493896484,37.562496185302734
-0.299072265625,0.887451171875,0.029541015625,22.5830078125,30.8837890625,-10.92529296875,-2.8643593788146973,80.09647369384766,38.68258666992188
-0.29736328125,0.900390625,0.076904296875,40.95458984375,-1.77001953125,-5.859375,-1.8267607688903809,81.91300201416016,38.57815933227539
-0.20458984375,1.223876953125,-0.039794921875,49.86572265625,-16.11328125,-20.56884765625,-0.6426075100898743,84.2957992553711,37.837867736816406
-0.364501953125,1.160888671875,-0.141357421875,55.908203125,-5.18798828125,-28.01513671875,1.1556100845336914,86.99187469482422,37.55862045288086
-0.357666015625,1.193603515625,-0.16064453125,64.0869140625,-8.4228515625,-25.390625,2.7621004581451416,89.93280792236328,37.21931838989258
-0.2255859375,1.208740234375,-0.264892578125,57.06787109375,-3.90625,-6.103515625,3.3101286888122563,92.67613983154295,37.09820938110352
-0.249755859375,1.117431640625,-0.25341796875,48.095703125,25.634765625,11.3525390625,3.142929792404175,95.03350067138672,38.11832046508789
-0.293212890625,1.066162109375,-0.2177734375,36.0107421875,48.76708984375,29.11376953125,2.253171682357788,96.79624938964844,39.95426559448242
-0.490966796875,1.035400390625,-0.12744140625,13.73291015625,50.10986328125,42.1142578125,1.2217501401901243,97.39405822753906,41.73078536987305
-0.457275390625,1.05126953125,-0.114013671875,2.74658203125,21.42333984375,41.8701171875,0.3127328157424927,97.45429229736328,42.354530334472656
-0.265380859375,0.95458984375,-0.129150390625,-4.7607421875,-4.638671875,37.78076171875,-0.5641815066337585,97.25948333740234,41.969032287597656
-0.101806640625,0.88330078125,-0.091064453125,-6.4697265625,-5.126953125,38.818359375,-1.791520357131958,96.93913269042969,41.56742477416992
-0.109619140625,0.8486328125,-0.087890625,-1.5869140625,-2.13623046875,42.8466796875,-3.1155080795288086,96.8324203491211,41.2713737487793
-0.094970703125,0.806396484375,-0.070068359375,5.55419921875,-2.01416015625,44.921875,-4.495040416717528,96.98533630371094,40.972694396972656
-0.062255859375,0.835205078125,-0.062744140625,9.765625,-12.6953125,40.95458984375,-5.703463554382324,97.31703186035156,40.26630401611328
0.075927734375,0.915771484375,-0.0234375,11.41357421875,-22.5830078125,36.376953125,-6.9825873374938965,97.64581298828124,39.19488525390625
0.1630859375,0.91796875,-0.023681640625,10.986328125,-18.98193359375,32.40966796875,-8.280331611633299,97.9510269165039,38.286109924316406
0.158935546875,0.84423828125,-0.063720703125,16.78466796875,-12.6953125,27.83203125,-9.396516799926758,98.56676483154295,37.63497543334961
0.23876953125,0.896484375,-0.067626953125,19.34814453125,-20.263671875,26.18408203125,-10.51612949371338,99.32936096191406,36.68248748779297
0.323974609375,0.923828125,-0.071044921875,15.869140625,-28.50341796875,24.59716796875,-11.634056091308596,100.0141830444336,35.40238571166992
0.41015625,0.9052734375,-0.0966796875,15.56396484375,-38.0859375,22.27783203125,-12.723670959472654,100.83683013916016,33.732894897460945
0.431884765625,0.91455078125,-0.188232421875,16.78466796875,-24.71923828125,19.775390625,-13.775044441223145,101.789794921875,32.569541931152344
0.57080078125,0.80810546875,-0.230712890625,13.36669921875,-15.869140625,21.42333984375,-15.265549659729006,102.66143035888672,31.704723358154297
0.502685546875,0.907958984375,-0.22216796875,11.29150390625,-7.01904296875,17.7001953125,-16.399606704711914,103.26184844970705,31.24524307250977
0.392822265625,0.908203125,-0.2158203125,17.76123046875,-10.6201171875,11.23046875,-16.98521614074707,104.11824798583984,30.704059600830078
0.491943359375,0.8740234375,-0.236572265625,22.5830078125,-6.53076171875,3.11279296875,-17.49172019958496,105.134521484375,30.396808624267575
0.42626953125,0.85302734375,-0.25537109375,26.18408203125,5.4931640625,5.126953125,-18.06625366210937,106.17578887939452,30.545146942138672
0.46826171875,0.850830078125,-0.271728515625,30.76171875,7.14111328125,10.986328125,-18.945579528808594,107.40133666992188,30.68174743652344
0.417724609375,0.857177734375,-0.309326171875,34.24072265625,0.732421875,-8.11767578125,-18.871065139770508,108.80711364746094,30.79131317138672
0.201416015625,0.93505859375,-0.486083984375,37.78076171875,2.685546875,-14.6484375,-18.04409408569336,110.56015014648438,31.00138854980469
0.26416015625,1.02294921875,-0.43115234375,11.41357421875,10.31494140625,7.01904296875,-18.26616096496582,111.0014190673828,31.27703857421875
0.110595703125,0.92822265625,-0.28125,-7.38525390625,-0.18310546875,16.17431640625,-18.401968002319336,110.59716796875,31.08149337768555
0.032470703125,1.0771484375,-0.314697265625,-17.08984375,-24.7802734375,20.99609375,-18.043197631835934,110.18460845947266,29.48862075805664
0.19140625,1.01123046875,-0.22509765625,-32.65380859375,-52.6123046875,14.6484375,-17.58184814453125,109.25194549560548,27.299072265625
0.259765625,0.972412109375,-0.224609375,-32.40966796875,-41.8701171875,14.09912109375,-17.45468521118164,108.2471160888672,25.52520751953125
0.38671875,0.874755859375,-0.252685546875,-19.34814453125,-28.25927734375,0.244140625,-17.331621170043945,107.71400451660156,24.427234649658203
0.390380859375,0.667236328125,-0.194580078125,-5.18798828125,-19.6533203125,-18.85986328125,-16.847089767456055,107.59881591796876,23.90829849243164
0.432861328125,0.57177734375,0.117919921875,43.02978515625,-20.1416015625,-47.30224609375,-15.64224338531494,108.42832946777344,23.99816131591797
0.171142578125,0.873779296875,-0.5205078125,16.357421875,0.1220703125,-40.8935546875,-14.092437744140625,108.02242279052734,24.21605682373047
0.100830078125,0.987548828125,-0.34375,-28.3203125,5.31005859375,-2.86865234375,-13.706465721130373,106.8633270263672,24.447811126708984
0.063720703125,0.902099609375,-0.1962890625,-26.85546875,8.60595703125,14.46533203125,-13.970315933227539,105.54430389404295,24.66215896606445
0.135009765625,0.8837890625,-0.109619140625,-20.5078125,3.662109375,9.70458984375,-14.070953369140625,104.49554443359376,24.76111221313477
0.162353515625,0.89990234375,-0.1357421875,-5.2490234375,-0.79345703125,5.43212890625,-14.116975784301758,104.0520248413086,24.734390258789066
0.157958984375,0.89111328125,-0.178955078125,4.82177734375,0.67138671875,7.080078125,-14.227173805236815,104.13109588623048,24.719242095947266
0.12744140625,0.896240234375,-0.232666015625,9.27734375,1.89208984375,13.7939453125,-14.653088569641113,104.54569244384766,24.64802169799805
0.157958984375,0.87548828125,-0.265869140625,13.85498046875,3.41796875,25.146484375,-15.46211051940918,105.21436309814452,24.494075775146484
0.19580078125,0.90380859375,-0.290283203125,17.4560546875,5.37109375,27.64892578125,-16.428396224975586,106.02880859375,24.372249603271484
0.263916015625,0.923095703125,-0.34130859375,18.24951171875,8.30078125,23.3154296875,-17.299911499023438,106.78799438476562,24.47728729248047
0.21142578125,0.951904296875,-0.38037109375,10.009765625,14.09912109375,14.0380859375,-17.776954650878906,107.2586898803711,24.81201934814453
0.160400390625,0.9296875,-0.353271484375,-1.89208984375,8.36181640625,6.28662109375,-17.774553298950195,107.2354507446289,25.02682113647461
0.560302734375,1.0712890625,-0.269775390625,14.58740234375,-4.57763671875,-14.5263671875,-17.651437759399414,108.2641830444336,25.081233978271484
0.1123046875,0.990478515625,-0.538330078125,11.77978515625,3.90625,-4.21142578125,-17.079059600830078,109.08161926269531,25.17087554931641
0.19189453125,0.91552734375,-0.3828125,-12.39013671875,10.68115234375,3.41796875,-17.103248596191403,108.6072235107422,25.506088256835934
0.124267578125,0.907958984375,-0.402587890625,-14.46533203125,11.962890625,7.38525390625,-17.112058639526367,107.69539642333984,25.70556259155273
0.1455078125,0.9482421875,-0.292724609375,-26.79443359375,2.8076171875,1.46484375,-16.852642059326172,106.55848693847656,25.80585479736328
0.177978515625,0.929443359375,-0.281982421875,-25.0244140625,-2.197265625,-8.97216796875,-16.22701644897461,105.55048370361328,25.82012176513672
0.20068359375,0.90576171875,-0.265380859375,-21.6064453125,-6.28662109375,-15.13671875,-15.335046768188475,104.79351043701172,25.731712341308594
0.166259765625,0.886962890625,-0.25732421875,-15.380859375,-3.72314453125,-14.58740234375,-14.530062675476074,104.2183837890625,25.72335433959961
0.126953125,0.90576171875,-0.299560546875,-10.3759765625,-0.91552734375,-8.544921875,-13.915703773498535,103.94207000732422,25.73419952392578
0.145263671875,0.90087890625,-0.330078125,-10.43701171875,1.28173828125,-0.91552734375,-13.786673545837402,103.79401397705078,25.71562576293945
0.160888671875,0.902099609375,-0.3203125,-7.99560546875,1.0986328125,5.615234375,-13.847203254699707,103.69388580322266,25.65129089355469
0.104248046875,0.883056640625,-0.305908203125,-7.26318359375,1.46484375,4.5166015625,-13.740297317504885,103.6052017211914,25.614925384521484
0.322509765625,0.501953125,-0.04638671875,-4.638671875,4.21142578125,16.05224609375,-14.902176856994627,103.46234893798828,25.793296813964844
-0.00244140625,1.024169921875,-0.363525390625,31.8603515625,2.38037109375,0.732421875,-14.364250183105467,104.9489517211914,25.8265380859375
0.135009765625,1.138916015625,-0.510498046875,-7.32421875,0.18310546875,12.3291015625,-14.5217866897583,105.04663848876952,25.61026763916016
0.208740234375,0.936767578125,-0.32080078125,-43.3349609375,-12.3291015625,8.11767578125,-14.47945499420166,103.60610961914062,24.863922119140625
0.2841796875,0.877685546875,-0.34521484375,-38.75732421875,-14.83154296875,-9.6435546875,-14.064866065979006,102.47332000732422,24.286827087402344
0.246826171875,0.839599609375,-0.23779296875,-25.634765625,-7.4462890625,-17.4560546875,-13.390274047851562,101.59933471679688,24.11182403564453
0.1396484375,0.850830078125,-0.214599609375,-15.380859375,0.0,-11.3525390625,-12.906519889831545,101.09099578857422,24.178409576416016
0.119873046875,0.862060546875,-0.24609375,-4.57763671875,-0.18310546875,2.44140625,-12.790783882141113,101.0945281982422,24.110309600830078
0.15966796875,0.883544921875,-0.272705078125,-0.6103515625,-1.40380859375,8.30078125,-12.98620891571045,101.32604217529295,23.93564224243164
0.135498046875,0.8876953125,-0.3046875,-1.40380859375,0.79345703125,8.4228515625,-13.093372344970705,101.61508178710938,23.53843688964844
0.149658203125,0.874755859375,-0.288330078125,-3.662109375,-6.9580078125,5.2490234375,-13.08913803100586,101.7941665649414,23.15686416625977
0.26171875,0.7958984375,-0.168701171875,-2.62451171875,-7.62939453125,-1.64794921875,-13.14852523803711,101.74713134765624,22.866943359375
0.091064453125,0.851806640625,-0.322265625,-0.732421875,-14.0380859375,-21.728515625,-12.369089126586914,101.97020721435548,22.40815734863281
0.07568359375,1.017333984375,-0.387451171875,-10.986328125,0.79345703125,10.3759765625,-12.451992988586426,101.88812255859376,22.275226593017575
0.219970703125,1.008544921875,-0.382080078125,-10.498046875,5.615234375,13.0615234375,-12.975306510925293,101.78096771240234,22.31553840637207
0.1669921875,0.971923828125,-0.270751953125,-15.2587890625,4.39453125,13.85498046875,-13.339938163757324,101.47666931152344,22.25893783569336
0.20751953125,0.879638671875,-0.307373046875,-4.2724609375,-2.8076171875,4.57763671875,-13.467562675476074,101.63591003417969,22.03925132751465
0.1572265625,0.91650390625,-0.286865234375,0.244140625,-6.34765625,-5.0048828125,-13.05550479888916,101.9110870361328,21.77608299255371
0.15966796875,0.93115234375,-0.274169921875,-1.0986328125,-9.33837890625,-8.30078125,-12.544354438781738,102.11981201171876,21.381319046020508
0.177001953125,0.916015625,-0.305908203125,-3.84521484375,-7.50732421875,-1.5869140625,-12.334134101867676,102.26687622070312,21.042705535888672
0.162353515625,0.941162109375,-0.326904296875,-4.2724609375,-1.953125,3.7841796875,-12.34422779083252,102.38118743896484,20.874813079833984
0.119384765625,0.910888671875,-0.3271484375,-7.75146484375,-0.54931640625,7.26318359375,-12.42216968536377,102.35670471191406,20.707107543945312
0.02685546875,0.846435546875,-0.2568359375,-17.15087890625,-2.86865234375,25.146484375,-12.955113410949707,101.91329956054688,20.332433700561523
0.155517578125,0.976318359375,-0.37548828125,-19.1650390625,0.0,48.4619140625,-14.670971870422365,101.59783172607422,19.83846664428711
0.247802734375,0.956298828125,-0.33251953125,12.63427734375,-10.7421875,-6.7138671875,-13.50175952911377,103.20262908935548,19.693279266357425
0.15771484375,0.960205078125,-0.43603515625,21.42333984375,-9.1552734375,-16.78466796875,-12.573020935058596,104.54177856445312,19.395652770996094
0.26806640625,0.989501953125,-0.364501953125,0.67138671875,-6.103515625,2.0751953125,-12.658477783203125,104.83621978759766,19.08629035949707
0.1513671875,0.915771484375,-0.314697265625,-16.29638671875,-11.8408203125,2.74658203125,-12.411319732666016,103.90912628173828,18.495981216430664
0.212646484375,0.99853515625,-0.3857421875,-35.0341796875,-10.92529296875,1.64794921875,-12.328969955444336,102.87696075439452,17.985830307006836
0.16259765625,0.848876953125,-0.256103515625,-33.50830078125,-5.06591796875,1.220703125,-12.25579833984375,101.72314453125,17.741168975830078
0.1787109375,0.88623046875,-0.28759765625,-23.3154296875,-4.638671875,1.64794921875,-12.229703903198242,101.2349090576172,17.496063232421875
0.21630859375,0.857666015625,-0.292236328125,-9.94873046875,-5.06591796875,3.5400390625,-12.378288269042967,101.17125701904295,17.203765869140625
0.212646484375,0.87158203125,-0.287109375,-5.37109375,-1.40380859375,6.16455078125,-12.63667106628418,101.24430084228516,17.040565490722653
0.116455078125,0.83056640625,-0.31396484375,1.5869140625,-0.6103515625,13.12255859375,-13.238089561462402,101.85847473144531,16.85794448852539
0.3173828125,0.989501953125,-0.554443359375,11.962890625,1.77001953125,23.74267578125,-14.291459083557127,103.03390502929688,16.562105178833008
0.097412109375,1.1328125,-0.452880859375,16.2353515625,-10.80322265625,-0.91552734375,-13.773236274719238,104.12849426269531,16.056350708007812
0.164794921875,1.032470703125,-0.420654296875,-9.09423828125,-12.39013671875,6.53076171875,-13.82491397857666,104.1792449951172,15.352094650268555
0.156982421875,1.073974609375,-0.470703125,-24.35302734375,-15.380859375,9.1552734375,-13.789055824279785,103.74319458007812,14.55532455444336
0.2421875,0.97021484375,-0.43505859375,-48.9501953125,-24.169921875,3.41796875,-13.670369148254395,102.4221649169922,13.45840072631836
0.215087890625,0.852294921875,-0.27685546875,-58.16650390625,-25.146484375,9.521484375,-14.000214576721193,100.5778579711914,12.428586959838867
0.250244140625,0.798095703125,-0.25927734375,-52.06298828125,-20.44677734375,12.75634765625,-14.466514587402346,98.9975357055664,11.441141128540039
0.27587890625,0.750732421875,-0.17919921875,-26.3671875,-16.54052734375,0.91552734375,-14.60750675201416,98.26956939697266,10.722797393798828
0.1748046875,0.896728515625,-0.23828125,-14.7705078125,-13.85498046875,3.41796875,-14.397446632385256,98.42422485351562,10.004444122314453
0.219482421875,0.87548828125,-0.242919921875,-3.7841796875,-23.681640625,-9.033203125,-13.867039680480955,98.76286315917969,9.029335021972656
0.237548828125,0.827392578125,-0.212158203125,6.77490234375,-24.10888671875,-15.869140625,-13.154537200927734,99.44574737548828,8.106237411499022
0.202880859375,0.898193359375,-0.2998046875,10.498046875,-14.892578125,-11.8408203125,-12.730128288269045,100.29925537109376,7.650869369506836
0.163818359375,0.930419921875,-0.3193359375,7.8125,0.48828125,4.45556640625,-12.781871795654295,100.94660186767578,7.563323974609375
0.151123046875,0.97509765625,-0.344970703125,1.89208984375,5.67626953125,13.73291015625,-13.189237594604492,101.32450103759766,7.608085632324219
0.12255859375,1.008056640625,-0.35986328125,-9.033203125,3.2958984375,12.6953125,-13.375029563903807,101.12299346923828,7.452935218811035
0.1669921875,1.009033203125,-0.345703125,-24.10888671875,-7.2021484375,2.9296875,-13.260449409484865,100.53004455566406,7.068408966064452
0.193603515625,1.037841796875,-0.365234375,-33.26416015625,-9.21630859375,-3.90625,-12.916478157043455,99.6179428100586,6.644810676574707
0.21728515625,1.1025390625,-0.39794921875,-41.56494140625,-4.94384765625,-5.126953125,-12.699834823608398,98.18811798095705,6.507834434509277
0.13671875,1.095703125,-0.3876953125,-56.33544921875,5.18798828125,5.37109375,-12.710874557495115,96.33462524414062,6.588604927062987
0.092041015625,1.117919921875,-0.370361328125,-62.31689453125,2.25830078125,12.8173828125,-12.912799835205078,94.3030014038086,6.519797325134277
0.146240234375,1.173583984375,-0.341552734375,-62.8662109375,-0.79345703125,20.20263671875,-13.609542846679688,92.28556823730469,6.347128868103027
0.1904296875,1.133544921875,-0.31640625,-65.49072265625,6.16455078125,35.58349609375,-14.87224006652832,90.13134765625,6.4390153884887695
0.185546875,1.134033203125,-0.2802734375,-68.84765625,14.46533203125,45.8984375,-16.477516174316403,87.7476577758789,6.923820495605469
0.15283203125,1.063232421875,-0.2236328125,-70.73974609375,15.56396484375,52.79541015625,-18.26268768310547,85.2472152709961,7.497669219970702
0.22021484375,1.031982421875,-0.197509765625,-69.3359375,11.474609375,55.48095703125,-20.187801361083984,82.85687255859375,8.015657424926758
0.26611328125,0.996337890625,-0.166015625,-63.8427734375,13.24462890625,56.15234375,-22.14571952819824,80.63764190673828,8.6822509765625
0.259033203125,0.99169921875,-0.1728515625,-55.84716796875,19.6533203125,60.72998046875,-24.240583419799805,78.69701385498047,9.835039138793944
0.27392578125,0.970703125,-0.125,-49.1943359375,25.69580078125,73.73046875,-26.60515785217285,76.71610260009766,11.311792373657227
0.303466796875,0.95751953125,-0.103515625,-46.93603515625,25.69580078125,82.21435546875,-29.22731590270996,74.68545532226562,12.978498458862305
0.399169921875,0.896484375,-0.065673828125,-44.677734375,26.30615234375,87.0361328125,-32.13494110107422,72.44293212890625,14.960515975952148
0.41455078125,0.8525390625,-0.0283203125,-44.86083984375,28.62548828125,88.9892578125,-34.94612503051758,69.97264099121094,17.191045761108402
0.433837890625,0.81787109375,0.008544921875,-40.4052734375,28.076171875,87.46337890625,-37.58127975463867,67.47161102294922,19.57830619812012
0.517578125,0.82421875,-0.00439453125,-32.71484375,28.076171875,80.99365234375,-39.8897705078125,65.31182098388672,21.930002212524414
0.51513671875,0.810791015625,0.016845703125,-31.1279296875,30.76171875,73.91357421875,-41.818336486816406,62.98877716064453,24.44538497924805
0.4990234375,0.751708984375,0.0390625,-33.203125,29.052734375,72.08251953125,-43.58832931518555,60.49139404296875,26.99090576171875
0.541259765625,0.705078125,0.07861328125,-33.50830078125,27.77099609375,69.9462890625,-45.23691940307617,57.85463333129883,29.53015518188477
0.548583984375,0.685791015625,0.099853515625,-31.25,27.34375,63.53759765625,-46.58946228027344,55.23564910888672,32.121265411376946
0.516845703125,0.683837890625,0.100341796875,-26.0009765625,27.16064453125,59.6923828125,-47.63665390014648,52.91487884521485,34.60863494873047
0.523681640625,0.665283203125,0.1494140625,-18.798828125,23.4375,58.7158203125,-48.65818786621094,50.9936637878418,37.00258255004883
0.540771484375,0.664794921875,0.16796875,-6.53076171875,19.71435546875,62.5,-49.7793083190918,49.30204772949219,39.52338409423828
0.56689453125,0.710205078125,0.131591796875,3.47900390625,22.8271484375,67.626953125,-50.92325973510742,47.84429931640625,42.32830429077149
0.60107421875,0.716552734375,0.090576171875,6.4697265625,30.70068359375,75.68359375,-52.11975479125977,45.77837753295898,46.05495071411133
0.65673828125,0.671142578125,0.134521484375,4.150390625,32.53173828125,76.416015625,-53.21732711791992,43.33125305175781,50.0079116821289
0.69921875,0.6064453125,0.135498046875,5.7373046875,25.7568359375,65.91796875,-54.2432861328125,41.35879135131836,53.348388671875
0.748779296875,0.636962890625,0.081298828125,11.04736328125,23.3154296875,57.67822265625,-55.11632919311523,40.09696578979492,56.17025756835938
0.77685546875,0.66552734375,0.0576171875,9.521484375,30.2734375,72.93701171875,-56.13606643676758,37.86516189575195,60.04212188720703
0.85595703125,0.697021484375,0.100341796875,3.5400390625,34.3017578125,89.53857421875,-57.25714492797852,34.14670944213867,65.31396484375
0.868896484375,0.740478515625,0.12548828125,8.48388671875,36.56005859375,98.20556640625,-58.21708297729492,29.98249435424805,71.4460678100586
0.87353515625,0.776123046875,0.09326171875,20.1416015625,37.04833984375,104.91943359375,-59.01503372192383,25.83925819396973,77.97918701171875
0.861572265625,0.79931640625,0.10693359375,19.6533203125,41.68701171875,112.9150390625,-59.43737030029297,21.016998291015625,85.27604675292969
0.83740234375,0.7431640625,0.134033203125,11.23046875,41.6259765625,114.990234375,-59.55284881591797,15.549665451049805,92.6717300415039
0.795654296875,0.665771484375,0.174072265625,-4.21142578125,32.2265625,111.4501953125,-59.55049514770508,9.970887184143066,99.70905303955078
0.7998046875,0.56494140625,0.175048828125,-6.9580078125,28.01513671875,108.09326171875,-59.41426467895508,4.467545032501222,106.4891586303711
0.765869140625,0.44921875,0.22314453125,-4.638671875,26.18408203125,106.8115234375,-58.99531555175781,-0.9812337160110474,113.24214935302734
0.802001953125,0.413818359375,0.24658203125,-4.45556640625,21.3623046875,108.33740234375,-58.40252304077149,-6.299966812133789,119.87947082519531
0.843994140625,0.42041015625,0.233154296875,-5.4931640625,19.95849609375,109.0087890625,-57.63848495483398,-11.342080116271973,126.211181640625
0.85595703125,0.43212890625,0.1787109375,-8.72802734375,19.95849609375,107.7880859375,-56.757530212402344,-15.967462539672852,131.9676513671875
0.87890625,0.432861328125,0.1708984375,-8.85009765625,20.01953125,106.201171875,-55.7186393737793,-20.159574508666992,137.28152465820312
0.89501953125,0.47802734375,0.15283203125,-8.60595703125,22.8271484375,103.759765625,-54.50309371948242,-23.656028747558594,141.88235473632812
0.861572265625,0.36669921875,0.18310546875,-10.6201171875,20.5078125,95.0927734375,-53.46253204345703,-26.67401885986328,145.7150421142578
0.903564453125,0.251953125,0.1767578125,-14.0380859375,12.939453125,83.3740234375,-52.63412857055664,-29.65509414672852,149.28158569335938
0.94775390625,0.1767578125,0.19482421875,-11.8408203125,14.58740234375,79.89501953125,-51.66920852661133,-32.360389709472656,152.54946899414062
0.8994140625,0.19970703125,0.1962890625,-8.23974609375,21.42333984375,79.58984375,-50.41177368164063,-34.25670623779297,155.119384765625
0.872802734375,0.2314453125,0.19580078125,-8.9111328125,23.193359375,74.21875,-49.2637825012207,-35.72759246826172,157.1893768310547
0.90478515625,0.229736328125,0.216064453125,-14.0380859375,23.4375,72.20458984375,-48.124717712402344,-37.186927795410156,159.0224151611328
0.85791015625,0.157958984375,0.273681640625,-16.2353515625,21.17919921875,67.68798828125,-47.09725952148438,-38.52277374267578,160.61911010742188
0.8740234375,0.128173828125,0.2900390625,-16.41845703125,11.90185546875,60.60791015625,-46.38862609863281,-39.85833740234375,162.1916046142578
0.888671875,0.111572265625,0.25439453125,-15.80810546875,7.4462890625,57.0068359375,-45.9566879272461,-41.22270584106445,163.78659057617188
0.9287109375,0.0625,0.229736328125,-15.93017578125,4.8828125,55.17578125,-45.66377639770508,-42.72819900512695,165.49508666992188
0.97509765625,0.041748046875,0.225341796875,-11.474609375,7.50732421875,54.87060546875,-45.25706481933594,-44.01062393188477,167.05824279785156
0.97802734375,0.064697265625,0.20556640625,-8.48388671875,11.90185546875,52.18505859375,-44.84746170043945,-44.90137481689453,168.2629852294922
0.958984375,0.033935546875,0.25927734375,-7.9345703125,14.95361328125,48.27880859375,-44.34767150878906,-45.43608474731445,169.04541015625
0.96826171875,0.022216796875,0.28173828125,-6.7138671875,17.7001953125,46.2646484375,-43.80030822753906,-45.78161239624024,169.65553283691406
0.946533203125,0.01708984375,0.292724609375,-6.53076171875,16.90673828125,47.30224609375,-43.22874069213867,-46.1211929321289,170.30052185058594
0.92724609375,0.021484375,0.300048828125,-5.9814453125,10.31494140625,45.22705078125,-42.95405578613281,-46.60022354125977,171.18292236328125
0.934326171875,-0.016357421875,0.295166015625,-5.9814453125,5.615234375,45.0439453125,-42.725677490234375,-47.1814079284668,-187.80650329589844
0.93212890625,0.00439453125,0.322998046875,-6.16455078125,4.94384765625,42.96875,-42.55990982055664,-47.60710144042969,-186.9424591064453
0.9267578125,-0.048583984375,0.2998046875,-7.32421875,3.35693359375,40.4052734375,-42.5128288269043,-48.19646453857422,-186.0408477783203
0.950927734375,-0.09033203125,0.30224609375,-7.99560546875,3.23486328125,39.97802734375,-42.3997802734375,-48.88309860229492,-185.08567810058597
0.91845703125,-0.070556640625,0.3056640625,-5.06591796875,5.67626953125,40.4052734375,-42.2099723815918,-49.30254745483398,-184.28955078125
0.901123046875,-0.052734375,0.287109375,-4.150390625,3.23486328125,40.46630859375,-42.14685821533203,-49.71553039550781,-183.4127349853516
0.91552734375,-0.06494140625,0.283447265625,-6.16455078125,1.89208984375,39.97802734375,-42.1029167175293,-50.27703094482422,-182.4851226806641
0.9306640625,-0.12109375,0.301513671875,-7.50732421875,3.23486328125,38.9404296875,-41.96073532104492,-50.892051696777344,-181.6170654296875
0.93115234375,-0.1328125,0.32373046875,-7.75146484375,3.84521484375,38.57421875,-41.75863265991211,-51.44734573364258,-180.81642150878903
0.890869140625,-0.12353515625,0.34375,-7.8125,1.3427734375,36.92626953125,-41.63977432250977,-51.92242431640625,-180.06057739257812
0.87353515625,-0.108154296875,0.334716796875,-8.23974609375,-5.615234375,33.3251953125,-41.82499313354492,-52.4937629699707,-179.15879821777344
0.95751953125,-0.1484375,0.31201171875,-9.8876953125,-7.32421875,31.31103515625,-42.08956527709961,-53.25008773803711,-178.22915649414062
0.96826171875,-0.169677734375,0.31298828125,-10.498046875,1.220703125,30.6396484375,-42.1739501953125,-53.84025192260742,-177.6055450439453
0.933837890625,-0.18359375,0.31201171875,-9.94873046875,5.67626953125,29.052734375,-42.157264709472656,-54.23851013183594,-177.2397003173828
0.884521484375,-0.165283203125,0.348388671875,-10.8642578125,4.21142578125,26.0009765625,-42.27959442138672,-54.55604553222656,-176.98916625976562
0.845458984375,-0.151123046875,0.359619140625,-12.51220703125,-2.01416015625,21.66748046875,-42.59364318847656,-54.8808822631836,-176.6917266845703
0.856689453125,-0.1513671875,0.3662109375,-14.22119140625,-7.8125,18.98193359375,-43.11398696899414,-55.37972259521485,-176.23175048828125
0.888671875,-0.173583984375,0.32080078125,-15.80810546875,-11.8408203125,15.9912109375,-43.856529235839844,-56.14154052734375,-175.60763549804688
0.90478515625,-0.203125,0.31884765625,-14.2822265625,-6.65283203125,15.869140625,-44.41947555541992,-56.76730346679688,-175.15603637695312
0.9111328125,-0.205810546875,0.339599609375,-12.26806640625,-4.57763671875,15.19775390625,-44.91352844238281,-57.17263793945313,-174.87066650390625
0.873779296875,-0.204833984375,0.32568359375,-9.82666015625,-5.4931640625,13.3056640625,-45.50800323486328,-57.53485107421875,-174.56971740722656
0.890380859375,-0.20166015625,0.332275390625,-10.68115234375,-10.009765625,11.77978515625,-46.1883544921875,-57.97820281982422,-174.1444091796875
0.919677734375,-0.220458984375,0.318603515625,-9.765625,-9.94873046875,10.6201171875,-46.88856887817383,-58.44086074829102,-173.702392578125
0.949951171875,-0.1943359375,0.3193359375,-9.6435546875,-8.23974609375,11.1083984375,-47.54064559936523,-58.82556533813477,-173.4175262451172
0.9296875,-0.23193359375,0.322998046875,-11.65771484375,-6.04248046875,12.26806640625,-48.0364875793457,-59.260032653808594,-173.13101196289062
0.93701171875,-0.247802734375,0.31982421875,-10.43701171875,-7.080078125,13.36669921875,-48.47942733764648,-59.74391174316406,-172.73715209960938
0.9482421875,-0.224853515625,0.296142578125,-9.521484375,-7.568359375,13.0615234375,-48.99983215332031,-60.22753524780274,-172.32403564453125
0.96630859375,-0.234619140625,0.296875,-10.009765625,-5.43212890625,13.0615234375,-49.44897079467773,-60.65608215332031,-172.0101318359375
0.943115234375,-0.2412109375,0.322509765625,-9.3994140625,-0.9765625,13.00048828125,-49.74226379394531,-60.79328536987305,-172.0074005126953
0.90283203125,-0.22607421875,0.31103515625,-8.11767578125,2.01416015625,14.22119140625,-49.91981506347656,-60.724037170410156,-172.16236877441406
0.876953125,-0.22509765625,0.335693359375,-7.26318359375,-0.30517578125,15.07568359375,-50.06860733032226,-60.68819046020508,-172.22071838378906
0.871337890625,-0.231689453125,0.350830078125,-7.6904296875,-5.126953125,12.5732421875,-50.35822296142578,-60.77896499633789,-172.117919921875
0.910888671875,-0.2451171875,0.317138671875,-7.32421875,-8.72802734375,8.48388671875,-50.92433166503906,-60.9924201965332,-171.9277801513672
0.91015625,-0.25732421875,0.32275390625,-7.50732421875,-5.31005859375,6.4697265625,-51.41732788085938,-61.08698654174805,-171.8927764892578
0.908203125,-0.228515625,0.327392578125,-6.103515625,-3.11279296875,5.43212890625,-51.92864990234375,-60.92756271362305,-172.07766723632812
0.88818359375,-0.2109375,0.3330078125,-7.2021484375,-4.45556640625,4.33349609375,-52.4661750793457,-60.7929801940918,-172.268798828125
0.88916015625,-0.2578125,0.34326171875,-9.82666015625,-6.65283203125,3.96728515625,-52.9720458984375,-60.90966796875,-172.3000030517578
0.88330078125,-0.272705078125,0.33544921875,-9.8876953125,-10.009765625,2.13623046875,-53.56286239624024,-61.18837356567383,-172.15609741210938
0.919677734375,-0.26708984375,0.311279296875,-9.82666015625,-10.80322265625,0.79345703125,-54.27182006835938,-61.52517700195313,-171.97496032714844
0.9375,-0.249755859375,0.310546875,-10.68115234375,-7.50732421875,0.6103515625,-54.93102645874024,-61.724021911621094,-171.99774169921875
0.93115234375,-0.24462890625,0.3271484375,-10.43701171875,-4.39453125,0.18310546875,-55.50886917114258,-61.66674041748047,-172.29571533203125
0.90185546875,-0.236328125,0.330810546875,-10.7421875,-5.55419921875,1.52587890625,-56.03875350952149,-61.712608337402344,-172.43618774414062
0.906982421875,-0.255126953125,0.3232421875,-10.55908203125,-7.62939453125,2.5634765625,-56.51582717895508,-61.9127197265625,-172.44261169433594
0.9072265625,-0.269287109375,0.327880859375,-9.765625,-9.21630859375,2.86865234375,-56.96321487426758,-62.185340881347656,-172.3306884765625
0.917236328125,-0.2509765625,0.30908203125,-8.6669921875,-9.6435546875,1.0986328125,-57.51425170898438,-62.28150177001953,-172.36181640625
0.919921875,-0.267822265625,0.305908203125,-7.568359375,-3.96728515625,1.52587890625,-57.90947723388672,-62.20370101928711,-172.59275817871094
0.919921875,-0.244384765625,0.310302734375,-6.53076171875,-2.44140625,2.86865234375,-58.25143051147461,-61.96940612792969,-172.94044494628906
0.91162109375,-0.241943359375,0.327392578125,-6.16455078125,-3.60107421875,3.5400390625,-58.60237503051758,-61.79150390625,-173.1756591796875
0.918212890625,-0.240478515625,0.32373046875,-6.591796875,-4.8828125,2.86865234375,-58.95339965820313,-61.6480712890625,-173.4068145751953
0.905029296875,-0.27294921875,0.357421875,-7.75146484375,-5.126953125,2.01416015625,-59.221961975097656,-61.48224258422852,-173.7037353515625
0.901611328125,-0.24365234375,0.33056640625,-8.30078125,-6.4697265625,1.28173828125,-59.627235412597656,-61.48226165771485,-173.88255310058594
0.92138671875,-0.25927734375,0.337646484375,-8.97216796875,-7.32421875,0.42724609375,-60.02368927001953,-61.49704360961914,-174.04481506347656
0.904296875,-0.243896484375,0.324951171875,-9.1552734375,-7.9345703125,0.3662109375,-60.44353485107422,-61.5519027709961,-174.17079162597656
0.893798828125,-0.235595703125,0.333984375,-10.19287109375,-9.033203125,-0.732421875,-60.877113342285156,-61.66943740844727,-174.3014678955078
0.907470703125,-0.242431640625,0.319091796875,-11.71875,-8.97216796875,-1.220703125,-61.34946823120117,-61.85216522216797,-174.40623474121094
0.920166015625,-0.268310546875,0.326904296875,-11.23046875,-8.9111328125,-1.8310546875,-61.78009796142578,-62.02476501464844,-174.5122528076172
0.912353515625,-0.25439453125,0.3251953125,-9.6435546875,-9.46044921875,-3.23486328125,-62.30124282836914,-62.14159393310547,-174.58685302734375
0.9150390625,-0.2451171875,0.315673828125,-8.23974609375,-10.7421875,-3.7841796875,-62.84431838989258,-62.22196578979492,-174.6597900390625
0.909912109375,-0.239501953125,0.29931640625,-7.01904296875,-7.8125,-3.90625,-63.33934783935547,-62.08828353881836,-174.93301391601562
0.90283203125,-0.2392578125,0.306640625,-7.568359375,-7.2021484375,-4.39453125,-63.82736587524414,-61.8558464050293,-175.3435821533203
0.891357421875,-0.236328125,0.2998046875,-8.11767578125,-9.033203125,-6.04248046875,-64.36923217773439,-61.7431755065918,-175.64175415039062
0.88671875,-0.240478515625,0.318359375,-6.53076171875,-9.33837890625,-7.9345703125,-64.92955780029297,-61.42919158935547,-176.0794219970703
0.891357421875,-0.222900390625,0.3017578125,-6.04248046875,-9.27734375,-9.70458984375,-65.58272552490234,-60.98236083984375,-176.6866912841797
0.89599609375,-0.244140625,0.3017578125,-6.7138671875,-7.62939453125,-13.00048828125,-66.2515869140625,-60.39921188354492,-177.45098876953125
0.880859375,-0.22021484375,0.321044921875,-5.18798828125,-8.9111328125,-16.41845703125,-67.04141235351561,-59.4912338256836,-178.47274780273438
0.856689453125,-0.20263671875,0.29248046875,-4.57763671875,-10.3759765625,-19.6533203125,-68.03395843505861,-58.36579132080078,-179.73089599609375
0.84912109375,-0.190673828125,0.296630859375,-5.9814453125,-12.02392578125,-26.4892578125,-69.19003295898439,-57.09505081176758,-181.1744384765625
0.838134765625,-0.181640625,0.291748046875,-7.2021484375,-12.75634765625,-32.2265625,-70.50045776367188,-55.43913269042969,-183.07443237304688
0.817138671875,-0.195556640625,0.31689453125,-7.26318359375,-14.09912109375,-36.865234375,-71.92731475830078,-53.25799942016602,-185.4978485107422
0.863037109375,-0.193115234375,0.28076171875,-6.591796875,-18.5546875,-43.64013671875,-73.571044921875,-50.9305534362793,-188.07481384277344
0.9140625,-0.1640625,0.269287109375,-4.57763671875,-19.8974609375,-47.30224609375,-75.343994140625,-47.75486755371094,168.56939697265625
0.948974609375,-0.127685546875,0.260986328125,-2.44140625,-17.4560546875,-51.6357421875,-77.07783508300781,-42.126258850097656,162.82151794433594
0.900634765625,-0.0888671875,0.29345703125,-1.3427734375,-8.60595703125,-57.67822265625,-78.43136596679688,-32.61635208129883,153.0843048095703
0.867919921875,-0.063232421875,0.2998046875,-4.33349609375,-7.75146484375,-61.4013671875,-79.38404846191406,-19.949132919311523,139.9256591796875
0.915771484375,-0.048583984375,0.31787109375,-6.7138671875,-13.36669921875,-63.1103515625,-80.01739501953125,-4.931641578674316,124.19229125976562
0.915771484375,-0.019775390625,0.310546875,-6.103515625,-20.01953125,-67.81005859375,-80.21504211425781,12.261176109313965,106.16951751708984
0.95751953125,-0.014892578125,0.263427734375,-6.103515625,-22.27783203125,-69.3359375,-79.85921478271484,29.23818588256836,88.38811492919922
1.00537109375,-0.01806640625,0.247314453125,-6.77490234375,-19.22607421875,-69.15283203125,-78.84540557861328,42.61554718017578,74.36299133300781
1.013427734375,0.030029296875,0.288330078125,-3.7841796875,-14.09912109375,-70.1904296875,-77.19307708740234,52.19125366210938,64.39214324951172
0.945068359375,0.093994140625,0.25830078125,-2.13623046875,-12.14599609375,-74.52392578125,-75.05534362792969,59.43056869506836,56.86312103271485
0.926025390625,0.083740234375,0.25244140625,-1.15966796875,-14.09912109375,-76.66015625,-72.79446411132812,64.86302185058594,51.11626815795898
0.988037109375,0.1259765625,0.242919921875,0.91552734375,-16.54052734375,-74.21875,-70.55887603759766,69.17283630371094,46.57619857788086
0.947265625,0.1611328125,0.260986328125,1.64794921875,-16.17431640625,-76.11083984375,-68.13800811767578,72.363037109375,43.15542602539063
0.93798828125,0.206298828125,0.250244140625,-0.18310546875,-17.333984375,-83.8623046875,-65.3193359375,75.16145324707031,40.0010986328125
0.96044921875,0.1845703125,0.2373046875,-0.9765625,-15.7470703125,-89.29443359375,-62.44977951049805,77.19189453125,37.56021118164063
0.930908203125,0.23974609375,0.266845703125,-0.54931640625,-17.15087890625,-94.482421875,-59.3153076171875,78.81775665283203,35.47287368774414
0.84326171875,0.309814453125,0.3115234375,-5.18798828125,-21.728515625,-99.06005859375,-55.7797966003418,80.22453308105469,33.18662643432617
0.775634765625,0.350830078125,0.27197265625,-14.0380859375,-35.64453125,-106.689453125,-52.09832000732422,81.61809539794922,30.438365936279297
0.851806640625,0.337890625,0.23046875,-18.12744140625,-45.10498046875,-109.619140625,-48.56909561157226,83.0828628540039,27.28438949584961
0.90869140625,0.3876953125,0.199462890625,-16.54052734375,-50.4150390625,-109.0087890625,-45.11491394042969,84.71475219726562,24.014129638671875
0.990234375,0.452880859375,0.156982421875,-11.90185546875,-44.677734375,-104.91943359375,-41.85066223144531,85.92456817626953,21.34279441833496
0.922119140625,0.4716796875,0.16064453125,-11.41357421875,-32.89794921875,-103.57666015625,-38.60784530639648,86.4419174194336,19.532337188720703
0.814208984375,0.42431640625,0.198486328125,-13.00048828125,-31.92138671875,-107.2998046875,-35.24842071533203,86.53833770751953,17.918212890625
0.789306640625,0.48388671875,0.2119140625,-8.48388671875,-50.10986328125,-108.0322265625,-31.910602569580078,87.1527328491211,15.559022903442385
0.8671875,0.552490234375,0.202392578125,-7.14111328125,-56.57958984375,-106.38427734375,-28.71792221069336,87.85035705566406,12.979854583740234
0.848388671875,0.604736328125,0.176513671875,-8.11767578125,-51.6357421875,-107.0556640625,-25.45403861999512,88.12580871582031,10.78777313232422
0.7578125,0.611572265625,0.17724609375,-17.88330078125,-47.4853515625,-105.77392578125,-22.25987243652344,87.90682983398438,8.750335693359375
0.765625,0.59033203125,0.184326171875,-20.44677734375,-52.24609375,-106.99462890625,-19.186399459838867,87.52862548828125,6.51739501953125
0.7763671875,0.591552734375,0.1787109375,-16.05224609375,-57.18994140625,-105.77392578125,-16.322572708129886,87.54102325439453,3.948363304138184
0.845947265625,0.6884765625,0.09521484375,-9.09423828125,-52.24609375,-103.3935546875,-13.567255020141602,87.62902069091797,1.6686067581176758
0.740234375,0.72900390625,0.066650390625,-18.12744140625,-44.677734375,-101.07421875,-10.812164306640623,87.23444366455078,-0.2982454299926758
0.682861328125,0.740234375,0.1083984375,-35.82763671875,-55.60302734375,-100.89111328125,-8.170092582702638,85.83280181884766,-2.9787611961364746
0.787353515625,0.60888671875,0.154296875,-51.08642578125,-79.4677734375,-97.412109375,-6.1311988830566415,83.9679183959961,-6.436208724975586
0.956787109375,0.546875,0.130615234375,-41.8701171875,-78.55224609375,-95.5810546875,-4.53315544128418,82.4675064086914,-9.962647438049316
0.93896484375,0.542236328125,0.122314453125,-19.8974609375,-57.7392578125,-95.0927734375,-2.899779796600342,81.94519805908203,-12.459171295166016
0.68896484375,0.594970703125,0.171630859375,4.150390625,-45.10498046875,-90.39306640625,-1.1893529891967771,81.96934509277344,-14.724781036376953
0.60302734375,0.6181640625,0.1455078125,14.7705078125,-57.0068359375,-88.2568359375,0.4654651582241058,82.41584014892578,-17.449478149414062
0.677734375,0.686767578125,0.03857421875,22.3388671875,-65.3076171875,-90.88134765625,2.1789650917053223,83.47063446044922,-20.36481475830078
0.66015625,0.75048828125,-0.023193359375,19.95849609375,-43.76220703125,-86.73095703125,3.87613582611084,84.39271545410156,-22.46196746826172
0.51611328125,0.75341796875,-0.01220703125,7.99560546875,-35.2783203125,-76.47705078125,5.374497890472412,84.77778625488281,-24.137117385864254
0.486328125,0.745849609375,0.0380859375,-1.52587890625,-40.0390625,-69.27490234375,6.61235237121582,84.56729125976562,-26.08234786987305
0.4169921875,0.85986328125,-0.01904296875,-3.96728515625,-52.001953125,-75.1953125,8.183226585388184,84.3299789428711,-28.420433044433594
0.5498046875,0.836181640625,-0.080810546875,-10.43701171875,-45.166015625,-72.6318359375,9.388751983642578,83.9520034790039,-30.467700958251953
0.45068359375,0.847412109375,-0.06396484375,-14.892578125,-15.80810546875,-57.55615234375,10.12794303894043,83.6230239868164,-30.9940242767334
0.3427734375,0.92919921875,-0.04248046875,-15.80810546875,-1.64794921875,-42.66357421875,10.666110038757324,83.27033233642578,-31.18776893615723
0.280029296875,0.96630859375,-0.06298828125,-19.4091796875,-5.615234375,-39.48974609375,11.183899879455566,82.80606079101562,-31.52426338195801
0.25146484375,1.028076171875,-0.06298828125,-26.55029296875,-15.80810546875,-39.61181640625,11.808558464050293,81.93962097167969,-32.37017059326172
0.360107421875,1.024169921875,-0.055908203125,-35.58349609375,-8.60595703125,-37.41455078125,12.063952445983887,80.8135986328125,-32.841842651367195
0.260009765625,0.98681640625,0.013671875,-35.46142578125,1.5869140625,-33.99658203125,12.388822555541992,79.67725372314453,-32.928955078125
0.246337890625,1.01953125,0.024169921875,-31.3720703125,-6.9580078125,-42.41943359375,13.151002883911133,78.67698669433594,-33.669784545898445
0.249267578125,1.064697265625,-0.02734375,-29.052734375,-14.404296875,-59.63134765625,14.366473197937012,77.75244140625,-34.6202392578125
0.224853515625,0.995849609375,0.002197265625,-36.0107421875,-8.6669921875,-56.396484375,15.46023178100586,76.56140899658203,-35.350250244140625
0.188232421875,0.96484375,0.04150390625,-29.541015625,-0.3662109375,-43.27392578125,16.114826202392578,75.92049407958984,-35.53248596191406
0.076171875,1.04150390625,0.032470703125,-10.3759765625,-0.6103515625,-37.59765625,16.786474227905273,75.88104248046875,-35.79460525512695
0.018798828125,1.117431640625,-0.03173828125,-8.11767578125,-6.2255859375,-36.80419921875,17.479154586791992,76.00438690185547,-36.2318000793457
-0.000244140625,1.15380859375,-0.0234375,-18.9208984375,-12.26806640625,-33.26416015625,17.776084899902344,75.38446044921875,-36.9320068359375
0.159912109375,0.99609375,0.046630859375,-28.564453125,-14.83154296875,-18.12744140625,17.308433532714847,74.47833251953125,-37.571815490722656
0.158203125,0.95361328125,0.05908203125,-20.3857421875,-10.80322265625,-15.7470703125,16.789072036743164,73.95848083496094,-38.034854888916016
0.141845703125,0.967529296875,0.03271484375,-12.75634765625,-9.8876953125,-19.10400390625,16.61298942565918,74.010986328125,-38.44287872314453
0.081787109375,1.011962890625,-0.001220703125,-6.53076171875,-3.41796875,-20.1416015625,16.548189163208008,74.28595733642578,-38.622467041015625
0.07958984375,0.9541015625,0.032958984375,-4.7607421875,0.732421875,-10.92529296875,16.165178298950195,74.61658477783203,-38.55685424804688
0.078857421875,0.94287109375,0.0478515625,0.732421875,0.1220703125,-5.615234375,15.428898811340332,75.1905746459961,-38.52284240722656
0.13330078125,0.94287109375,0.0224609375,1.220703125,-2.44140625,-5.4931640625,14.724813461303713,75.72733306884766,-38.53728485107422
0.066650390625,0.965576171875,0.01611328125,-1.77001953125,1.52587890625,-7.080078125,14.298757553100586,76.1795654296875,-38.41242218017578
0.037353515625,0.955078125,0.037109375,-0.9765625,-4.69970703125,-8.544921875,13.993268966674805,76.55207824707031,-38.64016723632813
0.08447265625,1.02001953125,-0.031982421875,4.2724609375,-14.09912109375,-15.869140625,13.77008819580078,77.15107727050781,-39.20861053466797
0.12890625,1.03955078125,-0.079833984375,0.06103515625,-10.8642578125,-20.8740234375,13.702494621276855,77.68082427978516,-39.669525146484375
0.07861328125,1.034423828125,-0.073974609375,-9.58251953125,-0.91552734375,-19.59228515625,13.79401969909668,77.81730651855469,-39.624366760253906
0.04541015625,1.038330078125,-0.015869140625,-14.6484375,2.0751953125,-16.54052734375,13.82958984375,77.73291778564453,-39.55683135986328
0.032958984375,1.012939453125,-0.0078125,-13.0615234375,-3.41796875,-21.728515625,14.04407024383545,77.63325500488281,-39.75975036621094
0.031494140625,1.039794921875,0.042724609375,-8.6669921875,-13.0615234375,7.2021484375,8.631592750549316,76.3058853149414,-44.11359786987305
0.058349609375,0.99609375,0.060546875,-12.3291015625,-15.625,3.72314453125,7.87361478805542,76.12281799316406,-44.630592346191406
0.055419921875,1.001220703125,0.056396484375,-8.85009765625,-15.869140625,-2.01416015625,7.370926856994629,76.09333801269531,-45.21418380737305
0.03076171875,0.99365234375,0.0791015625,-13.3056640625,-15.19775390625,0.244140625,4.012596130371094,76.19866180419922,-47.43899536132813
0.063720703125,0.989501953125,0.05078125,-5.126953125,-16.66259765625,-1.8310546875,3.6262712478637695,76.36376190185547,-48.07590866088867
0.06103515625,1.001953125,0.0263671875,-0.1220703125,-12.51220703125,3.662109375,3.0912563800811768,76.79595947265625,-48.501014709472656
0.0859375,1.010986328125,0.004638671875,4.5166015625,-3.7841796875,17.2119140625,-0.3182488679885864,79.09891510009766,-48.658546447753906
0.098388671875,0.986328125,0.00341796875,1.89208984375,-3.90625,16.05224609375,-1.1888214349746704,79.5810546875,-48.69797897338867
0.09423828125,0.981201171875,0.0322265625,0.67138671875,-4.69970703125,13.97705078125,-1.9405094385147093,79.9319839477539,-48.79218673706055
0.09375,0.989990234375,-0.001953125,0.30517578125,-6.28662109375,14.7705078125,-2.763660192489624,80.39994049072266,-48.94525909423828
0.12158203125,0.996826171875,-0.017822265625,2.25830078125,-1.708984375,16.6015625,-3.595099925994873,80.89061737060547,-48.92660140991211
0.059326171875,1.150146484375,-0.020751953125,9.21630859375,0.48828125,17.88330078125,-4.2731056213378915,81.63720703125,-48.82501220703125
0.0703125,0.9140625,0.06640625,-2.685546875,-2.9296875,22.0947265625,-5.300242900848389,81.92638397216797,-48.84319686889648
0.22900390625,0.843017578125,0.068603515625,0.8544921875,-6.16455078125,21.42333984375,-6.568118095397949,82.09054565429688,-48.98202514648438
0.18408203125,0.96826171875,-0.00537109375,9.82666015625,-9.94873046875,2.62451171875,-6.890052795410156,82.83594512939453,-49.40179061889648
0.105712890625,1.4697265625,-0.60546875,9.21630859375,-0.244140625,8.7890625,-7.1820316314697275,82.75175476074219,-49.71073913574219
0.274658203125,0.4931640625,0.111083984375,-40.771484375,-12.39013671875,-15.68603515625,-7.45789909362793,80.98867797851562,-50.251426696777344
0.108154296875,0.722412109375,0.086181640625,-26.06201171875,0.0,-21.78955078125,-6.63942813873291,80.03679656982422,-50.40222549438477
0.025146484375,0.884033203125,0.073486328125,-10.986328125,1.0986328125,-4.82177734375,-6.42815637588501,79.82659912109375,-50.43449783325195
0.037841796875,0.976806640625,0.074951171875,-0.244140625,-8.056640625,14.46533203125,-6.884470939636231,80.05792999267578,-50.6788330078125
0.074951171875,1.041259765625,0.05859375,11.1083984375,-3.60107421875,19.83642578125,-7.5784549713134775,80.75636291503906,-50.72161865234375
0.0966796875,1.07861328125,0.03271484375,12.20703125,-8.544921875,14.83154296875,-8.298563003540039,80.98763275146484,-51.05067443847656
0.1806640625,1.004150390625,0.0126953125,-5.7373046875,-13.12255859375,2.50244140625,-8.553885459899902,81.14474487304688,-51.60483932495117
0.074462890625,1.076171875,0.0361328125,-1.0986328125,-11.04736328125,0.48828125,-8.456915855407715,81.42835998535156,-52.08318710327149
0.098388671875,0.93701171875,-0.015380859375,-12.0849609375,-6.9580078125,13.7939453125,-9.010592460632324,81.39103698730469,-52.30509948730469
0.077880859375,0.975830078125,0.0078125,-3.173828125,-2.13623046875,22.88818359375,-9.751480102539062,81.56668090820312,-52.305641174316406
0.08154296875,1.00830078125,-0.021240234375,-4.21142578125,-3.47900390625,23.01025390625,-10.479537963867188,81.77025604248047,-52.376686096191406
0.09619140625,1.120849609375,0.026123046875,-7.50732421875,-5.7373046875,21.17919921875,-11.081963539123537,81.83771514892578,-52.59821319580078
0.17138671875,1.08349609375,-0.0576171875,-6.28662109375,-12.39013671875,2.86865234375,-11.184996604919434,82.1112289428711,-53.16604614257813
0.147705078125,1.164794921875,-0.1376953125,-10.31494140625,-13.427734375,5.2490234375,-11.315919876098633,82.36687469482422,-53.79150009155274
0.183837890625,0.96142578125,-0.01220703125,-9.09423828125,-8.97216796875,4.2724609375,-11.43259048461914,82.4802474975586,-54.20499038696289
0.207275390625,0.99609375,-0.0439453125,-6.591796875,-10.25390625,-12.75634765625,-10.99649143218994,82.69231414794922,-54.76116943359375
0.148681640625,0.9970703125,-0.0634765625,-9.6435546875,-12.8173828125,-18.85986328125,-10.21839714050293,82.84053802490234,-55.45365905761719
0.160888671875,0.982177734375,-0.060302734375,-14.5263671875,-9.46044921875,-13.0615234375,-9.836448669433594,82.68299102783203,-55.8799934387207
0.130126953125,0.958740234375,-0.03173828125,-17.333984375,-2.50244140625,-1.953125,-9.691637992858887,82.36034393310547,-56.05159759521485
0.127197265625,0.96142578125,0.0107421875,-16.2353515625,-2.25830078125,3.11279296875,-9.742481231689453,81.98757934570312,-56.17082595825195
0.381591796875,0.432861328125,0.21923828125,12.39013671875,0.8544921875,33.75244140625,-11.654067039489744,82.5320816040039,-56.23797225952149
0.066650390625,0.919677734375,-0.0068359375,33.63037109375,-4.82177734375,-16.90673828125,-10.710186958312988,84.23252868652344,-56.56843185424805
-0.0546875,1.009765625,-0.094482421875,25.7568359375,-2.9296875,0.48828125,-10.202513694763184,85.71385192871094,-56.76066970825195
-0.03076171875,1.179931640625,-0.102294921875,-2.86865234375,0.06103515625,73.05908203125,-13.047364234924315,85.54237365722656,-56.33533096313477
0.279541015625,0.968994140625,0.02392578125,-0.91552734375,-11.474609375,33.935546875,-14.54879665374756,85.69706726074219,-56.7281723022461
0.2861328125,1.0234375,-0.13427734375,4.21142578125,-18.12744140625,-11.3525390625,-14.18972110748291,86.50748443603516,-57.61868286132813
0.25341796875,1.048828125,-0.152099609375,-3.7841796875,-16.845703125,-30.8837890625,-12.84733772277832,86.777099609375,-58.52468490600586
0.24755859375,1.044189453125,-0.147705078125,-25.2685546875,-13.73291015625,-28.74755859375,-11.756558418273926,86.33099365234375,-59.2484016418457
0.220458984375,0.993896484375,-0.10888671875,-36.0107421875,-6.2255859375,-17.76123046875,-11.099920272827148,85.327880859375,-59.628639221191406
0.181884765625,0.955322265625,-0.021728515625,-35.888671875,-2.197265625,-12.451171875,-10.581865310668944,84.20372772216797,-59.78349304199219
0.14599609375,0.9658203125,-0.0244140625,-24.0478515625,-1.220703125,-13.85498046875,-9.960627555847168,83.53512573242188,-59.94219589233398
-0.022216796875,0.948974609375,-0.004150390625,-18.98193359375,3.0517578125,10.19287109375,-9.90612506866455,83.00239562988281,-59.81988525390625
-0.111328125,0.7744140625,0.1376953125,-0.06103515625,9.521484375,45.41015625,-12.697263717651367,81.73825073242188,-58.98391342163086
0.296142578125,0.60595703125,0.043701171875,42.66357421875,-7.62939453125,-6.77490234375,-12.987890243530273,83.6594467163086,-59.36634826660156
-0.078369140625,0.857177734375,0.003662109375,28.74755859375,-7.50732421875,-19.59228515625,-11.52871322631836,85.12063598632812,-59.7932243347168
0.012939453125,1.203369140625,-0.1552734375,0.30517578125,-0.9765625,40.83251953125,-13.061487197875975,85.41231536865234,-59.73085021972656
0.247314453125,1.039306640625,-0.091552734375,-13.7939453125,-7.50732421875,17.333984375,-13.789335250854492,85.28507232666016,-60.06635284423828
0.274169921875,1.029052734375,-0.114013671875,-10.25390625,-13.00048828125,-23.0712890625,-12.961297035217285,85.4352798461914,-60.77293014526367
0.22705078125,0.995361328125,-0.111083984375,-16.2353515625,-11.77978515625,-35.7666015625,-11.632611274719238,85.40238952636719,-61.47556686401367
0.218994140625,0.958984375,-0.098388671875,-26.123046875,-2.74658203125,-24.47509765625,-10.72145175933838,84.79174041748047,-61.74871063232422
0.2099609375,0.956298828125,-0.053466796875,-27.52685546875,4.150390625,-12.39013671875,-10.282383918762207,83.98487091064453,-61.68641662597656
0.16259765625,0.943115234375,0.00390625,-23.193359375,3.96728515625,-6.16455078125,-9.980300903320312,83.26117706298828,-61.61170959472656
0.0927734375,0.96484375,0.04248046875,-14.0380859375,0.244140625,-6.89697265625,-9.52776050567627,82.85787200927734,-61.66273880004883
0.0888671875,0.997802734375,0.017822265625,-8.36181640625,-2.13623046875,-5.79833984375,-9.13349437713623,82.7721176147461,-61.81621170043945
-0.03662109375,0.7265625,0.14501953125,-1.3427734375,0.1220703125,15.80810546875,-9.05862045288086,82.61561584472656,-61.7210578918457
0.22509765625,0.569091796875,0.251708984375,44.73876953125,0.732421875,31.3720703125,-10.73784351348877,83.74221801757812,-61.447654724121094
0.103759765625,1.092529296875,-0.1630859375,50.29296875,-8.11767578125,-4.33349609375,-10.389113426208496,86.38874053955078,-61.89447402954102
-0.062255859375,1.457275390625,-0.398193359375,-3.96728515625,-11.41357421875,15.2587890625,-10.8435640335083,86.08023834228516,-62.31523513793945
0.221923828125,1.112548828125,-0.1884765625,-30.45654296875,-15.869140625,-9.033203125,-10.550128936767578,85.50531768798828,-63.08306884765625
0.2333984375,0.996826171875,-0.115234375,-27.16064453125,-13.61083984375,-26.7333984375,-9.638313293457033,84.95068359375,-63.79707717895508
0.193603515625,1.0029296875,-0.10888671875,-20.08056640625,-7.568359375,-26.91650390625,-8.514280319213867,84.63911437988281,-64.27003479003906
0.137939453125,0.98291015625,-0.078125,-15.2587890625,-2.50244140625,-7.62939453125,-8.202425003051758,84.42507934570312,-64.45529174804689
0.127197265625,0.984130859375,-0.04296875,-14.16015625,-0.54931640625,5.92041015625,-8.407876014709473,84.16410827636719,-64.49835205078125
0.1240234375,0.9814453125,-0.001953125,-10.986328125,0.1220703125,11.90185546875,-8.810747146606445,83.89810943603516,-64.47203063964844
0.14453125,0.9990234375,-0.012939453125,-8.11767578125,-4.150390625,10.7421875,-9.231797218322754,83.84929656982422,-64.63386535644531
0.183837890625,1.002197265625,-0.01171875,-6.8359375,-6.89697265625,3.662109375,-9.452573776245117,83.87316131591797,-64.93744659423828
0.002685546875,0.669677734375,0.046142578125,-5.615234375,-9.033203125,0.79345703125,-9.578262329101562,83.91814422607422,-65.33300018310547
0.255615234375,0.6474609375,0.011474609375,13.7939453125,-1.64794921875,-12.5732421875,-9.55677890777588,84.66464233398438,-65.47933197021484
0.035888671875,1.202392578125,-0.2626953125,16.17431640625,-10.986328125,-38.14697265625,-7.777694225311278,86.08101654052734,-66.153076171875
-0.0029296875,1.040771484375,-0.218017578125,-23.8037109375,-4.82177734375,-54.19921875,-5.304116249084473,85.76681518554688,-66.57763671875
-0.030029296875,1.07568359375,-0.1279296875,-39.1845703125,0.0,-14.892578125,-4.44273042678833,84.62698364257812,-66.66850280761719
0.040771484375,1.012939453125,-0.04296875,-33.87451171875,2.62451171875,0.6103515625,-4.3727755546569815,83.55923461914062,-66.58529663085939
0.08154296875,1.008544921875,-0.020263671875,-0.67138671875,-18.73779296875,7.50732421875,-5.231604099273682,83.9124755859375,-67.885986328125
0.1259765625,1.0126953125,-0.010009765625,-3.11279296875,-15.869140625,11.29150390625,-5.817639827728272,84.09281921386719,-68.49714660644531
0.015380859375,1.22216796875,-0.147216796875,-3.90625,-13.3056640625,17.39501953125,-6.361332416534424,84.4776611328125,-69.01264953613281
-0.015869140625,0.79833984375,0.184326171875,-2.44140625,-7.50732421875,43.15185546875,-8.419227600097656,83.85698699951172,-69.08023834228516
0.208984375,0.666748046875,0.040771484375,35.58349609375,-21.1181640625,6.2255859375,-9.094422340393066,85.49325561523438,-69.92558288574219
0.153076171875,0.98583984375,-0.14892578125,11.71875,-30.94482421875,-28.564453125,-8.030803680419924,86.66143798828125,-71.32919311523438
0.19189453125,0.895263671875,-0.060302734375,-3.5400390625,-27.77099609375,-32.65380859375,-6.93056583404541,86.98565673828125,-72.55995178222656
0.007080078125,1.079345703125,-0.14697265625,7.62939453125,-8.48388671875,-15.31982421875,-6.0782837867736825,87.74678802490234,-72.97673034667969
-0.120849609375,1.0556640625,-0.089111328125,6.103515625,5.859375,30.6396484375,-6.796492099761963,88.22560119628906,-72.72972106933594
0.000244140625,1.13720703125,-0.137939453125,4.150390625,3.72314453125,60.1806640625,-9.042930603027344,88.7546157836914,-72.57013702392578
0.23291015625,1.088623046875,-0.205810546875,-22.5830078125,-17.51708984375,25.2685546875,-10.183350563049316,88.42009735107422,-73.32975006103516
0.28759765625,1.0517578125,-0.18994140625,-36.07177734375,-25.2685546875,-18.798828125,-9.666522979736328,87.60221862792969,-74.45575714111328
0.263916015625,0.998046875,-0.169921875,-42.05322265625,-17.4560546875,-45.2880859375,-8.12254524230957,86.48328399658203,-75.32095336914062
0.180908203125,0.9775390625,-0.13525390625,-46.56982421875,-6.77490234375,-53.3447265625,-6.11594295501709,85.10548400878906,-75.80338287353516
0.116943359375,0.96630859375,-0.1142578125,-50.47607421875,-1.953125,-48.9501953125,-4.215051174163818,83.55486297607422,-76.11585235595703
0.119140625,0.943603515625,-0.0673828125,-52.3681640625,2.01416015625,-41.07666015625,-2.693283796310425,81.8463134765625,-76.26516723632812
0.11669921875,0.936767578125,-0.024169921875,-42.78564453125,11.8408203125,-33.8134765625,-1.465746283531189,80.49018096923828,-76.01444244384766
0.062255859375,0.977294921875,-0.024169921875,-37.7197265625,24.2919921875,-27.52685546875,-0.3059204518795013,79.38641357421875,-75.25544738769531
-0.1328125,0.9716796875,-0.010498046875,-8.6669921875,40.34423828125,-9.46044921875,3.2834603786468506,78.24568176269531,-69.80861663818361
-0.111328125,1.00927734375,0.002685546875,-9.033203125,23.13232421875,-12.02392578125,4.058350086212158,78.37823486328125,-68.97096252441406
-0.12255859375,1.035888671875,-0.0341796875,-11.1083984375,20.20263671875,-14.22119140625,4.883055686950684,78.50328826904297,-68.25234985351561
-0.1162109375,1.032470703125,-0.018798828125,-15.13671875,19.04296875,-11.90185546875,5.578322410583496,78.38565826416016,-67.56040954589844
-0.10791015625,1.020751953125,0.0478515625,-22.64404296875,8.4228515625,-6.103515625,5.904285430908202,77.84734344482422,-67.24563598632811
-0.094482421875,1.001708984375,0.07177734375,-23.0712890625,3.47900390625,-2.197265625,5.999740123748778,77.24187469482422,-67.09605407714844
-0.17578125,1.61865234375,0.0361328125,3.5400390625,0.06103515625,8.23974609375,5.603589057922363,77.8775405883789,-66.97239685058594
-0.004638671875,0.78662109375,0.099609375,-13.7939453125,1.220703125,19.34814453125,4.6510844230651855,77.52580261230469,-66.74244689941406
-0.043701171875,0.947265625,0.09912109375,-2.5634765625,7.62939453125,25.81787109375,3.6294324398040767,77.70440673828125,-66.20470428466797
-0.065185546875,1.014892578125,0.0419921875,2.44140625,8.11767578125,28.86962890625,2.611053705215454,78.17524719238281,-65.62677764892578
-0.0595703125,1.04638671875,0.03173828125,3.23486328125,2.38037109375,23.92578125,1.7213929891586304,78.69953155517578,-65.32691192626953
-0.030029296875,0.98095703125,0.003662109375,0.6103515625,0.18310546875,19.775390625,0.9508057832717896,79.15061950683594,-65.15754699707031
0.04541015625,1.0439453125,-0.05908203125,-2.197265625,0.0,20.56884765625,-0.0644923746585846,79.66732788085938,-64.99920654296875
0.1953125,1.000732421875,-0.085205078125,-11.41357421875,6.591796875,7.4462890625,-0.7422245144844055,79.7811050415039,-64.68708801269531
0.11572265625,1.00146484375,-0.020263671875,-14.404296875,5.615234375,-6.04248046875,-0.6977565288543701,79.63475799560547,-64.51287841796875
