-0.13037109375,1.084716796875,0.099609375,-22.5830078125,-33.69140625,29.60205078125,-1.8137112855911253,85.18824005126953,4.5627174377441415
-0.027099609375,1.055908203125,0.133056640625,-34.97314453125,-31.1279296875,45.2880859375,-3.5964818000793457,83.73050689697266,3.4922809600830083
-0.002685546875,0.9951171875,0.107666015625,-42.3583984375,-35.7666015625,55.908203125,-5.830345153808594,82.12020111083984,2.3344383239746094
-0.0712890625,0.963623046875,0.087890625,-46.630859375,-33.87451171875,56.94580078125,-7.7853193283081055,80.41754913330078,1.2751522064208984
-0.0849609375,0.981201171875,0.136474609375,-54.6875,-45.166015625,36.68212890625,-9.047106742858887,78.50823974609375,-0.2719154357910156
-0.09326171875,0.87744140625,0.124755859375,-63.17138671875,-41.9921875,25.634765625,-9.812952041625977,76.34286499023438,-1.744304656982422
0.02587890625,0.84814453125,-0.037353515625,-60.48583984375,-29.60205078125,33.02001953125,-11.137370109558104,74.78368377685547,-2.490895271301269
0.091796875,0.843017578125,-0.000244140625,-48.7060546875,-23.5595703125,39.55078125,-12.72795581817627,73.53165435791016,-3.0999178886413574
0.03466796875,0.86083984375,0.034912109375,-40.22216796875,-16.17431640625,36.376953125,-13.90485382080078,72.52845001220703,-3.433024883270264
0.10546875,1.037841796875,0.078125,1.953125,47.42431640625,-8.23974609375,-11.432605743408205,72.34944152832031,0.7941598892211914
0.09716796875,1.024658203125,0.061279296875,3.2958984375,66.34521484375,-1.953125,-10.341943740844727,72.55089569091797,3.2390117645263667
0.072021484375,0.91796875,0.131591796875,2.44140625,74.64599609375,0.732421875,-9.255559921264648,72.51146697998047,6.075333595275879
0.093017578125,0.897216796875,0.10498046875,5.18798828125,74.0966796875,-1.64794921875,-8.135050773620605,72.72113037109375,8.899307250976562
0.130126953125,0.9248046875,0.13330078125,6.77490234375,78.9794921875,-2.685546875,-7.107166767120361,72.93574523925781,11.866313934326172
0.13232421875,0.90478515625,0.1806640625,7.8125,70.12939453125,-8.23974609375,-6.02826452255249,73.16299438476562,14.44735336303711
0.046142578125,1.00634765625,0.195068359375,3.84521484375,60.48583984375,-12.5732421875,-4.7060370445251465,73.34857177734375,16.29164695739746
0.08349609375,1.036865234375,0.205078125,-1.220703125,33.935546875,-18.73779296875,-3.5994675159454346,73.42289733886719,17.367799758911133
0.0341796875,1.03515625,0.2001953125,-2.62451171875,13.0615234375,-19.22607421875,-2.648351192474365,73.51172637939453,17.639741897583008
0.044921875,1.056640625,0.201904296875,-3.0517578125,-0.54931640625,-14.0380859375,-2.2163264751434326,73.608154296875,17.389339447021484
0.034912109375,1.021484375,0.16259765625,-2.3193359375,-3.41796875,-1.77001953125,-2.1754016876220703,73.79801940917969,17.22745704650879
0.007568359375,0.932373046875,0.14501953125,1.220703125,-9.3994140625,7.2021484375,-2.4861228466033936,74.13578033447266,16.93359375
0.053955078125,0.88671875,0.160888671875,7.01904296875,-24.2919921875,11.8408203125,-3.2875306606292725,74.69706726074219,15.987394332885742
0.058349609375,0.9208984375,0.16357421875,9.033203125,-38.6962890625,13.97705078125,-4.231193542480469,75.34004211425781,14.61964225769043
0.088623046875,0.88330078125,0.150634765625,2.3193359375,-31.8603515625,22.3388671875,-5.463692665100098,75.70145416259766,13.58810806274414
0.141845703125,0.84423828125,0.08154296875,-3.90625,-17.822265625,34.0576171875,-7.338883876800537,75.86734008789062,13.297922134399414
0.01123046875,0.790771484375,0.200927734375,-7.4462890625,-46.56982421875,24.84130859375,-8.488339424133299,75.76758575439453,11.717170715332033
-0.049072265625,0.859375,0.247314453125,0.48828125,-83.19091796875,2.99072265625,-8.9373197555542,76.19031524658203,8.491117477416992
0.03857421875,0.938720703125,0.17724609375,-7.9345703125,-100.15869140625,-9.27734375,-9.151927947998047,76.43317413330078,4.566766738891602
0.01171875,0.936279296875,0.1416015625,-25.32958984375,-76.171875,-7.568359375,-9.23578643798828,76.09793090820312,1.4631643295288086
-0.052734375,0.966552734375,0.147705078125,-37.78076171875,-62.1337890625,-6.89697265625,-9.091083526611328,75.18363189697266,-1.0826425552368164
-0.09228515625,1.083251953125,0.15576171875,-48.76708984375,-55.60302734375,-8.7890625,-8.744585037231445,73.64324951171875,-3.298081398010254
-0.036865234375,1.092041015625,0.13427734375,-61.1572265625,-45.22705078125,-11.04736328125,-8.435956001281737,71.84180450439453,-5.240882873535156
-0.008056640625,1.018798828125,0.131591796875,-58.41064453125,-34.1796875,-13.671875,-8.014046669006348,70.13874816894531,-6.794269561767577
0.06640625,1.042724609375,0.129638671875,-51.6357421875,-22.3388671875,-13.85498046875,-7.615964889526367,68.76392364501953,-7.701892852783202
0.049072265625,1.010009765625,0.157958984375,-45.0439453125,-3.173828125,-10.3759765625,-7.09182596206665,67.47623443603516,-8.04173469543457
0.02783203125,1.015869140625,0.182373046875,-36.68212890625,4.45556640625,-9.94873046875,-6.443325519561768,66.48626708984375,-8.093548774719237
0.026123046875,1.03515625,0.225341796875,-24.59716796875,11.41357421875,-11.53564453125,-5.5443501472473145,66.06305694580078,-7.842400074005128
0.02783203125,1.009521484375,0.232177734375,-10.498046875,20.263671875,-16.78466796875,-4.450546741485597,66.02415466308594,-7.411081790924072
0.10546875,1.007568359375,0.180419921875,-0.1220703125,38.6962890625,-9.521484375,-3.546367645263672,66.45942687988281,-6.183136940002441
0.281982421875,0.451416015625,0.60302734375,-2.86865234375,63.78173828125,-5.7373046875,-3.2459847927093506,64.93775939941406,-3.789234161376953
0.010009765625,0.9072265625,0.343017578125,-15.80810546875,83.251953125,-3.72314453125,-1.594145894050598,64.34029388427734,-0.8473520278930664
-0.13525390625,1.03515625,0.390380859375,-20.3857421875,72.69287109375,-13.427734375,0.4877938032150269,63.68621444702149,1.5276060104370115
-0.147216796875,1.039794921875,0.39697265625,-27.587890625,49.37744140625,-30.45654296875,2.8015356063842773,62.766807556152344,2.3821849822998047
-0.0498046875,0.9677734375,0.31884765625,-26.9775390625,30.94482421875,-43.45703125,4.907842636108398,62.05168914794922,2.697948455810547
0.010986328125,0.874267578125,0.29052734375,-19.775390625,44.0673828125,-38.818359375,6.878189563751222,61.71398162841797,3.5646486282348637
-0.072021484375,0.876708984375,0.315185546875,-9.46044921875,57.06787109375,-26.42822265625,8.680956840515138,61.99626159667969,5.160345077514648
-0.099365234375,0.865234375,0.26611328125,-0.91552734375,51.08642578125,-19.53125,10.220261573791504,62.62143325805664,6.695219039916992
-0.03173828125,0.859375,0.27294921875,4.7607421875,31.73828125,-21.17919921875,11.223753929138184,63.33169174194336,7.525253295898437
-0.1064453125,0.91357421875,0.26708984375,7.87353515625,16.7236328125,-18.73779296875,11.842643737792967,64.09571838378906,7.736818313598633
-0.0986328125,1.019287109375,0.24462890625,11.04736328125,3.47900390625,-8.056640625,11.94381046295166,65.01792907714844,7.8235206604003915
-0.1318359375,1.03759765625,0.279541015625,4.82177734375,12.939453125,5.55419921875,11.763677597045898,65.71201324462889,8.478174209594728
-0.14892578125,1.001220703125,0.283447265625,0.8544921875,11.8408203125,9.46044921875,11.485779762268065,66.21074676513672,9.053689956665039
-0.03857421875,0.955810546875,0.16796875,5.7373046875,-3.173828125,1.220703125,11.03796100616455,66.95986175537111,9.061199188232422
0.068359375,0.90576171875,0.1357421875,13.00048828125,12.26806640625,-7.2021484375,10.899456024169922,68.11132049560547,9.517339706420898
0.011962890625,0.828125,0.073486328125,33.63037109375,43.45703125,-33.99658203125,14.977983474731445,78.1904525756836,18.2733097076416
-0.10546875,0.875244140625,0.126953125,9.58251953125,16.78466796875,-46.81396484375,16.613601684570312,78.78414154052734,18.608827590942386
-0.1787109375,1.04638671875,0.035888671875,18.85986328125,14.22119140625,-45.41015625,18.22579002380371,79.9710922241211,18.953081130981445
-0.269775390625,1.204345703125,0.109130859375,21.17919921875,7.6904296875,-28.86962890625,19.003936767578125,80.91486358642578,19.022151947021484
-0.279296875,1.22021484375,0.151123046875,9.58251953125,-27.099609375,-24.4140625,19.55048179626465,80.93546295166016,17.750144958496094
-0.3349609375,1.1103515625,0.085693359375,-3.7841796875,-53.5888671875,-19.775390625,19.87283706665039,80.14971160888672,15.425882339477539
-0.03466796875,1.090087890625,0.139404296875,-3.96728515625,-98.6328125,-13.916015625,18.91781234741211,78.6766128540039,11.015417098999023
-0.095703125,1.02392578125,0.1943359375,-10.07080078125,-119.81201171875,-23.92578125,18.305253982543945,76.63532257080078,5.874835014343263
-0.17041015625,1.050537109375,0.152587890625,-16.41845703125,-144.34814453125,-34.66796875,17.853897094726562,74.2327651977539,-0.2973508834838867
-0.098876953125,1.03125,0.083984375,-30.1513671875,-176.08642578125,-26.4892578125,15.978787422180176,71.1852035522461,-7.685238838195801
-0.018798828125,0.983642578125,0.115966796875,-40.6494140625,-205.078125,6.8359375,12.338590621948242,68.12446594238281,-15.367034912109375
0.001953125,0.8291015625,0.20166015625,-42.3583984375,-233.3984375,25.87890625,7.258196830749513,65.34095001220703,-23.56723022460937
0.428466796875,0.976806640625,0.00537109375,-31.92138671875,-245.60546875,25.5126953125,0.6102963089942932,63.9273452758789,-30.56353187561035
-0.0751953125,0.650390625,0.18896484375,-44.00634765625,-151.18408203125,76.66015625,-4.5852317810058585,62.6758804321289,-34.599929809570305
-0.029296875,1.009521484375,0.220703125,-15.07568359375,-160.09521484375,73.1201171875,-9.82644748687744,63.20683670043945,-39.063560485839844
-0.1875,1.103271484375,0.426025390625,0.1220703125,-139.34326171875,46.7529296875,-13.099034309387207,64.68445587158203,-44.32115936279297
0.07421875,1.044921875,0.380859375,-3.5400390625,-153.3203125,16.7236328125,-15.864185333251953,66.11532592773439,-49.84125137329102
0.021728515625,1.13427734375,0.43212890625,-26.9775390625,-108.0322265625,16.41845703125,-17.6055965423584,66.26064300537111,-53.73136520385742
-0.050537109375,1.17822265625,0.43017578125,-44.0673828125,-60.72998046875,15.80810546875,-18.148666381835934,65.04993438720703,-55.453086853027344
-0.09326171875,1.297607421875,0.425537109375,-27.77099609375,-37.109375,3.5400390625,-18.05008125305176,64.63134765625,-56.89617538452149
-0.137451171875,1.45068359375,0.41015625,15.44189453125,-40.34423828125,-13.5498046875,-17.331451416015625,66.16801452636719,-58.78322982788086
-0.220703125,1.69091796875,0.402099609375,55.11474609375,-51.69677734375,-24.7802734375,-16.188159942626953,69.87283325195311,-61.31092071533203
-0.28466796875,1.89697265625,0.452880859375,69.4580078125,-41.3818359375,-23.681640625,-14.864696502685547,73.41875457763672,-63.29429626464844
-0.343505859375,1.923095703125,0.412109375,55.5419921875,-30.3955078125,-17.27294921875,-13.561565399169922,76.14334869384766,-64.7127685546875
-0.2421875,1.72705078125,0.337890625,41.80908203125,-20.81298828125,-0.67138671875,-13.174784660339355,77.93622589111328,-65.27229309082031
-0.209716796875,1.53857421875,0.310546875,46.08154296875,-7.50732421875,34.3017578125,-13.766120910644533,79.79402160644531,-65.29947662353516
-0.10595703125,1.303955078125,0.23291015625,66.650390625,-2.197265625,59.5703125,-15.408961296081545,82.36846923828125,-64.99872589111328
-0.09228515625,1.10595703125,0.212158203125,92.6513671875,10.92529296875,85.205078125,-18.258522033691406,85.97607421875,-64.00735473632811
-0.09912109375,1.11669921875,0.2255859375,115.29541015625,16.66259765625,112.79296875,-21.836334228515625,89.94490051269531,-63.01239395141602
-0.11083984375,1.01171875,0.2353515625,109.19189453125,18.6767578125,128.173828125,-25.92154312133789,93.4586181640625,-62.136985778808594
-0.09814453125,0.86376953125,0.237060546875,97.96142578125,7.2021484375,133.85009765625,-30.110017776489254,96.49808502197266,-62.13559341430664
-0.00732421875,0.840087890625,0.173095703125,71.71630859375,-2.44140625,136.8408203125,-34.395214080810554,99.0271453857422,-62.693275451660156
0.02392578125,0.705322265625,0.1328125,49.4384765625,-1.8310546875,139.16015625,-38.69049453735352,100.78675842285156,-63.43325805664063
0.106201171875,0.639404296875,0.032958984375,32.470703125,2.38037109375,145.44677734375,-43.4900016784668,101.9583969116211,-64.22748565673828
0.11669921875,0.49169921875,0.063720703125,16.4794921875,9.46044921875,153.564453125,-48.46651077270508,102.50399780273438,-64.86091613769531
0.162353515625,0.519775390625,0.025634765625,20.81298828125,-7.14111328125,147.27783203125,-52.96021270751953,104.41464233398438,-66.79057312011719
0.276611328125,0.4833984375,-0.024658203125,17.7001953125,-18.00537109375,143.73779296875,-57.36124801635742,107.58446502685548,-70.21087646484375
0.33251953125,0.49462890625,-0.03173828125,9.6435546875,-7.01904296875,148.13232421875,-61.92871856689453,110.83158111572266,-73.85911560058594
0.317138671875,0.44091796875,0.022705078125,3.2958984375,-0.9765625,151.2451171875,-66.54402923583984,114.10162353515624,-77.7959213256836
0.390380859375,0.43603515625,-0.0048828125,2.8076171875,-22.0947265625,136.29150390625,-69.76866912841797,121.114501953125,-85.52751922607422
0.48095703125,0.48193359375,-0.013427734375,-1.89208984375,-28.076171875,126.89208984375,-72.41936492919922,130.03248596191406,-95.30670166015624
0.51171875,0.485107421875,-0.04345703125,-10.19287109375,-15.68603515625,123.84033203125,-74.68460083007812,140.142578125,-106.49668884277344
0.55419921875,0.437744140625,-0.0380859375,-20.8740234375,-7.01904296875,122.802734375,-76.55016326904297,151.99620056152344,-119.8232650756836
0.537109375,0.49609375,-0.007080078125,-24.90234375,-22.15576171875,105.5908203125,-77.04330444335938,164.09994506835938,-133.37283325195312
0.651123046875,0.60498046875,-0.040283203125,-31.92138671875,-29.35791015625,102.23388671875,-76.61741638183594,175.48989868164062,-146.4669189453125
0.789306640625,0.40625,-0.07568359375,-39.36767578125,-29.4189453125,97.16796875,-75.66452026367188,-174.6346893310547,-158.26528930664062
0.853515625,0.413818359375,-0.086669921875,-24.169921875,-25.87890625,79.1015625,-74.64839172363281,-167.7129364013672,-166.5552978515625
0.892578125,0.523681640625,-0.10595703125,-14.70947265625,-13.97705078125,72.75390625,-73.96981048583984,-162.69627380371094,-172.61122131347656
0.84521484375,0.656982421875,-0.1142578125,-12.20703125,0.30517578125,80.01708984375,-73.58101654052734,-156.8155975341797,-179.48260498046875
0.869384765625,0.705078125,-0.097412109375,-3.0517578125,-3.60107421875,97.0458984375,-72.6919174194336,-149.9463653564453,-187.1026306152344
0.914794921875,0.774658203125,-0.103271484375,6.77490234375,-11.1083984375,110.3515625,-71.0767822265625,-143.0493621826172,165.56626892089844
0.969482421875,0.62890625,-0.068603515625,14.16015625,-13.61083984375,121.826171875,-68.75043487548828,-135.986083984375,158.2774658203125
1.03076171875,0.423095703125,-0.010498046875,0.91552734375,-18.73779296875,124.755859375,-66.00571441650389,-130.3807373046875,152.00735473632812
0.99462890625,0.49853515625,-0.10595703125,-14.46533203125,-16.9677734375,111.083984375,-63.60159301757813,-127.89522552490234,148.2421112060547
0.970458984375,0.590087890625,-0.267578125,-8.85009765625,-17.51708984375,95.88623046875,-61.57033157348633,-126.94606018066406,146.52493286132812
1.0322265625,0.524169921875,-0.23876953125,10.1318359375,-8.97216796875,97.16796875,-59.67173767089844,-124.8994598388672,144.10415649414062
0.896728515625,0.5234375,-0.10595703125,15.07568359375,-2.5634765625,96.923828125,-58.11346054077149,-122.40167236328124,141.3936767578125
0.931884765625,0.412841796875,-0.057373046875,7.6904296875,-7.6904296875,98.9990234375,-56.23883056640625,-120.4096908569336,138.91226196289062
0.946533203125,0.347412109375,-0.07861328125,2.9296875,-9.765625,108.7646484375,-53.9677848815918,-118.5911102294922,136.45741271972656
0.969482421875,0.32080078125,-0.123046875,1.220703125,-10.92529296875,113.70849609375,-51.44069290161133,-117.1552276611328,134.274169921875
0.962646484375,0.324462890625,-0.21923828125,0.79345703125,-10.986328125,117.98095703125,-48.65310287475586,-116.08036041259766,132.34585571289062
0.888671875,0.361328125,-0.18603515625,6.4697265625,-7.38525390625,120.4833984375,-46.00126647949219,-114.93988800048828,130.45240783691406
0.908203125,0.32568359375,-0.126220703125,5.7373046875,-9.21630859375,109.92431640625,-43.75580978393555,-114.02948760986328,128.89669799804688
0.8896484375,0.230712890625,-0.19189453125,-3.2958984375,-7.75146484375,100.341796875,-41.80451965332031,-113.88367462158205,127.7322998046875
0.9013671875,0.160400390625,-0.19189453125,-6.77490234375,-10.7421875,93.56689453125,-39.97439575195313,-113.94445037841795,126.735107421875
0.7978515625,0.0986328125,-0.17041015625,-7.32421875,-5.67626953125,83.31298828125,-38.58116149902344,-113.98849487304688,125.68038940429688
0.834716796875,0.066162109375,-0.192138671875,-8.97216796875,-2.13623046875,71.47216796875,-37.8079948425293,-114.1634292602539,124.6083984375
0.822509765625,0.02587890625,-0.2001953125,-5.67626953125,8.85009765625,59.87548828125,-37.42570114135742,-114.02842712402344,123.34605407714844
0.796630859375,0.040771484375,-0.185546875,-0.244140625,16.54052734375,51.513671875,-37.50850677490234,-113.56854248046876,121.90550231933594
0.798828125,0.01904296875,-0.106689453125,5.9814453125,21.30126953125,41.9921875,-38.11495971679688,-112.5016632080078,120.28578186035156
0.8388671875,0.047607421875,-0.057373046875,4.94384765625,13.18359375,40.46630859375,-38.63878631591797,-111.65409088134766,119.00341796875
0.855712890625,0.03076171875,-0.06005859375,-3.47900390625,4.8828125,44.0673828125,-38.85869598388672,-111.3390655517578,118.06005859375
0.854248046875,-0.021728515625,-0.1240234375,-6.103515625,1.64794921875,45.22705078125,-38.85171127319336,-111.37901306152344,117.30035400390624
0.8740234375,-0.03955078125,-0.139892578125,-5.79833984375,5.2490234375,44.43359375,-38.88567352294922,-111.29888916015624,116.43843841552734
0.866455078125,-0.033203125,-0.154052734375,-7.2021484375,13.18359375,39.9169921875,-39.19552230834961,-111.13992309570312,115.3158950805664
0.84716796875,-0.005859375,-0.166748046875,-8.60595703125,17.02880859375,35.94970703125,-39.83970642089844,-111.05583953857422,114.10516357421876
0.809326171875,-0.122314453125,-0.133544921875,-5.0048828125,21.91162109375,29.296875,-40.47716522216797,-110.47732543945312,112.64803314208984
0.794189453125,-0.09765625,-0.05615234375,-5.67626953125,18.12744140625,25.146484375,-41.29233932495117,-109.85658264160156,111.30567169189452
0.859375,-0.123046875,-0.046875,-10.43701171875,12.26806640625,17.88330078125,-42.248870849609375,-109.79547882080078,110.49691009521484
0.87255859375,-0.101806640625,-0.08251953125,-15.5029296875,5.06591796875,13.7939453125,-43.247554779052734,-110.20565032958984,110.07546997070312
0.937255859375,-0.09716796875,-0.091064453125,-16.41845703125,0.06103515625,10.6201171875,-44.284339904785156,-110.88404846191406,109.98301696777344
0.962646484375,-0.15625,-0.08154296875,-18.06640625,0.67138671875,12.02392578125,-45.14388275146485,-111.3686981201172,109.6988296508789
1.024169921875,-0.140869140625,-0.089599609375,-14.5263671875,2.62451171875,19.53125,-45.78282165527344,-111.64485931396484,109.20960998535156
1.03125,-0.122314453125,-0.052978515625,-14.7705078125,7.6904296875,27.03857421875,-46.25591659545898,-111.5166015625,108.2109832763672
0.82373046875,-0.195556640625,0.078125,-21.8505859375,8.36181640625,25.390625,-46.9209976196289,-111.45742797851562,107.12828826904295
0.9248046875,-0.141845703125,-0.003173828125,-31.005859375,-5.2490234375,-14.2822265625,-48.6571044921875,-112.97904205322266,107.62755584716795
0.92431640625,-0.161865234375,-0.053466796875,-32.77587890625,-9.765625,-28.9306640625,-50.70234680175781,-115.23523712158205,108.90457153320312
1.12548828125,-0.0546875,-0.2265625,-32.5927734375,-17.7001953125,-45.7763671875,-53.27633666992188,-118.96497344970705,111.93327331542969
1.143310546875,-0.144287109375,-0.2001953125,-19.10400390625,-5.06591796875,-45.41015625,-55.68667984008789,-121.64929962158205,114.14871215820312
0.967529296875,-0.109619140625,-0.014404296875,-9.70458984375,16.78466796875,-40.283203125,-58.45197296142578,-122.27287292480469,114.52552795410156
0.759765625,-0.01806640625,0.166748046875,-10.80322265625,23.92578125,-40.22216796875,-61.64577102661133,-122.03497314453124,113.90825653076172
0.74658203125,0.010498046875,0.2021484375,-24.10888671875,14.2822265625,-52.30712890625,-64.99950408935547,-123.21392059326172,114.44646453857422
0.727294921875,0.013671875,0.08984375,-31.18896484375,6.591796875,-69.64111328125,-68.46392059326172,-127.31688690185548,117.679931640625
0.68212890625,0.08642578125,0.04150390625,-29.84619140625,0.0,-91.49169921875,-72.36375427246094,-136.85635375976562,126.44548034667969
0.662353515625,0.10888671875,-0.01416015625,-28.50341796875,7.99560546875,-123.6572265625,-76.06398010253906,-154.3243865966797,143.1579132080078
0.65625,0.145751953125,-0.026611328125,-27.34375,14.6484375,-149.90234375,-78.04021453857422,173.48443603515625,-185.69142150878903
0.510009765625,0.296630859375,0.146484375,-32.2265625,13.0615234375,-167.96875,-75.71241760253906,135.38078308105472,-148.90853881835938
0.69873046875,0.2861328125,0.03369140625,-30.029296875,-17.27294921875,-195.12939453125,-69.17219543457031,118.13098907470705,-132.24990844726562
0.753173828125,0.291015625,-0.062744140625,-27.16064453125,-16.357421875,-213.7451171875,-61.24843215942383,110.04521942138672,-124.56092071533205
0.6474609375,0.396240234375,-0.08642578125,-24.4140625,3.5400390625,-235.9619140625,-52.0401382446289,103.82638549804688,-118.04080200195312
0.579833984375,0.53564453125,0.12109375,-0.91552734375,15.9912109375,-266.845703125,-41.72093200683594,99.73284912109376,-113.04821014404295
0.713134765625,0.56005859375,0.057373046875,-6.28662109375,14.0380859375,-281.8603515625,-31.16504669189453,97.33187103271484,-109.89539337158205
0.653564453125,0.4306640625,0.04052734375,-5.06591796875,-0.48828125,-311.1572265625,-19.062824249267575,96.48603057861328,-108.48229217529295
0.6640625,0.536376953125,0.06005859375,-0.1220703125,-2.197265625,-338.2568359375,-6.90461540222168,95.8261489868164,-106.92679595947266
0.554443359375,0.6337890625,0.14501953125,-1.15966796875,-8.1787109375,-350.76904296875,5.727362632751465,95.2071533203125,-105.78951263427734
0.57666015625,0.83154296875,0.011474609375,-9.94873046875,8.30078125,-342.34619140625,17.48758888244629,94.90593719482422,-103.94100189208984
0.430908203125,0.796875,-0.059326171875,-21.42333984375,21.78955078125,-307.06787109375,27.93559455871582,94.81128692626952,-101.84029388427734
0.383056640625,0.95166015625,-0.123046875,-38.6962890625,7.26318359375,-275.0244140625,37.06850051879883,94.0979995727539,-100.3734893798828
0.419677734375,1.169189453125,-0.016845703125,-55.96923828125,13.12255859375,-229.8583984375,43.610931396484375,92.62351989746094,-99.06735229492188
0.3955078125,1.228515625,0.0341796875,-59.87548828125,23.62060546875,-172.4853515625,48.426063537597656,91.2396469116211,-97.4518585205078
0.33203125,1.228271484375,-0.05322265625,-59.9365234375,28.1982421875,-139.6484375,51.913551330566406,90.38485717773438,-95.44367980957031
0.362060546875,1.032470703125,0.183837890625,-52.6123046875,19.22607421875,-95.64208984375,53.0013427734375,88.34469604492188,-95.11558532714844
0.3349609375,1.447265625,0.02685546875,-4.21142578125,7.080078125,-57.373046875,53.21086502075195,88.49641418457031,-94.71309661865234
0.173095703125,1.37646484375,0.14990234375,8.36181640625,9.70458984375,-47.05810546875,53.11901473999024,88.96179962158203,-94.39398956298828
0.101318359375,1.5244140625,0.178955078125,5.7373046875,-16.2353515625,-52.30712890625,53.1491584777832,86.9523696899414,-96.6871109008789
0.017822265625,1.2822265625,0.188232421875,-25.20751953125,-47.607421875,-42.41943359375,52.83964538574219,82.92437744140625,-100.28474426269531
0.11669921875,1.197509765625,0.05322265625,-42.8466796875,-72.021484375,-23.25439453125,51.36616516113281,77.72529602050781,-104.82128143310548
0.123779296875,1.03125,-0.017578125,-58.16650390625,-77.69775390625,4.21142578125,48.17434692382813,72.64430236816406,-108.69154357910156
0.072998046875,1.126953125,0.029052734375,-71.77734375,-79.40673828125,34.912109375,44.1153564453125,68.09783172607422,-111.5948257446289
0.04052734375,1.28369140625,0.05517578125,-90.8203125,-68.29833984375,60.11962890625,39.31499481201172,64.15715789794922,-112.88512420654295
-0.0302734375,1.1669921875,0.17041015625,-128.7841796875,-51.513671875,92.8955078125,33.553333282470696,59.40188980102539,-112.08565521240234
-0.076171875,1.345703125,0.056640625,-134.82666015625,-52.18505859375,105.52978515625,27.915616989135746,55.57876586914063,-110.78498077392578
-0.16845703125,1.260986328125,0.088134765625,-136.474609375,-47.79052734375,107.23876953125,22.717742919921875,51.86455535888672,-109.08518981933594
-0.048828125,1.02880859375,0.065185546875,-141.90673828125,-38.87939453125,105.04150390625,18.170568466186523,48.31704711914063,-106.70890808105469
-0.04833984375,0.9609375,0.093017578125,-145.1416015625,1.89208984375,109.2529296875,14.60291576385498,44.81624221801758,-103.08185577392578
-0.0966796875,0.9365234375,0.245849609375,-146.66748046875,31.67724609375,114.68505859375,12.136707305908205,41.140235900878906,-98.44979858398438
-0.001953125,1.005859375,0.081787109375,-128.7841796875,41.44287109375,115.29541015625,10.270873069763184,38.88435363769531,-93.0589828491211
-0.067626953125,0.827880859375,0.144287109375,-83.55712890625,55.419921875,107.97119140625,9.196406364440918,37.87393569946289,-87.96109771728516
0.05810546875,0.810546875,0.199462890625,-42.54150390625,59.87548828125,88.92822265625,8.43913459777832,38.2529411315918,-83.4083480834961
-0.038818359375,0.8583984375,0.338134765625,-14.46533203125,81.97021484375,70.12939453125,9.36736011505127,39.62688446044922,-79.19190216064453
-0.050537109375,0.559814453125,0.429443359375,4.94384765625,88.7451171875,20.20263671875,11.338172912597654,40.85959243774414,-76.14862060546875
-0.021240234375,0.99560546875,0.291015625,34.85107421875,94.1162109375,-15.380859375,14.176475524902346,43.97422409057617,-73.76426696777344
0.09326171875,0.864501953125,0.421630859375,57.7392578125,90.75927734375,-53.89404296875,17.68195915222168,47.49515914916992,-72.705810546875
0.16455078125,0.86474609375,0.538818359375,64.5751953125,105.77392578125,-66.162109375,21.403100967407227,51.01206588745117,-71.02507019042969
0.4892578125,1.624755859375,-0.368408203125,97.71728515625,115.6005859375,-54.8095703125,24.721954345703125,57.79542922973633,-67.70182800292969
0.27294921875,0.94970703125,0.5830078125,48.76708984375,98.93798828125,-57.31201171875,27.11444664001465,60.14429092407226,-65.767578125
0.138671875,0.928466796875,0.517333984375,8.9111328125,83.06884765625,-71.83837890625,29.9295711517334,61.32712936401367,-64.05352783203125
0.123046875,0.985107421875,0.501220703125,-2.5634765625,83.92333984375,-80.13916015625,32.96794891357422,62.1680679321289,-62.322166442871094
0.232666015625,0.962646484375,0.481689453125,2.5634765625,94.8486328125,-82.09228515625,36.102046966552734,63.91473007202149,-59.701637268066406
0.18115234375,0.961181640625,0.398193359375,21.1181640625,142.9443359375,-88.92822265625,40.00360870361328,67.83802032470703,-54.85821151733398
-0.0283203125,0.929443359375,0.479248046875,38.2080078125,174.98779296875,-102.60009765625,44.717933654785156,73.83146667480469,-47.97380447387695
0.06201171875,1.0380859375,0.24267578125,65.24658203125,203.2470703125,-92.46826171875,47.79808044433594,85.2718734741211,-36.16249084472656
-0.18603515625,1.05712890625,0.416748046875,55.419921875,245.30029296875,-48.33984375,48.1625862121582,97.37118530273438,-22.3316650390625
-0.270751953125,1.29345703125,0.38916015625,41.8701171875,209.53369140625,-34.97314453125,46.56875991821289,106.86123657226562,-10.934706687927246
-0.298583984375,1.151123046875,0.330078125,29.78515625,187.6220703125,-28.25927734375,44.13826370239258,114.32345581054688,-1.713117599487305
-0.16259765625,1.301513671875,-0.002685546875,36.92626953125,201.84326171875,-15.625,39.73059463500977,121.2099838256836,7.296999931335449
-0.78857421875,0.885986328125,0.363525390625,-6.16455078125,186.8896484375,-17.7001953125,36.733482360839844,124.43753814697266,14.627418518066404
-0.414306640625,1.156494140625,0.402587890625,-24.47509765625,110.29052734375,-20.01953125,34.87018203735352,123.83978271484376,17.786453247070312
-0.34228515625,1.211181640625,0.3203125,-37.841796875,79.28466796875,18.1884765625,32.192127227783196,121.8404769897461,19.366657257080078
-0.176025390625,1.1142578125,0.20849609375,-36.376953125,109.2529296875,54.6875,27.48053741455078,120.12799072265624,21.438833236694336
-0.50048828125,0.922607421875,0.02001953125,-35.7666015625,189.14794921875,75.13427734375,20.860675811767575,120.13953399658205,27.30947113037109
-0.556884765625,0.972412109375,0.05078125,-35.7666015625,237.4267578125,69.9462890625,14.177331924438475,119.72747802734376,34.02322006225586
-0.510009765625,0.886474609375,0.094970703125,-43.212890625,237.3046875,49.13330078125,8.562385559082031,118.28298950195312,41.1773796081543
-0.198486328125,0.820068359375,-0.029541015625,-50.048828125,254.2724609375,23.49853515625,3.1010739803314213,116.06200408935548,50.28059387207031
-0.32470703125,0.8056640625,-0.128173828125,-54.62646484375,321.2890625,18.98193359375,-2.234990119934082,113.3347625732422,61.517005920410156
-0.62548828125,0.837890625,-0.117919921875,-47.7294921875,353.08837890625,21.42333984375,-6.8274898529052725,109.9158706665039,74.26184844970703
-0.62255859375,0.86474609375,-0.079345703125,-37.90283203125,324.64599609375,11.5966796875,-9.459786415100098,106.28665924072266,86.15037536621094
-0.18359375,0.989501953125,-0.095703125,-21.8505859375,272.8271484375,-4.0283203125,-11.315454483032227,103.02015686035156,96.93421173095705
-0.22412109375,0.99072265625,-0.183837890625,-19.95849609375,283.14208984375,-7.568359375,-12.36295223236084,99.76629638671876,108.29132080078124
-0.39501953125,0.792724609375,-0.311279296875,-23.01025390625,309.6923828125,-6.28662109375,-12.429791450500488,96.62950897216795,120.79351806640624
-0.366943359375,0.88623046875,-0.328857421875,1.953125,313.1103515625,-17.51708984375,-11.739313125610352,94.52620697021484,133.42630004882812
-0.395751953125,0.86376953125,-0.322509765625,14.2822265625,299.01123046875,-15.19775390625,-10.696187973022461,93.2918701171875,145.45591735839844
-0.2412109375,0.859130859375,-0.23193359375,33.3251953125,268.9208984375,-4.45556640625,-10.30177402496338,93.3835906982422,155.8756561279297
-0.2177734375,0.97265625,-0.221923828125,42.29736328125,248.47412109375,9.8876953125,-10.460081100463867,93.61412048339844,165.8434295654297
-0.30859375,0.853515625,-0.28515625,21.728515625,257.8125,9.70458984375,-10.380374908447266,93.14044952392578,-183.85043334960938
-0.488525390625,0.697265625,-0.38134765625,-0.6103515625,291.32080078125,0.06103515625,-9.106857299804688,91.75743103027344,-171.9430389404297
-0.379150390625,0.76513671875,-0.3173828125,-1.40380859375,291.80908203125,-27.03857421875,-7.078602313995361,90.76781463623048,-160.3008575439453
-0.2822265625,0.870849609375,-0.24267578125,-5.31005859375,273.3154296875,-31.67724609375,-4.983950614929199,89.94110107421875,-149.40719604492188
-0.26025390625,0.87744140625,-0.205322265625,-26.55029296875,256.28662109375,-29.052734375,-2.8940529823303223,88.38423156738281,-139.44647216796878
-0.21044921875,0.84326171875,-0.189208984375,-56.70166015625,229.18701171875,-33.203125,-0.5372577905654907,86.37396240234375,-130.40188598632812
-0.2197265625,0.783203125,-0.234375,-71.1669921875,211.60888671875,-38.63525390625,2.2580716609954834,84.4013442993164,-122.11900329589844
-0.202880859375,0.736083984375,-0.310302734375,-71.1669921875,188.78173828125,-45.0439453125,5.404930591583252,83.07587432861328,-115.10601806640624
-0.22412109375,0.775390625,-0.333740234375,-63.65966796875,159.48486328125,-59.6923828125,8.949319839477539,82.39368438720703,-108.92974090576172
-0.23486328125,0.811767578125,-0.32177734375,-63.53759765625,130.615234375,-74.03564453125,12.852168083190918,81.8543701171875,-103.89894104003906
-0.27880859375,0.838623046875,-0.303466796875,-63.78173828125,104.736328125,-84.77783203125,17.144725799560547,81.18584442138672,-100.3205795288086
-0.253662109375,0.815185546875,-0.26220703125,-72.3876953125,47.119140625,-95.0927734375,21.22886657714844,79.74467468261719,-98.7026138305664
-0.30322265625,0.866455078125,-0.168701171875,-80.99365234375,-3.41796875,-98.81591796875,25.023536682128906,76.9442138671875,-99.396240234375
-0.204345703125,0.917236328125,-0.185791015625,-94.42138671875,-32.71484375,-79.40673828125,27.084945678710934,72.92422485351562,-101.42412567138672
-0.283935546875,0.91845703125,-0.169921875,-101.5625,-75.8056640625,-56.884765625,27.951025009155273,68.10599517822266,-104.97209930419922
-0.258056640625,0.847412109375,-0.149658203125,-92.46826171875,-128.35693359375,-49.62158203125,27.37416839599609,62.82191467285156,-110.55504608154295
-0.35693359375,0.853515625,-0.175537109375,-74.70703125,-179.87060546875,-38.39111328125,24.61947822570801,57.85271835327149,-118.26092529296876
-0.332275390625,0.8974609375,-0.1650390625,-57.18994140625,-232.666015625,-1.28173828125,19.558460235595703,53.97388076782226,-125.9667510986328
-0.3427734375,0.92138671875,-0.139892578125,-53.3447265625,-236.99951171875,40.95458984375,12.801650047302244,51.48887252807617,-132.27679443359378
-0.3857421875,0.838623046875,-0.127685546875,-47.42431640625,-229.43115234375,78.43017578125,5.027251720428467,50.50391387939453,-136.77366638183594
-0.31298828125,0.806640625,-0.096923828125,-36.92626953125,-206.298828125,113.83056640625,-3.000664472579956,50.49151611328125,-140.12492370605472
-0.265869140625,0.874755859375,-0.052490234375,-27.7099609375,-162.7197265625,142.08984375,-10.73230266571045,51.03998947143555,-141.67721557617188
-0.2802734375,1.0849609375,-0.059326171875,-17.27294921875,-127.38037109375,167.6025390625,-18.100608825683594,51.75159454345703,-141.375244140625
-0.211181640625,1.02587890625,-0.05810546875,-12.26806640625,-90.9423828125,157.40966796875,-24.312641143798828,52.44349670410156,-140.81674194335938
-0.369873046875,1.015380859375,-0.049072265625,-10.55908203125,-64.75830078125,140.0146484375,-28.92898368835449,52.88882446289063,-139.97749328613278
-0.24560546875,1.079833984375,0.041015625,-11.41357421875,-62.56103515625,109.375,-32.133289337158196,53.42297744750977,-140.06410217285156
-0.2861328125,1.14501953125,0.025390625,-19.53125,-42.66357421875,74.03564453125,-34.085693359375,53.90687561035156,-140.43028259277344
-0.277099609375,1.118408203125,0.039794921875,-32.28759765625,-48.7060546875,52.734375,-35.4385871887207,54.351783752441406,-141.7010040283203
-0.12548828125,1.06640625,0.0419921875,-46.5087890625,-45.0439453125,31.494140625,-35.79125213623047,54.41960144042969,-143.4078826904297
-0.10986328125,1.034912109375,0.02880859375,-52.490234375,-20.32470703125,3.84521484375,-35.090774536132805,54.27850723266602,-145.02618408203125
0.0009765625,0.960205078125,-0.001953125,-53.40576171875,6.4697265625,-10.498046875,-33.542659759521484,53.77882766723633,-146.00473022460938
-0.098388671875,0.9296875,0.029541015625,-43.8232421875,37.2314453125,-21.78955078125,-30.531068801879886,53.36438369750977,-146.02865600585938
-0.1025390625,0.941162109375,0.009033203125,-17.4560546875,33.99658203125,-38.0859375,-27.36043930053711,54.06901550292969,-146.5672607421875
-0.076904296875,0.939453125,0.04443359375,-0.06103515625,30.21240234375,-47.42431640625,-24.076904296875,55.48089218139648,-147.29994201660156
-0.05224609375,1.039306640625,0.053955078125,5.126953125,35.09521484375,-54.19921875,-20.46407127380371,56.92703247070313,-147.7312774658203
-0.05712890625,1.042724609375,0.061279296875,-1.46484375,51.6357421875,-55.84716796875,-16.671125411987305,57.86230850219727,-147.56549072265625
-0.078125,1.0224609375,0.08056640625,-9.09423828125,65.7958984375,-48.9501953125,-12.887893676757812,58.25818634033203,-146.6282196044922
-0.123779296875,1.09619140625,0.09228515625,-17.08984375,74.27978515625,-36.9873046875,-9.5083589553833,58.1334457397461,-144.90231323242188
-0.134765625,1.123291015625,0.097900390625,-26.18408203125,85.63232421875,-12.75634765625,-6.673659324645996,57.73372268676758,-142.41201782226562
-0.15185546875,1.13330078125,0.098876953125,-35.94970703125,100.76904296875,10.25390625,-4.32990026473999,56.97657012939453,-138.9017333984375
-0.185546875,1.087890625,0.1328125,-45.5322265625,119.07958984375,29.60205078125,-2.255488872528076,55.73437881469727,-134.05599975585938
-0.202392578125,1.025146484375,0.18115234375,-54.38232421875,136.3525390625,47.05810546875,-0.1809893697500229,54.3509635925293,-128.55084228515622
-0.190185546875,0.953369140625,0.19921875,-54.13818359375,141.90673828125,52.6123046875,1.896609902381897,53.16683578491211,-122.73835754394531
-0.105224609375,0.88671875,0.300048828125,-46.38671875,140.5029296875,53.77197265625,3.748008728027344,52.4068603515625,-116.99322509765624
-0.1533203125,0.763671875,0.40283203125,-26.7333984375,131.591796875,46.630859375,5.723979473114014,52.14927673339844,-111.64716339111328
-0.11474609375,0.9990234375,0.33544921875,-5.4931640625,119.93408203125,42.3583984375,7.295944690704347,53.22358322143555,-106.69766998291016
-0.278076171875,1.133544921875,0.15087890625,13.00048828125,95.88623046875,34.912109375,8.61160945892334,56.36920547485352,-102.84587097167969
0.046142578125,0.785400390625,0.33740234375,77.63671875,54.50439453125,16.05224609375,8.744568824768066,60.20207214355469,-100.58150482177734
-0.189453125,0.88330078125,0.34423828125,121.2158203125,29.11376953125,-22.15576171875,10.157397270202637,65.46624755859375,-99.8843994140625
-0.29150390625,1.07861328125,0.291748046875,145.99609375,6.34765625,-58.65478515625,12.69366455078125,71.66622161865234,-100.86428833007812
-0.3173828125,1.26708984375,0.300048828125,140.31982421875,-18.06640625,-70.556640625,15.246400833129885,77.08990478515625,-102.31148529052734
-0.303955078125,1.27783203125,0.314208984375,107.421875,-22.94921875,-54.99267578125,17.136091232299805,80.9449234008789,-103.6949691772461
-0.259521484375,1.16943359375,0.312255859375,68.78662109375,-19.22607421875,-34.85107421875,17.951801300048828,82.658447265625,-104.68589782714844
-0.255126953125,1.119873046875,0.281982421875,30.029296875,-18.310546875,-12.0849609375,18.128681182861328,83.30897521972656,-105.60262298583984
-0.189697265625,1.09912109375,0.239990234375,15.13671875,-20.56884765625,-1.3427734375,17.752426147460938,83.39883422851562,-106.54525756835938
-0.080810546875,1.1171875,0.269287109375,4.8828125,-11.41357421875,5.06591796875,16.924327850341793,83.10380554199219,-106.90143585205078
0.07373046875,1.083251953125,0.226318359375,-13.5498046875,-1.220703125,15.44189453125,15.502147674560547,82.35453033447266,-106.92837524414062
0.233642578125,1.09228515625,0.232666015625,-20.263671875,6.28662109375,37.109375,13.027769088745115,81.47309112548828,-106.50060272216795
0.1484375,1.075439453125,0.249755859375,-35.0341796875,7.4462890625,64.8193359375,9.414292335510254,79.79922485351562,-105.72908782958984
0.06396484375,1.05908203125,0.265380859375,-62.07275390625,9.21630859375,85.63232421875,5.636970043182372,77.28795623779297,-104.70538330078124
0.072021484375,1.126708984375,0.18212890625,-70.1904296875,6.40869140625,75.8056640625,2.3999195098876958,74.67841339111328,-103.7080535888672
0.026611328125,1.091064453125,0.133056640625,-87.70751953125,9.70458984375,73.91357421875,-0.3794629871845245,71.43073272705078,-102.57917785644531
0.030029296875,1.064453125,0.087158203125,-95.76416015625,1.52587890625,61.4013671875,-2.70609188079834,68.11370849609375,-101.68219757080078
0.010009765625,1.050048828125,0.06640625,-99.853515625,-4.7607421875,57.2509765625,-4.7953758239746085,64.77913665771484,-100.98318481445312
-0.042724609375,1.078369140625,0.06640625,-107.177734375,-5.9814453125,68.66455078125,-7.287067413330077,61.15594100952149,-99.896240234375
-0.096435546875,1.028564453125,0.08642578125,-114.19677734375,-9.33837890625,93.8720703125,-10.225797653198242,57.27432632446289,-98.42315673828124
-0.109619140625,0.9658203125,0.04150390625,-104.4921875,-4.0283203125,107.60498046875,-13.264341354370115,53.77870178222656,-96.30862426757812
