-0.028076171875,1.10693359375,-0.027587890625,-5.06591796875,15.869140625,-26.18408203125,-0.03765344247221947,83.23489379882812,161.05609130859375
-0.07275390625,1.094970703125,-0.05615234375,-20.8740234375,18.4326171875,-28.25927734375,1.3592818975448608,82.72917175292969,161.65211486816406
-0.15576171875,1.16455078125,0.047607421875,-39.9169921875,15.68603515625,-29.60205078125,2.860557079315185,81.32920837402344,162.11415100097656
-0.211669921875,1.2216796875,0.0166015625,-50.78125,1.708984375,-23.0712890625,4.055312633514403,79.58751678466797,162.04110717773438
-0.181640625,1.13671875,0.0419921875,-44.86083984375,-17.578125,-5.2490234375,4.371458053588866,78.06090545654297,161.32763671875
-0.114501953125,1.060302734375,0.0361328125,-12.5732421875,-30.70068359375,15.07568359375,3.604865074157715,77.86247253417969,160.2756805419922
-0.053466796875,1.077880859375,-0.005126953125,8.30078125,-28.3203125,19.4091796875,2.5925612449646,78.61813354492188,159.3502197265625
-0.06396484375,1.14111328125,0.01513671875,8.11767578125,-21.97265625,10.6201171875,2.006350040435791,79.32926177978516,158.58523559570312
-0.070068359375,1.18408203125,0.02001953125,-17.4560546875,-15.7470703125,-0.06103515625,1.948208212852478,78.97869873046875,157.97801208496094
-0.09814453125,1.22119140625,0.020751953125,-35.09521484375,-14.7705078125,-4.5166015625,2.1146390438079834,77.9354476928711,157.37452697753906
-0.1220703125,1.173095703125,0.033935546875,-43.02978515625,-16.78466796875,-2.0751953125,2.231876850128174,76.61150360107422,156.71360778808594
-0.145751953125,1.21142578125,-0.0146484375,-28.564453125,-26.7333984375,0.1220703125,2.1635596752166752,75.96588134765625,155.69366455078125
-0.145263671875,1.15234375,0.005859375,-9.09423828125,-34.11865234375,6.2255859375,1.7993149757385254,76.0815200805664,154.44625854492188
-0.077880859375,1.2197265625,-0.04638671875,12.5732421875,-33.447265625,8.9111328125,1.1842371225357056,77.17548370361328,153.2445068359375
-0.076904296875,1.329833984375,-0.048583984375,7.14111328125,-23.01025390625,13.48876953125,0.5500848293304443,78.01994323730469,152.4712371826172
-0.059326171875,1.295654296875,-0.07763671875,-8.4228515625,-10.31494140625,12.87841796875,0.046739470213651664,78.27169036865234,152.17691040039062
-0.01904296875,1.20068359375,-0.081787109375,-10.19287109375,-1.8310546875,12.939453125,-0.4856967926025391,78.48613739013672,152.20822143554688
-0.01025390625,1.2080078125,-0.1025390625,-5.859375,13.916015625,6.04248046875,-0.5771554708480835,78.87379455566406,152.7957305908203
-0.029541015625,1.21875,-0.115234375,-3.90625,24.10888671875,0.3662109375,-0.33617132902145386,79.3434066772461,153.7396697998047
0.009033203125,1.2197265625,-0.112548828125,0.244140625,32.2265625,-5.43212890625,0.06826488673686981,80.0064926147461,154.96636962890625
0.020751953125,1.251953125,-0.104736328125,10.986328125,30.029296875,-9.58251953125,0.5984647870063782,81.01839447021484,156.09022521972656
-0.0283203125,1.332763671875,-0.059814453125,8.72802734375,17.39501953125,-7.26318359375,1.010921835899353,81.8177490234375,156.74095153808594
-0.034912109375,1.27197265625,-0.065185546875,-2.685546875,14.70947265625,5.37109375,0.961772918701172,82.14981079101562,157.36074829101562
-0.028564453125,1.15283203125,-0.089111328125,-5.37109375,7.87353515625,14.95361328125,0.4305893182754517,82.40946197509766,157.75924682617188
-0.028076171875,1.075927734375,-0.08251953125,3.23486328125,13.12255859375,15.31982421875,-0.06838377565145493,82.99910736083984,158.35943603515625
-0.068115234375,1.0458984375,-0.089599609375,10.986328125,13.3056640625,4.2724609375,-0.0041004098020493976,83.83307647705078,158.90756225585938
-0.03173828125,0.99951171875,-0.0830078125,19.287109375,14.22119140625,-14.404296875,0.6927188038825989,85.02357482910156,159.4203338623047
-0.026611328125,1.026611328125,-0.085693359375,23.0712890625,15.7470703125,-19.287109375,1.536220908164978,86.32830810546875,159.99783325195312
-0.038818359375,1.078369140625,-0.096923828125,17.76123046875,14.16015625,-9.6435546875,1.9209699630737305,87.37010192871094,160.55210876464844
-0.05224609375,1.072998046875,-0.082763671875,4.0283203125,13.916015625,5.79833984375,1.745768427848816,87.81375885009766,161.12649536132812
-0.071044921875,1.014404296875,-0.082275390625,-1.89208984375,13.0615234375,18.73779296875,1.1058129072189329,88.0069580078125,161.68125915527344
-0.08349609375,0.941162109375,-0.074951171875,-0.54931640625,9.58251953125,23.3154296875,0.3537105917930603,88.24451446533203,162.0964813232422
-0.0439453125,0.8818359375,-0.076171875,3.84521484375,1.64794921875,19.59228515625,-0.3267163038253784,88.6487045288086,162.1825408935547
-0.03515625,0.895751953125,-0.072509765625,3.173828125,0.48828125,8.7890625,-0.5747936367988586,88.99776458740234,162.20680236816406
0.069580078125,0.923095703125,-0.074951171875,-2.74658203125,2.99072265625,3.84521484375,-0.8587279915809631,89.08917236328125,162.32676696777344
-0.025634765625,0.90673828125,-0.03125,-15.56396484375,9.58251953125,24.2919921875,-1.7219594717025757,88.55703735351562,162.7244873046875
-0.08935546875,0.8642578125,-0.037353515625,-21.05712890625,2.99072265625,32.77587890625,-2.7230548858642583,87.84859466552734,162.8737335205078
-0.0390625,0.830322265625,-0.0263671875,-20.6298828125,-5.31005859375,32.71484375,-3.699378490447998,87.27153015136719,162.70523071289062
-0.041015625,0.847412109375,-0.032958984375,-15.5029296875,-3.96728515625,26.18408203125,-4.493515491485597,86.84111022949219,162.5830841064453
0.06640625,0.904296875,-0.007080078125,-7.01904296875,-18.37158203125,19.6533203125,-8.55274486541748,85.9151382446289,159.36537170410156
0.087158203125,0.90673828125,-0.005126953125,-9.033203125,-17.76123046875,23.74267578125,-9.441790580749512,85.84903717041016,158.68421936035156
0.0615234375,0.958251953125,-0.00048828125,-24.71923828125,-14.09912109375,29.60205078125,-10.432083129882812,85.0960922241211,158.17660522460938
0.064208984375,0.916015625,-0.01513671875,-34.24072265625,-12.02392578125,31.1279296875,-11.457704544067385,84.018310546875,157.76129150390625
0.078857421875,0.875732421875,0.018310546875,-35.46142578125,-12.63427734375,32.470703125,-12.565078735351562,82.82228088378906,157.3199920654297
0.074462890625,0.853515625,0.037841796875,-32.958984375,-18.6767578125,32.53173828125,-13.647555351257324,81.81055450439453,156.6920166015625
0.105712890625,0.8427734375,0.03857421875,-31.92138671875,-19.53125,32.77587890625,-14.797232627868652,80.89202117919922,156.04058837890625
0.10693359375,0.85302734375,0.04931640625,-32.16552734375,-18.49365234375,34.1796875,-15.990899085998535,80.00765991210938,155.44361877441406
0.147216796875,0.831298828125,0.048583984375,-29.47998046875,-17.822265625,30.029296875,-17.06008529663086,79.22930908203125,154.86007690429688
0.13623046875,0.81396484375,0.055908203125,-26.611328125,-15.19775390625,24.84130859375,-17.849313735961914,78.55889892578125,154.3504638671875
0.14990234375,0.84326171875,0.05810546875,-23.98681640625,-16.66259765625,24.35302734375,-18.645713806152344,77.97528076171875,153.78736877441406
0.173583984375,0.85546875,0.07763671875,-28.9306640625,-15.31982421875,25.2685546875,-19.47549057006836,77.2176513671875,153.29136657714844
0.1650390625,0.863037109375,0.07958984375,-31.92138671875,-14.34326171875,23.193359375,-20.164588928222656,76.36373138427734,152.8162384033203
0.201416015625,0.8369140625,0.074951171875,-39.00146484375,-15.80810546875,20.751953125,-20.861370086669922,75.26061248779297,152.2675323486328
0.196533203125,0.83935546875,0.070068359375,-40.283203125,-12.51220703125,19.22607421875,-21.434532165527344,74.1568832397461,151.81820678710938
0.18408203125,0.859130859375,0.0849609375,-41.19873046875,-13.671875,18.1884765625,-21.92138671875,73.04852294921875,151.31619262695312
0.201904296875,0.87451171875,0.11376953125,-47.30224609375,-14.58740234375,18.00537109375,-22.5053768157959,71.55615234375,150.79202270507812
0.2109375,0.855712890625,0.130859375,-58.41064453125,-14.6484375,17.39501953125,-23.013322830200195,69.75182342529297,150.2817840576172
0.205810546875,0.82861328125,0.133544921875,-62.01171875,-16.9677734375,13.3056640625,-23.39979362487793,67.91458892822266,149.61610412597656
0.267333984375,0.8515625,0.154296875,-60.791015625,-16.2353515625,10.6201171875,-23.72006225585937,66.12799835205078,149.00914001464844
0.231689453125,0.84912109375,0.1787109375,-60.36376953125,-11.90185546875,8.48388671875,-23.89525413513184,64.33280181884766,148.4873046875
0.218017578125,0.85546875,0.194091796875,-57.92236328125,-12.87841796875,8.36181640625,-24.049243927001953,62.68621826171875,147.923095703125
0.234375,0.8974609375,0.2021484375,-56.5185546875,-13.97705078125,8.60595703125,-24.32353591918945,61.15773391723633,147.26333618164062
0.237060546875,0.902099609375,0.22021484375,-60.97412109375,-18.24951171875,11.41357421875,-24.712121963500977,59.53056335449219,146.54856872558594
0.273681640625,0.91015625,0.225830078125,-67.138671875,-19.4091796875,15.19775390625,-25.33359146118164,57.6861801147461,145.87449645996094
0.2744140625,0.89306640625,0.2451171875,-70.80078125,-14.5263671875,15.7470703125,-25.8191032409668,55.53364944458008,145.44583129882812
0.2412109375,0.869384765625,0.288330078125,-70.49560546875,-11.65771484375,12.5732421875,-26.09694480895996,53.43260192871094,145.04498291015625
0.228759765625,0.878662109375,0.301025390625,-66.89453125,-15.0146484375,9.3994140625,-26.31953239440918,51.62242126464844,144.4324951171875
0.227783203125,0.923828125,0.318359375,-63.17138671875,-19.71435546875,9.33837890625,-26.69436454772949,50.06475067138672,143.6375274658203
0.24267578125,0.9619140625,0.30712890625,-69.82421875,-24.0478515625,16.357421875,-27.367595672607425,48.3634033203125,142.86769104003906
0.251220703125,0.932861328125,0.324951171875,-80.56640625,-23.74267578125,21.97265625,-28.214773178100586,46.14579391479492,142.3041229248047
0.2314453125,0.909423828125,0.3583984375,-89.599609375,-23.62060546875,22.39990234375,-29.00705909729004,43.48091125488281,141.8107147216797
0.256591796875,0.847412109375,0.401123046875,-92.10205078125,-24.4140625,20.81298828125,-29.8206844329834,40.73316955566406,141.3115692138672
0.2626953125,0.835205078125,0.401611328125,-85.63232421875,-24.658203125,18.6767578125,-30.59513282775879,38.35570526123047,140.7340087890625
0.256591796875,0.831298828125,0.410400390625,-78.2470703125,-24.658203125,18.24951171875,-31.39409065246582,36.37210464477539,140.17796325683594
0.3017578125,0.83251953125,0.42138671875,-71.2890625,-25.20751953125,21.97265625,-32.31177520751953,34.589282989501946,139.72273254394528
0.318115234375,0.829345703125,0.428955078125,-66.40625,-20.5078125,24.96337890625,-33.14914321899414,32.89740753173828,139.51458740234378
0.30419921875,0.776611328125,0.451904296875,-56.2744140625,-15.7470703125,25.634765625,-33.765655517578125,31.590824127197266,139.50296020507812
0.320556640625,0.776123046875,0.491943359375,-42.3583984375,-14.83154296875,22.5830078125,-34.284473419189446,30.71644592285156,139.42697143554688
0.3115234375,0.7998046875,0.481689453125,-40.8935546875,-14.70947265625,20.32470703125,-34.720138549804695,30.038143157958984,139.21351623535156
0.306396484375,0.80224609375,0.504150390625,-44.5556640625,-16.4794921875,18.73779296875,-35.19160461425781,29.218542098999023,138.90287780761722
0.310546875,0.81494140625,0.49462890625,-52.42919921875,-17.2119140625,19.6533203125,-35.65883255004883,28.174449920654297,138.58053588867188
0.33984375,0.758544921875,0.498046875,-53.22265625,-18.49365234375,18.9208984375,-36.21643829345703,27.06539726257324,138.24411010742188
0.34375,0.750244140625,0.5068359375,-48.2177734375,-17.63916015625,19.10400390625,-36.70525741577149,26.1710262298584,137.96434020996094
0.36328125,0.727783203125,0.509033203125,-39.73388671875,-14.22119140625,18.310546875,-37.11684036254883,25.54186248779297,137.71293640136722
0.35205078125,0.731689453125,0.52490234375,-33.0810546875,-11.77978515625,17.333984375,-37.371315002441406,25.173908233642575,137.46839904785156
0.36328125,0.762939453125,0.546142578125,-33.75244140625,-10.19287109375,18.310546875,-37.53044509887695,24.764404296875,137.29182434082028
0.3515625,0.738037109375,0.542724609375,-38.818359375,-7.38525390625,16.2353515625,-37.57598876953125,24.14413642883301,137.08888244628906
0.33984375,0.74072265625,0.553955078125,-40.95458984375,-8.36181640625,11.962890625,-37.552978515625,23.58071327209473,136.66633605957028
0.372314453125,0.7333984375,0.563232421875,-41.68701171875,-10.31494140625,7.62939453125,-37.558509826660156,23.08281135559082,135.98771667480472
0.39404296875,0.740478515625,0.572265625,-44.86083984375,-8.544921875,8.11767578125,-37.577144622802734,22.45122528076172,135.40530395507812
0.38330078125,0.7177734375,0.6005859375,-47.8515625,-8.30078125,11.1083984375,-37.59223937988281,21.54928970336914,135.00971984863278
0.387451171875,0.69384765625,0.60693359375,-41.07666015625,-6.591796875,11.29150390625,-37.55320358276367,20.963043212890625,134.68966674804688
0.4072265625,0.70263671875,0.609130859375,-32.5927734375,-4.638671875,12.39013671875,-37.49833297729492,20.58991050720215,134.43222045898438
0.379150390625,0.73779296875,0.61083984375,-31.43310546875,-3.96728515625,13.73291015625,-37.37836837768555,20.302453994750977,134.20036315917972
0.395263671875,0.728515625,0.622802734375,-34.3017578125,-5.9814453125,15.19775390625,-37.40471649169922,19.81879997253418,134.06146240234378
0.40380859375,0.739013671875,0.624267578125,-41.44287109375,-6.103515625,16.90673828125,-37.44606399536133,19.05816078186035,133.95248413085938
0.396484375,0.699951171875,0.641845703125,-47.30224609375,-5.31005859375,16.90673828125,-37.43183898925781,17.9882755279541,133.90205383300778
0.4169921875,0.670654296875,0.626708984375,-47.66845703125,-5.7373046875,16.7236328125,-37.44695281982422,16.861457824707028,133.89247131347656
0.4326171875,0.642333984375,0.654541015625,-43.39599609375,-3.2958984375,17.88330078125,-37.43266677856445,15.830682754516602,133.97439575195312
0.40771484375,0.615234375,0.676025390625,-36.80419921875,-0.9765625,17.7001953125,-37.25988388061523,15.010793685913086,134.106689453125
0.396728515625,0.63232421875,0.679443359375,-31.73828125,-1.15966796875,16.357421875,-37.114017486572266,14.56694221496582,134.10646057128906
0.4296875,0.6435546875,0.683837890625,-30.029296875,-3.47900390625,18.12744140625,-37.08147811889648,14.105283737182615,134.18792724609378
0.43212890625,0.63232421875,0.67822265625,-33.203125,-2.25830078125,19.4091796875,-37.02667617797852,13.472376823425293,134.34822082519528
0.44775390625,0.64501953125,0.661865234375,-37.4755859375,-2.5634765625,19.34814453125,-36.95987319946289,12.590235710144045,134.49234008789062
0.418701171875,0.5927734375,0.70654296875,-43.5791015625,-3.84521484375,18.6767578125,-36.90849685668945,11.51784896850586,134.64234924316406
0.42138671875,0.582275390625,0.716064453125,-42.3583984375,-5.9814453125,16.29638671875,-36.91775131225586,10.579373359680176,134.65852355957028
0.4287109375,0.576171875,0.716064453125,-39.85595703125,-9.58251953125,15.2587890625,-37.08177947998047,9.872960090637207,134.58230590820312
0.448486328125,0.59716796875,0.701416015625,-39.1845703125,-10.19287109375,17.578125,-37.32559585571289,9.137351036071776,134.57546997070312
0.449462890625,0.585693359375,0.697265625,-41.6259765625,-9.70458984375,21.484375,-37.57274627685547,8.188465118408201,134.76565551757812
0.465087890625,0.57958984375,0.6884765625,-42.41943359375,-8.36181640625,22.52197265625,-37.76133728027344,7.146586894989014,135.01113891601562
0.43896484375,0.540283203125,0.727294921875,-43.51806640625,-6.40869140625,19.71435546875,-37.79561614990234,6.099574089050293,135.17768859863278
0.44970703125,0.53369140625,0.736328125,-41.015625,-6.103515625,15.80810546875,-37.808841705322266,5.27735710144043,135.14970397949222
0.456298828125,0.51318359375,0.7353515625,-39.1845703125,-7.080078125,12.8173828125,-37.87310791015625,4.696907997131348,134.9608154296875
0.497314453125,0.5224609375,0.723876953125,-34.60693359375,-8.056640625,12.8173828125,-38.05564880371094,4.23871660232544,134.77154541015622
0.4853515625,0.507080078125,0.73779296875,-32.77587890625,-5.67626953125,14.22119140625,-38.103363037109375,3.778099536895752,134.67727661132812
0.48095703125,0.518798828125,0.736083984375,-35.21728515625,-5.2490234375,15.93017578125,-38.13312911987305,3.126436710357666,134.66206359863278
0.476806640625,0.510498046875,0.756591796875,-41.3818359375,-7.01904296875,15.7470703125,-38.19791793823242,2.308547019958496,134.62516784667972
0.48046875,0.47216796875,0.765869140625,-44.86083984375,-6.34765625,15.5029296875,-38.22711944580078,1.290090560913086,134.62240600585938
0.465087890625,0.458740234375,0.77099609375,-43.51806640625,-8.6669921875,15.13671875,-38.33261489868164,0.3646493256092072,134.57865905761722
0.467529296875,0.466064453125,0.75634765625,-42.96875,-11.16943359375,13.24462890625,-38.53679656982422,-0.43536919355392456,134.42045593261722
0.48681640625,0.4384765625,0.7587890625,-42.1142578125,-10.19287109375,13.36669921875,-38.72640609741211,-1.256482720375061,134.30160522460938
0.5078125,0.426025390625,0.74951171875,-40.1611328125,-7.75146484375,15.93017578125,-38.83705139160156,-2.14544677734375,134.36953735351562
0.48681640625,0.411865234375,0.76611328125,-38.2080078125,-5.67626953125,16.05224609375,-38.82187271118164,-2.9036242961883545,134.39015197753906
0.504150390625,0.403564453125,0.763671875,-35.15625,-5.31005859375,13.85498046875,-38.8314094543457,-3.4709486961364746,134.30061340332028
0.49365234375,0.407958984375,0.75927734375,-34.11865234375,-4.21142578125,12.51220703125,-38.81941604614258,-3.858016014099121,134.07406616210938
0.498779296875,0.383056640625,0.762939453125,-31.55517578125,-3.96728515625,11.04736328125,-38.77243423461914,-4.200194835662842,133.84519958496094
0.490478515625,0.4091796875,0.769775390625,-28.9306640625,-2.13623046875,8.85009765625,-38.64208984375,-4.289000988006592,133.45132446289062
0.497314453125,0.3896484375,0.764404296875,-30.029296875,-0.18310546875,8.72802734375,-38.3847770690918,-4.479114055633545,133.10310363769528
0.498291015625,0.369140625,0.809814453125,-31.1279296875,0.67138671875,9.521484375,-38.11349487304688,-4.792260646820068,132.81600952148438
0.4931640625,0.376708984375,0.80419921875,-31.494140625,-0.8544921875,9.27734375,-37.91333770751953,-5.080749034881592,132.50540161132812
0.478515625,0.35498046875,0.80419921875,-31.43310546875,-1.708984375,8.85009765625,-37.80302047729492,-5.388896465301514,132.19630432128906
0.499267578125,0.349609375,0.814208984375,-31.31103515625,-4.82177734375,8.1787109375,-37.77151489257813,-5.701860904693604,131.88850402832028
0.4970703125,0.35302734375,0.814453125,-29.84619140625,-6.04248046875,9.33837890625,-37.78234481811523,-5.975495338439941,131.63397216796878
0.4970703125,0.331787109375,0.810546875,-29.1748046875,-4.45556640625,9.94873046875,-37.72697830200195,-6.207231998443604,131.44200134277344
0.474365234375,0.30859375,0.8193359375,-21.97265625,-4.69970703125,10.6201171875,-37.624107360839844,-6.284311771392822,131.2974853515625
0.49462890625,0.295654296875,0.8017578125,-16.41845703125,-5.18798828125,9.09423828125,-37.60798645019531,-6.12553071975708,131.099609375
0.50390625,0.314697265625,0.823974609375,-14.46533203125,-4.57763671875,8.11767578125,-37.59687423706055,-5.874330520629883,130.82844543457028
0.5009765625,0.3193359375,0.8173828125,-16.90673828125,-4.2724609375,6.77490234375,-37.55089569091797,-5.629563808441162,130.48928833007812
0.49951171875,0.312255859375,0.8193359375,-17.15087890625,-4.69970703125,6.34765625,-37.51763534545898,-5.410040855407715,130.14779663085938
0.501953125,0.298095703125,0.830322265625,-14.34326171875,-3.84521484375,5.79833984375,-37.44504165649414,-5.059178352355957,129.794677734375
0.50732421875,0.325927734375,0.831298828125,-12.5732421875,-3.0517578125,5.0048828125,-37.35414123535156,-4.611642837524414,129.37875366210938
0.493408203125,0.3173828125,0.857421875,-13.5498046875,-1.3427734375,3.2958984375,-37.144229888916016,-4.195361614227295,128.90087890625
0.4970703125,0.33935546875,0.827392578125,-16.17431640625,-2.9296875,3.96728515625,-37.05553436279297,-3.971292734146118,128.5263671875
0.513427734375,0.3359375,0.830810546875,-19.775390625,-5.9814453125,9.09423828125,-37.0923957824707,-3.962357997894287,128.34324645996094
0.4912109375,0.3173828125,0.847412109375,-22.52197265625,-7.14111328125,12.51220703125,-37.10124206542969,-4.213496208190918,128.36235046386722
0.472900390625,0.29248046875,0.829833984375,-24.10888671875,-8.1787109375,11.962890625,-37.18517684936523,-4.513677597045898,128.36355590820312
0.4970703125,0.276123046875,0.8408203125,-21.728515625,-8.056640625,9.09423828125,-37.24928283691406,-4.713823795318604,128.26553344726562
0.5263671875,0.266357421875,0.83251953125,-20.69091796875,-6.65283203125,7.01904296875,-37.32524490356445,-4.832570552825928,128.07363891601562
0.5341796875,0.261962890625,0.831787109375,-18.73779296875,-6.591796875,5.2490234375,-37.371742248535156,-4.811834812164307,127.80409240722656
0.50830078125,0.26953125,0.836181640625,-16.05224609375,-6.77490234375,6.8359375,-37.411170959472656,-4.721897602081299,127.59071350097656
0.5,0.263427734375,0.824462890625,-15.0146484375,-5.18798828125,6.8359375,-37.38338088989258,-4.59602689743042,127.3756866455078
0.50048828125,0.236083984375,0.82958984375,-12.87841796875,-5.92041015625,5.7373046875,-37.420352935791016,-4.362637519836427,127.1399383544922
0.50146484375,0.23291015625,0.819580078125,-7.568359375,-6.77490234375,3.90625,-37.46617126464844,-3.9462485313415527,126.8388214111328
0.521240234375,0.25244140625,0.7958984375,-5.31005859375,-5.92041015625,3.23486328125,-37.54603958129883,-3.376885414123535,126.47364807128906
0.52783203125,0.24462890625,0.794921875,-1.77001953125,-2.01416015625,2.25830078125,-37.467994689941406,-2.664438247680664,126.07530212402344
0.513427734375,0.2119140625,0.80078125,1.89208984375,-0.732421875,-0.42724609375,-37.31547164916992,-1.847629189491272,125.60804748535156
0.486328125,0.211181640625,0.802001953125,6.4697265625,-1.220703125,-3.5400390625,-37.130409240722656,-0.7818247079849243,125.00355529785156
0.4873046875,0.1982421875,0.770751953125,13.0615234375,-2.685546875,-6.34765625,-37.03172302246094,0.7149336934089661,124.2787628173828
0.519287109375,0.151123046875,0.74609375,29.72412109375,-0.1220703125,-7.99560546875,-36.92539978027344,2.5761513710021973,123.613525390625
0.498779296875,0.16259765625,0.733642578125,47.79052734375,7.6904296875,-14.58740234375,-36.44971466064453,5.301377773284912,122.67041015625
0.48974609375,0.221435546875,0.726318359375,58.7158203125,13.5498046875,-25.08544921875,-35.49467086791992,9.039706230163574,121.04248046875
0.463134765625,0.24853515625,0.739501953125,68.84765625,20.20263671875,-38.87939453125,-34.21706771850586,13.124008178710938,119.1495590209961
0.463134765625,0.2919921875,0.734619140625,76.72119140625,24.0478515625,-42.90771484375,-32.686901092529304,17.448122024536133,117.2802963256836
0.435546875,0.344970703125,0.702880859375,84.04541015625,24.71923828125,-42.3583984375,-31.05889892578125,21.952289581298828,115.66992950439452
0.455322265625,0.39111328125,0.7197265625,94.3603515625,26.123046875,-37.90283203125,-29.40534019470215,26.52179908752441,114.43917083740234
0.43408203125,0.44580078125,0.73388671875,97.59521484375,28.50341796875,-36.4990234375,-27.60112380981445,30.98898124694824,113.52422332763672
0.406494140625,0.478515625,0.723388671875,97.59521484375,31.55517578125,-34.423828125,-25.60511589050293,35.270835876464844,112.94574737548828
0.383544921875,0.500732421875,0.691162109375,101.98974609375,33.26416015625,-35.400390625,-23.63445472717285,39.49717712402344,112.59696197509766
0.3779296875,0.517333984375,0.658935546875,112.79296875,36.31591796875,-35.82763671875,-21.62706756591797,43.9733772277832,112.51643371582031
0.369384765625,0.600341796875,0.644775390625,120.42236328125,40.71044921875,-35.400390625,-19.509262084960934,48.63383102416992,112.7664031982422
0.360595703125,0.68359375,0.616943359375,109.06982421875,43.39599609375,-29.84619140625,-17.566986083984375,52.749229431152344,113.40166473388672
0.294189453125,0.650146484375,0.6474609375,102.9052734375,42.96875,-23.92578125,-15.813488006591795,56.2897834777832,114.38253784179688
0.26123046875,0.687255859375,0.627197265625,103.3935546875,37.109375,-19.775390625,-14.47156047821045,59.78490447998047,115.35270690917969
0.277099609375,0.704345703125,0.599365234375,91.6748046875,32.53173828125,-13.0615234375,-13.491333961486815,62.81335830688477,116.37435150146484
0.255615234375,0.677734375,0.593994140625,82.763671875,33.14208984375,-10.1318359375,-12.662692070007324,65.32323455810547,117.54842376708984
0.210205078125,0.6337890625,0.5908203125,81.54296875,30.21240234375,-11.23046875,-11.833295822143555,67.76359558105469,118.56965637207031
0.184326171875,0.591064453125,0.571044921875,99.853515625,19.83642578125,-12.87841796875,-11.142879486083984,70.78421783447266,119.31779479980469
0.232421875,0.651611328125,0.513916015625,115.966796875,15.80810546875,-9.6435546875,-10.794766426086426,74.57994842529297,119.95541381835938
0.235107421875,0.687255859375,0.472900390625,116.455078125,15.2587890625,-1.64794921875,-10.85142421722412,78.27819061279297,120.73074340820312
0.197265625,0.699951171875,0.46142578125,101.98974609375,16.41845703125,0.6103515625,-10.889276504516602,81.38121795654297,121.55085754394531
0.1728515625,0.703857421875,0.4140625,91.552734375,17.08984375,-4.7607421875,-10.691937446594238,84.05744934082031,122.37882995605469
0.185546875,0.709228515625,0.36572265625,81.6650390625,16.357421875,-5.2490234375,-10.616460800170898,86.2437515258789,123.18942260742188
0.192626953125,0.6953125,0.3427734375,69.15283203125,19.6533203125,1.953125,-10.822118759155273,87.98423767089844,124.15223693847656
0.183837890625,0.64208984375,0.365234375,67.0166015625,17.15087890625,3.90625,-11.13896942138672,89.47171783447266,125.05174255371094
0.12890625,0.63427734375,0.363525390625,69.15283203125,7.14111328125,-7.32421875,-10.624920845031738,91.1773910522461,125.37783813476562
0.164306640625,0.733154296875,0.29736328125,69.39697265625,-7.62939453125,-23.98681640625,-9.736599922180176,93.09197235107422,125.27496337890624
0.136962890625,0.830078125,0.249267578125,61.4013671875,-14.2822265625,-29.4189453125,-8.519596099853517,94.83836364746094,124.91827392578124
0.140869140625,0.882080078125,0.21826171875,42.78564453125,-16.90673828125,-27.2216796875,-7.455601215362549,95.64224243164062,124.4140167236328
0.103515625,0.82958984375,0.238037109375,22.5830078125,-18.1884765625,-19.1650390625,-6.617020606994629,95.76869201660156,123.87579345703124
0.08203125,0.813720703125,0.21826171875,16.05224609375,-21.728515625,-13.916015625,-5.950531005859375,95.6749267578125,123.15902709960938
0.131591796875,0.809814453125,0.1845703125,16.17431640625,-25.20751953125,-10.1318359375,-5.68402910232544,95.72107696533205,122.2437744140625
0.139404296875,0.7900390625,0.173095703125,18.49365234375,-29.78515625,-11.29150390625,-5.285601615905762,95.8552474975586,121.17214965820312
0.122314453125,0.759033203125,0.16943359375,25.32958984375,-31.005859375,-13.73291015625,-4.76228666305542,96.24221801757812,120.06195068359376
0.107177734375,0.845947265625,0.127685546875,30.2734375,-26.79443359375,-16.357421875,-3.9953126907348633,96.91754913330078,119.1815185546875
0.08349609375,0.833740234375,0.1005859375,30.3955078125,-28.25927734375,-17.9443359375,-3.210814952850342,97.64129638671876,118.19085693359376
0.0986328125,0.83984375,0.0927734375,37.4755859375,-34.60693359375,-20.69091796875,-2.335314512252808,98.63994598388672,116.97057342529295
0.088623046875,0.865478515625,0.08154296875,44.86083984375,-39.9169921875,-20.1416015625,-1.530153751373291,100.02882385253906,115.50372314453124
0.131591796875,0.88525390625,0.0546875,50.96435546875,-35.7666015625,-8.9111328125,-1.1854897737503052,101.55530548095705,114.17878723144531
0.066162109375,0.916259765625,0.04833984375,48.2177734375,-38.51318359375,-6.34765625,-0.72635418176651,102.92083740234376,112.74017333984376
0.139892578125,1.02392578125,-0.023193359375,38.818359375,-54.38232421875,-19.4091796875,0.3329061269760132,103.7165756225586,110.68712615966795
0.113037109375,1.045654296875,-0.029541015625,8.97216796875,-66.10107421875,-18.37158203125,1.415942668914795,103.54777526855469,108.2937240600586
0.119140625,0.9794921875,-0.032958984375,-7.568359375,-67.19970703125,-9.27734375,2.0634016990661617,102.69618225097656,105.7545928955078
0.117919921875,0.907958984375,-0.052734375,-10.6201171875,-63.90380859375,-5.4931640625,2.5861775875091557,101.89364624023438,103.35484313964844
0.17724609375,0.95361328125,-0.08740234375,6.103515625,-65.91796875,-26.3671875,3.646873950958252,101.7334442138672,100.98202514648438
0.19140625,1.021240234375,-0.085205078125,13.97705078125,-61.70654296875,-32.2265625,4.85523796081543,101.84435272216795,98.81244659423828
0.1103515625,1.125244140625,-0.102294921875,6.591796875,-50.10986328125,-23.92578125,5.575258731842041,101.4190902709961,97.10263061523438
0.169677734375,1.1025390625,-0.079345703125,-21.484375,-37.4755859375,-4.08935546875,5.457719802856445,100.11669921875,95.63420104980469
0.18798828125,1.028076171875,-0.09619140625,-30.8837890625,-27.52685546875,-7.75146484375,5.325279712677002,98.5807876586914,94.5863265991211
0.14111328125,1.0927734375,-0.079833984375,-31.43310546875,-19.22607421875,-21.42333984375,5.810971260070801,97.0286102294922,94.04039001464844
0.1279296875,1.18505859375,-0.0654296875,-38.75732421875,-6.2255859375,-14.95361328125,5.959053993225098,95.29061889648438,93.84976959228516
0.143310546875,1.14990234375,-0.0361328125,-52.67333984375,6.40869140625,-3.11279296875,5.54878568649292,93.05744934082031,94.11198425292969
0.1201171875,1.073486328125,-0.00341796875,-52.734375,15.68603515625,1.28173828125,5.076885223388672,90.96142578125,94.79530334472656
0.106201171875,1.07861328125,0.03662109375,-34.0576171875,20.1416015625,-3.2958984375,4.7790632247924805,89.53852081298828,95.59998321533205
0.07861328125,1.164794921875,0.055419921875,-27.52685546875,18.61572265625,-5.4931640625,4.666837215423584,88.39370727539062,96.3395767211914
0.064208984375,1.150146484375,0.054443359375,-26.123046875,14.70947265625,-4.57763671875,4.547585487365723,87.38948059082031,96.8612289428711
0.067626953125,1.16845703125,0.04541015625,-19.1650390625,4.82177734375,-2.8076171875,4.357213020324707,86.63780212402344,97.05207824707031
0.08056640625,1.162109375,0.046142578125,-15.869140625,-0.18310546875,-0.9765625,4.065972328186035,86.0306396484375,97.0473861694336
0.072998046875,1.147216796875,0.04931640625,-14.58740234375,0.67138671875,-2.38037109375,3.9276196956634517,85.52666473388672,97.12837982177734
0.052734375,1.139892578125,0.0341796875,-9.1552734375,6.9580078125,-2.86865234375,3.8020725250244136,85.27330017089844,97.40563201904295
0.063232421875,1.11767578125,0.047607421875,-0.18310546875,8.9111328125,-4.8828125,3.744709730148315,85.3642807006836,97.7522201538086
0.05810546875,1.129150390625,0.076171875,8.7890625,8.1787109375,-3.96728515625,3.576167583465576,85.88055419921875,98.09082794189452
0.001708984375,1.0947265625,0.062744140625,12.87841796875,8.6669921875,4.69970703125,3.2651824951171875,86.43511199951172,98.4503173828125
-0.009521484375,1.020263671875,0.096435546875,8.9111328125,5.43212890625,9.33837890625,2.796905279159546,86.71560668945312,98.68367004394531
0.00048828125,1.049560546875,0.06689453125,1.46484375,-0.732421875,-4.69970703125,3.1268322467803955,86.62345886230469,98.55905151367188
0.005126953125,1.163330078125,0.055908203125,-15.93017578125,-6.04248046875,-25.390625,3.9878785610198975,85.97681427001953,98.2568588256836
-0.04443359375,1.153076171875,0.0673828125,-25.5126953125,-6.34765625,-22.39990234375,4.7876482009887695,84.943359375,97.93655395507812
-0.02880859375,1.127685546875,0.0595703125,-16.78466796875,-7.6904296875,-15.31982421875,5.109568595886231,84.46857452392578,97.56047821044922
-0.02099609375,1.142578125,0.080078125,4.0283203125,-8.544921875,-10.7421875,5.34309720993042,84.64014434814453,97.18355560302734
-0.281005859375,1.798095703125,0.172119140625,45.8984375,-18.310546875,28.13720703125,4.174559593200684,84.61537170410156,80.99121856689453
0.0263671875,1.145751953125,0.00244140625,41.80908203125,-18.06640625,43.15185546875,2.617464303970337,85.99871063232422,80.42237091064453
0.099853515625,1.01416015625,-0.07373046875,-10.80322265625,-1.220703125,5.0048828125,2.0904245376586914,85.8726806640625,80.4026870727539
0.02978515625,0.988525390625,0.01025390625,-4.21142578125,-4.57763671875,-0.79345703125,0.7552300095558167,83.7561264038086,78.31875610351562
0.06591796875,1.076904296875,-0.024658203125,-5.06591796875,-3.5400390625,-5.18798828125,0.8317490816116333,83.68171691894531,78.14469909667969
0.058837890625,0.958740234375,0.00048828125,-18.06640625,9.8876953125,-1.28173828125,0.7542119026184082,83.19874572753906,78.53683471679688
