0.01806640625,0.978515625,-0.049560546875,-8.85009765625,-4.45556640625,1.64794921875,-3.213481903076172,84.12711334228516,-8.191266059875487
0.01171875,0.985107421875,-0.064208984375,-8.4228515625,-5.18798828125,2.0751953125,-3.2170236110687256,84.16700744628906,-8.410776138305664
0.006591796875,0.986083984375,-0.055908203125,-8.48388671875,-3.90625,1.77001953125,-3.1912388801574707,84.1810302734375,-8.579353332519531
0.023681640625,0.98291015625,-0.063720703125,-8.7890625,-4.7607421875,1.77001953125,-3.2093253135681152,84.20233917236328,-8.782716751098633
0.004150390625,0.98193359375,-0.07666015625,-8.544921875,-4.82177734375,1.77001953125,-3.18208122253418,84.2624740600586,-8.990423202514648
0.017822265625,0.98095703125,-0.04833984375,-8.23974609375,-4.94384765625,2.44140625,-3.213929891586304,84.26788330078125,-9.196476936340332
0.01318359375,0.978759765625,-0.0546875,-9.09423828125,-4.8828125,1.953125,-3.2143976688385014,84.25382232666016,-9.403042793273926
0.013427734375,0.980712890625,-0.05029296875,-8.60595703125,-4.94384765625,1.64794921875,-3.2034289836883545,84.24969482421875,-9.612651824951172
0.017822265625,0.98974609375,-0.066162109375,-9.58251953125,-5.06591796875,2.3193359375,-3.2300729751586914,84.24178314208984,-9.82638931274414
0.010498046875,0.982177734375,-0.045654296875,-9.033203125,-5.31005859375,1.77001953125,-3.2179527282714844,84.2110824584961,-10.049646377563477
0.022216796875,0.99267578125,-0.063232421875,-9.521484375,-4.8828125,2.0751953125,-3.2436270713806152,84.19972229003906,-10.256710052490234
0.0185546875,0.97802734375,-0.049072265625,-9.21630859375,-4.638671875,2.01416015625,-3.2570369243621826,84.170166015625,-10.452751159667967
0.01953125,0.972900390625,-0.057861328125,-8.9111328125,-4.69970703125,1.77001953125,-3.2747762203216557,84.01117706298828,-11.92633056640625
0.01025390625,0.97314453125,-0.06005859375,-9.09423828125,-5.67626953125,2.50244140625,-3.2921781539916988,84.02226257324219,-12.163606643676758
0.016845703125,0.979248046875,-0.05712890625,-9.1552734375,-4.8828125,1.40380859375,-3.2771472930908203,84.02132415771484,-12.373311042785645
0.0087890625,0.994873046875,-0.0673828125,-8.4228515625,-4.8828125,1.77001953125,-3.258373022079468,84.07067108154297,-12.582704544067385
-0.001953125,0.976806640625,-0.041748046875,-8.72802734375,-4.94384765625,1.708984375,-3.213080883026123,84.04972839355469,-12.791505813598633
0.0,0.9765625,-0.05224609375,-8.6669921875,-5.18798828125,2.13623046875,-3.1922507286071777,84.05662536621094,-13.00940990447998
0.0185546875,0.985107421875,-0.0517578125,-8.30078125,-4.45556640625,2.25830078125,-3.2306365966796875,84.0299072265625,-14.385398864746096
0.002685546875,0.98388671875,-0.060791015625,-9.33837890625,-5.126953125,2.25830078125,-3.220148801803589,84.02926635742188,-14.601531982421875
0.017578125,0.9755859375,-0.069091796875,-8.9111328125,-4.82177734375,2.0751953125,-3.236314296722412,84.06529235839844,-14.80719757080078
0.017333984375,0.9765625,-0.063720703125,-8.6669921875,-4.8828125,2.0751953125,-3.2512567043304443,84.0973892211914,-15.014688491821287
0.003662109375,0.991943359375,-0.048095703125,-9.3994140625,-4.5166015625,1.953125,-3.2271616458892822,84.06050109863281,-15.206117630004885
0.009521484375,0.98974609375,-0.052734375,-9.46044921875,-4.94384765625,2.38037109375,-3.2362957000732417,84.03423309326172,-15.41329574584961
0.0146484375,0.985107421875,-0.05908203125,-9.033203125,-4.82177734375,2.44140625,-3.2590541839599614,84.04086303710938,-15.616240501403807
0.0234375,0.988525390625,-0.060546875,-9.033203125,-4.69970703125,2.197265625,-3.290767192840576,84.04991149902344,-15.815546035766602
0.0205078125,0.986328125,-0.0458984375,-9.1552734375,-4.94384765625,2.197265625,-3.315380573272705,84.02130889892578,-16.022897720336914
0.0205078125,0.9921875,-0.0703125,-8.36181640625,-4.638671875,1.5869140625,-3.313705444335937,84.07970428466797,-16.223886489868164
0.01416015625,0.985595703125,-0.065673828125,-8.6669921875,-4.69970703125,2.3193359375,-3.326878786087036,84.11415100097656,-16.423824310302734
0.015869140625,0.983642578125,-0.07080078125,-9.09423828125,-5.126953125,2.197265625,-3.3403716087341313,84.1431884765625,-16.642044067382812
0.0146484375,0.98583984375,-0.051025390625,-8.48388671875,-4.5166015625,1.8310546875,-3.3108301162719727,84.1424560546875,-17.40838623046875
0.012451171875,0.991455078125,-0.053466796875,-8.7890625,-4.69970703125,2.3193359375,-3.319623708724976,84.14099884033203,-17.606639862060547
0.015380859375,0.98095703125,-0.049560546875,-9.1552734375,-4.45556640625,1.52587890625,-3.302687406539917,84.11689758300781,-17.797883987426758
0.01123046875,0.994384765625,-0.063232421875,-8.60595703125,-4.45556640625,1.89208984375,-3.2912464141845703,84.14497375488281,-17.98931884765625
0.00830078125,0.989990234375,-0.04248046875,-8.9111328125,-4.82177734375,2.25830078125,-3.2892541885375977,84.11396026611328,-18.191158294677734
0.02587890625,0.979248046875,-0.048583984375,-9.58251953125,-4.5166015625,1.5869140625,-3.300640106201172,84.07176971435547,-18.384220123291016
0.02099609375,0.9794921875,-0.063720703125,-8.36181640625,-4.39453125,1.8310546875,-3.309736013412476,84.11448669433594,-18.57360076904297
0.002685546875,0.99072265625,-0.049072265625,-9.70458984375,-4.57763671875,2.25830078125,-3.293447732925415,84.0673599243164,-18.76673889160156
0.0078125,0.976806640625,-0.048828125,-8.6669921875,-4.69970703125,1.708984375,-3.2685699462890625,84.06491088867188,-18.966876983642575
0.01025390625,0.973388671875,-0.054931640625,-9.1552734375,-5.06591796875,1.953125,-3.2616999149322514,84.05825805664062,-19.181291580200195
0.005615234375,0.9921875,-0.046142578125,-8.6669921875,-4.8828125,1.89208984375,-3.282600879669189,84.09806823730469,-19.390064239501953
0.014892578125,0.98876953125,-0.05810546875,-8.30078125,-4.5166015625,2.25830078125,-3.295217037200928,84.12825012207031,-19.581707000732425
0.013916015625,0.9921875,-0.05322265625,-9.21630859375,-5.06591796875,1.953125,-3.2949402332305913,84.11048889160156,-19.795869827270508
0.01318359375,0.992431640625,-0.052734375,-8.72802734375,-4.69970703125,1.8310546875,-3.2867274284362797,84.1109848022461,-19.99586677551269
0.015869140625,0.989013671875,-0.058349609375,-9.09423828125,-4.5166015625,1.77001953125,-3.282054662704468,84.10955810546875,-20.189491271972656
0.0185546875,0.998779296875,-0.05419921875,-9.09423828125,-4.57763671875,1.89208984375,-3.288322925567627,84.09765625,-20.384403228759766
0.004150390625,0.984619140625,-0.056884765625,-9.21630859375,-5.31005859375,1.77001953125,-3.259970664978028,84.0909423828125,-20.60961151123047
0.009521484375,1.002197265625,-0.057373046875,-9.033203125,-5.126953125,2.25830078125,-3.2633321285247803,84.09010314941406,-20.82529067993164
0.01025390625,0.9677734375,-0.054931640625,-8.11767578125,-4.7607421875,1.953125,-3.2554361820220947,84.12393951416016,-21.02753257751465
0.0146484375,0.991455078125,-0.06396484375,-8.97216796875,-5.06591796875,1.953125,-3.2372341156005864,84.0998764038086,-21.240598678588867
0.0234375,0.98388671875,-0.05322265625,-8.9111328125,-4.7607421875,2.01416015625,-3.262732982635498,84.09549713134766,-21.44198226928711
0.00732421875,0.978271484375,-0.0556640625,-8.72802734375,-5.0048828125,1.89208984375,-3.2463872432708736,84.10562133789062,-21.65423583984375
0.00341796875,0.980224609375,-0.04736328125,-9.58251953125,-5.0048828125,2.01416015625,-3.22636342048645,84.06177520751953,-21.864835739135746
0.017578125,0.990234375,-0.06298828125,-8.544921875,-5.2490234375,2.0751953125,-3.2431342601776123,84.09600830078125,-22.086650848388672
0.0126953125,0.998291015625,-0.0556640625,-8.23974609375,-4.638671875,1.708984375,-3.2306416034698486,84.12220001220703,-22.28472137451172
0.00439453125,0.987060546875,-0.06005859375,-10.19287109375,-4.45556640625,2.38037109375,-3.225947856903076,84.08013153076172,-22.473445892333984
-0.05712890625,1.1259765625,-0.237060546875,-10.68115234375,-29.11376953125,1.52587890625,-3.1640658378601074,84.4009017944336,-23.66708755493164
0.31787109375,1.302490234375,0.060791015625,-3.23486328125,-21.484375,5.55419921875,-3.880343198776245,84.42120361328125,-24.5074405670166
0.090087890625,0.681396484375,0.166259765625,-15.93017578125,11.962890625,5.37109375,-4.3366127014160165,83.56908416748047,-23.99302864074707
0.203125,0.994140625,-0.0478515625,-9.765625,58.89892578125,-11.04736328125,-3.925749063491821,83.35511016845703,-21.719141006469727
0.09423828125,0.861572265625,-0.029296875,-3.5400390625,55.60302734375,-9.521484375,-3.3931617736816406,83.39884948730469,-19.56949234008789
0.17431640625,0.921875,0.03076171875,1.46484375,52.91748046875,-16.9677734375,-2.776901960372925,83.516357421875,-17.547447204589847
0.165771484375,0.878662109375,-0.166748046875,13.18359375,51.81884765625,-25.32958984375,-1.8754940032958984,84.6145248413086,-15.61876106262207
0.239013671875,1.138671875,-0.22802734375,45.22705078125,71.71630859375,9.6435546875,-2.445479393005371,86.94181823730469,-12.75654411315918
0.177734375,1.572021484375,-0.061767578125,49.13330078125,80.810546875,54.13818359375,-4.654127597808838,88.89539337158203,-9.460794448852539
0.05810546875,1.3984375,-0.02880859375,6.4697265625,63.04931640625,52.30712890625,-6.609894752502441,88.97679138183594,-6.9021363258361825
0.1728515625,1.368408203125,-0.015869140625,22.39990234375,59.5703125,24.169921875,-7.574958324432372,89.62549591064453,-4.498886585235597
0.21533203125,1.48291015625,-0.01123046875,47.607421875,75.98876953125,1.953125,-7.713630676269531,91.20631408691406,-1.4457454681396484
0.208984375,1.3916015625,-0.10791015625,40.1611328125,83.8623046875,-8.85009765625,-7.51093864440918,92.4744110107422,1.9325675964355469
0.175537109375,1.344482421875,-0.09716796875,24.7802734375,76.59912109375,-12.8173828125,-7.155532836914063,93.11784362792969,5.037247657775879
0.173828125,1.379150390625,-0.08984375,13.18359375,65.673828125,-7.080078125,-7.05699348449707,93.383544921875,7.688026428222656
0.228515625,1.5263671875,-0.1181640625,-1.0986328125,53.22265625,-6.4697265625,-6.982743740081787,93.10099792480469,9.841787338256836
0.233154296875,1.488037109375,-0.0888671875,-16.11328125,44.921875,-13.12255859375,-6.624514579772949,92.2354965209961,11.676631927490234
0.147216796875,1.36669921875,-0.07763671875,-27.52685546875,48.52294921875,-16.54052734375,-5.944477081298827,90.9901123046875,13.639562606811525
0.160400390625,1.263671875,-0.0830078125,-38.75732421875,41.32080078125,-23.681640625,-5.061501502990723,89.3740463256836,15.297107696533205
0.173095703125,1.281982421875,-0.018798828125,-39.1845703125,39.794921875,-31.982421875,-3.8558461666107178,87.72734832763672,16.863046646118164
0.192626953125,1.289306640625,0.06494140625,-39.00146484375,48.15673828125,-48.7060546875,-1.9662652015686035,86.0342025756836,18.694595336914066
0.131103515625,1.097412109375,0.025634765625,-45.8984375,67.3828125,-72.93701171875,0.956872284412384,84.26582336425781,21.143369674682614
0.14111328125,0.943603515625,-0.141357421875,-31.73828125,76.47705078125,-76.35498046875,3.925931692123413,83.6539077758789,23.888687133789066
0.14111328125,1.08984375,-0.069580078125,-7.2021484375,80.9326171875,-67.5048828125,6.5096802711486825,84.14031982421875,26.87610244750977
0.048095703125,1.1298828125,-0.20947265625,0.30517578125,78.30810546875,-37.04833984375,7.9174065589904785,85.16320037841797,29.9556884765625
0.0185546875,1.2685546875,-0.13037109375,-20.20263671875,68.42041015625,-44.73876953125,9.57390308380127,85.1661148071289,32.626876831054695
0.010986328125,1.13037109375,-0.091552734375,-49.9267578125,64.75830078125,-59.5703125,11.758688926696776,84.02620697021484,35.105224609375
-0.015380859375,0.908447265625,-0.158203125,-49.98779296875,64.88037109375,-55.17578125,13.813859939575195,83.18378448486328,37.63821792602539
-0.022216796875,0.61572265625,-0.047119140625,-20.751953125,82.275390625,-76.5380859375,21.64350128173828,83.01736450195312,48.10512161254883
-0.076171875,0.53076171875,-0.19384765625,7.87353515625,87.21923828125,-56.45751953125,23.87373352050781,85.90376281738281,52.08270645141602
-0.14990234375,0.68359375,-0.210205078125,48.27880859375,77.7587890625,-31.3720703125,24.790468215942386,90.08897399902344,55.78970336914063
-0.15283203125,0.8408203125,-0.1357421875,60.85205078125,69.3359375,-34.912109375,25.49518966674805,94.21965026855469,59.05206298828125
-0.0400390625,0.8916015625,-0.1044921875,51.57470703125,63.41552734375,-50.78125,26.249713897705078,97.82077026367188,62.16407775878906
-0.112548828125,0.70947265625,-0.28466796875,36.07177734375,71.96044921875,-79.4677734375,28.19425392150879,101.59728240966795,66.21269989013672
-0.20068359375,0.618896484375,-0.331787109375,30.8837890625,61.34033203125,-63.78173828125,29.635995864868164,105.18097686767578,69.94172668457031
-0.31005859375,0.6513671875,-0.26904296875,33.8134765625,50.72021484375,-41.748046875,30.535654067993164,108.17426300048828,72.85918426513672
-0.349365234375,0.776611328125,-0.165283203125,30.517578125,35.5224609375,-33.38623046875,31.056737899780273,110.18268585205078,74.79132080078125
-0.201416015625,0.68359375,-0.213134765625,25.69580078125,39.9169921875,-36.2548828125,31.21731376647949,112.28386688232422,77.06302642822266
-0.15673828125,0.62353515625,-0.32861328125,27.16064453125,39.48974609375,-36.62109375,31.121183395385746,114.96085357666016,79.61360168457031
-0.248291015625,0.5263671875,-0.386474609375,44.98291015625,33.8134765625,-38.63525390625,31.489152908325195,118.39676666259766,82.07890319824219
-0.386962890625,0.584228515625,-0.3486328125,59.814453125,22.3388671875,-37.78076171875,32.261802673339844,121.8340835571289,83.92829132080078
-0.540771484375,0.51611328125,-0.367431640625,62.255859375,8.72802734375,-33.38623046875,33.514434814453125,125.1978759765625,85.2720718383789
-0.4248046875,0.510986328125,-0.389404296875,72.3876953125,-3.173828125,-26.79443359375,34.43679428100586,128.53697204589844,85.96778106689453
-0.308349609375,0.59130859375,-0.37451171875,81.11572265625,-2.38037109375,-17.76123046875,34.62503433227539,131.75932312011722,86.26146697998047
-0.265380859375,0.62744140625,-0.43310546875,80.2001953125,-3.47900390625,-10.92529296875,34.45217514038086,134.82269287109378,86.32713317871094
-0.344482421875,0.638916015625,-0.44970703125,79.1015625,-8.544921875,-19.4091796875,34.83057403564453,137.77220153808594,86.46348571777344
-0.401123046875,0.6396484375,-0.4814453125,78.9794921875,-12.14599609375,-26.67236328125,35.58753204345703,140.80075073242188,86.7843246459961
-0.337646484375,0.62109375,-0.45068359375,76.96533203125,-13.97705078125,-27.9541015625,36.27032470703125,143.58792114257812,87.04413604736328
-0.333984375,0.623046875,-0.502197265625,70.9228515625,-7.568359375,-27.587890625,36.65729904174805,146.28807067871094,87.53915405273438
-0.361083984375,0.60888671875,-0.523681640625,64.697265625,-6.28662109375,-21.6064453125,36.890228271484375,148.61122131347656,87.84674072265625
-0.373291015625,0.575927734375,-0.51123046875,64.63623046875,-6.53076171875,-20.3857421875,37.1298828125,150.916015625,88.12674713134766
-0.3720703125,0.601806640625,-0.565185546875,66.650390625,-6.8359375,-20.751953125,37.3148078918457,153.2379913330078,88.39079284667969
-0.334716796875,0.6279296875,-0.56103515625,66.7724609375,-7.568359375,-22.15576171875,37.45035171508789,155.432861328125,88.62159729003906
-0.345703125,0.619873046875,-0.5810546875,61.70654296875,-1.3427734375,-27.64892578125,37.45515823364258,157.67074584960938,89.25798034667969
-0.381103515625,0.578125,-0.643310546875,47.4853515625,0.6103515625,-19.59228515625,37.25812530517578,159.24456787109375,89.63721466064453
-0.428466796875,0.609130859375,-0.66357421875,41.1376953125,0.42724609375,-13.24462890625,37.05038070678711,160.30490112304688,89.6780014038086
-0.3828125,0.57275390625,-0.638671875,37.7197265625,-6.65283203125,-7.38525390625,37.02989959716797,160.89231872558594,89.27201843261719
-0.351806640625,0.568359375,-0.6083984375,42.96875,-10.68115234375,-16.90673828125,37.20351028442383,161.91482543945312,89.25074768066406
-0.3291015625,0.582275390625,-0.62646484375,46.44775390625,-9.521484375,-25.57373046875,37.358978271484375,163.29837036132812,89.64319610595703
-0.380126953125,0.571044921875,-0.691162109375,40.52734375,-9.8876953125,-27.40478515625,37.64681625366211,164.63134765625,90.21265411376952
-0.415771484375,0.53271484375,-0.6865234375,30.57861328125,-10.1318359375,-23.74267578125,37.90082550048828,165.48643493652344,90.6278076171875
-0.404541015625,0.49853515625,-0.66455078125,30.517578125,-6.89697265625,-19.95849609375,37.98593521118164,166.2626190185547,90.90876770019531
-0.436767578125,0.477294921875,-0.69580078125,31.43310546875,-7.2021484375,-15.07568359375,38.08098220825195,167.01058959960938,91.00181579589844
-0.43994140625,0.492919921875,-0.681396484375,33.26416015625,-9.1552734375,-11.474609375,38.22245407104492,167.6232452392578,90.8454360961914
-0.422607421875,0.494140625,-0.7177734375,29.541015625,-12.20703125,-13.7939453125,38.42060470581055,168.15773010253906,90.7858657836914
-0.432861328125,0.489013671875,-0.7080078125,27.28271484375,-11.41357421875,-17.7001953125,38.63312911987305,168.74468994140625,90.94151306152344
-0.44287109375,0.4169921875,-0.67236328125,28.13720703125,-9.21630859375,-18.798828125,38.84283065795898,169.50657653808594,91.233642578125
-0.432861328125,0.438720703125,-0.69580078125,29.4189453125,-4.33349609375,-14.404296875,38.76688766479492,170.14974975585938,91.31346893310548
-0.442626953125,0.4453125,-0.72412109375,28.1982421875,-1.15966796875,-8.4228515625,38.46940994262695,170.52418518066406,91.09221649169922
-0.431884765625,0.5009765625,-0.78271484375,25.20751953125,-2.99072265625,-9.21630859375,38.216712951660156,170.76144409179688,90.88054656982422
-0.437744140625,0.486083984375,-0.740234375,22.216796875,-7.6904296875,-13.00048828125,38.24070358276367,170.94985961914062,90.81124114990234
-0.458740234375,0.41357421875,-0.723388671875,21.6064453125,-7.14111328125,-16.7236328125,38.34017562866211,171.46182250976562,91.07575225830078
-0.469970703125,0.3681640625,-0.722900390625,28.076171875,-5.06591796875,-15.93017578125,38.36651992797852,172.2617950439453,91.34393310546876
-0.47265625,0.373046875,-0.75537109375,32.16552734375,-2.685546875,-19.34814453125,38.27660369873047,173.33782958984375,91.79946899414062
-0.45263671875,0.38623046875,-0.780517578125,27.40478515625,-6.2255859375,-14.46533203125,38.18681335449219,174.0303497314453,91.97550964355469
-0.4658203125,0.3681640625,-0.733154296875,25.08544921875,-7.75146484375,-9.33837890625,38.269813537597656,174.4049530029297,91.85246276855469
-0.451416015625,0.384521484375,-0.70849609375,24.658203125,-7.568359375,-13.427734375,38.36003875732422,174.7998504638672,91.8816146850586
-0.45556640625,0.3486328125,-0.736572265625,24.59716796875,-4.45556640625,-18.49365234375,38.26217269897461,175.50619506835938,92.2717742919922
-0.476318359375,0.32666015625,-0.801513671875,22.03369140625,-6.89697265625,-18.1884765625,38.27458953857422,176.17071533203125,92.6881332397461
-0.499755859375,0.298828125,-0.78955078125,24.7802734375,-12.20703125,-18.12744140625,38.55319213867188,176.985107421875,93.12025451660156
-0.48291015625,0.287353515625,-0.782470703125,24.5361328125,-16.2353515625,-18.24951171875,38.9442138671875,177.77383422851562,93.54335021972656
-0.4599609375,0.304443359375,-0.7451171875,19.34814453125,-13.12255859375,-14.34326171875,39.19713973999024,178.122802734375,93.70561981201172
-0.455322265625,0.319580078125,-0.752685546875,12.5732421875,-7.6904296875,-9.09423828125,39.19900894165039,177.9818572998047,93.5726547241211
-0.477294921875,0.297607421875,-0.794189453125,7.99560546875,-4.0283203125,-8.1787109375,39.06879806518555,177.79209899902344,93.49993133544922
-0.48876953125,0.295166015625,-0.7783203125,5.126953125,-5.79833984375,-11.53564453125,39.038124084472656,177.5544891357422,93.57235717773438
-0.482421875,0.235595703125,-0.787353515625,4.5166015625,-6.89697265625,-11.41357421875,39.02688598632813,177.4711456298828,93.75122833251952
-0.4765625,0.255859375,-0.78271484375,4.45556640625,-5.92041015625,-7.9345703125,38.948486328125,177.22752380371094,93.72435760498048
-0.4970703125,0.285400390625,-0.796875,0.8544921875,-3.7841796875,-4.33349609375,38.82131576538086,176.65402221679688,93.47308349609376
-0.47509765625,0.2841796875,-0.784912109375,-1.220703125,-2.5634765625,-5.0048828125,38.62129211425781,176.03097534179688,93.26641845703124
-0.515869140625,0.26123046875,-0.814697265625,-1.03759765625,-3.662109375,-4.7607421875,38.49059677124024,175.50274658203125,93.10481262207031
-0.51953125,0.28173828125,-0.800048828125,2.197265625,-9.765625,-7.26318359375,38.66246032714844,175.15219116210938,93.03508758544922
-0.51318359375,0.237060546875,-0.793701171875,3.35693359375,-12.75634765625,-8.30078125,38.9476203918457,175.00624084472656,93.0848388671875
-0.5146484375,0.247802734375,-0.79052734375,4.69970703125,-11.3525390625,-8.48388671875,39.11951065063477,174.91725158691406,93.14306640625
-0.481201171875,0.239990234375,-0.7861328125,1.52587890625,-7.6904296875,-5.31005859375,39.12090301513672,174.6001739501953,93.04830932617188
-0.507080078125,0.247802734375,-0.794189453125,-0.9765625,-5.06591796875,-3.0517578125,39.05052947998047,174.1201171875,92.85096740722656
-0.525634765625,0.22802734375,-0.7890625,-3.72314453125,-6.28662109375,-2.44140625,39.06023788452149,173.5329132080078,92.63177490234376
-0.51611328125,0.23486328125,-0.7646484375,-1.64794921875,-8.6669921875,-4.82177734375,39.196434020996094,173.13018798828125,92.5387954711914
-0.517333984375,0.217529296875,-0.764404296875,-1.46484375,-7.6904296875,-6.40869140625,39.3009147644043,172.85772705078125,92.57299041748048
-0.514404296875,0.210693359375,-0.786376953125,-2.0751953125,-6.2255859375,-6.04248046875,39.3354606628418,172.58529663085938,92.61537170410156
-0.52294921875,0.23876953125,-0.805419921875,-3.2958984375,-5.31005859375,-4.33349609375,39.28684616088867,172.1707000732422,92.54916381835938
-0.498779296875,0.23583984375,-0.7841796875,-6.04248046875,-6.53076171875,-3.35693359375,39.26115036010742,171.61245727539062,92.42584991455078
-0.505615234375,0.20556640625,-0.75244140625,-6.40869140625,-5.67626953125,-4.21142578125,39.26809692382813,171.18731689453125,92.42366027832031
-0.510009765625,0.20849609375,-0.785888671875,-6.40869140625,-6.2255859375,-0.8544921875,39.23896026611328,170.65805053710938,92.24921417236328
-0.535400390625,0.192138671875,-0.802734375,-3.662109375,-7.50732421875,-3.2958984375,39.308250427246094,170.3956298828125,92.2397003173828
-0.51123046875,0.203857421875,-0.779052734375,-2.44140625,-7.9345703125,-5.31005859375,39.372825622558594,170.1601104736328,92.27423095703124
-0.50146484375,0.20654296875,-0.77490234375,-7.50732421875,-5.7373046875,-1.77001953125,39.32137680053711,169.65670776367188,92.17071533203124
-0.519287109375,0.221923828125,-0.77685546875,-10.25390625,-3.5400390625,-0.67138671875,39.20738220214844,168.99850463867188,92.01668548583984
-0.538330078125,0.21337890625,-0.799560546875,-10.1318359375,-3.173828125,-1.5869140625,39.11231994628906,168.46337890625,91.96600341796876
-0.543212890625,0.18359375,-0.817626953125,-7.9345703125,-4.45556640625,-2.44140625,39.06026458740234,168.14144897460938,92.01095581054688
-0.53564453125,0.183837890625,-0.819580078125,-6.4697265625,-6.77490234375,-1.77001953125,39.078392028808594,167.85438537597656,92.00479888916016
-0.52783203125,0.200439453125,-0.811279296875,-4.08935546875,-9.82666015625,-2.685546875,39.226173400878906,167.60952758789062,91.97178649902344
-0.53173828125,0.18994140625,-0.789794921875,-3.41796875,-10.986328125,-2.99072265625,39.43890380859375,167.43714904785156,91.9675064086914
-0.527099609375,0.187255859375,-0.765380859375,-4.33349609375,-9.21630859375,-0.732421875,39.577247619628906,167.1641387939453,91.86531066894531
-0.510498046875,0.195068359375,-0.769775390625,-6.591796875,-5.43212890625,0.3662109375,39.547462463378906,166.80612182617188,91.75833129882812
-0.532470703125,0.205078125,-0.779541015625,-8.85009765625,-1.64794921875,1.28173828125,39.3566780090332,166.32565307617188,91.62972259521484
-0.536376953125,0.188720703125,-0.791015625,-10.68115234375,-0.9765625,2.38037109375,39.13457107543945,165.81980895996094,91.50340270996094
-0.53369140625,0.220458984375,-0.813232421875,-12.8173828125,-3.72314453125,2.9296875,38.99028778076172,165.13209533691406,91.27921295166016
-0.5234375,0.219482421875,-0.778076171875,-14.83154296875,-3.72314453125,1.708984375,38.87358093261719,164.40841674804688,91.11882019042969
-0.529052734375,0.209716796875,-0.7763671875,-15.19775390625,-2.3193359375,0.8544921875,38.73231506347656,163.7667694091797,91.05508422851562
-0.520263671875,0.213134765625,-0.783447265625,-14.2822265625,-1.220703125,0.9765625,38.49889755249024,163.26039123535156,91.05812072753906
-0.556640625,0.2060546875,-0.823974609375,-12.8173828125,-2.8076171875,1.15966796875,38.38377380371094,162.7944793701172,91.02901458740234
-0.53955078125,0.197998046875,-0.8212890625,-13.7939453125,-7.38525390625,0.8544921875,38.424583435058594,162.29595947265625,90.9697265625
-0.548828125,0.191162109375,-0.8232421875,-14.16015625,-9.94873046875,-1.15966796875,38.61384201049805,161.8753662109375,91.00152587890624
-0.5224609375,0.212158203125,-0.81103515625,-14.892578125,-11.474609375,-2.62451171875,38.81629180908203,161.3867645263672,91.0363311767578
-0.50146484375,0.208740234375,-0.774169921875,-17.822265625,-8.60595703125,-1.40380859375,38.89002227783203,160.77230834960938,91.05594635009766
-0.51416015625,0.200439453125,-0.7724609375,-20.32470703125,-5.2490234375,0.732421875,38.81206130981445,160.1431121826172,91.0985336303711
-0.55029296875,0.223388671875,-0.78955078125,-17.08984375,-5.615234375,1.708984375,38.803409576416016,159.50941467285156,91.02243041992188
-0.53173828125,0.21142578125,-0.789306640625,-14.83154296875,-8.23974609375,0.48828125,38.879661560058594,159.03489685058594,90.99445343017578
-0.532958984375,0.183349609375,-0.75732421875,-12.51220703125,-10.25390625,1.46484375,39.035316467285156,158.6172637939453,90.89119720458984
-0.53173828125,0.201416015625,-0.767333984375,-8.6669921875,-9.521484375,1.0986328125,39.1721076965332,158.40060424804688,90.83473205566406
-0.509765625,0.208251953125,-0.775146484375,-7.6904296875,-8.30078125,0.6103515625,39.20887756347656,158.25161743164062,90.8238296508789
-0.506103515625,0.20751953125,-0.790771484375,-7.6904296875,-5.37109375,-0.3662109375,39.19537353515625,158.21958923339844,90.9477081298828
-0.551513671875,0.186279296875,-0.78759765625,-8.4228515625,-5.55419921875,2.01416015625,39.18694305419922,158.10589599609375,90.96785736083984
-0.55224609375,0.198974609375,-0.757568359375,-7.75146484375,-7.26318359375,1.52587890625,39.281158447265625,157.95445251464844,90.94126892089844
-0.524169921875,0.18212890625,-0.753173828125,-10.55908203125,-7.75146484375,1.3427734375,39.33793640136719,157.70835876464844,90.92564392089844
-0.5302734375,0.185302734375,-0.774658203125,-15.7470703125,-5.55419921875,7.26318359375,39.21943283081055,157.15757751464844,90.70508575439452
-0.53271484375,0.224365234375,-0.759033203125,-16.66259765625,-5.37109375,9.09423828125,39.07091522216797,156.41082763671875,90.3330078125
-0.51904296875,0.222900390625,-0.762451171875,-17.88330078125,-4.45556640625,7.38525390625,38.91225051879883,155.71177673339844,90.08059692382812
-0.531005859375,0.205078125,-0.74267578125,-20.69091796875,-2.197265625,5.615234375,38.739845275878906,155.0524139404297,90.00155639648438
-0.527587890625,0.19482421875,-0.77783203125,-24.90234375,-1.64794921875,5.9814453125,38.50456237792969,154.31256103515625,89.97429656982422
-0.53076171875,0.19482421875,-0.777099609375,-27.77099609375,-0.91552734375,6.77490234375,38.22076034545898,153.4646453857422,89.9383316040039
-0.516845703125,0.225830078125,-0.756103515625,-33.50830078125,2.50244140625,8.36181640625,37.80020523071289,152.33351135253906,89.87348937988281
-0.495849609375,0.19482421875,-0.759033203125,-38.26904296875,5.92041015625,11.8408203125,37.18497085571289,151.11651611328125,89.82857513427734
-0.517578125,0.203369140625,-0.73779296875,-42.05322265625,7.080078125,14.22119140625,36.52656173706055,149.66351318359375,89.68746948242188
-0.48486328125,0.214599609375,-0.7216796875,-48.52294921875,9.033203125,18.85986328125,35.717159271240234,147.94056701660156,89.45267486572266
-0.470703125,0.242919921875,-0.738037109375,-54.443359375,12.3291015625,25.57373046875,34.60844039916992,145.905517578125,89.06253814697266
-0.46533203125,0.269287109375,-0.7197265625,-64.39208984375,15.31982421875,32.40966796875,33.230968475341804,143.37960815429688,88.5166244506836
-0.458984375,0.309814453125,-0.68798828125,-77.94189453125,23.681640625,37.78076171875,31.5150146484375,140.35523986816406,88.06432342529297
-0.4541015625,0.3505859375,-0.681396484375,-86.85302734375,29.47998046875,38.87939453125,29.607088088989254,137.12124633789062,87.85568237304688
-0.434814453125,0.38916015625,-0.7216796875,-98.08349609375,35.82763671875,37.2314453125,27.490692138671875,133.68721008300778,88.05001068115234
-0.386474609375,0.431640625,-0.735595703125,-119.9951171875,44.3115234375,42.236328125,24.98211669921875,129.60554504394528,88.5595932006836
-0.379638671875,0.418701171875,-0.748046875,-133.48388671875,47.79052734375,45.2880859375,22.41878318786621,125.25479888916016,89.34901428222656
-0.384521484375,0.419189453125,-0.72705078125,-137.20703125,48.4619140625,43.02978515625,20.15196990966797,120.83634948730469,90.3510513305664
-0.395751953125,0.381591796875,-0.70849609375,-135.80322265625,44.25048828125,45.7763671875,18.05340385437012,116.729736328125,91.4173583984375
-0.380615234375,0.443603515625,-0.7333984375,-129.7607421875,35.70556640625,53.89404296875,15.849138259887695,112.801025390625,92.16378021240234
-0.365478515625,0.56298828125,-0.715576171875,-125.18310546875,31.982421875,55.60302734375,13.596307754516602,108.87764739990234,92.83167266845705
-0.32470703125,0.592041015625,-0.681884765625,-132.080078125,28.86962890625,51.57470703125,11.615219116210938,104.79678344726562,93.58865356445312
-0.27001953125,0.56640625,-0.659423828125,-133.7890625,25.390625,53.7109375,9.61087703704834,100.785400390625,94.34378051757812
-0.299560546875,0.623046875,-0.640869140625,-129.39453125,21.05712890625,55.419921875,7.724138736724853,96.91100311279295,95.02223205566406
-0.2744140625,0.631591796875,-0.59326171875,-126.3427734375,10.19287109375,51.7578125,6.083538055419923,93.16947174072266,95.39789581298828
-0.219482421875,0.60205078125,-0.499755859375,-121.2158203125,5.37109375,42.724609375,4.802671432495117,89.63746643066406,95.6892318725586
-0.184326171875,0.5810546875,-0.43505859375,-122.49755859375,4.2724609375,35.09521484375,3.833764314651489,86.07818603515625,96.00476837158205
-0.191650390625,0.512939453125,-0.41259765625,-117.3095703125,7.26318359375,35.46142578125,2.9821867942810063,82.89037322998047,96.5088119506836
-0.258544921875,0.517822265625,-0.467041015625,-107.72705078125,5.859375,44.189453125,1.990475296974182,80.21353149414062,97.05967712402344
-0.346435546875,0.543701171875,-0.486328125,-97.2900390625,-4.08935546875,49.1943359375,0.9297121167182922,77.917236328125,97.3001937866211
-0.27099609375,0.62255859375,-0.435302734375,-96.00830078125,-24.84130859375,52.490234375,-0.5924712419509888,75.63826751708984,96.8139877319336
-0.223876953125,0.614013671875,-0.322509765625,-100.7080078125,-34.0576171875,55.96923828125,-2.38987135887146,73.07572937011719,96.06422424316406
-0.151611328125,0.634033203125,-0.2705078125,-102.6611328125,-32.2265625,53.955078125,-4.221082210540772,70.33780670166016,95.43663787841795
-0.140869140625,0.637939453125,-0.177490234375,-93.017578125,-23.193359375,49.25537109375,-5.7804832458496085,67.91484069824219,95.15495300292969
-0.203125,0.703125,-0.19677734375,-85.693359375,-23.5595703125,42.78564453125,-6.9386539459228525,65.85414886474611,94.80057525634766
-0.154296875,0.720703125,-0.176025390625,-87.58544921875,-36.0107421875,46.7529296875,-8.55753231048584,63.84399032592773,94.09341430664062
-0.0693359375,0.7265625,-0.115966796875,-88.8671875,-48.2177734375,49.01123046875,-10.68679904937744,61.74970626831055,93.04745483398438
-0.070068359375,0.75,0.003662109375,-71.2890625,-46.44775390625,74.52392578125,-19.781557083129886,54.06229782104492,91.74044036865234
0.1015625,0.746337890625,0.072265625,-55.60302734375,-61.34033203125,64.75830078125,-23.10436820983887,53.17243957519531,90.8614730834961
0.222412109375,1.034423828125,0.1171875,-23.92578125,-46.20361328125,13.97705078125,-24.31823921203613,53.94203186035156,89.11512756347656
0.1005859375,1.115478515625,0.137451171875,-30.94482421875,-33.75244140625,-2.62451171875,-24.37942886352539,54.42619323730469,87.34825134277344
0.045654296875,1.00830078125,0.154541015625,-49.62158203125,-32.89794921875,15.44189453125,-25.235822677612305,53.66608810424805,86.30912017822266
0.212890625,1.009521484375,0.224365234375,-45.22705078125,-32.8369140625,42.17529296875,-26.907358169555664,52.87344741821289,85.8237075805664
0.273193359375,1.2353515625,0.2021484375,-13.97705078125,-22.94921875,39.97802734375,-28.266313552856445,53.35442733764648,85.54552459716797
0.124755859375,1.3798828125,0.143798828125,14.16015625,-9.09423828125,30.76171875,-28.651277542114254,54.98637390136719,85.4150390625
0.046630859375,1.26123046875,0.116943359375,14.892578125,-12.20703125,55.908203125,-29.88361167907715,56.37299346923828,85.78369140625
0.086181640625,1.251953125,0.0927734375,10.43701171875,-8.23974609375,81.48193359375,-31.924034118652344,57.1656494140625,86.89464569091797
0.01416015625,1.2880859375,0.095947265625,6.103515625,6.77490234375,89.90478515625,-33.70932388305664,57.31562805175781,88.77352905273438
-0.0859375,1.277099609375,0.068603515625,-0.3662109375,11.474609375,88.7451171875,-35.2154426574707,57.06344223022461,90.80731201171876
-0.04541015625,1.301513671875,0.039306640625,2.99072265625,5.79833984375,86.48681640625,-36.79735565185547,57.11668014526367,92.52283477783205
0.028564453125,1.345703125,0.0380859375,9.3994140625,2.197265625,73.91357421875,-37.92258834838867,57.80046844482422,93.63504791259766
0.049072265625,1.322998046875,0.086669921875,10.009765625,11.474609375,53.466796875,-38.3232536315918,58.36492156982422,94.7245635986328
0.068359375,1.322998046875,0.071533203125,7.32421875,18.5546875,51.3916015625,-38.5362434387207,58.67157745361328,96.0450210571289
0.076904296875,1.368408203125,0.0283203125,8.7890625,32.3486328125,59.6923828125,-38.7999153137207,58.62257766723633,98.11811065673828
0.0771484375,1.4833984375,-0.018798828125,8.7890625,44.7998046875,65.73486328125,-38.98842239379883,58.16829681396485,100.87117767333984
0.02392578125,1.508544921875,-0.02587890625,0.6103515625,44.86083984375,53.89404296875,-38.69089126586914,57.61729049682617,103.29129028320312
0.03076171875,1.4765625,-0.02490234375,-10.80322265625,40.71044921875,28.74755859375,-37.6716423034668,57.18628311157226,104.83575439453124
0.105224609375,1.28955078125,0.04052734375,-23.5595703125,39.24560546875,1.5869140625,-35.83514404296875,56.68500137329102,105.6298370361328
0.1572265625,1.222412109375,0.03466796875,-27.34375,45.22705078125,-3.41796875,-33.839927673339844,56.03156661987305,106.52751922607422
0.1435546875,1.14990234375,0.017333984375,-26.55029296875,55.60302734375,-0.30517578125,-31.742713928222656,55.348388671875,107.92057800292969
0.106689453125,1.1279296875,-0.06005859375,-7.8125,53.77197265625,-5.0048828125,-29.60309219360352,55.64988327026367,109.0093765258789
0.117919921875,1.0869140625,-0.091796875,13.00048828125,44.0673828125,-10.8642578125,-27.607391357421875,57.11185073852539,109.61636352539062
0.152099609375,1.111572265625,-0.064208984375,32.71484375,38.0859375,-15.5029296875,-25.723430633544922,59.42675018310547,110.0169677734375
0.160888671875,1.174072265625,-0.095703125,34.3017578125,36.80419921875,-17.333984375,-23.867935180664066,61.77572631835938,110.45001220703124
0.149169921875,1.16845703125,-0.134765625,24.4140625,38.330078125,-11.23046875,-22.273401260375977,63.64211654663086,111.15353393554688
0.1044921875,1.18408203125,-0.180419921875,14.83154296875,29.052734375,-3.662109375,-21.090038299560547,65.24390411376953,111.68738555908205
0.120849609375,1.319580078125,-0.219970703125,3.5400390625,4.69970703125,-3.72314453125,-20.38611602783203,66.69190216064453,111.32311248779295
0.17333984375,1.344482421875,-0.12548828125,-7.568359375,-7.4462890625,-18.49365234375,-19.394346237182614,67.72979736328125,110.3322982788086
0.22119140625,1.238525390625,-0.050048828125,-25.20751953125,-7.62939453125,-35.15625,-17.75556182861328,67.66236114501953,109.20874786376952
0.237060546875,1.04150390625,-0.061767578125,-47.2412109375,4.57763671875,-45.0439453125,-15.896257400512695,66.92940521240234,108.3582534790039
0.234619140625,1.007080078125,-0.098876953125,-49.4384765625,13.24462890625,-49.6826171875,-13.829183578491213,66.12441253662111,107.74846649169922
0.24365234375,1.005615234375,-0.115966796875,-43.8232421875,16.7236328125,-56.33544921875,-11.584710121154785,65.54587554931639,107.17180633544922
0.2568359375,0.9013671875,-0.097900390625,-30.517578125,15.2587890625,-68.7255859375,-9.064142227172852,65.55594635009766,106.36273193359376
0.28955078125,0.814697265625,-0.061279296875,-17.51708984375,16.78466796875,-72.44873046875,-6.605635643005371,65.96499633789061,105.62566375732422
0.31298828125,0.782958984375,-0.06982421875,-5.06591796875,24.4140625,-65.85693359375,-4.406148910522461,66.83522796630861,105.34896850585938
0.288818359375,0.78125,-0.0712890625,10.7421875,33.99658203125,-46.142578125,-2.826413631439209,68.23439025878906,105.82487487792969
0.24267578125,0.85791015625,-0.09716796875,20.99609375,39.6728515625,-33.63037109375,-1.531771540641785,70.06069183349611,106.77774810791016
0.194091796875,0.979248046875,-0.1474609375,26.123046875,35.94970703125,-30.8837890625,-0.21794937551021576,72.17080688476562,107.5622787475586
0.18310546875,0.99365234375,-0.081298828125,23.193359375,23.3154296875,-38.0859375,1.10128653049469,73.94478607177734,108.00782012939452
0.21826171875,0.954345703125,-0.02001953125,12.75634765625,24.169921875,-38.57421875,2.291595935821533,75.1146240234375,108.54251861572266
0.237548828125,0.8779296875,-0.017578125,2.44140625,36.19384765625,-33.5693359375,3.2854104042053223,75.85664367675781,109.63585662841795
0.21826171875,0.807373046875,-0.043212890625,-4.94384765625,51.20849609375,-20.263671875,3.8412506580352783,76.40888214111328,111.47338104248048
0.1669921875,0.787109375,-0.1015625,-1.52587890625,56.33544921875,-12.5732421875,4.226943492889403,77.27942657470703,113.61157989501952
0.161376953125,0.76123046875,-0.1044921875,4.08935546875,54.0771484375,-10.19287109375,4.462336540222168,78.36847686767578,115.70174407958984
0.14794921875,0.739013671875,-0.10546875,12.39013671875,48.88916015625,-8.1787109375,4.541097640991211,79.75366973876953,117.62029266357422
0.1630859375,0.7373046875,-0.086669921875,17.27294921875,46.08154296875,-3.60107421875,4.324860572814941,81.21977233886719,119.46540832519531
0.19482421875,0.759521484375,-0.086669921875,17.4560546875,45.2880859375,2.44140625,3.787143468856812,82.68941497802734,121.32666015625
0.164306640625,0.857177734375,-0.09814453125,17.4560546875,43.3349609375,0.18310546875,3.4052693843841557,84.01819610595703,123.08302307128906
0.129638671875,0.88720703125,-0.1025390625,10.1318359375,39.6728515625,-2.99072265625,3.2124969959259038,84.99187469482422,124.6807098388672
0.107421875,0.845458984375,-0.09716796875,-3.662109375,36.68212890625,-2.25830078125,3.0127193927764893,85.40203857421875,126.16482543945312
0.09423828125,0.798828125,-0.095458984375,-19.53125,34.36279296875,2.5634765625,2.638747453689575,85.12281036376953,127.56983947753906
0.1044921875,0.797607421875,-0.098388671875,-24.23095703125,35.400390625,6.4697265625,2.1081981658935547,84.66543579101562,129.02774047851562
0.076171875,0.845703125,-0.121337890625,-23.62060546875,34.85107421875,8.7890625,1.5773290395736694,84.32142639160156,130.47146606445312
0.05322265625,0.90234375,-0.1708984375,-16.41845703125,31.67724609375,1.708984375,1.4382869005203247,84.3274154663086,131.75770568847656
0.051025390625,0.88037109375,-0.189453125,-11.65771484375,27.099609375,-3.60107421875,1.4988229274749756,84.57148742675781,132.84126281738278
0.046630859375,0.89453125,-0.203369140625,-8.7890625,21.42333984375,-5.92041015625,1.6204557418823242,84.9073486328125,133.69175720214844
0.07568359375,0.97802734375,-0.193115234375,-15.68603515625,18.1884765625,-3.72314453125,1.59647536277771,84.92202758789062,134.42262268066406
0.067138671875,1.036865234375,-0.20556640625,-27.40478515625,17.51708984375,-1.46484375,1.5117325782775881,84.46956634521484,135.134521484375
0.04248046875,1.040771484375,-0.22900390625,-37.65869140625,12.6953125,-2.9296875,1.5542502403259275,83.6671142578125,135.64779663085938
0.01513671875,0.965087890625,-0.216796875,-41.259765625,0.42724609375,-6.2255859375,1.7096141576766968,82.7443618774414,135.65701293945312
0.052734375,0.96435546875,-0.185546875,-36.68212890625,-6.9580078125,-5.9814453125,1.72383713722229,81.962890625,135.37258911132812
0.079345703125,0.991943359375,-0.16650390625,-34.3017578125,-8.7890625,-1.28173828125,1.2971816062927246,81.20709991455078,135.06512451171878
0.11865234375,1.0400390625,-0.16015625,-33.8134765625,-8.7890625,6.77490234375,0.6721519827842712,80.51921844482422,134.77801513671878
0.121337890625,1.1064453125,-0.173095703125,-31.1279296875,-14.70947265625,5.126953125,0.10294372588396072,79.9715347290039,134.24234008789062
0.11328125,1.13134765625,-0.14453125,-30.029296875,-20.56884765625,1.46484375,-0.4013517796993256,79.33185577392578,133.35177612304688
0.10205078125,1.090087890625,-0.113525390625,-38.63525390625,-28.4423828125,11.41357421875,-1.258609175682068,78.43730163574219,132.31892395019528
0.08984375,1.019775390625,-0.089599609375,-46.32568359375,-29.84619140625,25.93994140625,-2.66767692565918,77.2520980834961,131.35379028320312
0.22998046875,0.991455078125,-0.029296875,-49.49951171875,-36.2548828125,52.91748046875,-5.408102989196777,76.09759521484375,130.56570434570312
0.13623046875,0.934814453125,-0.10107421875,-30.21240234375,-20.08056640625,69.88525390625,-8.428487777709961,75.66716003417969,130.3865966796875
0.1484375,1.088623046875,-0.013916015625,-3.173828125,-16.17431640625,54.38232421875,-10.67032527923584,76.13758850097656,130.19441223144528
0.199951171875,1.209716796875,0.0322265625,4.08935546875,-22.39990234375,27.03857421875,-11.654505729675293,76.78731536865234,129.3924560546875
0.231689453125,1.130859375,0.081787109375,-11.90185546875,-18.06640625,7.50732421875,-12.107559204101562,76.79041290283203,128.6719970703125
0.155029296875,1.019287109375,0.056640625,-27.89306640625,-8.7890625,6.65283203125,-12.314189910888672,76.12285614013672,128.30218505859378
0.072021484375,0.8896484375,0.055908203125,-36.07177734375,-2.62451171875,12.8173828125,-12.642929077148438,75.1357650756836,128.23814392089844
0.063232421875,0.798583984375,0.054443359375,-22.705078125,-8.11767578125,19.1650390625,-13.150430679321287,74.68277740478516,128.02201843261722
0.11279296875,0.820068359375,0.03271484375,6.2255859375,-15.56396484375,16.78466796875,-13.753934860229492,75.54231262207031,127.46261596679688
0.1728515625,0.923583984375,0.025146484375,38.4521484375,-25.2685546875,9.82666015625,-14.209132194519045,78.16181182861328,126.27432250976562
0.215087890625,0.993896484375,0.033935546875,59.02099609375,-34.97314453125,0.67138671875,-14.40335750579834,81.25007629394531,124.76637268066406
0.213134765625,0.98779296875,0.037841796875,56.70166015625,-35.70556640625,0.1220703125,-14.495382308959961,84.12919616699219,123.24388122558594
0.177734375,0.99365234375,0.016845703125,49.01123046875,-36.62109375,7.01904296875,-14.798591613769533,86.53799438476562,121.67236328125
0.17822265625,1.031494140625,-0.010498046875,33.99658203125,-39.55078125,6.40869140625,-14.91748332977295,88.46277618408203,120.01223754882812
0.1787109375,1.07763671875,-0.032958984375,23.92578125,-43.27392578125,-9.82666015625,-14.323143005371096,89.99118041992188,118.19114685058594
0.15966796875,0.9775390625,-0.03369140625,12.6953125,-51.1474609375,-23.3154296875,-13.15192699432373,90.92440032958984,116.02531433105469
0.153564453125,0.861328125,-0.03076171875,-1.5869140625,-52.91748046875,-18.4326171875,-12.245264053344727,91.36534881591795,113.8672103881836
0.145751953125,0.86669921875,-0.01806640625,-15.5029296875,-51.6357421875,-0.48828125,-12.06434154510498,91.1688232421875,111.75982666015624
0.102783203125,0.880615234375,-0.006103515625,-31.67724609375,-48.33984375,14.09912109375,-12.409404754638672,90.08181762695312,109.8115692138672
0.118408203125,0.88671875,0.03173828125,-44.677734375,-47.05810546875,16.11328125,-12.874120712280273,88.61536407470703,107.90670776367188
0.134765625,0.890625,0.017333984375,-44.25048828125,-47.2412109375,12.3291015625,-13.25491428375244,87.2768325805664,105.98280334472656
0.172119140625,0.864013671875,0.040771484375,-35.64453125,-44.37255859375,12.6953125,-13.811467170715332,86.37477111816406,104.29666137695312
0.146240234375,0.859375,0.02978515625,-25.0244140625,-34.85107421875,19.95849609375,-14.528936386108398,85.76329803466797,102.90177917480469
0.108642578125,0.819580078125,0.030029296875,-18.85986328125,-29.4189453125,25.634765625,-15.35642147064209,85.37383270263672,101.7454071044922
0.119140625,0.795654296875,0.042724609375,-14.16015625,-26.30615234375,31.43310546875,-16.51535987854004,85.20686340332031,100.82410430908205
0.205078125,0.85986328125,0.048095703125,-3.23486328125,-16.29638671875,34.5458984375,-17.8131046295166,85.29180908203125,100.24443817138672
0.21240234375,0.929443359375,0.029296875,2.50244140625,-5.06591796875,31.8603515625,-18.896493911743164,85.5276107788086,100.1025619506836
0.163818359375,0.9462890625,-0.0205078125,-0.42724609375,0.9765625,28.9306640625,-19.576934814453125,85.59795379638672,100.16913604736328
0.10888671875,0.846923828125,-0.056640625,-7.4462890625,-0.30517578125,31.18896484375,-20.33904266357422,85.59844207763672,100.14136505126952
0.113525390625,0.801025390625,-0.059326171875,-2.8076171875,0.54931640625,39.1845703125,-21.416549682617188,85.77936553955078,100.16329956054688
0.18505859375,0.857177734375,-0.049072265625,11.962890625,4.2724609375,43.88427734375,-22.714025497436523,86.63887023925781,100.39700317382812
0.141845703125,1.044677734375,-0.089111328125,28.01513671875,7.38525390625,38.57421875,-23.65139389038086,87.93489074707031,100.66664123535156
0.147705078125,1.078125,-0.1015625,27.89306640625,3.662109375,35.400390625,-24.43835639953613,89.2713623046875,100.74256896972656
0.15771484375,1.0439453125,-0.087646484375,21.78955078125,3.5400390625,35.82763671875,-25.27470588684082,90.1693344116211,100.85103607177734
0.216064453125,1.12744140625,-0.093017578125,14.5263671875,9.21630859375,36.43798828125,-26.1614990234375,90.75731658935548,101.16558074951172
0.205810546875,1.286376953125,-0.160888671875,12.26806640625,13.73291015625,28.4423828125,-26.638103485107425,91.24574279785156,101.63733673095705
0.177001953125,1.363525390625,-0.1318359375,6.2255859375,7.568359375,12.26806640625,-26.27053451538086,91.29946899414062,101.90658569335938
0.102294921875,1.28076171875,-0.053466796875,-19.775390625,4.2724609375,-4.39453125,-25.25556945800781,90.45941162109376,102.07683563232422
0.238037109375,1.2060546875,-0.078125,-44.189453125,-1.40380859375,-21.91162109375,-23.82771301269531,88.84664916992188,101.95006561279295
0.340576171875,1.097900390625,-0.116943359375,-52.490234375,7.26318359375,-27.83203125,-22.654987335205078,87.05400085449219,102.18219757080078
0.330078125,1.0673828125,-0.211669921875,-37.53662109375,11.29150390625,-6.591796875,-22.1613826751709,85.93606567382812,102.43366241455078
0.30126953125,1.104736328125,-0.2197265625,-21.54541015625,9.8876953125,5.126953125,-22.079051971435547,85.5203857421875,102.64171600341795
0.244873046875,1.209228515625,-0.226318359375,-3.41796875,-2.197265625,-3.2958984375,-21.298946380615234,86.176513671875,102.0624771118164
0.271240234375,1.25537109375,-0.1103515625,0.3662109375,-21.30126953125,-35.400390625,-19.58308219909668,86.89027404785156,100.94217681884766
0.28857421875,1.149169921875,-0.069091796875,-15.0146484375,-20.93505859375,-52.18505859375,-17.332439422607422,86.8580322265625,99.86336517333984
0.26220703125,1.00439453125,-0.068603515625,-34.5458984375,-12.0849609375,-47.18017578125,-15.488234519958494,85.646240234375,99.23381805419922
0.169189453125,0.81396484375,-0.0712890625,-44.12841796875,-9.8876953125,-37.353515625,-13.894003868103027,84.37955474853516,98.59891510009766
0.18017578125,0.764892578125,-0.087646484375,-32.53173828125,-12.26806640625,-32.77587890625,-12.624979972839355,83.69105529785156,97.84972381591795
0.15966796875,0.761474609375,-0.060302734375,-17.27294921875,-8.6669921875,-22.94921875,-11.869799613952635,83.64542388916016,97.33209228515624
0.16259765625,0.5615234375,-0.08154296875,5.18798828125,-3.7841796875,-11.71875,-11.595186233520508,84.44454956054688,97.01596069335938
0.14208984375,0.779296875,-0.07568359375,27.099609375,-4.0283203125,-3.35693359375,-11.42805004119873,85.98837280273438,96.75575256347656
0.244384765625,0.927490234375,-0.096435546875,16.90673828125,-10.6201171875,13.24462890625,-12.192826271057127,86.9316635131836,96.25186920166016
0.273681640625,0.9873046875,-0.029052734375,13.18359375,-4.7607421875,15.0146484375,-12.929143905639648,87.66629028320312,96.047119140625
0.22900390625,1.018798828125,0.013427734375,19.10400390625,0.732421875,3.2958984375,-13.047405242919922,88.46965789794922,96.07073211669922
0.28076171875,0.97412109375,-0.019287109375,26.67236328125,-0.732421875,-7.50732421875,-12.877538681030273,89.84769439697266,96.0666961669922
0.2392578125,1.052734375,-0.04296875,36.4990234375,13.73291015625,-6.8359375,-12.607425689697266,91.26571655273438,96.61498260498048
0.1572265625,1.06298828125,-0.0791015625,23.0712890625,13.48876953125,-8.6669921875,-12.11154842376709,92.17239379882812,97.15681457519531
0.1298828125,0.944091796875,-0.0400390625,7.9345703125,9.58251953125,-12.26806640625,-11.614705085754395,92.30625915527344,97.53549194335938
0.181884765625,0.851318359375,-0.066650390625,-9.82666015625,17.39501953125,-0.67138671875,-11.630504608154295,91.8399658203125,98.23233032226562
0.102294921875,0.847900390625,-0.1015625,-14.95361328125,20.5078125,2.9296875,-11.582143783569336,91.25922393798828,99.02668762207031
0.086669921875,0.934814453125,-0.148681640625,-18.310546875,16.90673828125,-9.09423828125,-10.637548446655273,90.69774627685548,99.59587860107422
0.0390625,0.93994140625,-0.170166015625,-22.15576171875,5.79833984375,-39.4287109375,-8.74507999420166,90.13897705078124,99.77731323242188
0.28173828125,0.890869140625,-0.046875,-14.0380859375,8.9111328125,-39.794921875,-7.506011009216309,89.62153625488281,100.12777709960938
0.203369140625,0.99609375,-0.015625,-12.3291015625,29.23583984375,-21.05712890625,-6.816119194030763,89.00253295898438,101.31165313720705
0.0947265625,0.98388671875,-0.10400390625,-20.263671875,22.76611328125,-27.2216796875,-5.661162376403809,88.35905456542969,102.17410278320312
0.114501953125,0.935302734375,-0.141357421875,-21.54541015625,14.22119140625,-37.78076171875,-4.191016674041748,87.84122467041016,102.66156005859376
0.20703125,0.80810546875,-0.2177734375,-15.80810546875,24.0478515625,-35.46142578125,-3.502855062484741,87.9144287109375,103.9749984741211
0.265869140625,0.748291015625,-0.145751953125,13.24462890625,82.58056640625,3.41796875,-4.17122745513916,88.6965560913086,107.25580596923828
0.13671875,0.997314453125,-0.1416015625,6.04248046875,96.74072265625,20.1416015625,-5.051453590393066,88.97834014892578,111.1238250732422
0.1357421875,0.89013671875,-0.132568359375,-0.244140625,98.32763671875,28.80859375,-6.318893432617188,88.99564361572266,115.06461334228516
0.114990234375,0.76416015625,-0.123291015625,16.9677734375,94.66552734375,28.4423828125,-7.506293296813965,89.5978775024414,118.84467315673828
0.073486328125,0.849609375,-0.1884765625,41.50390625,96.8017578125,27.83203125,-8.554852485656737,91.20855712890624,122.67698669433594
-0.262451171875,0.885009765625,-0.158203125,41.50390625,96.923828125,-1.46484375,-7.512936592102051,92.61178588867188,126.3452606201172
-0.064453125,0.972412109375,-0.173095703125,19.71435546875,79.2236328125,-30.57861328125,-6.027498722076416,93.29894256591795,129.56228637695312
0.0126953125,0.860595703125,-0.1875,14.2822265625,82.51953125,-39.48974609375,-4.470116138458252,93.90049743652344,132.93763732910156
0.040771484375,0.89990234375,-0.154052734375,23.193359375,89.05029296875,-40.95458984375,-2.9942102432250977,94.95977020263672,136.6749267578125
0.0087890625,1.039794921875,-0.134033203125,28.50341796875,92.4072265625,-45.71533203125,-1.4458887577056885,96.02995300292969,140.53157043457028
0.038330078125,1.036865234375,-0.142822265625,22.4609375,98.93798828125,-45.34912109375,-0.13437476754188538,96.92829895019531,144.669677734375
0.103515625,0.993896484375,-0.120849609375,15.869140625,107.72705078125,-35.82763671875,0.19916194677352905,97.38778686523438,149.25059509277344
0.12646484375,0.835693359375,-0.10546875,11.41357421875,128.0517578125,-10.92529296875,-0.4070242643356323,97.81227111816406,154.38088989257812
0.1162109375,0.7568359375,-0.0771484375,10.7421875,142.88330078125,2.3193359375,-1.6306638717651367,98.04761505126952,160.02285766601562
0.068359375,0.769287109375,0.00341796875,8.72802734375,153.80859375,-0.244140625,-2.3983943462371826,97.74193572998048,166.1318817138672
0.019775390625,0.8662109375,-0.0361328125,0.54931640625,133.30078125,-19.8974609375,-2.283090114593506,97.31433868408205,-188.4676818847656
0.197265625,0.778564453125,-0.062744140625,4.45556640625,106.3232421875,-30.94482421875,-2.077965259552002,97.2059555053711,-184.082275390625
0.33349609375,0.685546875,-0.081787109375,25.0244140625,99.4873046875,-27.2216796875,-2.6539602279663086,98.21492004394531,-179.9156036376953
0.193115234375,0.6123046875,0.048828125,40.1611328125,103.6376953125,-22.64404296875,-2.981456756591797,99.11659240722656,-175.65667724609375
0.00048828125,0.797119140625,-0.036376953125,36.31591796875,101.1962890625,-32.53173828125,-2.2740094661712646,100.10208892822266,-171.42926025390625
-0.10693359375,1.16455078125,-0.293212890625,18.98193359375,92.34619140625,-46.44775390625,-0.5411061048507689,100.60999298095705,-167.5386505126953
-0.06640625,1.294189453125,-0.412109375,-9.1552734375,74.76806640625,-60.1806640625,1.3914841413497925,100.5338897705078,-164.15542602539062
0.266357421875,1.07275390625,-0.2216796875,5.615234375,83.49609375,-40.771484375,1.7662400007247925,100.8874282836914,-160.56639099121094
0.3193359375,1.10205078125,-0.0888671875,25.5126953125,124.93896484375,-3.173828125,-0.30720049142837524,101.7957534790039,-155.3385772705078
0.20751953125,1.353515625,-0.067626953125,25.5126953125,150.32958984375,33.14208984375,-3.199589252471924,102.27882385253906,-149.74461364746094
0.148193359375,1.499755859375,-0.13720703125,3.41796875,143.61572265625,34.3017578125,-5.840214729309082,101.69728088378906,-144.38998413085938
0.075439453125,1.56396484375,-0.19677734375,-22.0947265625,123.71826171875,32.28759765625,-8.016067504882812,99.85032653808594,-140.10931396484378
0.119140625,1.2255859375,-0.18017578125,-40.6494140625,96.923828125,49.9267578125,-10.478679656982422,97.57189178466795,-136.53578186035156
0.0966796875,0.99169921875,-0.12744140625,-35.09521484375,87.21923828125,56.396484375,-12.919817924499512,95.47550201416016,-133.26809692382812
0.0166015625,0.90234375,-0.078125,-24.23095703125,77.392578125,39.48974609375,-13.70442008972168,93.79808807373048,-130.41571044921878
0.034423828125,0.928466796875,-0.088134765625,-20.1416015625,45.654296875,-3.23486328125,-13.22496509552002,92.60456848144531,-128.55172729492188
0.13330078125,1.009765625,-0.071044921875,-15.380859375,23.13232421875,-33.50830078125,-11.701080322265625,91.81475067138672,-127.5591278076172
0.19482421875,0.936279296875,-0.06787109375,-3.96728515625,2.197265625,-41.1376953125,-10.11704921722412,91.97222900390624,-127.53351593017578
0.20556640625,0.902099609375,-0.080322265625,18.73779296875,-2.0751953125,-37.4755859375,-8.726245880126951,92.83245849609376,-127.56800842285156
0.189453125,0.9755859375,-0.075927734375,16.845703125,0.48828125,-29.72412109375,-7.632065296173097,93.54246520996094,-127.48503875732422
0.215087890625,0.9775390625,-0.001953125,4.150390625,10.55908203125,-26.4892578125,-6.813095569610597,93.25914764404295,-126.74453735351562
0.064453125,0.991943359375,-0.032470703125,-11.474609375,22.0947265625,-28.6865234375,-5.595909595489502,92.6266098022461,-125.7864227294922
0.0107421875,1.02392578125,-0.154541015625,-9.27734375,4.39453125,-36.31591796875,-3.960381507873535,92.45774841308594,-125.56336212158205
0.141357421875,1.003173828125,-0.154541015625,2.62451171875,-10.92529296875,-42.05322265625,-2.434309720993042,92.90442657470705,-126.0282974243164
0.2744140625,1.000244140625,-0.048583984375,0.54931640625,-6.04248046875,-31.494140625,-1.6750040054321291,92.91303253173828,-126.19905090332031
