0.145751953125,0.984375,0.004638671875,-7.9345703125,-17.578125,2.3193359375,-3.714798212051392,80.04484558105469,-4.397980690002441
0.049560546875,0.989013671875,0.05419921875,-8.30078125,-12.0849609375,2.38037109375,-3.8569023609161377,79.99906158447266,-4.875926017761231
0.09619140625,0.984375,0.05810546875,-8.30078125,-11.90185546875,2.5634765625,-4.106963157653809,79.94564056396484,-5.34500789642334
-0.069091796875,0.925537109375,0.11669921875,-7.6904296875,-9.1552734375,1.89208984375,-3.9138610363006587,79.7616958618164,-5.702238082885742
0.060546875,0.934814453125,0.068115234375,-8.48388671875,7.01904296875,2.50244140625,-3.9545044898986816,79.62837219238281,-5.4231061935424805
0.264892578125,0.995849609375,0.10107421875,-8.11767578125,40.8935546875,2.0751953125,-4.1724467277526855,79.34951782226562,-3.803652286529541
0.06494140625,1.01123046875,0.082275390625,-7.38525390625,-6.89697265625,1.5869140625,-3.9842700958251953,80.09583282470703,-5.281749725341797
0.027587890625,0.984130859375,-0.005615234375,-8.23974609375,1.3427734375,2.44140625,-3.9787304401397705,80.1519775390625,-5.239718437194824
0.00537109375,0.947265625,0.088134765625,-8.056640625,17.9443359375,1.64794921875,-3.777135133743286,79.94647216796875,-4.531783580780028
0.177490234375,1.234130859375,-0.10107421875,-11.962890625,42.78564453125,-8.056640625,-3.5982043743133545,80.65192413330078,1.0240049362182615
0.047119140625,1.39306640625,-0.035400390625,-13.3056640625,57.861328125,6.7138671875,-3.426088094711304,80.3897705078125,3.329155921936035
-0.04296875,1.45751953125,-0.0146484375,-22.27783203125,63.29345703125,8.23974609375,-3.121826171875,79.74163055419922,5.858759880065918
-0.03955078125,1.486572265625,0.054443359375,-13.18359375,49.9267578125,18.98193359375,-2.6331233978271484,76.5938491821289,13.526090621948242
-0.02685546875,1.488037109375,0.100341796875,-24.658203125,38.87939453125,16.4794921875,-2.763962507247925,75.89303588867188,15.176088333129885
0.001953125,1.24951171875,0.09130859375,-31.494140625,30.45654296875,14.34326171875,-2.91132926940918,74.94691467285156,16.480712890625
-0.029296875,1.209716796875,0.09716796875,-14.34326171875,24.169921875,10.986328125,-2.9166953563690186,74.7194595336914,17.508308410644528
0.050537109375,1.266357421875,0.11669921875,4.08935546875,19.6533203125,28.38134765625,-3.7851929664611816,75.20260620117188,18.541410446166992
0.118896484375,1.2138671875,0.0849609375,5.79833984375,22.3388671875,29.296875,-4.769232749938965,75.75836181640625,19.673002243041992
-0.186279296875,1.373046875,0.19677734375,-12.0849609375,15.93017578125,-16.54052734375,-3.4856538772583012,75.46821594238281,20.107925415039066
-0.064208984375,1.291015625,0.159423828125,-34.11865234375,-1.5869140625,-26.4892578125,-2.2324700355529785,74.40376281738281,19.753782272338867
0.2041015625,0.995361328125,0.0849609375,-34.24072265625,2.01416015625,-7.75146484375,-2.282261371612549,73.43659210205078,19.73499298095703
-0.066650390625,0.8388671875,0.107177734375,3.96728515625,40.52734375,-8.544921875,-1.2380508184432983,73.9018783569336,21.18379020690918
-0.35009765625,0.9736328125,0.294189453125,31.18896484375,12.20703125,-19.59228515625,0.4302106201648712,75.10546875,21.45440673828125
-0.206298828125,1.068359375,0.230224609375,27.83203125,-34.5458984375,-21.240234375,1.32041597366333,76.2862777709961,19.910682678222656
0.045166015625,1.15869140625,0.09130859375,14.5263671875,-28.4423828125,-15.380859375,1.5209475755691528,77.185546875,18.670459747314453
0.11572265625,1.056884765625,0.038818359375,1.3427734375,-2.13623046875,9.27734375,0.834850013256073,77.64588165283203,18.677284240722656
-0.177734375,0.962646484375,0.145751953125,-4.69970703125,7.50732421875,9.765625,0.8926773071289062,77.59521484375,19.05384635925293
-0.17236328125,0.89794921875,0.15478515625,-7.9345703125,-24.10888671875,-5.79833984375,1.3008885383605957,77.3467788696289,18.061294555664066
-0.040283203125,0.947509765625,0.105224609375,-0.30517578125,-33.02001953125,-1.89208984375,1.1371067762374878,77.54225158691406,16.759992599487305
0.021484375,1.015625,0.088134765625,5.4931640625,-17.578125,22.5830078125,0.0178782269358635,78.0391616821289,16.265941619873047
-0.089111328125,0.967529296875,0.1416015625,8.6669921875,-8.72802734375,39.1845703125,-1.3767621517181396,78.5146255493164,16.237457275390625
-0.035400390625,0.8515625,0.148193359375,3.11279296875,-18.73779296875,42.66357421875,-3.042371988296509,78.70348358154297,15.832027435302734
-0.09619140625,0.79833984375,0.125732421875,4.45556640625,-25.390625,27.28271484375,-3.9143707752227774,79.00727081298828,15.036441802978516
0.002685546875,0.9228515625,0.14453125,20.93505859375,-33.75244140625,39.85595703125,-5.568777561187744,79.99861145019531,13.986017227172852
0.106689453125,0.8798828125,0.090576171875,20.01953125,-29.96826171875,67.3828125,-8.46318531036377,81.03878021240234,13.217836380004885
0.08984375,0.735107421875,0.0703125,11.5966796875,-20.6298828125,62.6220703125,-10.991133689880373,81.70262908935547,12.744258880615234
0.02099609375,0.71484375,0.073974609375,17.51708984375,-14.70947265625,38.9404296875,-12.237950325012207,82.56033325195312,12.347244262695312
0.0146484375,0.75732421875,0.081298828125,24.7802734375,-25.69580078125,45.5322265625,-13.718183517456055,83.77403259277344,11.510734558105467
0.16259765625,0.77880859375,-0.0009765625,21.78955078125,-28.4423828125,60.05859375,-16.130638122558597,85.12310028076172,10.514533996582033
0.109130859375,0.66748046875,-0.0458984375,14.46533203125,-20.3857421875,64.697265625,-18.492259979248047,86.23944854736328,9.762733459472656
0.22021484375,0.659423828125,-0.12451171875,11.8408203125,-18.06640625,59.326171875,-20.89327812194824,87.48462677001953,8.94697380065918
0.156982421875,0.619140625,-0.13330078125,4.45556640625,-9.6435546875,37.841796875,-22.157400131225586,88.37973022460938,8.376617431640625
0.12158203125,0.68310546875,-0.05859375,2.13623046875,-26.611328125,31.25,-22.94587326049805,89.1566390991211,7.151381492614746
0.261962890625,0.721435546875,-0.15283203125,0.54931640625,-36.31591796875,46.32568359375,-24.67329406738281,90.3221664428711,5.368302345275879
0.268310546875,0.65869140625,-0.184326171875,-5.43212890625,-24.90234375,45.34912109375,-26.35879325866699,91.1990203857422,3.976775169372559
0.23681640625,0.651123046875,-0.1376953125,3.96728515625,-14.95361328125,34.36279296875,-27.45009422302246,92.11482238769531,3.0641403198242188
0.2373046875,0.69921875,-0.15673828125,16.6015625,-14.83154296875,34.48486328125,-28.43975067138672,93.55986785888672,2.1144323348999023
0.295166015625,0.83447265625,-0.2119140625,21.66748046875,-15.9912109375,38.818359375,-29.56337738037109,95.28734588623048,1.0354013442993164
0.302734375,0.805419921875,-0.174072265625,21.17919921875,-12.39013671875,46.93603515625,-30.997833251953125,96.81879425048828,0.09208011627197266
0.3203125,0.777587890625,-0.211669921875,26.85546875,-12.63427734375,53.22265625,-32.66239547729492,98.7300033569336,-1.0200934410095217
0.340576171875,0.80859375,-0.240234375,29.11376953125,-2.99072265625,46.44775390625,-34.045860290527344,100.50235748291016,-1.7125797271728516
0.330322265625,0.8291015625,-0.19873046875,30.517578125,2.5634765625,41.32080078125,-35.16778564453125,101.99006652832031,-2.0488076210021973
0.340087890625,0.826416015625,-0.180908203125,28.6865234375,-0.91552734375,41.50390625,-36.24314880371094,103.4218521118164,-2.543048858642578
0.356201171875,0.818359375,-0.202880859375,25.69580078125,-4.82177734375,36.92626953125,-37.089744567871094,104.86096954345705,-3.229698181152344
0.3779296875,0.81787109375,-0.2158203125,25.7568359375,-4.45556640625,30.21240234375,-37.68187713623047,106.24690246582031,-3.8401269912719727
0.41064453125,0.78515625,-0.215087890625,28.38134765625,-0.8544921875,34.1796875,-38.53644943237305,107.65925598144531,-4.3528151512146005
0.38330078125,0.732177734375,-0.209716796875,37.353515625,2.86865234375,30.1513671875,-39.24064636230469,109.27642059326172,-4.643273830413818
0.3779296875,0.81005859375,-0.23046875,50.35400390625,0.3662109375,24.35302734375,-39.56129455566406,111.3742904663086,-4.942531108856201
0.4150390625,0.87939453125,-0.230712890625,51.26953125,-2.86865234375,28.74755859375,-39.99211502075195,113.54315948486328,-5.432836532592773
0.430908203125,0.894775390625,-0.24072265625,42.17529296875,-5.7373046875,31.6162109375,-40.46342849731445,115.4299774169922,-6.118800640106201
0.420166015625,0.83447265625,-0.291015625,28.80859375,-1.40380859375,25.81787109375,-40.77627944946289,116.7022933959961,-6.57847785949707
0.4248046875,0.8291015625,-0.251708984375,24.7802734375,0.54931640625,18.310546875,-40.8767204284668,117.48428344726562,-6.678925037384032
0.423828125,0.845458984375,-0.25537109375,22.216796875,0.06103515625,16.29638671875,-40.87477111816406,118.1113739013672,-6.735428333282472
0.450439453125,0.7890625,-0.27294921875,16.78466796875,0.42724609375,19.83642578125,-41.0964469909668,118.66171264648438,-6.930981636047362
0.410400390625,0.7294921875,-0.26171875,15.56396484375,-1.03759765625,16.78466796875,-41.15437316894531,119.1659698486328,-7.125516891479492
0.4453125,0.78173828125,-0.252685546875,15.68603515625,-7.080078125,14.22119140625,-41.03036117553711,119.71512603759766,-7.469124794006348
0.487060546875,0.787841796875,-0.31787109375,6.77490234375,-6.53076171875,13.73291015625,-40.94043731689453,120.05118560791016,-7.889275550842285
0.409912109375,0.7392578125,-0.294189453125,2.197265625,-2.38037109375,7.32421875,-40.617408752441406,119.93000793457031,-7.926657199859619
0.419921875,0.763916015625,-0.2802734375,4.8828125,-4.7607421875,7.6904296875,-40.27894973754883,119.92655181884766,-8.039679527282715
0.410400390625,0.812744140625,-0.2705078125,9.033203125,-10.07080078125,13.671875,-39.99504470825195,120.25904846191406,-8.495487213134767
0.441162109375,0.786865234375,-0.2958984375,9.33837890625,-14.22119140625,16.4794921875,-39.800880432128906,120.8654556274414,-9.275569915771484
0.4736328125,0.801025390625,-0.34814453125,9.33837890625,-12.87841796875,16.6015625,-39.65972900390625,121.5416488647461,-10.070533752441406
0.47314453125,0.812744140625,-0.3408203125,10.07080078125,-6.7138671875,17.08984375,-39.65768814086914,122.01761627197266,-10.570001602172852
0.48193359375,0.774658203125,-0.384765625,12.939453125,-6.7138671875,23.86474609375,-39.90145492553711,122.88247680664062,-11.359955787658693
0.4814453125,0.747802734375,-0.389404296875,17.578125,-3.47900390625,24.4140625,-40.23615646362305,123.87802124023438,-12.048225402832033
0.4892578125,0.771728515625,-0.376708984375,23.3154296875,-6.2255859375,28.9306640625,-40.63534164428711,125.17418670654295,-12.938497543334961
0.494140625,0.770751953125,-0.397705078125,23.86474609375,-6.16455078125,31.25,-41.07500457763672,126.56206512451172,-13.925867080688475
0.503662109375,0.7451171875,-0.393310546875,21.66748046875,-4.57763671875,29.47998046875,-41.507957458496094,127.77342987060548,-14.797797203063965
0.5087890625,0.75634765625,-0.388427734375,18.5546875,-2.8076171875,24.47509765625,-41.80421447753906,128.63697814941406,-15.396859169006348
0.5234375,0.756591796875,-0.390869140625,13.00048828125,-0.48828125,21.05712890625,-42.06229782104492,129.11814880371094,-15.776891708374025
0.49755859375,0.71142578125,-0.3818359375,7.6904296875,-0.42724609375,22.94921875,-42.36603546142578,129.4544677734375,-16.2388916015625
0.5126953125,0.701171875,-0.378662109375,9.09423828125,-4.69970703125,21.30126953125,-42.53888702392578,129.93417358398438,-16.826004028320312
0.547607421875,0.71142578125,-0.400146484375,8.11767578125,-3.5400390625,20.263671875,-42.738861083984375,130.35308837890622,-17.354843139648438
0.510986328125,0.70654296875,-0.414306640625,8.6669921875,-0.54931640625,17.7001953125,-42.85099411010742,130.66978454589844,-17.68515396118164
0.506591796875,0.70654296875,-0.4072265625,8.544921875,-2.50244140625,17.63916015625,-42.902076721191406,131.00405883789062,-18.073997497558594
0.54443359375,0.719482421875,-0.4150390625,10.009765625,-4.69970703125,20.08056640625,-43.018009185791016,131.51713562011722,-18.641796112060547
0.544921875,0.6982421875,-0.42431640625,9.33837890625,-3.35693359375,22.27783203125,-43.23825454711914,132.06568908691406,-19.26846694946289
0.54150390625,0.658935546875,-0.433837890625,12.87841796875,0.1220703125,26.55029296875,-43.6844367980957,132.85183715820312,-19.97376251220703
0.543701171875,0.6552734375,-0.43505859375,20.01953125,1.5869140625,28.4423828125,-44.20618057250977,133.92904663085938,-20.695484161376953
0.53564453125,0.670166015625,-0.426025390625,23.92578125,1.77001953125,26.7333984375,-44.63490676879883,135.03036499023438,-21.29505157470703
0.579833984375,0.674560546875,-0.449462890625,23.49853515625,-1.46484375,28.564453125,-45.05188369750977,136.29754638671878,-22.13294219970703
0.563720703125,0.652587890625,-0.474365234375,19.04296875,0.67138671875,24.2919921875,-45.35205078125,137.26791381835938,-22.765830993652344
0.57666015625,0.6396484375,-0.43798828125,15.7470703125,-1.03759765625,22.0947265625,-45.59912872314453,137.99684143066406,-23.313478469848636
0.602294921875,0.603515625,-0.469482421875,10.986328125,1.8310546875,21.6064453125,-45.94953155517578,138.58595275878906,-23.837574005126953
0.548095703125,0.568115234375,-0.440185546875,13.18359375,1.40380859375,16.11328125,-46.09213256835938,139.073486328125,-24.119882583618164
0.586669921875,0.630615234375,-0.45751953125,14.58740234375,-3.47900390625,13.36669921875,-46.00523376464844,139.56280517578122,-24.39418029785156
0.594482421875,0.66064453125,-0.4736328125,6.04248046875,-3.90625,14.58740234375,-45.90981674194336,139.71810913085938,-24.71076393127441
0.57958984375,0.577880859375,-0.48046875,-0.6103515625,-5.4931640625,14.95361328125,-45.8150749206543,139.84881591796878,-25.23850059509277
0.578369140625,0.532470703125,-0.447509765625,-1.0986328125,-5.06591796875,9.82666015625,-45.68674087524414,139.80543518066406,-25.53941535949707
0.59375,0.598876953125,-0.476806640625,4.82177734375,-5.79833984375,7.080078125,-45.40176391601562,139.85411071777344,-25.691123962402344
0.599365234375,0.603515625,-0.468505859375,3.90625,-5.7373046875,11.3525390625,-45.25399398803711,139.9661865234375,-26.00675964355469
0.60791015625,0.60498046875,-0.508056640625,4.150390625,-6.16455078125,14.2822265625,-45.14194869995117,140.27828979492188,-26.5293083190918
0.591796875,0.577392578125,-0.496826171875,5.126953125,-3.2958984375,14.404296875,-45.13116836547852,140.57769775390622,-26.968053817749023
0.620361328125,0.583984375,-0.496337890625,7.8125,-3.23486328125,15.5029296875,-45.19433975219727,140.9983367919922,-27.440431594848636
0.65185546875,0.5712890625,-0.5,6.7138671875,0.67138671875,16.9677734375,-45.47209548950195,141.3541259765625,-27.863224029541016
0.614501953125,0.542236328125,-0.47900390625,8.11767578125,2.8076171875,15.625,-45.757484436035156,141.66738891601562,-28.14946746826172
0.61962890625,0.58251953125,-0.495361328125,9.6435546875,0.244140625,17.08984375,-45.93901443481445,142.09120178222656,-28.54721069335937
0.626220703125,0.5498046875,-0.52685546875,7.26318359375,0.732421875,16.357421875,-46.11170959472656,142.5218505859375,-28.995027542114254
0.623046875,0.55908203125,-0.49658203125,5.7373046875,-1.5869140625,11.5966796875,-46.11108016967773,142.68353271484375,-29.22807502746582
0.607666015625,0.54150390625,-0.498291015625,6.103515625,-1.5869140625,9.27734375,-46.04033279418945,142.8179168701172,-29.38002014160156
0.621826171875,0.559814453125,-0.502197265625,4.33349609375,-3.23486328125,7.87353515625,-45.89095306396485,142.83914184570312,-29.498693466186523
0.624755859375,0.5654296875,-0.508056640625,-0.18310546875,-4.7607421875,9.6435546875,-45.73458480834961,142.77560424804688,-29.75239181518555
0.626953125,0.534912109375,-0.50390625,-3.2958984375,-6.34765625,11.65771484375,-45.61830139160156,142.76034545898438,-30.202133178710934
0.623291015625,0.487548828125,-0.508056640625,-3.84521484375,-5.79833984375,9.8876953125,-45.51359939575195,142.77938842773438,-30.64391326904297
0.62646484375,0.51611328125,-0.51171875,-0.06103515625,-5.0048828125,2.44140625,-45.23436737060547,142.6211700439453,-30.67200469970703
0.650634765625,0.57177734375,-0.513427734375,-0.91552734375,-5.06591796875,5.06591796875,-45.01751708984375,142.39773559570312,-30.73962211608887
0.663818359375,0.55908203125,-0.51123046875,-4.69970703125,-2.13623046875,10.009765625,-45.05756759643555,142.1457977294922,-30.95636940002441
0.644775390625,0.4921875,-0.500732421875,-6.34765625,-0.8544921875,15.0146484375,-45.30158615112305,142.1021728515625,-31.45618057250977
0.634765625,0.456298828125,-0.50439453125,-0.244140625,-0.79345703125,15.380859375,-45.55908584594727,142.4202880859375,-32.045364379882805
0.65673828125,0.480224609375,-0.52978515625,6.7138671875,-1.64794921875,14.6484375,-45.74080276489258,143.00418090820312,-32.62386703491211
0.636474609375,0.52587890625,-0.532958984375,8.1787109375,-1.953125,10.7421875,-45.729248046875,143.39077758789062,-32.938087463378906
0.654541015625,0.556640625,-0.52490234375,7.6904296875,-2.44140625,13.36669921875,-45.777076721191406,143.7540283203125,-33.317760467529304
0.6796875,0.5126953125,-0.53466796875,4.57763671875,-1.64794921875,18.73779296875,-46.03953552246094,144.2770538330078,-34.010730743408196
0.63330078125,0.424072265625,-0.510498046875,6.103515625,2.0751953125,14.70947265625,-46.35007858276367,144.79518127441406,-34.50687789916992
0.638916015625,0.4609375,-0.513916015625,10.55908203125,-0.42724609375,11.5966796875,-46.46335220336914,145.3342742919922,-34.8592529296875
0.657470703125,0.524169921875,-0.519287109375,9.94873046875,-2.3193359375,12.939453125,-46.50754165649414,145.7716064453125,-35.21654510498047
0.66064453125,0.48876953125,-0.521728515625,3.84521484375,-2.685546875,14.58740234375,-46.60532760620117,146.11279296875,-35.72582626342773
0.635009765625,0.45458984375,-0.5048828125,2.685546875,-4.94384765625,12.75634765625,-46.5911750793457,146.4329071044922,-36.24622344970703
0.65283203125,0.462158203125,-0.52685546875,4.638671875,-6.28662109375,9.58251953125,-46.455955505371094,146.7674560546875,-36.66783905029297
0.663818359375,0.470458984375,-0.53564453125,6.04248046875,-7.01904296875,10.31494140625,-46.31533432006836,147.1844482421875,-37.13661193847656
0.695068359375,0.46630859375,-0.548828125,5.126953125,-7.2021484375,10.6201171875,-46.21585083007813,147.60585021972656,-37.64555740356445
0.691162109375,0.482421875,-0.549560546875,4.150390625,-6.53076171875,10.1318359375,-46.109825134277344,147.89491271972656,-38.06653594970703
0.667724609375,0.457763671875,-0.533447265625,-0.732421875,-1.89208984375,14.46533203125,-46.257789611816406,148.05520629882812,-38.57106018066406
0.6591796875,0.425537109375,-0.52978515625,0.91552734375,-2.13623046875,17.51708984375,-46.47151947021485,148.4744873046875,-39.28996276855469
0.660400390625,0.419921875,-0.534423828125,6.89697265625,-4.2724609375,16.6015625,-46.58089447021485,149.16207885742188,-40.03865051269531
0.689208984375,0.475830078125,-0.561279296875,9.58251953125,-4.7607421875,12.02392578125,-46.5374870300293,149.67904663085938,-40.48479461669922
0.70166015625,0.46240234375,-0.5458984375,5.55419921875,-1.5869140625,15.7470703125,-46.72809219360352,150.0945281982422,-41.0208740234375
0.68896484375,0.40234375,-0.538818359375,4.08935546875,0.3662109375,18.85986328125,-47.07434844970703,150.6678466796875,-41.76295852661133
0.657958984375,0.384765625,-0.516357421875,7.9345703125,-0.42724609375,15.625,-47.3088493347168,151.27684020996094,-42.35290908813477
0.66552734375,0.4091796875,-0.555908203125,7.9345703125,-2.62451171875,14.22119140625,-47.36049270629883,151.86282348632812,-42.92134094238281
0.689208984375,0.398193359375,-0.576904296875,5.18798828125,-2.8076171875,11.962890625,-47.37575149536133,152.30892944335938,-43.41726684570313
0.67626953125,0.396240234375,-0.5595703125,1.5869140625,-1.40380859375,6.04248046875,-47.33520126342773,152.30506896972656,-43.530181884765625
0.69140625,0.40869140625,-0.519775390625,-0.732421875,-3.0517578125,8.1787109375,-47.352745056152344,152.2176055908203,-43.72216033935547
0.677734375,0.36669921875,-0.537353515625,-4.638671875,-3.2958984375,9.6435546875,-47.37225341796875,152.1949462890625,-44.11479949951172
0.666259765625,0.34765625,-0.543701171875,-4.39453125,-5.37109375,4.0283203125,-47.20091247558594,152.0762176513672,-44.32107162475586
0.679443359375,0.395263671875,-0.5595703125,-3.90625,-6.28662109375,0.1220703125,-46.89239883422852,151.73675537109375,-44.27018737792969
0.703125,0.401611328125,-0.557373046875,-5.55419921875,-5.67626953125,0.67138671875,-46.664527893066406,151.337646484375,-44.23149108886719
0.688232421875,0.392578125,-0.546142578125,-8.48388671875,-3.173828125,3.11279296875,-46.57889938354492,150.880859375,-44.26403045654297
0.67724609375,0.37451171875,-0.554443359375,-7.080078125,-3.60107421875,5.615234375,-46.514610290527344,150.6678924560547,-44.49857711791992
0.685791015625,0.371337890625,-0.5556640625,-4.21142578125,-5.859375,5.615234375,-46.38996505737305,150.63824462890625,-44.812644958496094
0.684326171875,0.401611328125,-0.566650390625,-5.79833984375,-5.55419921875,3.23486328125,-46.1919937133789,150.38262939453125,-44.94878768920898
0.696533203125,0.352294921875,-0.5693359375,-7.50732421875,-3.7841796875,3.23486328125,-46.11997985839844,150.18165588378906,-45.15048599243164
0.6845703125,0.351806640625,-0.56005859375,-5.9814453125,-3.11279296875,2.9296875,-46.06291961669922,150.0087890625,-45.31205749511719
0.690185546875,0.375244140625,-0.5400390625,-1.3427734375,-3.35693359375,2.8076171875,-46.0166015625,149.9243621826172,-45.40386962890625
0.7080078125,0.3955078125,-0.564208984375,-2.3193359375,-4.57763671875,3.173828125,-45.91390609741211,149.8314208984375,-45.54356002807617
0.689697265625,0.389404296875,-0.557373046875,-6.4697265625,-4.39453125,2.01416015625,-45.78401184082031,149.53221130371094,-45.625
0.6884765625,0.3955078125,-0.57275390625,-7.8125,-7.14111328125,0.1220703125,-45.498435974121094,149.19232177734375,-45.70989227294922
0.6962890625,0.38134765625,-0.564208984375,-8.7890625,-7.62939453125,1.77001953125,-45.27827835083008,148.92120361328125,-45.91965866088867
0.67919921875,0.384521484375,-0.57568359375,-8.30078125,-6.7138671875,2.99072265625,-45.07651138305664,148.7137908935547,-46.17799758911133
0.6962890625,0.37890625,-0.56640625,-5.859375,-6.4697265625,3.35693359375,-44.94519805908203,148.61996459960938,-46.45316696166992
0.7080078125,0.364013671875,-0.571044921875,-3.90625,-5.7373046875,4.08935546875,-44.88433456420898,148.66830444335938,-46.78050231933594
0.6884765625,0.377197265625,-0.572509765625,-2.99072265625,-5.18798828125,3.47900390625,-44.78670883178711,148.68287658691406,-47.03538131713867
0.6787109375,0.383544921875,-0.570068359375,-3.11279296875,-5.37109375,3.96728515625,-44.67855453491211,148.6888885498047,-47.30231475830078
0.7001953125,0.36865234375,-0.56787109375,-4.8828125,-4.638671875,4.94384765625,-44.67100143432617,148.68069458007812,-47.622337341308594
0.6904296875,0.356201171875,-0.572265625,-4.08935546875,-5.18798828125,6.7138671875,-44.669715881347656,148.81922912597656,-48.07403564453125
0.69580078125,0.36669921875,-0.562255859375,-1.5869140625,-4.0283203125,5.7373046875,-44.70140075683594,148.94818115234375,-48.40777587890625
0.687744140625,0.385986328125,-0.56689453125,-2.38037109375,-4.5166015625,4.08935546875,-44.64484405517578,148.94696044921875,-48.63936996459961
0.681884765625,0.367919921875,-0.572021484375,-3.35693359375,-5.0048828125,4.69970703125,-44.58468627929688,148.99685668945312,-48.95635986328125
0.710205078125,0.35693359375,-0.548828125,-3.41796875,-5.37109375,6.4697265625,-44.639610290527344,149.10214233398438,-49.36250305175781
0.697509765625,0.35302734375,-0.580078125,-3.72314453125,-6.40869140625,5.67626953125,-44.5775260925293,149.25006103515625,-49.802513122558594
0.7080078125,0.367919921875,-0.568603515625,-4.7607421875,-5.92041015625,3.2958984375,-44.50690078735352,149.1969451904297,-50.06545639038086
0.69091796875,0.33203125,-0.573974609375,-7.01904296875,-4.0283203125,5.06591796875,-44.535240173339844,149.18836975097656,-50.43914794921875
0.681884765625,0.346923828125,-0.576904296875,-4.33349609375,-4.8828125,5.92041015625,-44.51818084716797,149.29652404785156,-50.85237884521485
0.6962890625,0.36279296875,-0.56396484375,-2.01416015625,-5.67626953125,6.103515625,-44.50658798217773,149.44825744628906,-51.24679946899414
0.6884765625,0.35888671875,-0.582763671875,-2.9296875,-5.79833984375,7.2021484375,-44.47581100463867,149.64022827148438,-51.72371292114258
0.704345703125,0.349609375,-0.574462890625,-1.953125,-4.45556640625,4.45556640625,-44.4823112487793,149.75535583496094,-52.03252029418945
0.69921875,0.34912109375,-0.589599609375,-3.23486328125,-3.41796875,3.90625,-44.48323059082031,149.8015899658203,-52.30072402954102
0.701171875,0.314453125,-0.5810546875,-1.8310546875,-2.25830078125,6.77490234375,-44.62517929077149,150.064453125,-52.7354736328125
0.70654296875,0.310302734375,-0.57861328125,0.9765625,-2.3193359375,11.41357421875,-44.86391067504883,150.60337829589844,-53.40091323852539
0.695556640625,0.315673828125,-0.58642578125,3.96728515625,-0.1220703125,10.55908203125,-45.11474227905274,151.1708984375,-53.951744079589844
0.69970703125,0.358642578125,-0.584228515625,2.86865234375,-0.6103515625,8.4228515625,-45.27061462402344,151.4800262451172,-54.30580520629883
0.690673828125,0.34912109375,-0.568603515625,2.38037109375,-1.77001953125,8.60595703125,-45.39778900146485,151.78912353515625,-54.69392776489258
0.692626953125,0.3662109375,-0.590087890625,1.28173828125,-2.8076171875,9.033203125,-45.44826889038086,152.0651397705078,-55.11413955688477
0.69970703125,0.2998046875,-0.559326171875,-1.8310546875,-0.732421875,5.2490234375,-45.60963439941406,152.1766357421875,-55.38555526733398
0.706787109375,0.322265625,-0.5712890625,-1.64794921875,-2.86865234375,4.69970703125,-45.65339279174805,152.26463317871094,-55.64894485473633
0.690185546875,0.33203125,-0.587646484375,-4.150390625,-5.4931640625,2.44140625,-45.5020523071289,152.2128143310547,-55.86216354370117
0.7109375,0.359130859375,-0.5830078125,-9.33837890625,-5.9814453125,1.0986328125,-45.33452987670898,151.8296356201172,-55.96149826049805
0.698486328125,0.3173828125,-0.573974609375,-9.765625,-4.82177734375,6.04248046875,-45.33392333984375,151.70785522460938,-56.36665344238281
0.698974609375,0.28125,-0.581298828125,-5.06591796875,-4.08935546875,7.99560546875,-45.41426086425781,151.95806884765625,-56.94066619873047
0.696044921875,0.32861328125,-0.5849609375,-1.0986328125,-6.103515625,7.080078125,-45.35352325439453,152.22618103027344,-57.41771697998047
0.72802734375,0.332275390625,-0.595703125,-2.38037109375,-7.080078125,7.9345703125,-45.30708312988281,152.48855590820312,-57.96092224121094
0.732421875,0.3154296875,-0.60888671875,-5.43212890625,-4.33349609375,6.28662109375,-45.32845306396485,152.57493591308594,-58.38960266113281
0.69921875,0.29248046875,-0.58154296875,-4.150390625,-3.2958984375,6.77490234375,-45.40035629272461,152.73495483398438,-58.83289337158203
0.735595703125,0.301025390625,-0.586181640625,-2.8076171875,-4.0283203125,9.33837890625,-45.531898498535156,153.03269958496094,-59.40924072265625
0.73681640625,0.29296875,-0.578369140625,-0.79345703125,-3.41796875,11.8408203125,-45.74189376831055,153.49620056152344,-60.10126495361328
0.7138671875,0.26953125,-0.595703125,2.62451171875,-3.2958984375,12.3291015625,-45.90681076049805,154.197509765625,-60.87633514404297
0.72216796875,0.27392578125,-0.59814453125,4.94384765625,-3.2958984375,9.70458984375,-46.02036666870117,154.8593292236328,-61.49130630493164
0.711181640625,0.310791015625,-0.5888671875,3.0517578125,-3.173828125,6.53076171875,-46.04786682128906,155.17092895507812,-61.828285217285156
0.70458984375,0.309326171875,-0.590087890625,-2.8076171875,-6.34765625,4.2724609375,-45.91019058227539,155.20997619628906,-62.11817169189453
0.72998046875,0.285888671875,-0.59912109375,-5.43212890625,-4.82177734375,7.38525390625,-45.92703628540039,155.31898498535156,-62.59488296508789
0.712158203125,0.2529296875,-0.588134765625,-2.86865234375,-2.86865234375,9.58251953125,-46.0616455078125,155.66433715820312,-63.20042419433594
0.7138671875,0.25341796875,-0.571533203125,1.52587890625,-3.90625,7.50732421875,-46.14637756347656,156.08828735351562,-63.69509506225586
0.6826171875,0.29541015625,-0.58447265625,-1.03759765625,-5.615234375,4.21142578125,-46.00994110107422,156.17823791503906,-63.95880126953125
0.716796875,0.318603515625,-0.60400390625,-6.65283203125,-6.4697265625,3.41796875,-45.84444808959961,155.98316955566406,-64.16952514648439
0.727294921875,0.256591796875,-0.583984375,-9.6435546875,-5.0048828125,5.06591796875,-45.85653305053711,155.8756866455078,-64.55491638183594
0.714599609375,0.221923828125,-0.558349609375,-5.31005859375,-3.96728515625,5.7373046875,-45.9648323059082,156.0309600830078,-65.00935363769531
0.694580078125,0.26611328125,-0.589599609375,-2.50244140625,-4.8828125,6.04248046875,-45.92366790771485,156.22235107421875,-65.42668151855469
0.725830078125,0.294677734375,-0.61865234375,-2.3193359375,-6.28662109375,5.79833984375,-45.81335067749024,156.37997436523438,-65.82366943359375
0.73046875,0.27978515625,-0.6142578125,-4.0283203125,-6.53076171875,6.53076171875,-45.733154296875,156.5325927734375,-66.28746032714844
0.731201171875,0.2431640625,-0.6044921875,-3.5400390625,-4.33349609375,8.36181640625,-45.80475616455078,156.831787109375,-66.86459350585939
0.69677734375,0.239501953125,-0.59033203125,-3.2958984375,-1.64794921875,8.1787109375,-45.93809127807617,157.07388305664062,-67.36009216308594
0.7294921875,0.247314453125,-0.58056640625,-1.8310546875,-3.23486328125,4.39453125,-46.010963439941406,157.20831298828125,-67.65644836425781
0.728271484375,0.262451171875,-0.598388671875,-1.5869140625,-5.4931640625,4.33349609375,-45.9557991027832,157.35781860351562,-67.97885131835939
0.73681640625,0.2548828125,-0.60888671875,-3.35693359375,-5.92041015625,6.8359375,-45.92584609985352,157.57061767578125,-68.46611785888672
0.733154296875,0.2451171875,-0.589599609375,-3.0517578125,-4.0283203125,8.36181640625,-46.01995468139648,157.82208251953125,-68.9915771484375
0.70849609375,0.231201171875,-0.595947265625,-3.7841796875,-3.173828125,6.04248046875,-46.066368103027344,157.9845428466797,-69.40557861328125
0.700439453125,0.245849609375,-0.581787109375,-2.99072265625,-5.06591796875,4.8828125,-46.0241813659668,158.09095764160156,-69.74598693847656
0.730712890625,0.257080078125,-0.615478515625,-4.33349609375,-5.859375,4.82177734375,-45.93914794921875,158.15762329101562,-70.10301971435547
0.729736328125,0.22607421875,-0.59765625,-5.7373046875,-3.7841796875,6.34765625,-46.00297164916992,158.26719665527344,-70.54933166503906
0.7197265625,0.209716796875,-0.602783203125,-2.86865234375,-2.74658203125,6.53076171875,-46.09087371826172,158.53915405273438,-71.02367401123047
0.714599609375,0.26318359375,-0.585693359375,-1.953125,-2.44140625,5.0048828125,-46.14936447143555,158.58001708984375,-71.26312255859375
0.694091796875,0.271240234375,-0.58935546875,-4.0283203125,-4.33349609375,5.43212890625,-46.09765625,158.55882263183594,-71.54780578613281
0.700439453125,0.227294921875,-0.60302734375,-8.544921875,-4.94384765625,4.69970703125,-46.03107070922852,158.49789428710938,-71.92158508300781
0.73193359375,0.2197265625,-0.60791015625,-7.32421875,-2.86865234375,2.62451171875,-46.06047439575195,158.40447998046875,-72.1623764038086
0.7333984375,0.21240234375,-0.58740234375,-5.0048828125,-2.38037109375,0.79345703125,-46.12100601196289,158.3274383544922,-72.29592895507812
0.712646484375,0.25341796875,-0.577880859375,-8.85009765625,-2.0751953125,0.67138671875,-46.14545059204102,157.94471740722656,-72.31475067138672
0.704345703125,0.23095703125,-0.573486328125,-11.90185546875,-4.21142578125,0.48828125,-46.09722137451172,157.54840087890625,-72.42964935302734
0.71435546875,0.209228515625,-0.586669921875,-11.474609375,-3.96728515625,-2.5634765625,-46.02279281616211,157.1508026123047,-72.45124816894531
0.718017578125,0.234619140625,-0.5908203125,-11.1083984375,-4.21142578125,-4.08935546875,-45.90008544921875,156.6527557373047,-72.35477447509766
0.72705078125,0.245361328125,-0.591064453125,-11.65771484375,-4.5166015625,-4.08935546875,-45.77673721313477,156.12489318847656,-72.25736236572266
0.72998046875,0.23828125,-0.5908203125,-14.70947265625,-2.9296875,-4.08935546875,-45.7252311706543,155.49147033691406,-72.1556396484375
0.71826171875,0.218017578125,-0.606201171875,-16.11328125,-1.64794921875,-8.7890625,-45.61514663696289,154.71417236328125,-71.85888671875
0.711181640625,0.223876953125,-0.596435546875,-17.76123046875,-0.42724609375,-11.8408203125,-45.4978141784668,153.73851013183594,-71.37814331054688
0.713623046875,0.216552734375,-0.5947265625,-21.78955078125,-0.79345703125,-14.7705078125,-45.32634735107422,152.5633544921875,-70.80424499511719
0.679931640625,0.224853515625,-0.570068359375,-30.33447265625,3.23486328125,-27.587890625,-45.02873229980469,150.50857543945312,-69.48420715332031
0.650146484375,0.241455078125,-0.540283203125,-37.53662109375,-1.89208984375,-36.62109375,-44.33221435546875,147.9739532470703,-67.89414215087889
0.675537109375,0.308837890625,-0.5244140625,-48.4619140625,-6.16455078125,-42.29736328125,-43.344181060791016,144.83499145507812,-66.14658355712889
0.660400390625,0.286865234375,-0.531982421875,-61.6455078125,-7.8125,-49.4384765625,-42.09314346313477,141.29603576660156,-64.39697265625
0.627685546875,0.277099609375,-0.5419921875,-64.697265625,-10.498046875,-54.8095703125,-40.54138946533203,137.87246704101562,-62.79788589477539
0.6875,0.318359375,-0.5712890625,-66.10107421875,-9.70458984375,-63.78173828125,-38.77245330810547,134.35084533691406,-61.02819442749024
0.6640625,0.3564453125,-0.541748046875,-72.32666015625,-7.62939453125,-68.90869140625,-36.85074234008789,130.58197021484378,-59.19493865966797
0.671142578125,0.339599609375,-0.525634765625,-76.23291015625,-7.2021484375,-69.3359375,-34.96976089477539,126.94896697998048,-57.62023544311523
0.6650390625,0.399658203125,-0.526123046875,-79.16259765625,-5.9814453125,-71.2890625,-32.960254669189446,123.30357360839844,-56.14509582519531
0.63720703125,0.455322265625,-0.540283203125,-87.46337890625,-2.8076171875,-75.927734375,-30.72933578491211,119.4190673828125,-54.67174530029297
0.6279296875,0.4609375,-0.5166015625,-93.8720703125,-2.13623046875,-77.81982421875,-28.450889587402344,115.48812866210938,-53.3907241821289
0.599853515625,0.479248046875,-0.4892578125,-99.18212890625,-0.79345703125,-79.2236328125,-26.10890388488769,111.51779174804688,-52.27760314941406
0.610595703125,0.50341796875,-0.461669921875,-103.8818359375,1.3427734375,-81.54296875,-23.74105834960937,107.4759521484375,-51.27267837524414
0.567138671875,0.494384765625,-0.41796875,-103.57666015625,5.31005859375,-85.63232421875,-21.257923126220703,103.55826568603516,-50.3019905090332
0.58056640625,0.525390625,-0.37890625,-101.01318359375,8.6669921875,-85.8154296875,-18.834964752197266,99.79849243164062,-49.40071487426758
0.514892578125,0.6025390625,-0.372802734375,-104.98046875,11.41357421875,-81.48193359375,-16.40475082397461,96.01433563232422,-48.64738464355469
0.510498046875,0.621826171875,-0.366943359375,-106.75048828125,8.9111328125,-82.94677734375,-13.92404079437256,92.36344909667969,-48.21118545532226
0.567626953125,0.593017578125,-0.396240234375,-109.619140625,9.033203125,-81.72607421875,-11.6871976852417,88.82444763183594,-47.98644638061523
0.553466796875,0.57177734375,-0.33642578125,-106.93359375,21.17919921875,-84.228515625,-9.423285484313963,85.33931732177734,-47.43765640258789
0.4658203125,0.566162109375,-0.265380859375,-102.35595703125,30.09033203125,-75.3173828125,-7.393332481384277,82.0198974609375,-46.66674041748047
0.410888671875,0.534912109375,-0.218505859375,-85.693359375,28.80859375,-63.41552734375,-5.818423748016357,79.43653106689453,-46.01576614379883
0.360595703125,0.612548828125,-0.1904296875,-58.28857421875,19.59228515625,-53.466796875,-4.507200241088867,77.99291229248047,-45.73553848266602
0.4736328125,0.710693359375,-0.263916015625,-54.443359375,23.25439453125,-50.537109375,-3.4136788845062256,76.81034088134766,-45.32675552368164
0.4736328125,0.688720703125,-0.2451171875,-65.7958984375,44.61669921875,-56.640625,-1.9344967603683472,75.15007781982422,-44.17544937133789
0.30859375,0.57275390625,-0.1357421875,-67.44384765625,56.396484375,-60.24169921875,-0.012656906619668009,73.36947631835938,-42.661720275878906
0.23779296875,0.62890625,-0.09716796875,-48.7060546875,47.119140625,-56.57958984375,1.8976305723190308,72.34512329101562,-41.509544372558594
0.26318359375,0.745849609375,-0.110595703125,-39.1845703125,37.841796875,-47.9736328125,3.367466449737549,71.75215911865234,-40.61487197875977
0.34326171875,0.77197265625,-0.16748046875,-46.08154296875,40.1611328125,-34.97314453125,4.186616897583009,71.03318786621094,-39.45890808105469
0.3291015625,0.727783203125,-0.08447265625,-56.45751953125,57.43408203125,-42.724609375,5.48948860168457,69.80142974853516,-37.77407836914063
0.18896484375,0.707275390625,0.01123046875,-56.33544921875,60.4248046875,-51.3916015625,7.4747138023376465,68.44406890869139,-36.149070739746094
0.08837890625,0.744140625,0.066162109375,-42.54150390625,44.98291015625,-66.5283203125,10.056363105773926,67.48374938964844,-35.37234878540039
0.081787109375,0.902099609375,0.06884765625,-34.36279296875,25.5126953125,-66.10107421875,12.300680160522461,66.80182647705078,-35.321998596191406
0.25439453125,0.990966796875,-0.026123046875,-39.1845703125,20.1416015625,-56.640625,13.712766647338867,66.13381195068361,-35.275421142578125
0.3134765625,0.891357421875,-0.039306640625,-53.28369140625,50.6591796875,-54.99267578125,15.350828170776367,65.22805023193361,-34.04836654663086
0.114990234375,0.796142578125,0.07275390625,-47.66845703125,57.92236328125,-61.6455078125,17.679088592529297,64.41040802001953,-32.73006820678711
0.075927734375,0.91015625,0.14013671875,-36.43798828125,45.10498046875,-65.36865234375,19.96669578552246,63.8028793334961,-31.99555015563965
0.076904296875,1.03857421875,0.157470703125,-36.92626953125,26.30615234375,-52.3681640625,21.405607223510746,63.05245971679688,-31.726842880249023
0.221923828125,0.936279296875,0.076171875,-45.59326171875,28.86962890625,-43.701171875,22.247127532958984,62.21807098388672,-31.139163970947266
0.170654296875,0.80322265625,-0.00146484375,-40.6494140625,43.9453125,-50.84228515625,23.67226600646973,61.97084426879883,-30.04391860961914
0.06298828125,0.882568359375,0.053955078125,-24.658203125,61.82861328125,-58.41064453125,25.892593383789066,62.5201301574707,-28.40736198425293
-0.072021484375,1.02001953125,0.128662109375,-19.775390625,62.68310546875,-55.48095703125,28.20076560974121,63.2234001159668,-26.64617919921875
-0.057861328125,1.0771484375,0.201171875,-21.3623046875,51.025390625,-53.1005859375,30.067779541015625,63.5704231262207,-25.29586410522461
-0.009765625,1.090087890625,0.2255859375,-33.99658203125,33.3251953125,-36.865234375,30.88467788696289,63.18783569335938,-24.332408905029297
0.1123046875,0.90576171875,0.14111328125,-38.330078125,32.1044921875,-24.4140625,30.98567199707031,62.88264846801758,-23.08656311035156
0.0458984375,0.854248046875,0.03759765625,-20.32470703125,54.38232421875,-43.51806640625,32.325439453125,63.88501358032226,-21.1458740234375
-0.007080078125,1.099365234375,0.132080078125,-3.173828125,72.32666015625,-68.9697265625,34.884963989257805,65.59621429443361,-18.939136505126953
-0.095703125,1.16015625,0.202392578125,-17.4560546875,74.5849609375,-63.78173828125,37.28654098510742,66.82419586181639,-16.430877685546875
-0.12939453125,1.060546875,0.210693359375,-30.517578125,68.90869140625,-51.20849609375,39.08981704711914,67.56047821044922,-13.842937469482422
-0.1357421875,0.939453125,0.22021484375,-19.1650390625,64.8193359375,-29.052734375,39.95034790039063,68.87580871582031,-10.992288589477539
-0.14990234375,0.839599609375,0.208740234375,5.37109375,56.7626953125,-29.1748046875,40.67162322998047,70.89952850341797,-8.505413055419924
-0.14306640625,0.955322265625,0.170166015625,35.2783203125,53.22265625,-36.80419921875,41.4912109375,74.12186431884766,-6.129927158355713
-0.144287109375,1.263427734375,0.12646484375,41.50390625,50.048828125,-16.4794921875,41.30964279174805,77.83940887451172,-3.4518847465515137
-0.15234375,1.193359375,0.107421875,22.64404296875,48.2177734375,6.53076171875,40.13245010375977,80.74667358398438,-0.6912531852722168
-0.240234375,1.07470703125,0.09912109375,21.3623046875,39.1845703125,7.38525390625,38.99768829345703,83.08938598632812,1.4714059829711914
-0.270751953125,1.1083984375,0.11669921875,37.29248046875,23.4375,-2.3193359375,38.20197296142578,85.33261108398438,2.649791717529297
-0.201904296875,1.2001953125,0.12451171875,41.50390625,8.11767578125,2.01416015625,37.04815673828125,87.15428161621094,2.9960317611694336
-0.176025390625,1.247802734375,0.052734375,35.5224609375,1.52587890625,9.521484375,35.56586456298828,88.62376403808594,3.0737123489379883
-0.157958984375,1.251953125,0.040771484375,25.93994140625,-4.57763671875,13.5498046875,33.941505432128906,89.49385833740234,2.8270168304443364
-0.142578125,1.29248046875,0.02734375,20.751953125,-4.08935546875,0.91552734375,32.84787750244141,90.1615982055664,2.597378730773926
-0.149169921875,1.351806640625,0.007568359375,12.5732421875,-5.9814453125,-11.90185546875,32.304515838623054,90.4717254638672,2.29592227935791
-0.1337890625,1.331298828125,0.04345703125,-3.60107421875,-0.6103515625,-0.67138671875,31.31266021728516,90.18856048583984,2.205233573913574
-0.177978515625,1.246337890625,0.0400390625,-5.126953125,-6.28662109375,-1.15966796875,30.46219253540039,89.72471618652344,1.860982894897461
-0.140380859375,1.150390625,0.018798828125,-1.89208984375,-13.3056640625,2.8076171875,29.437562942504886,89.29694366455078,1.228963851928711
-0.095947265625,1.09814453125,0.012939453125,3.662109375,-21.78955078125,5.06591796875,28.28098487854004,88.949462890625,0.23372745513916016
-0.071533203125,1.154541015625,-0.014404296875,5.18798828125,-20.20263671875,-4.5166015625,27.493688583374023,88.78997039794922,-0.6504673957824707
-0.080810546875,1.185791015625,-0.024169921875,2.50244140625,-17.822265625,-5.9814453125,26.8061580657959,88.61126708984375,-1.4115486145019531
-0.120361328125,1.10693359375,-0.010009765625,0.8544921875,-16.845703125,5.7373046875,25.759292602539066,88.38331604003906,-2.12302827835083
-0.101806640625,1.0517578125,-0.028564453125,5.615234375,-22.03369140625,10.1318359375,24.545185089111328,88.32123565673828,-3.0296430587768555
-0.077880859375,1.11572265625,-0.0390625,9.21630859375,-23.92578125,11.16943359375,23.27658843994141,88.41372680664062,-4.00304651260376
-0.064697265625,1.00244140625,-0.024169921875,-20.01953125,-4.638671875,8.97216796875,18.959436416625977,85.54045104980469,-5.257485389709473
-0.066650390625,0.94580078125,-0.0166015625,-11.5966796875,-5.37109375,13.427734375,17.824338912963867,85.23304748535156,-5.366917133331299
-0.09033203125,0.974365234375,0.01025390625,-3.41796875,-8.30078125,11.474609375,16.848445892333984,85.16181182861328,-5.6250953674316415
-0.073974609375,1.02587890625,-0.019775390625,-3.662109375,-8.60595703125,9.521484375,15.942547798156738,85.15363311767578,-5.882194995880128
-0.051513671875,1.1171875,-0.03271484375,-13.18359375,-6.34765625,8.11767578125,15.077197074890135,84.81776428222656,-6.043437957763673
-0.04296875,1.058349609375,-0.00439453125,-24.59716796875,-0.3662109375,2.0751953125,14.491986274719238,84.04076385498047,-5.991220474243164
-0.00927734375,0.985595703125,0.03466796875,-5.7373046875,-8.1787109375,13.73291015625,10.201395988464355,82.51737213134766,-6.3645081520080575
-0.01806640625,0.95849609375,0.009521484375,-14.58740234375,-9.27734375,12.63427734375,9.295117378234863,82.14569854736328,-6.622006893157959
-0.168701171875,0.952392578125,0.008544921875,-12.3291015625,-13.12255859375,15.625,8.638237953186035,81.85906219482422,-7.018207550048827
-0.0556640625,1.00634765625,-0.04443359375,-19.8974609375,4.08935546875,4.7607421875,6.447256088256836,82.3846435546875,-7.571683406829834
-0.09765625,0.82568359375,0.066162109375,-21.66748046875,9.3994140625,17.9443359375,5.7996087074279785,81.6742172241211,-7.087586402893066
-0.03857421875,0.9892578125,-0.00830078125,-22.705078125,3.72314453125,23.86474609375,4.7407941818237305,81.12821960449219,-6.76438045501709
-0.037841796875,0.97216796875,0.01513671875,-28.13720703125,0.30517578125,33.14208984375,3.3398373126983643,80.32099914550781,-6.516438007354736
0.220458984375,1.494873046875,-0.24755859375,-32.5927734375,1.0986328125,36.62109375,1.4580200910568235,79.75404357910156,-6.17822265625
0.0107421875,1.24169921875,-0.04638671875,-17.9443359375,4.0283203125,2.3193359375,1.3190603256225586,79.51488494873047,-5.990656852722168
0.002197265625,0.98388671875,0.041015625,-8.60595703125,-4.39453125,2.25830078125,-1.5876431465148926,79.56205749511719,-8.918078422546387
0.011962890625,0.976806640625,0.050048828125,-8.056640625,-4.638671875,1.40380859375,-1.640772581100464,79.5273666381836,-9.098709106445312
0.104248046875,1.072998046875,0.101318359375,-7.6904296875,-0.732421875,1.3427734375,-1.8527587652206419,79.406494140625,-9.122568130493164
0.1123046875,1.0400390625,0.0625,-6.8359375,19.8974609375,1.15966796875,-1.925532817840576,79.37459564208984,-8.339055061340332
-0.083251953125,1.010009765625,0.01904296875,-6.7138671875,36.4990234375,1.52587890625,-1.4605387449264526,79.42520141601562,-6.904519081115723
0.021728515625,0.9228515625,0.082763671875,-8.36181640625,50.537109375,1.708984375,-1.15667724609375,79.24665832519531,-4.90915584564209
0.006103515625,0.99169921875,-0.0458984375,-8.6669921875,60.9130859375,1.46484375,-0.7407391667366028,79.37345123291016,-2.5132622718811035
0.057373046875,0.9521484375,-0.069580078125,-8.97216796875,69.4580078125,1.15966796875,-0.39677655696868896,79.55416870117188,0.22065067291259768
0.13916015625,0.932373046875,-0.03173828125,-6.77490234375,87.890625,0.9765625,-0.1370260864496231,79.73655700683594,3.684261322021485
0.131591796875,0.97705078125,-0.00341796875,-7.6904296875,158.935546875,0.9765625,2.5333282947540283,80.56598663330078,23.25712776184082
0.113037109375,0.86328125,0.058837890625,-6.34765625,184.63134765625,0.54931640625,3.279698133468628,80.88862609863281,30.56195068359375
-0.015625,0.998291015625,0.012939453125,-6.7138671875,215.33203125,-0.54931640625,4.4925217628479,81.52116394042969,39.09654235839844
0.436279296875,0.713134765625,-0.13671875,-7.9345703125,265.19775390625,0.0,4.600064754486084,82.68556213378906,49.65320587158203
-0.07080078125,0.93603515625,-0.105712890625,-3.47900390625,287.4755859375,-0.9765625,5.9112815856933585,84.13370513916016,61.128173828125
-0.001708984375,0.900634765625,-0.032470703125,-4.7607421875,288.63525390625,-0.79345703125,6.7159156799316415,85.52188110351562,72.6878433227539
