0.029052734375,1.040771484375,0.0810546875,-1.28173828125,-2.8076171875,5.615234375,-1.7054306268692017,78.77708435058594,-105.70246124267578
-0.1943359375,0.839111328125,0.197021484375,-22.64404296875,47.8515625,-2.13623046875,-0.6567341089248657,77.93309020996094,-103.54946899414062
-0.168701171875,1.013427734375,0.073974609375,-7.50732421875,33.203125,4.39453125,-0.15767346322536469,77.91756439208984,-102.21842956542969
-0.0400390625,1.77880859375,0.070556640625,36.92626953125,-15.380859375,-26.85546875,4.827804565429688,82.47125244140625,-107.28472137451172
-0.043212890625,1.8056640625,0.16064453125,-20.6298828125,-14.5263671875,-22.216796875,5.472076892852783,80.8468017578125,-108.10125732421876
0.03271484375,1.706298828125,0.117431640625,-77.45361328125,-14.2822265625,-19.04296875,5.855875492095947,77.87505340576172,-108.7782745361328
0.103759765625,1.679931640625,0.10107421875,-89.4775390625,2.99072265625,6.89697265625,5.249112606048584,74.64838409423828,-108.55107879638672
0.14013671875,1.56005859375,0.144775390625,-87.46337890625,17.333984375,28.50341796875,4.022585868835448,71.65237426757812,-107.35674285888672
0.138916015625,1.388916015625,0.1572265625,-75.5615234375,33.935546875,-5.79833984375,4.310436248779297,69.17625427246094,-106.10909271240234
0.1123046875,1.4267578125,0.12060546875,-57.12890625,44.0673828125,-57.2509765625,6.735105514526367,67.58615112304689,-105.24951934814452
-0.04931640625,1.45263671875,0.15673828125,-62.1337890625,54.74853515625,-85.0830078125,10.477337837219238,65.57257080078125,-104.4527587890625
-0.0869140625,1.370361328125,0.137451171875,-82.94677734375,50.9033203125,-59.99755859375,13.258148193359375,63.15971374511719,-103.48869323730469
-0.1044921875,1.174072265625,0.157470703125,-84.228515625,47.91259765625,-26.2451171875,14.778837203979492,60.8530158996582,-102.06553649902344
-0.196533203125,1.109619140625,0.146240234375,-74.462890625,41.015625,-5.615234375,15.59243392944336,59.14917755126953,-100.70662689208984
-0.064697265625,1.073486328125,0.125732421875,-68.29833984375,26.4892578125,-41.748046875,17.137256622314453,57.38858032226562,-100.40943145751952
-0.0146484375,0.9404296875,0.1416015625,-71.8994140625,33.8134765625,-81.9091796875,20.025535583496094,55.25489044189453,-100.8283462524414
-0.114013671875,0.860107421875,0.0908203125,-62.07275390625,48.15673828125,-91.796875,23.727872848510746,53.99079895019531,-100.83424377441406
-0.214599609375,0.847412109375,0.119384765625,-46.5087890625,52.1240234375,-79.89501953125,27.24128150939941,53.165489196777344,-100.60206604003906
-0.220947265625,0.830810546875,0.12109375,-39.794921875,47.66845703125,-77.81982421875,30.48505783081055,52.56794357299805,-100.44871520996094
-0.214111328125,0.8759765625,0.0986328125,-42.724609375,45.7763671875,-80.9326171875,33.668773651123054,51.72164916992188,-100.4067153930664
-0.28173828125,0.81005859375,0.12451171875,-59.14306640625,50.6591796875,-82.21435546875,37.05864715576172,50.30249786376953,-100.27133178710938
-0.342529296875,0.64990234375,0.138916015625,-65.91796875,44.49462890625,-77.81982421875,40.31372833251953,48.3189926147461,-100.40145874023438
-0.275390625,0.597412109375,0.154052734375,-52.3681640625,38.818359375,-70.4345703125,42.94083023071289,47.1529655456543,-100.4200439453125
-0.33154296875,0.72216796875,0.150634765625,-44.7998046875,47.36328125,-68.66455078125,45.68718719482422,46.362648010253906,-100.0827407836914
-0.4375,0.694091796875,0.20458984375,-62.255859375,42.78564453125,-67.5048828125,48.37411880493164,44.452430725097656,-100.11978149414062
-0.425537109375,0.489990234375,0.21533203125,-75.68359375,25.7568359375,-64.14794921875,50.56330490112305,41.061683654785156,-101.16514587402344
-0.338623046875,0.439208984375,0.2119140625,-65.673828125,25.32958984375,-62.8662109375,52.4302864074707,37.9980354309082,-102.30906677246094
-0.345947265625,0.43408203125,0.2490234375,-50.84228515625,29.6630859375,-64.27001953125,54.3154296875,35.33421325683594,-103.61724853515624
-0.427490234375,0.40966796875,0.286376953125,-42.78564453125,35.46142578125,-70.25146484375,56.65047073364258,32.30623245239258,-105.7080535888672
-0.48388671875,0.384521484375,0.272216796875,-32.65380859375,34.24072265625,-84.53369140625,59.18949890136719,28.58673095703125,-108.9347686767578
-0.494384765625,0.467529296875,0.252685546875,-24.2919921875,30.1513671875,-85.3271484375,61.38162612915039,25.05459213256836,-112.40482330322266
-0.570068359375,0.562744140625,0.28759765625,-25.634765625,26.9775390625,-77.7587890625,63.14997482299805,21.632896423339844,-115.66368103027344
-0.59521484375,0.487548828125,0.310546875,-39.1845703125,22.03369140625,-72.8759765625,64.53351593017578,17.167644500732422,-119.3627471923828
-0.586669921875,0.380615234375,0.29638671875,-40.8935546875,16.845703125,-68.90869140625,65.56385803222656,12.116741180419922,-123.53546905517578
-0.600341796875,0.443603515625,0.26708984375,-21.1181640625,21.05712890625,-61.767578125,66.61531829833984,8.786468505859375,-126.74735260009766
-0.693359375,0.4990234375,0.303955078125,-18.61572265625,19.95849609375,-60.97412109375,67.52136993408203,5.4057955741882315,-130.09854125976562
-0.7001953125,0.51806640625,0.34765625,-23.0712890625,15.56396484375,-60.05859375,68.05728912353516,1.786328673362732,-133.50543212890622
-0.693359375,0.458251953125,0.322998046875,-33.203125,15.869140625,-49.98779296875,68.55519866943361,-1.4840623140335083,-136.06715393066406
-0.712646484375,0.372802734375,0.327392578125,-33.14208984375,17.51708984375,-44.12841796875,69.05574798583984,-4.7056097984313965,-138.50668334960938
-0.729248046875,0.3857421875,0.315185546875,-28.74755859375,18.4326171875,-47.18017578125,69.56001281738281,-8.074337959289549,-141.2981719970703
-0.75048828125,0.40380859375,0.317626953125,-26.42822265625,18.1884765625,-62.68310546875,69.87668609619139,-13.021405220031738,-145.88502502441406
-0.80126953125,0.395263671875,0.309326171875,-22.39990234375,15.2587890625,-71.044921875,69.89096832275389,-18.76129722595215,-151.47271728515625
-0.80419921875,0.35400390625,0.3271484375,-21.484375,12.39013671875,-71.1669921875,69.55905914306639,-24.301040649414066,-156.87527465820312
-0.861083984375,0.34814453125,0.305908203125,-16.90673828125,10.6201171875,-57.0068359375,69.346923828125,-28.078243255615234,-160.58056640625
-0.841552734375,0.3916015625,0.29833984375,-15.5029296875,7.62939453125,-48.095703125,69.19425964355469,-30.368093490600586,-162.79232788085938
-0.846923828125,0.35302734375,0.312744140625,-16.78466796875,6.2255859375,-48.76708984375,68.89456939697266,-32.72489547729492,-165.0074462890625
-0.89013671875,0.31005859375,0.3232421875,-16.90673828125,1.64794921875,-55.7861328125,68.21987152099611,-35.5282096862793,-167.67144775390625
-0.9013671875,0.315185546875,0.30419921875,-13.916015625,-2.50244140625,-59.2041015625,67.36019897460939,-38.02806854248047,-170.15293884277344
-0.8388671875,0.3583984375,0.287841796875,-10.986328125,-4.0283203125,-58.53271484375,66.5316162109375,-39.74816513061523,-171.98556518554688
-0.9091796875,0.3740234375,0.30322265625,-13.12255859375,-0.3662109375,-53.7109375,65.94244384765625,-41.33818054199219,-173.5998992919922
-0.9228515625,0.334228515625,0.303466796875,-15.380859375,-5.7373046875,-51.025390625,65.23111724853516,-42.5474853515625,-174.6853790283203
-0.891845703125,0.289794921875,0.317626953125,-15.68603515625,-8.9111328125,-54.3212890625,64.27227783203125,-43.71806335449219,-175.724365234375
-0.893310546875,0.26953125,0.300048828125,-10.498046875,-8.30078125,-58.41064453125,63.24550247192383,-44.956146240234375,-177.07049560546875
-0.889404296875,0.283935546875,0.3017578125,-8.36181640625,-8.97216796875,-55.908203125,62.30749893188477,-45.75065612792969,-178.05612182617188
-0.8701171875,0.269775390625,0.311279296875,-9.521484375,-6.28662109375,-52.734375,61.51937103271485,-46.46548843383789,-178.93124389648438
-0.893798828125,0.232421875,0.296630859375,-11.77978515625,-3.90625,-45.59326171875,61.00444412231445,-47.17013931274414,-179.66529846191406
-0.91943359375,0.20703125,0.324462890625,-12.75634765625,-5.06591796875,-39.1845703125,60.58745193481445,-47.52750778198242,-179.9609375
-0.900634765625,0.18505859375,0.319580078125,-10.6201171875,-5.67626953125,-37.109375,60.20193099975586,-47.69422149658203,-180.13125610351562
-0.93701171875,0.1875,0.303955078125,-7.75146484375,-5.18798828125,-38.330078125,59.84465408325195,-47.91425323486328,-180.4755401611328
-0.90673828125,0.20361328125,0.318359375,-8.11767578125,-5.7373046875,-34.48486328125,59.58710479736328,-47.79874038696289,-180.4593811035156
-0.91650390625,0.196044921875,0.305908203125,-9.27734375,-3.84521484375,-30.029296875,59.53190994262695,-47.696189880371094,-180.3895568847656
-0.926025390625,0.1923828125,0.3251953125,-10.6201171875,-0.79345703125,-23.681640625,59.71209716796875,-47.48105239868164,-180.13900756835938
-0.951416015625,0.1416015625,0.31494140625,-8.48388671875,-2.74658203125,-22.5830078125,59.82487487792969,-47.24145126342773,-179.89610290527344
-0.93798828125,0.1748046875,0.298583984375,-6.65283203125,-4.94384765625,-25.93994140625,59.84126663208008,-46.9173583984375,-179.65513610839844
-0.94677734375,0.159423828125,0.31494140625,-9.765625,-3.96728515625,-28.62548828125,59.762489318847656,-46.91386413574219,-179.63790893554688
-0.945556640625,0.151123046875,0.32763671875,-13.3056640625,-4.33349609375,-27.40478515625,59.68094253540039,-46.96137619018555,-179.5215606689453
-0.921630859375,0.11572265625,0.326171875,-12.5732421875,-3.11279296875,-24.96337890625,59.65188217163086,-46.99846267700195,-179.40765380859375
-0.93408203125,0.1396484375,0.3125,-7.4462890625,-1.28173828125,-22.5830078125,59.80026626586914,-46.79639053344727,-179.25906372070312
-0.921875,0.1513671875,0.306396484375,-7.4462890625,-1.15966796875,-19.8974609375,60.04504013061523,-46.44257736206055,-178.9432830810547
-0.930419921875,0.15576171875,0.33251953125,-11.1083984375,-0.42724609375,-20.751953125,60.2423095703125,-46.2462043762207,-178.65826416015625
-0.987548828125,0.0771484375,0.322021484375,-13.5498046875,-0.18310546875,-28.4423828125,60.1536865234375,-46.87427520751953,-179.1136016845703
-0.9833984375,0.0751953125,0.293701171875,-11.53564453125,-5.126953125,-28.13720703125,59.98134231567383,-47.21151351928711,-179.3049774169922
-0.9482421875,0.080078125,0.321044921875,-9.70458984375,-6.9580078125,-26.0009765625,59.77915573120117,-47.13310241699219,-179.14093017578125
-0.971923828125,0.05078125,0.327392578125,-9.1552734375,-7.14111328125,-23.4375,59.614341735839844,-47.00250625610352,-178.9167938232422
-0.945556640625,0.03955078125,0.30615234375,-8.6669921875,-6.89697265625,-17.39501953125,59.64106750488281,-46.65410232543945,-178.44583129882812
-0.93603515625,0.0390625,0.320556640625,-6.2255859375,-5.4931640625,-12.3291015625,59.82046508789063,-45.99602890014648,-177.74386596679688
-0.947998046875,0.059326171875,0.3271484375,-6.28662109375,-4.7607421875,-8.1787109375,60.14949417114258,-45.1187629699707,-176.8034210205078
-0.9287109375,0.044921875,0.33642578125,-8.60595703125,-5.9814453125,-3.72314453125,60.50475311279297,-44.05702209472656,-175.54110717773438
-0.937255859375,0.04345703125,0.3173828125,-8.72802734375,-5.43212890625,0.6103515625,61.00261306762695,-42.877872467041016,-174.1172332763672
-0.916015625,0.020263671875,0.31982421875,-4.94384765625,-5.859375,3.96728515625,61.49682998657226,-41.39328002929688,-172.4998016357422
-0.916748046875,0.041259765625,0.31103515625,-5.31005859375,-4.08935546875,3.72314453125,62.043212890625,-39.97428512573242,-170.9491729736328
-0.91259765625,0.057373046875,0.31396484375,-5.67626953125,-2.0751953125,6.591796875,62.69690322875977,-38.413082122802734,-169.23681640625
-0.942626953125,0.06640625,0.314697265625,-5.55419921875,-1.28173828125,7.99560546875,63.38850021362305,-36.77453994750977,-167.44020080566406
-0.955322265625,0.06640625,0.312255859375,-7.75146484375,-3.72314453125,8.36181640625,63.973121643066406,-35.080116271972656,-165.4735107421875
-0.934814453125,0.037353515625,0.329833984375,-9.09423828125,-4.57763671875,9.765625,64.43828582763672,-33.34613800048828,-163.3870849609375
-0.930908203125,0.052978515625,0.327880859375,-6.103515625,-0.732421875,10.92529296875,65.02840423583984,-31.50863265991211,-161.32876586914062
-0.94140625,0.056884765625,0.329345703125,-5.67626953125,0.0,12.75634765625,65.63653564453125,-29.51557922363281,-159.1149444580078
-0.963134765625,0.082763671875,0.318603515625,-4.69970703125,0.54931640625,13.916015625,66.2867431640625,-27.307331085205078,-156.7163848876953
-0.97216796875,0.066162109375,0.30810546875,-8.056640625,-3.11279296875,15.5029296875,66.78495788574219,-25.03184700012207,-154.0720672607422
-0.9482421875,0.065185546875,0.308349609375,-7.8125,-5.7373046875,16.29638671875,67.12592315673828,-22.550701141357425,-151.20960998535156
-0.925537109375,0.05322265625,0.317626953125,-6.40869140625,-5.06591796875,18.24951171875,67.41685485839844,-19.91050720214844,-148.22300720214844
-0.9140625,0.05322265625,0.314697265625,-3.47900390625,-3.47900390625,21.91162109375,67.74535369873047,-16.885997772216793,-144.93753051757812
-0.910400390625,0.068359375,0.3076171875,-1.52587890625,-3.60107421875,27.52685546875,68.06537628173828,-13.180338859558105,-140.99929809570312
-0.898681640625,0.06787109375,0.314208984375,-0.06103515625,-3.0517578125,33.14208984375,68.31671142578125,-8.900729179382324,-136.49154663085938
-0.887451171875,0.10498046875,0.30615234375,2.86865234375,-0.3662109375,42.8466796875,68.58702850341797,-3.3682019710540767,-130.77310180664062
-0.8818359375,0.12353515625,0.316650390625,1.0986328125,1.64794921875,49.9267578125,68.69839477539061,2.8319287300109863,-124.25316619873048
-0.865966796875,0.128662109375,0.31103515625,0.79345703125,2.685546875,59.08203125,68.55103302001953,9.77242374420166,-116.89514923095705
-0.8798828125,0.141357421875,0.30224609375,1.3427734375,4.5166015625,68.9697265625,68.0970458984375,17.378427505493164,-108.80614471435548
-0.896240234375,0.15283203125,0.270263671875,3.84521484375,4.21142578125,78.18603515625,67.21506500244139,25.30669212341309,-100.42649841308594
-0.8828125,0.195556640625,0.27880859375,5.67626953125,5.67626953125,86.36474609375,65.78492736816406,33.17102432250977,-92.1350555419922
-0.884033203125,0.224853515625,0.279541015625,8.11767578125,6.9580078125,101.318359375,63.64358520507813,40.97751998901367,-83.89594268798828
-0.91162109375,0.25830078125,0.278564453125,8.6669921875,6.8359375,109.2529296875,60.93224716186523,47.75879287719727,-76.65654754638672
-0.904052734375,0.3115234375,0.263916015625,8.6669921875,4.0283203125,116.63818359375,57.62539672851562,53.40237426757813,-70.53872680664062
-0.868896484375,0.322021484375,0.26171875,7.4462890625,-0.30517578125,128.47900390625,53.66158676147461,57.87625122070313,-65.48484039306639
-0.837158203125,0.370849609375,0.243896484375,9.521484375,1.28173828125,136.474609375,49.31496810913086,61.74011611938477,-61.0480842590332
-0.842041015625,0.41357421875,0.25927734375,9.46044921875,4.08935546875,149.23095703125,44.48646545410156,65.02896881103516,-57.02511978149414
-0.810302734375,0.45361328125,0.23974609375,4.5166015625,1.64794921875,172.42431640625,38.734779357910156,67.6427001953125,-53.32738876342773
-0.8349609375,0.46337890625,0.251708984375,-0.244140625,-1.953125,188.90380859375,32.44234085083008,69.400146484375,-50.14632415771485
-0.767822265625,0.52099609375,0.248779296875,-5.06591796875,-7.080078125,205.87158203125,25.44115447998047,70.47427368164062,-47.3311767578125
-0.654052734375,0.45556640625,0.24755859375,-14.6484375,-4.39453125,205.6884765625,18.657032012939453,70.68152618408203,-44.70033645629883
-0.61328125,0.385009765625,0.238037109375,-17.4560546875,-5.31005859375,196.59423828125,12.504404067993164,70.34580993652344,-42.322452545166016
-0.561767578125,0.41064453125,0.215087890625,-10.6201171875,-7.4462890625,185.546875,6.841061592102051,70.08702087402344,-40.13906478881836
-0.5341796875,0.43212890625,0.222900390625,-3.5400390625,-11.53564453125,164.0625,2.0226848125457764,69.87864685058594,-38.37517929077149
-0.551513671875,0.4208984375,0.239501953125,0.79345703125,-20.81298828125,148.3154296875,-2.1603569984436035,69.65119171142578,-37.14164733886719
-0.544677734375,0.41357421875,0.254150390625,7.01904296875,-34.1796875,139.7705078125,-6.107254981994629,69.57939147949219,-36.48786163330078
-0.42724609375,0.443359375,0.20556640625,17.02880859375,-49.62158203125,128.72314453125,-9.936418533325195,70.12752532958984,-36.57835388183594
-0.3251953125,0.496337890625,0.182861328125,20.32470703125,-55.48095703125,116.14990234375,-13.528826713562012,71.02825927734375,-37.1434326171875
-0.267822265625,0.584716796875,0.134765625,23.3154296875,-56.33544921875,102.6611328125,-16.729936599731445,72.39911651611328,-38.077884674072266
-0.31298828125,0.5615234375,0.21923828125,28.4423828125,-59.6923828125,91.1865234375,-19.31121063232422,73.77952575683594,-39.320838928222656
-0.28173828125,0.666015625,0.21435546875,33.02001953125,-62.6220703125,94.29931640625,-22.090457916259766,75.5521240234375,-40.80730819702149
-0.2275390625,0.82275390625,0.216552734375,23.13232421875,-63.720703125,96.19140625,-25.035274505615234,77.1290512084961,-42.50886535644531
-0.126220703125,0.8427734375,0.2109375,-4.638671875,-64.75830078125,81.48193359375,-27.50630760192871,77.77608489990234,-44.52267074584961
-0.06689453125,0.86328125,0.17919921875,-15.07568359375,-54.19921875,63.3544921875,-29.216936111450195,78.04095458984375,-46.3458137512207
-0.12744140625,0.953125,0.13623046875,-22.88818359375,-39.4287109375,55.0537109375,-30.32469367980957,77.90919494628906,-47.68978500366211
-0.155029296875,0.9541015625,0.178466796875,-26.7333984375,-47.119140625,65.24658203125,-31.81181716918945,77.67800903320312,-49.24560546875
-0.03662109375,1.000244140625,0.145263671875,-24.7802734375,-48.4619140625,58.349609375,-33.21921539306641,77.75814819335938,-51.01261520385742
-0.034912109375,1.02001953125,0.21142578125,-22.76611328125,-50.29296875,33.69140625,-33.632701873779304,77.972900390625,-53.04612731933594
-0.0302734375,0.961669921875,0.220947265625,-9.765625,-63.8427734375,25.57373046875,-33.809402465820305,79.05648040771484,-55.7760009765625
0.14453125,0.92138671875,0.193359375,11.77978515625,-67.81005859375,24.71923828125,-34.265796661376946,81.1528549194336,-58.75358963012695
0.135986328125,1.00830078125,0.183349609375,30.57861328125,-51.08642578125,4.45556640625,-33.6785888671875,83.6290054321289,-61.09939956665039
-0.00830078125,1.100830078125,0.192138671875,41.3818359375,-49.25537109375,-13.12255859375,-32.047447204589844,86.38402557373047,-63.3555793762207
0.0234375,1.1865234375,0.153564453125,48.7060546875,-65.185546875,-17.76123046875,-30.253376007080078,89.71739959716797,-66.28974914550781
0.153076171875,1.194580078125,0.15087890625,46.142578125,-69.64111328125,-34.85107421875,-27.91669464111328,92.76079559326172,-69.24672698974611
0.02587890625,1.060546875,0.135009765625,45.654296875,-52.490234375,-20.69091796875,-25.94455146789551,95.1550750732422,-71.29156494140625
-0.11865234375,1.072509765625,0.079833984375,58.41064453125,-62.68310546875,26.42822265625,-25.48983955383301,98.31391143798828,-73.97647857666016
0.040283203125,1.142333984375,0.04443359375,68.66455078125,-87.70751953125,44.25048828125,-25.697736740112305,102.38146209716795,-77.9221420288086
0.26953125,1.359130859375,0.036376953125,63.3544921875,-83.92333984375,-4.21142578125,-24.17449951171875,105.80146026611328,-81.18295288085938
0.17041015625,1.35400390625,0.021728515625,54.01611328125,-68.05419921875,-23.74267578125,-21.847301483154297,108.2268295288086,-83.39337158203125
0.084228515625,1.315185546875,0.02783203125,45.95947265625,-61.82861328125,-1.220703125,-20.32647705078125,110.13400268554688,-85.55867004394531
0.148193359375,1.236572265625,-0.013671875,43.45703125,-62.19482421875,23.0712890625,-19.801965713500977,112.02436065673828,-88.09126281738281
0.101318359375,1.3271484375,-0.021240234375,42.78564453125,-50.29296875,12.87841796875,-18.940797805786133,113.5769271850586,-89.9619140625
-0.011962890625,1.25439453125,0.027587890625,5.55419921875,-48.88916015625,25.20751953125,-15.352569580078125,114.49693298339844,-97.96832275390624
0.02880859375,1.229248046875,0.06494140625,1.3427734375,-53.28369140625,29.11376953125,-15.044471740722654,114.104736328125,-100.18839263916016
0.113525390625,1.171630859375,0.065673828125,-2.86865234375,-47.8515625,21.54541015625,-14.741830825805664,113.4568099975586,-102.07916259765624
0.12744140625,1.159912109375,0.033203125,-0.3662109375,-33.38623046875,12.6953125,-14.39693546295166,112.80518341064452,-103.29942321777344
0.02392578125,1.157470703125,0.04296875,0.18310546875,-22.4609375,9.21630859375,-13.922125816345215,112.05160522460938,-104.05490112304688
0.05859375,1.152587890625,0.046875,-2.25830078125,-23.13232421875,0.48828125,-13.209379196166992,111.18824768066406,-104.71344757080078
0.012451171875,0.967529296875,0.033447265625,-16.11328125,-6.89697265625,-13.0615234375,-4.202283382415772,93.51253509521484,-108.0544204711914
0.016357421875,0.9501953125,0.027099609375,-16.7236328125,-0.48828125,-27.28271484375,-2.9878232479095463,92.62053680419922,-107.99698638916016
-0.19873046875,1.2080078125,0.0283203125,-22.64404296875,8.11767578125,-22.76611328125,-1.608389973640442,91.52967834472656,-107.63358306884766
-0.042236328125,0.991943359375,0.042724609375,-8.7890625,-3.7841796875,3.60107421875,-1.6382256746292114,89.5298843383789,-108.12567138671876
-0.0732421875,0.987060546875,0.045166015625,-8.97216796875,-4.33349609375,2.44140625,-1.5041828155517578,89.0750961303711,-108.29703521728516
-0.054931640625,1.00830078125,0.03173828125,-10.68115234375,-5.2490234375,1.953125,-1.4022109508514404,88.60289764404297,-108.50577545166016
-0.01806640625,0.93603515625,0.11572265625,-9.46044921875,-4.94384765625,2.38037109375,-1.4031046628952026,87.98917388916016,-108.69596862792969
0.03466796875,1.016357421875,0.010498046875,-8.30078125,-4.2724609375,3.41796875,-1.5667736530303955,87.70254516601562,-108.86302947998048
-0.049072265625,0.99755859375,0.033935546875,-7.38525390625,-4.82177734375,1.708984375,-1.4685915708541868,87.41073608398438,-109.05413055419922
-0.0458984375,0.981689453125,0.06787109375,-8.97216796875,-4.638671875,2.0751953125,-1.1579573154449463,86.00128936767578,-109.77546691894531
-0.045166015625,0.988525390625,0.0595703125,-9.033203125,-4.39453125,1.28173828125,-1.0715680122375488,85.6499252319336,-109.94839477539062
-0.0380859375,0.994384765625,0.041259765625,-8.9111328125,-4.7607421875,1.708984375,-1.0242873430252075,85.36007690429688,-110.13513946533205
-0.057373046875,0.981689453125,0.0595703125,-8.85009765625,-4.45556640625,1.89208984375,-0.5900276303291321,83.00899505615234,-111.80654907226562
-0.05078125,0.977783203125,0.042724609375,-8.7890625,-4.69970703125,1.8310546875,-0.543899416923523,82.82220458984375,-111.9867935180664
-0.06201171875,0.992919921875,0.043701171875,-8.7890625,-4.57763671875,1.8310546875,-0.4758273065090179,82.64176177978516,-112.1619110107422
-0.042236328125,0.987548828125,0.048828125,-8.85009765625,-4.638671875,2.0751953125,-0.35015326738357544,81.52225494384766,-113.3565902709961
-0.04052734375,0.986572265625,0.05810546875,-8.36181640625,-4.08935546875,1.64794921875,-0.331910640001297,81.37630462646484,-113.51049041748048
-0.055419921875,1.007080078125,0.048828125,-8.36181640625,-4.45556640625,1.953125,-0.29730069637298584,81.25959014892578,-113.67709350585938
-0.0419921875,0.987548828125,0.043701171875,-8.7890625,-4.2724609375,2.0751953125,-0.18768933415412906,79.55103302001953,-117.3349609375
-0.038818359375,1.001953125,0.0439453125,-8.60595703125,-4.69970703125,2.01416015625,-0.2048802226781845,79.50690460205078,-117.50689697265624
-0.05126953125,0.989501953125,0.063232421875,-8.60595703125,-4.2724609375,1.64794921875,-0.17472708225250244,79.41911315917969,-117.66461181640624
