-0.041015625,0.989013671875,-0.048095703125,-8.11767578125,-4.69970703125,1.8310546875,0.017653079703450203,83.84889221191406,-131.66989135742188
-0.045166015625,0.98095703125,-0.051025390625,-8.544921875,-4.69970703125,2.13623046875,0.0058324602432549,83.85806274414062,-131.83967590332028
-0.045166015625,0.9912109375,-0.0615234375,-8.4228515625,-5.0048828125,2.44140625,-0.008615200407803059,83.88944244384766,-132.02899169921878
-0.053466796875,0.98046875,-0.04443359375,-8.056640625,-4.69970703125,2.01416015625,0.01612725295126438,83.89651489257812,-132.2081298828125
-0.0478515625,0.980712890625,-0.064453125,-8.7890625,-4.5166015625,2.50244140625,0.030050674453377724,83.9417495727539,-132.38003540039062
-0.045654296875,0.991943359375,-0.045166015625,-8.056640625,-4.69970703125,1.89208984375,0.03903988003730774,83.94728088378906,-132.55947875976562
-0.048583984375,0.98291015625,-0.051025390625,-8.72802734375,-5.18798828125,2.197265625,0.041248153895139694,83.93999481201172,-132.75709533691406
-0.052734375,0.98486328125,-0.052734375,-7.99560546875,-4.33349609375,2.197265625,0.053156789392232895,83.94632720947266,-132.94984436035156
-0.03759765625,0.9814453125,-0.0546875,-8.36181640625,-4.69970703125,1.8310546875,0.046181969344615936,83.96241760253906,-133.12933349609378
-0.052001953125,0.97705078125,-0.054931640625,-8.60595703125,-4.638671875,2.3193359375,0.05412142351269722,83.968994140625,-133.30458068847656
-0.034912109375,0.99072265625,-0.060302734375,-7.2021484375,-4.08935546875,1.953125,0.019428743049502373,83.99826049804688,-133.47212219238278
-0.0322265625,0.980712890625,-0.04345703125,-8.6669921875,-4.638671875,1.953125,-0.0030142986215651035,83.97467803955078,-133.64894104003906
-0.04345703125,0.99658203125,-0.052490234375,-7.26318359375,-3.96728515625,1.3427734375,0.007317688316106795,83.84921264648438,-137.111572265625
-0.051025390625,0.98974609375,-0.0458984375,-8.544921875,-5.2490234375,2.13623046875,0.024514090269804,83.8187484741211,-137.29054260253906
-0.05126953125,0.98828125,-0.062255859375,-8.544921875,-5.18798828125,2.3193359375,0.0275392048060894,83.8486557006836,-137.48748779296878
-0.044189453125,0.98388671875,-0.070068359375,-8.7890625,-4.638671875,2.0751953125,0.026717297732830048,83.88613891601562,-137.66354370117188
-0.034912109375,0.989013671875,-0.04541015625,-8.23974609375,-5.18798828125,2.3193359375,0.008447843603789806,83.88270568847656,-137.84744262695312
-0.03759765625,0.991455078125,-0.03564453125,-8.11767578125,-4.82177734375,1.953125,-0.003165277885273099,83.86676788330078,-138.03147888183594
-0.042236328125,0.987548828125,-0.052734375,-8.48388671875,-4.57763671875,2.25830078125,-0.014523920603096485,83.87602233886719,-138.20458984375
-0.042724609375,0.99072265625,-0.04638671875,-8.72802734375,-4.69970703125,2.25830078125,-0.0011224898044019938,83.88475799560547,-138.38761901855472
-0.055908203125,0.9794921875,-0.052001953125,-8.7890625,-5.4931640625,2.25830078125,0.016050923615694046,83.88009643554688,-138.5972900390625
0.174072265625,0.93212890625,0.07373046875,-6.4697265625,-4.82177734375,-0.8544921875,-0.3870672881603241,83.66943359375,-138.79049682617188
0.2109375,1.005859375,0.003173828125,-4.94384765625,34.11865234375,-28.1982421875,0.2440230250358581,83.35945129394531,-137.08918762207028
-0.077880859375,1.88427734375,-0.42578125,-4.57763671875,41.1376953125,48.03466796875,-1.400803804397583,83.8983383178711,-135.24343872070312
-0.324951171875,1.44677734375,-0.120849609375,19.53125,43.0908203125,-14.58740234375,-0.11247871816158296,85.06245422363281,-133.5877685546875
-0.06103515625,0.841064453125,0.0478515625,11.23046875,36.376953125,-18.98193359375,1.8222601413726809,84.64582824707031,-131.74566650390622
-0.29931640625,1.075439453125,0.050048828125,-10.92529296875,36.62109375,-8.11767578125,2.818723201751709,84.35525512695312,-130.31646728515622
-0.23193359375,1.010498046875,-0.10693359375,-18.06640625,26.611328125,-11.1083984375,3.760689020156861,84.12771606445312,-129.27909851074222
0.0576171875,0.92919921875,-0.0537109375,-13.7939453125,17.333984375,-9.46044921875,3.7583935260772714,83.7696304321289,-128.54092407226562
-0.357177734375,1.5009765625,-0.220703125,-7.62939453125,24.90234375,-1.46484375,4.296696662902832,84.07978057861328,-127.51798248291016
-0.3232421875,1.5244140625,-0.145751953125,3.60107421875,0.0,-2.13623046875,4.685198783874512,84.64962768554688,-127.49354553222656
-0.030029296875,1.65087890625,-0.091552734375,9.58251953125,-21.728515625,-6.16455078125,4.842122554779053,84.95929718017578,-128.42538452148438
0.04052734375,1.62353515625,-0.1396484375,-5.7373046875,-17.2119140625,17.08984375,3.8599622249603267,85.06196594238281,-129.0233154296875
0.103515625,1.653564453125,-0.18994140625,-28.6865234375,-5.18798828125,38.0859375,2.0386991500854488,84.35025787353516,-129.06221008300778
0.04931640625,1.5087890625,-0.25439453125,-41.748046875,11.41357421875,38.26904296875,0.5325410366058351,83.22432708740234,-128.22079467773438
-0.002685546875,1.4970703125,-0.246826171875,-36.19384765625,32.16552734375,33.69140625,-0.660578727722168,82.39432525634766,-126.77379608154295
-0.000732421875,1.379638671875,-0.17822265625,-33.203125,43.39599609375,34.11865234375,-1.7463489770889282,81.60093688964844,-124.87539672851562
0.01611328125,1.364013671875,-0.23486328125,-12.39013671875,49.62158203125,29.11376953125,-2.5751941204071045,81.72186279296875,-122.76573944091795
0.01953125,1.357666015625,-0.221923828125,-9.46044921875,64.88037109375,12.63427734375,-2.6483914852142334,81.89684295654297,-120.1536865234375
-0.040283203125,1.228759765625,-0.21435546875,0.42724609375,67.81005859375,28.01513671875,-3.2226827144622803,82.4578857421875,-117.34515380859376
0.04638671875,1.3095703125,-0.1767578125,14.34326171875,71.2890625,41.6259765625,-4.4237165451049805,83.39598083496094,-114.23828887939452
0.056396484375,1.34619140625,-0.095458984375,-3.173828125,82.82470703125,31.3720703125,-5.219284534454347,83.38616943359375,-110.82649993896484
0.046630859375,1.27099609375,-0.019775390625,-37.109375,83.1298828125,13.671875,-5.223801612854004,81.87737274169922,-107.47396850585938
0.04345703125,1.193603515625,-0.02001953125,-65.4296875,79.9560546875,7.2021484375,-4.860517501831055,79.06766510009766,-104.33894348144531
0.091552734375,1.06103515625,-0.062744140625,-78.125,79.1015625,10.498046875,-4.614095687866211,76.23021697998047,-101.19454956054688
0.13916015625,0.943603515625,-0.10400390625,-66.58935546875,85.3271484375,17.822265625,-4.598616600036621,74.04898834228516,-97.76032257080078
0.003173828125,0.9189453125,-0.088134765625,-47.9736328125,94.54345703125,23.86474609375,-4.3632493019103995,72.9016342163086,-93.95745086669922
-0.025634765625,0.92822265625,-0.086669921875,-31.79931640625,93.81103515625,13.73291015625,-3.554500102996826,72.22916412353516,-90.27091217041016
-0.001953125,0.699462890625,0.071044921875,-59.87548828125,56.45751953125,-12.20703125,12.663217544555664,62.92034530639648,-72.786376953125
-0.02001953125,0.809814453125,0.0849609375,-59.2041015625,48.52294921875,-7.99560546875,13.42809009552002,61.74828338623047,-70.98265838623047
-0.0400390625,0.841552734375,0.137451171875,-76.96533203125,43.51806640625,-20.1416015625,14.578481674194336,59.706260681152344,-69.63563537597656
-0.07275390625,0.6826171875,0.168212890625,-73.91357421875,36.9873046875,-26.42822265625,15.922934532165527,57.60336303710938,-68.71870422363281
-0.0576171875,0.621826171875,0.101318359375,-75.62255859375,37.04833984375,-20.1416015625,17.182504653930664,55.91720199584961,-67.64717102050781
-0.00439453125,0.602294921875,0.183349609375,-74.40185546875,34.24072265625,-41.93115234375,18.70861053466797,53.693092346191406,-67.25984191894531
-0.140625,0.3662109375,0.21142578125,-58.89892578125,41.07666015625,-52.42919921875,21.350139617919922,51.594032287597656,-67.13847351074219
-0.02099609375,0.630126953125,0.266357421875,-46.0205078125,51.7578125,-42.54150390625,23.228445053100586,50.62727355957031,-66.29851531982422
-0.07421875,0.669921875,0.3330078125,-46.56982421875,45.83740234375,-34.7900390625,24.796314239501953,49.54331588745117,-65.50531005859375
-0.187255859375,0.583251953125,0.33740234375,-54.443359375,42.3583984375,-32.40966796875,26.523740768432614,48.00201797485352,-64.84629821777344
-0.18798828125,0.560791015625,0.328125,-52.490234375,35.2783203125,-41.3818359375,28.29731369018555,46.3447151184082,-64.86757659912111
-0.175537109375,0.572021484375,0.3720703125,-44.25048828125,30.76171875,-48.64501953125,30.008869171142575,44.76565170288086,-65.18959045410156
-0.217041015625,0.640869140625,0.411376953125,-42.3583984375,26.4892578125,-40.771484375,31.36641502380371,43.3609733581543,-65.40940093994139
-0.19873046875,0.666748046875,0.41455078125,-48.7060546875,24.7802734375,-34.1796875,32.38005828857422,41.86445999145508,-65.447509765625
-0.2451171875,0.641357421875,0.442138671875,-48.52294921875,24.59716796875,-28.74755859375,33.315540313720696,40.385440826416016,-65.37428283691406
-0.328857421875,0.665283203125,0.47802734375,-46.44775390625,20.44677734375,-28.4423828125,34.24448776245117,38.89892959594727,-65.45774078369139
-0.31982421875,0.64208984375,0.424560546875,-50.96435546875,14.404296875,-39.794921875,35.65956115722656,37.35615158081055,-65.95621490478516
-0.243408203125,0.67041015625,0.5126953125,-40.46630859375,17.27294921875,-43.76220703125,36.53224182128906,35.723880767822266,-66.75949859619139
-0.358642578125,0.756591796875,0.542236328125,-41.56494140625,15.869140625,-40.771484375,37.439842224121094,34.17655563354492,-67.46234130859375
-0.407470703125,0.785888671875,0.601806640625,-47.42431640625,9.765625,-20.751953125,37.69117736816406,32.75075912475586,-67.54693603515625
-0.4765625,0.802490234375,0.631103515625,-52.91748046875,-3.11279296875,-7.080078125,37.303218841552734,31.24970054626465,-67.40824890136719
-0.41650390625,0.80078125,0.62255859375,-63.96484375,-17.02880859375,0.79345703125,36.19826126098633,29.397130966186523,-67.22772216796875
-0.3798828125,0.76123046875,0.55859375,-72.81494140625,-25.634765625,0.54931640625,34.80803680419922,27.045917510986328,-67.25127410888672
-0.369140625,0.7587890625,0.5556640625,-78.9794921875,-30.94482421875,-4.638671875,33.38851547241211,24.56688690185547,-67.4388427734375
-0.3701171875,0.808349609375,0.5693359375,-76.72119140625,-31.06689453125,-6.89697265625,32.022083282470696,22.30215072631836,-67.61669921875
-0.342529296875,0.80712890625,0.640380859375,-75.439453125,-31.06689453125,-0.54931640625,30.491443634033203,20.2410888671875,-67.50486755371094
-0.34423828125,0.78759765625,0.628173828125,-77.392578125,-30.21240234375,8.1787109375,28.95057678222656,18.38409996032715,-66.95170593261719
-0.34228515625,0.72998046875,0.681396484375,-78.30810546875,-29.9072265625,11.1083984375,27.41455078125,16.462459564208984,-66.30570220947266
-0.31640625,0.70849609375,0.689208984375,-77.69775390625,-29.6630859375,7.50732421875,25.89950752258301,14.390545845031738,-65.87289428710939
-0.310302734375,0.716796875,0.698486328125,-81.23779296875,-33.3251953125,-1.46484375,24.420818328857425,12.226551055908205,-65.7237548828125
-0.2998046875,0.717529296875,0.72119140625,-79.2236328125,-33.02001953125,-4.0283203125,22.99122810363769,10.167757034301758,-65.6400146484375
-0.275146484375,0.718017578125,0.7109375,-79.7119140625,-31.43310546875,1.15966796875,21.60013771057129,8.286954879760742,-65.27043151855469
-0.285400390625,0.623779296875,0.720458984375,-80.13916015625,-31.67724609375,3.72314453125,20.263063430786133,6.338440895080566,-64.81948852539061
-0.2822265625,0.592041015625,0.762939453125,-73.42529296875,-29.96826171875,6.7138671875,19.003646850585934,4.67094087600708,-64.23612976074219
-0.244873046875,0.611083984375,0.76318359375,-72.69287109375,-31.1279296875,6.77490234375,17.676128387451172,3.1300170421600337,-63.61397171020508
-0.2138671875,0.586181640625,0.751953125,-72.08251953125,-29.60205078125,2.01416015625,16.416841506958008,1.5861408710479736,-63.17519760131836
-0.18017578125,0.59619140625,0.7509765625,-66.0400390625,-24.10888671875,3.662109375,15.352029800415039,0.37931764125823975,-62.64269638061523
-0.220703125,0.585205078125,0.780517578125,-63.4765625,-17.02880859375,7.62939453125,14.685911178588867,-0.7083438038825989,-61.96101760864258
-0.2509765625,0.515625,0.839599609375,-60.85205078125,-15.68603515625,3.23486328125,14.133885383605955,-1.8862920999526975,-61.50334548950195
-0.266845703125,0.52197265625,0.884033203125,-58.7158203125,-18.798828125,1.220703125,13.487954139709473,-2.9934682846069336,-61.12164306640625
-0.237548828125,0.46923828125,0.860107421875,-57.06787109375,-20.1416015625,-1.40380859375,12.764525413513185,-4.084007263183594,-60.84931564331055
-0.214599609375,0.4990234375,0.84130859375,-52.06298828125,-18.4326171875,-2.44140625,12.095425605773926,-4.875476360321045,-60.60179138183594
-0.21337890625,0.511962890625,0.8310546875,-51.81884765625,-13.7939453125,-4.7607421875,11.630082130432127,-5.6240081787109375,-60.459449768066406
-0.21142578125,0.513671875,0.869140625,-51.025390625,-12.02392578125,-3.5400390625,11.2321195602417,-6.337562084197997,-60.27973937988281
-0.224609375,0.5322265625,0.90087890625,-50.96435546875,-12.5732421875,-3.5400390625,10.83870792388916,-7.026463985443115,-60.09653091430664
-0.22900390625,0.500244140625,0.905517578125,-54.99267578125,-14.58740234375,-1.5869140625,10.39791774749756,-7.8919310569763175,-59.83268737792969
-0.231689453125,0.460205078125,0.90771484375,-55.5419921875,-16.66259765625,0.3662109375,9.909926414489746,-8.80298900604248,-59.48663330078125
-0.2265625,0.425537109375,0.909912109375,-56.33544921875,-16.17431640625,-1.52587890625,9.438969612121582,-9.788973808288574,-59.22507095336914
-0.23046875,0.440185546875,0.90869140625,-55.2978515625,-14.6484375,-4.5166015625,9.035191535949707,-10.698307037353516,-59.084205627441406
-0.2265625,0.43212890625,0.911376953125,-58.2275390625,-14.404296875,-7.62939453125,8.622689247131348,-11.728276252746582,-59.06564712524414
-0.23583984375,0.40478515625,0.93017578125,-57.12890625,-16.11328125,-5.2490234375,8.187808990478517,-12.724798202514648,-58.94097518920898
-0.212646484375,0.35888671875,0.906982421875,-52.79541015625,-17.02880859375,-2.99072265625,7.716570377349853,-13.561772346496582,-58.72148895263672
-0.18603515625,0.324462890625,0.88720703125,-43.51806640625,-13.3056640625,-3.11279296875,7.356346130371094,-14.050406455993652,-58.54662322998047
-0.15478515625,0.313720703125,0.8681640625,-37.59765625,-9.21630859375,-7.50732421875,7.05988359451294,-14.313103675842285,-58.58572769165039
-0.167724609375,0.3388671875,0.87548828125,-32.04345703125,-4.57763671875,-7.9345703125,6.975563049316406,-14.314780235290527,-58.68724822998047
-0.203369140625,0.384033203125,0.919921875,-30.94482421875,-2.99072265625,-7.26318359375,7.0212135314941415,-14.23034954071045,-58.77521514892578
-0.215576171875,0.333984375,0.969482421875,-33.0810546875,-5.92041015625,-0.06103515625,7.026845455169678,-14.313010215759276,-58.5667839050293
-0.2109375,0.2607421875,0.937255859375,-30.94482421875,-6.65283203125,0.91552734375,7.019218921661378,-14.420286178588867,-58.32667922973633
-0.1982421875,0.248046875,0.907470703125,-19.4091796875,-3.41796875,-2.5634765625,7.088417053222656,-14.091510772705078,-58.25484085083008
-0.177001953125,0.259765625,0.89404296875,-9.765625,-0.6103515625,0.18310546875,7.247004985809326,-13.343099594116213,-58.09888458251953
-0.212158203125,0.324951171875,0.92333984375,-4.33349609375,3.41796875,1.77001953125,7.633689403533935,-12.300186157226562,-57.90337371826172
-0.25341796875,0.368896484375,0.97802734375,-8.97216796875,1.03759765625,1.40380859375,7.966960430145264,-11.437286376953125,-57.69132614135742
-0.227783203125,0.364501953125,0.976806640625,-15.56396484375,-4.69970703125,4.69970703125,8.035685539245605,-10.841002464294434,-57.30101776123047
-0.2099609375,0.3173828125,0.94677734375,-18.61572265625,-7.38525390625,8.6669921875,7.999625205993652,-10.42586898803711,-56.74536895751953
-0.214599609375,0.31884765625,0.9296875,-14.09912109375,-6.28662109375,8.4228515625,8.019761085510254,-9.836522102355957,-56.21002197265625
-0.24072265625,0.3564453125,0.9912109375,-16.2353515625,-6.89697265625,3.84521484375,8.004141807556152,-9.349578857421877,-55.85327529907226
-0.24169921875,0.3154296875,0.9853515625,-21.97265625,-11.71875,3.72314453125,7.80227518081665,-9.176225662231444,-55.48472595214844
-0.202392578125,0.27587890625,0.9326171875,-21.240234375,-14.09912109375,-0.48828125,7.428154945373535,-9.042657852172852,-55.28033447265625
-0.177734375,0.25634765625,0.90576171875,-15.68603515625,-12.8173828125,-1.28173828125,7.069056034088135,-8.718839645385742,-55.127342224121094
-0.15283203125,0.2490234375,0.87353515625,-7.75146484375,-8.11767578125,0.244140625,6.87136173248291,-8.07919979095459,-54.951866149902344
-0.160888671875,0.165771484375,0.8583984375,2.86865234375,-2.86865234375,4.08935546875,6.932636260986327,-7.209287643432617,-54.68319320678711
-0.180908203125,0.16796875,0.860595703125,14.404296875,1.28173828125,2.99072265625,7.194681167602539,-5.91782283782959,-54.48130416870117
-0.1962890625,0.1875,0.849853515625,27.03857421875,4.150390625,5.18798828125,7.606441020965576,-4.110348701477052,-54.19469451904297
-0.166015625,0.180419921875,0.826416015625,44.43359375,7.9345703125,9.09423828125,8.08701229095459,-1.6551433801651,-53.75591659545898
-0.154541015625,0.16552734375,0.8115234375,57.55615234375,11.962890625,12.63427734375,8.667995452880861,1.2271149158477783,-53.17137145996094
-0.15380859375,0.1552734375,0.815673828125,74.5849609375,17.2119140625,14.46533203125,9.395915985107422,4.6711506843566895,-52.4913558959961
-0.16455078125,0.1962890625,0.799072265625,100.09765625,25.32958984375,15.625,10.3976411819458,9.14588451385498,-51.67612838745117
-0.22705078125,0.24267578125,0.7724609375,115.6005859375,33.203125,14.2822265625,11.78293514251709,14.233631134033205,-50.76440811157226
-0.276123046875,0.34765625,0.752197265625,130.67626953125,36.56005859375,15.80810546875,13.248861312866213,20.072080612182614,-49.60747146606445
-0.26318359375,0.49072265625,0.7470703125,140.93017578125,40.71044921875,21.54541015625,14.52334213256836,26.54974365234375,-48.00381469726562
-0.296875,0.534912109375,0.703125,144.22607421875,41.748046875,29.96826171875,15.526142120361328,33.206981658935554,-45.95477676391602
-0.305908203125,0.598876953125,0.661376953125,146.42333984375,38.4521484375,39.36767578125,15.947796821594238,39.99663162231445,-43.59146499633789
-0.259033203125,0.628173828125,0.59130859375,146.1181640625,37.78076171875,52.42919921875,15.626852989196776,46.80039596557617,-40.86101531982422
-0.23291015625,0.6044921875,0.5224609375,150.81787109375,42.96875,56.15234375,15.01621150970459,53.65139770507813,-37.983741760253906
-0.24658203125,0.727294921875,0.43115234375,154.6630859375,46.7529296875,58.349609375,14.108919143676758,60.76891708374024,-35.003097534179695
-0.270263671875,0.748779296875,0.36865234375,161.7431640625,56.21337890625,59.63134765625,13.072821617126465,68.06803131103516,-31.83141899108887
-0.2822265625,0.913330078125,0.31494140625,165.52734375,58.59375,64.208984375,11.490317344665527,75.4357681274414,-28.71155548095703
-0.329833984375,1.010498046875,0.324951171875,154.9072265625,58.16650390625,75.68359375,9.207640647888184,82.00799560546875,-25.81923675537109
-0.372802734375,0.8662109375,0.259033203125,147.216796875,53.1005859375,104.736328125,5.755361080169678,87.88640594482422,-23.359357833862305
-0.347900390625,0.830322265625,0.14453125,153.4423828125,47.7294921875,121.27685546875,1.548988699913025,93.84030151367188,-21.538185119628906
-0.228759765625,0.895263671875,0.108642578125,151.79443359375,42.1142578125,115.05126953125,-2.6970434188842773,99.4696273803711,-20.404949188232425
-0.19873046875,1.012939453125,0.09716796875,123.6572265625,32.5927734375,91.36962890625,-5.9886207580566415,103.77888488769531,-19.82970428466797
-0.22509765625,0.985107421875,0.074951171875,88.80615234375,14.70947265625,79.52880859375,-8.478557586669924,106.6533660888672,-20.019229888916016
-0.147705078125,0.9072265625,0.06591796875,62.19482421875,-5.92041015625,67.87109375,-10.313247680664062,108.48894500732422,-20.956134796142575
-0.067626953125,0.830078125,0.00732421875,48.03466796875,-25.20751953125,63.4765625,-11.800753593444824,109.99307250976562,-22.641712188720703
-0.028564453125,0.59716796875,-0.09228515625,60.4248046875,-31.18896484375,78.4912109375,-13.699151039123535,112.46359252929688,-24.90045547485352
-0.03466796875,0.7958984375,-0.11962890625,90.63720703125,-35.82763671875,94.78759765625,-15.927617073059082,116.2686004638672,-27.719545364379886
-0.11669921875,0.965576171875,-0.17822265625,98.6328125,-36.80419921875,74.27978515625,-16.980587005615234,120.35529327392578,-30.335628509521484
-0.129638671875,1.12353515625,-0.169189453125,80.38330078125,-57.373046875,61.21826171875,-16.973869323730472,123.6687469482422,-33.44461441040039
-0.04638671875,1.146484375,-0.151611328125,58.41064453125,-80.6884765625,63.29345703125,-16.51180648803711,126.17945098876952,-37.397308349609375
-0.04931640625,0.971435546875,-0.21044921875,34.97314453125,-93.3837890625,60.72998046875,-15.49532413482666,127.8832550048828,-41.73313522338867
-0.087158203125,1.05859375,-0.18017578125,25.7568359375,-103.515625,32.3486328125,-13.224894523620605,128.83056640625,-45.60295867919922
-0.17041015625,1.151123046875,-0.15283203125,21.17919921875,-102.05078125,-5.4931640625,-9.727683067321776,129.088623046875,-48.41529083251953
-0.197998046875,1.2626953125,-0.166259765625,13.12255859375,-121.76513671875,-16.17431640625,-5.4974098205566415,128.8638916015625,-51.61188507080078
-0.1201171875,1.285888671875,-0.218017578125,0.0,-138.36669921875,-10.25390625,-1.3421026468276978,127.9834976196289,-55.58220672607422
-0.030029296875,1.170654296875,-0.242919921875,-14.404296875,-152.16064453125,1.953125,2.3768141269683842,126.33787536621094,-60.44220352172852
0.051513671875,1.052490234375,-0.257080078125,-2.197265625,-146.91162109375,2.99072265625,5.512300968170166,125.02031707763672,-65.31707763671875
0.07763671875,1.086669921875,-0.32568359375,14.83154296875,-139.95361328125,4.82177734375,8.177274703979492,124.30979919433594,-70.12008666992189
0.09765625,1.217041015625,-0.335693359375,24.84130859375,-129.8828125,10.19287109375,10.272819519042967,123.8051986694336,-74.80634307861328
0.081298828125,1.11083984375,-0.289306640625,32.3486328125,-126.5869140625,5.06591796875,12.369338989257812,123.45187377929688,-79.34601593017578
0.052001953125,1.15576171875,-0.275146484375,27.64892578125,-125.48828125,2.8076171875,14.46168041229248,122.71854400634766,-83.89282989501953
0.053466796875,1.172119140625,-0.27880859375,13.3056640625,-119.44580078125,-3.35693359375,16.475517272949222,121.34851837158205,-88.20162200927734
0.041015625,1.14208984375,-0.2548828125,-2.74658203125,-110.3515625,-4.0283203125,18.15363883972168,119.2895965576172,-92.30671691894531
0.026611328125,1.220703125,-0.2744140625,0.732421875,-107.2998046875,4.39453125,19.30924224853516,117.30240631103516,-96.58267974853516
-0.109619140625,1.08447265625,-0.239501953125,-26.55029296875,-119.873046875,17.08984375,20.25574493408203,113.93919372558594,-101.6775360107422
0.14306640625,1.189697265625,-0.30517578125,-12.39013671875,-94.6044921875,-3.84521484375,20.8498477935791,111.74252319335938,-105.45345306396484
-0.095703125,1.06005859375,-0.16943359375,-3.2958984375,-91.552734375,-4.5166015625,21.71854019165039,109.74738311767578,-109.2388687133789
-0.117919921875,1.08447265625,-0.186279296875,-12.02392578125,-91.24755859375,-15.0146484375,22.853160858154297,107.48259735107422,-112.91344451904295
-0.07958984375,1.05419921875,-0.20166015625,-30.57861328125,-93.994140625,-33.75244140625,24.46461296081543,104.53519439697266,-116.5400848388672
-0.074951171875,1.0400390625,-0.23291015625,-42.724609375,-89.29443359375,-40.8935546875,26.05997467041016,101.2581787109375,-119.99166870117188
0.103759765625,1.059814453125,-0.197265625,-46.81396484375,-88.2568359375,-36.43798828125,26.88996505737305,97.7349624633789,-123.58216094970705
0.035888671875,0.96826171875,-0.10595703125,-43.76220703125,-63.232421875,-40.34423828125,27.66487693786621,94.70545196533205,-126.20943450927734
-0.058349609375,0.920166015625,-0.046630859375,-26.85546875,-48.2177734375,-36.80419921875,28.32645034790039,92.56499481201172,-128.30169677734378
-0.145751953125,0.96533203125,-0.049560546875,-6.89697265625,-43.3349609375,-27.28271484375,28.70710372924805,91.36870574951172,-130.21621704101562
-0.170654296875,0.998046875,-0.045654296875,5.18798828125,-42.3583984375,-31.31103515625,29.246856689453125,90.68832397460938,-132.0972900390625
-0.1220703125,1.05322265625,0.026611328125,9.27734375,-47.42431640625,-43.212890625,30.10565757751465,89.86817932128906,-134.31178283691406
-0.0732421875,1.077392578125,0.06640625,9.765625,-51.1474609375,-52.1240234375,31.159482955932614,88.86029052734375,-136.7838134765625
-0.067626953125,1.2177734375,0.082275390625,8.30078125,-69.15283203125,-44.12841796875,31.766212463378906,87.3225326538086,-140.14468383789062
-0.069580078125,1.172607421875,-0.015869140625,-15.0146484375,-81.54296875,-34.3017578125,31.838851928710934,84.79710388183594,-143.97592163085938
-0.0732421875,1.21533203125,-0.092529296875,-12.75634765625,-89.66064453125,-23.681640625,31.33013153076172,82.46307373046875,-148.03054809570312
-0.072021484375,1.16064453125,-0.20458984375,-15.07568359375,-91.97998046875,-7.14111328125,30.076765060424805,80.45936584472656,-151.8848419189453
-0.037109375,1.097900390625,-0.236328125,-9.3994140625,-87.95166015625,9.1552734375,28.117055892944336,79.14261627197266,-155.28627014160156
-0.027587890625,1.035400390625,-0.239501953125,2.9296875,-80.6884765625,32.28759765625,25.320024490356445,78.80557250976562,-158.0772705078125
-0.014404296875,0.965087890625,-0.17041015625,20.01953125,-66.7724609375,57.861328125,21.683629989624023,79.53262329101562,-160.09841918945312
-0.049560546875,0.953125,-0.09326171875,30.82275390625,-55.35888671875,64.5751953125,18.076265335083008,80.78491973876953,-161.72291564941406
-0.075927734375,0.96435546875,0.01416015625,33.38623046875,-51.94091796875,69.580078125,14.501849174499512,81.96723937988281,-163.3402557373047
-0.011474609375,0.93798828125,0.057861328125,26.30615234375,-55.35888671875,70.80078125,10.876136779785156,82.77552795410156,-165.174560546875
0.0126953125,0.889404296875,0.08447265625,15.2587890625,-61.279296875,64.208984375,7.5815229415893555,83.09768676757812,-167.31686401367188
0.09912109375,0.859375,0.0341796875,2.3193359375,-65.7958984375,50.72021484375,4.71161413192749,83.10319519042969,-169.682373046875
0.13525390625,0.7841796875,0.0146484375,-13.5498046875,-65.85693359375,25.5126953125,2.8162631988525386,82.61106872558594,-172.15650939941406
0.156494140625,0.766357421875,-0.009765625,-14.16015625,-62.8662109375,14.34326171875,1.3650646209716797,82.25721740722656,-174.559326171875
0.126953125,0.78076171875,-0.0087890625,-9.46044921875,-59.2041015625,10.7421875,0.21103285253047946,82.16055297851562,-176.84042358398438
0.070068359375,0.828125,0.001953125,-1.8310546875,-56.15234375,13.73291015625,-0.8249918818473816,82.38816833496094,-178.9934539794922
0.0556640625,0.875732421875,0.0244140625,2.86865234375,-56.396484375,20.263671875,-2.020589590072632,82.77932739257812,-181.1330108642578
0.0849609375,1.21875,0.033935546875,-8.6669921875,-21.66748046875,13.916015625,-12.2051420211792,87.69164276123047,160.62388610839844
0.178955078125,1.21142578125,-0.050048828125,-27.52685546875,-23.0712890625,1.8310546875,-12.166759490966795,86.96235656738281,159.64572143554688
0.236083984375,1.16845703125,-0.09423828125,-23.98681640625,-33.69140625,19.47021484375,-12.984137535095215,86.58372497558594,158.24754333496094
0.187255859375,1.15625,-0.1552734375,-6.16455078125,-18.4326171875,16.2353515625,-13.523004531860352,86.93103790283203,157.4297637939453
0.136474609375,1.2587890625,-0.072265625,8.1787109375,-9.46044921875,15.9912109375,-13.886813163757324,87.58535766601562,157.01361083984375
0.13427734375,1.321533203125,-0.060791015625,-1.3427734375,-8.544921875,16.05224609375,-14.218731880187988,87.80097961425781,156.6395721435547
0.087646484375,1.286376953125,-0.06298828125,-9.033203125,-9.765625,15.9912109375,-14.462286949157715,87.72266387939453,156.21182250976562
0.1044921875,1.245849609375,-0.079345703125,-9.8876953125,-14.70947265625,20.5078125,-14.919332504272461,87.70001220703125,155.57662963867188
0.11279296875,1.220703125,-0.089599609375,-12.6953125,-17.08984375,21.1181640625,-15.406246185302734,87.61936950683594,154.8351593017578
0.137939453125,1.146240234375,-0.08544921875,-14.16015625,-19.71435546875,21.484375,-15.955461502075195,87.52141571044922,153.98147583007812
0.169189453125,1.095703125,-0.138916015625,-10.986328125,-22.5830078125,23.74267578125,-16.65433120727539,87.71595001220703,152.9729766845703
0.2099609375,1.060546875,-0.192626953125,-8.4228515625,-17.333984375,22.76611328125,-17.372861862182614,88.07628631591797,152.13739013671875
0.209716796875,1.01708984375,-0.25341796875,-7.32421875,-10.55908203125,17.9443359375,-17.880285263061523,88.53984069824219,151.5255889892578
0.2255859375,0.958251953125,-0.219482421875,-6.591796875,0.30517578125,5.18798828125,-17.908212661743164,88.83444213867188,151.3688507080078
0.207763671875,0.917236328125,-0.19189453125,-5.859375,7.8125,-5.859375,-17.47004508972168,89.0108642578125,151.5356903076172
0.16552734375,0.897216796875,-0.1826171875,-1.953125,11.474609375,-20.08056640625,-16.391305923461914,89.28857421875,151.85752868652344
0.147705078125,0.937255859375,-0.1455078125,-17.15087890625,9.521484375,-38.4521484375,-14.562639236450195,88.87564086914062,152.12547302246094
0.115478515625,0.910888671875,-0.166748046875,-33.63037109375,5.0048828125,-53.16162109375,-12.154677391052244,87.94618225097656,152.16163635253906
0.11376953125,0.864013671875,-0.14697265625,-44.43359375,7.2021484375,-60.24169921875,-9.56401538848877,86.58853149414062,152.24777221679688
0.11669921875,0.83056640625,-0.117431640625,-39.9169921875,11.474609375,-48.03466796875,-7.564786911010742,85.3819580078125,152.50750732421875
0.091552734375,0.8193359375,-0.138671875,-32.89794921875,18.12744140625,-29.35791015625,-6.295377731323242,84.53682708740234,153.0627899169922
0.0556640625,0.805419921875,-0.093505859375,-26.67236328125,23.681640625,-11.5966796875,-5.653790473937987,83.83984375,153.91310119628906
0.06103515625,0.783203125,-0.02197265625,-24.10888671875,27.2216796875,1.77001953125,-5.5575480461120605,83.06182861328125,154.97885131835938
0.07373046875,0.756103515625,0.040283203125,-26.91650390625,32.3486328125,4.7607421875,-5.582357406616211,81.9969482421875,156.2790985107422
0.060546875,0.73095703125,0.06884765625,-31.43310546875,35.400390625,9.521484375,-5.715014934539795,80.6849136352539,157.73353576660156
0.11376953125,0.7490234375,0.053466796875,-32.470703125,37.841796875,13.0615234375,-6.087588787078857,79.41416931152344,159.30470275878906
0.19287109375,0.757568359375,0.04296875,-33.3251953125,45.47119140625,12.87841796875,-6.568683624267577,78.14082336425781,161.1759490966797
0.197509765625,0.76708984375,0.020263671875,-32.470703125,55.2978515625,12.0849609375,-6.885437488555907,76.95875549316406,163.41567993164062
0.13916015625,0.8330078125,-0.02392578125,-29.84619140625,66.7724609375,1.3427734375,-6.435067176818848,76.0190200805664,165.9784393310547
0.1015625,0.9521484375,-0.068603515625,-33.38623046875,65.00244140625,-17.02880859375,-5.1375732421875,75.13899993896484,168.26483154296875
0.14453125,1.115966796875,-0.047119140625,-54.19921875,65.673828125,-41.93115234375,-2.9252212047576904,73.48505401611328,170.2948455810547
0.199951171875,1.1455078125,-0.057861328125,-73.8525390625,74.951171875,-58.77685546875,-0.0764927864074707,71.2095947265625,-187.5826568603516
0.19091796875,1.11865234375,-0.090576171875,-62.8662109375,87.46337890625,-46.20361328125,2.4397263526916504,69.6328125,-184.8919982910156
0.023681640625,1.15185546875,-0.162109375,-28.076171875,95.5810546875,-17.88330078125,4.287308692932129,69.77880096435547,-181.4973602294922
-0.0009765625,1.284912109375,-0.272216796875,5.18798828125,97.47314453125,8.9111328125,5.083799839019775,71.50145721435547,-177.59796142578125
0.119384765625,1.298828125,-0.211181640625,2.74658203125,109.92431640625,8.30078125,5.704180717468263,73.06340789794922,-173.1991729736328
0.103271484375,1.135009765625,-0.1328125,-0.18310546875,121.09375,20.99609375,5.8229522705078125,74.45000457763672,-168.20411682128906
0.02490234375,0.9921875,-0.1142578125,17.08984375,123.47412109375,39.48974609375,5.245057106018066,76.48234558105469,-162.92520141601562
0.0615234375,1.01220703125,-0.061767578125,25.69580078125,118.71337890625,36.4990234375,4.4922590255737305,78.58505249023438,-157.9056854248047
0.111328125,1.02001953125,-0.02197265625,22.03369140625,110.77880859375,18.24951171875,4.151836395263672,80.28868103027344,-153.3721923828125
0.090576171875,0.954833984375,-0.00634765625,12.451171875,93.81103515625,-11.5966796875,4.813107967376709,81.45565795898438,-149.70220947265625
0.071533203125,0.9453125,-0.052490234375,12.63427734375,79.2236328125,-34.24072265625,6.232193470001222,82.69578552246094,-146.69830322265625
0.104248046875,1.014404296875,-0.12744140625,18.00537109375,69.27490234375,-49.072265625,8.010950088500978,84.28851318359375,-144.0853729248047
0.123046875,1.0439453125,-0.18798828125,23.92578125,67.0166015625,-45.83740234375,9.478135108947754,86.24735260009766,-141.45101928710938
0.078125,1.046630859375,-0.2177734375,30.57861328125,69.76318359375,-32.89794921875,10.37761402130127,88.55073547363281,-138.58663940429688
0.058837890625,1.052978515625,-0.18896484375,33.3251953125,75.13427734375,-20.263671875,10.662405014038086,90.8931655883789,-135.45928955078122
-0.05029296875,0.990966796875,-0.05419921875,29.84619140625,71.47216796875,-2.50244140625,10.354940414428713,92.69364166259766,-132.54034423828122
-0.082763671875,0.95703125,-0.019287109375,21.1181640625,61.4013671875,2.685546875,9.883525848388672,93.8986358642578,-130.07254028320312
-0.060791015625,0.902099609375,0.0029296875,9.33837890625,48.15673828125,2.01416015625,9.418628692626953,94.41876983642578,-128.16180419921878
0.033447265625,0.87451171875,-0.068359375,-10.43701171875,40.6494140625,-4.150390625,8.996731758117676,94.25389862060548,-126.5064468383789
0.052490234375,0.834716796875,-0.1181640625,-20.56884765625,39.9169921875,-8.11767578125,8.707234382629395,93.8215103149414,-124.84555053710938
0.068359375,0.820556640625,-0.141357421875,-26.123046875,41.56494140625,-8.6669921875,8.418082237243652,93.25421905517578,-123.10669708251952
0.015380859375,0.84619140625,-0.142333984375,-34.7900390625,42.236328125,-9.46044921875,8.334506988525389,92.35254669189452,-121.34236145019531
-0.004150390625,0.8515625,-0.115478515625,-42.66357421875,39.6728515625,-9.58251953125,8.345327377319336,91.08197784423828,-119.69278717041016
0.007568359375,0.845947265625,-0.08154296875,-52.734375,37.4755859375,-7.4462890625,8.281543731689451,89.35591888427734,-118.14574432373048
0.00927734375,0.828125,-0.04345703125,-49.74365234375,38.818359375,-0.18310546875,7.970391273498535,87.72074127197266,-116.55277252197266
-0.060791015625,0.86767578125,-0.1357421875,-29.78515625,26.7333984375,17.15087890625,7.177684307098389,87.10604095458984,-115.3849639892578
0.0126953125,1.029296875,-0.234375,-21.30126953125,16.9677734375,22.15576171875,6.026417255401611,86.94609832763672,-114.58161163330078
0.066650390625,1.09423828125,-0.195556640625,-46.81396484375,26.123046875,2.9296875,5.6051926612854,85.68936157226562,-113.46735382080078
-0.03076171875,0.965087890625,-0.16943359375,-56.09130859375,27.77099609375,0.244140625,5.546024799346924,84.104248046875,-112.29827117919922
-0.09326171875,0.954345703125,-0.125732421875,-42.1142578125,23.4375,5.9814453125,5.41554594039917,83.02566528320312,-111.28623962402344
-0.070068359375,1.035888671875,-0.04150390625,-28.25927734375,17.76123046875,11.90185546875,4.9733171463012695,82.31853485107422,-110.48500061035156
-0.02587890625,1.056640625,0.0107421875,-19.22607421875,13.61083984375,19.04296875,4.152998447418213,81.8690185546875,-109.81690979003906
-0.035888671875,1.038330078125,-0.0146484375,-4.150390625,7.8125,29.1748046875,2.9583122730255127,82.07227325439453,-109.32247924804688
-0.0400390625,1.049072265625,-0.0625,15.13671875,2.38037109375,34.3017578125,1.5844634771347046,83.1217041015625,-109.0333251953125
-0.0166015625,1.09326171875,-0.1240234375,20.99609375,-1.15966796875,26.7333984375,0.4925157129764557,84.47447967529297,-108.95352172851562
0.00244140625,1.09814453125,-0.12939453125,21.78955078125,-2.8076171875,13.5498046875,-0.07918722182512282,85.81462860107422,-109.01754760742188
-0.004150390625,1.145751953125,-0.112548828125,21.6064453125,-1.0986328125,1.03759765625,-0.11173737049102783,87.05177307128906,-109.05941009521484
0.00341796875,1.126708984375,-0.087158203125,20.263671875,-1.15966796875,-0.91552734375,-0.07950834929943085,88.13983154296875,-109.10772705078124
0.1259765625,0.8603515625,0.017822265625,30.517578125,3.662109375,42.96875,-5.029857635498047,92.6410140991211,-109.2333755493164
0.1640625,0.8125,-0.001708984375,23.5595703125,9.521484375,37.841796875,-6.809669494628906,93.4382553100586,-108.9278564453125
0.197265625,0.82470703125,-0.0029296875,10.92529296875,13.7939453125,25.08544921875,-8.106073379516603,93.66950988769531,-108.42156219482422
0.22607421875,0.821533203125,-0.01220703125,-7.080078125,16.4794921875,6.8359375,-8.706855773925781,93.16608428955078,-107.75405883789062
0.257568359375,0.84619140625,-0.03759765625,-33.5693359375,21.17919921875,-16.7236328125,-8.402947425842285,91.65104675292969,-106.85610961914062
0.279541015625,0.853515625,-0.079833984375,-45.95947265625,28.62548828125,-26.55029296875,-7.7444725036621085,89.77288055419922,-105.69374084472656
0.291015625,0.878662109375,-0.0927734375,-52.42919921875,41.748046875,-28.3203125,-6.9998931884765625,87.68465423583984,-104.05303955078124
0.291015625,0.888427734375,-0.03759765625,-54.6875,61.6455078125,-21.6064453125,-6.4388370513916025,85.37730407714844,-101.63438415527344
0.251708984375,0.9326171875,0.02685546875,-51.6357421875,72.1435546875,-11.65771484375,-6.038933753967285,83.10186004638672,-98.79474639892578
0.0888671875,0.9091796875,0.00390625,-41.56494140625,71.22802734375,0.8544921875,-5.682200908660889,81.3982162475586,-95.97834014892578
0.13916015625,1.1337890625,-0.06201171875,-35.46142578125,56.396484375,-1.89208984375,-5.311872959136963,80.21421813964844,-93.7958755493164
0.241943359375,1.149658203125,-0.040283203125,-47.8515625,52.30712890625,-16.357421875,-4.557564735412598,78.57620239257812,-91.88592529296876
0.2392578125,1.114013671875,-0.085693359375,-50.72021484375,46.7529296875,-17.578125,-3.7887570858001713,77.02079772949219,-90.2411880493164
0.224853515625,1.186279296875,-0.151611328125,-36.80419921875,42.236328125,-10.7421875,-3.2676215171813965,76.21685791015625,-88.73930358886719
0.224365234375,1.280517578125,-0.1630859375,-30.2734375,43.45703125,-4.7607421875,-2.9375073909759517,75.71045684814453,-87.13814544677734
0.260986328125,1.289306640625,-0.1396484375,-26.123046875,45.34912109375,8.85009765625,-3.1733713150024414,75.33561706542969,-85.32776641845703
0.249755859375,1.1435546875,-0.07763671875,-13.18359375,51.513671875,28.86962890625,-4.140705585479736,75.35774230957031,-83.07732391357422
0.2021484375,1.034912109375,-0.053955078125,3.5400390625,57.12890625,37.353515625,-5.307051658630371,75.9509048461914,-80.5367431640625
0.123291015625,1.00830078125,-0.008544921875,23.25439453125,61.21826171875,37.53662109375,-6.2749342918396,77.1584701538086,-77.84788513183594
0.101318359375,1.107421875,0.037353515625,38.9404296875,55.5419921875,36.7431640625,-7.2162580490112305,78.83870697021484,-75.40131378173828
0.106201171875,1.140869140625,0.009033203125,40.52734375,49.31640625,42.48046875,-8.465634346008299,80.55927276611328,-73.19148254394531
0.134765625,1.022216796875,-0.025146484375,39.4287109375,42.41943359375,49.31640625,-10.128118515014648,82.22750854492188,-71.25981140136719
0.151123046875,0.896484375,-0.0478515625,38.63525390625,41.32080078125,53.40576171875,-12.02849578857422,83.8143081665039,-69.40390014648439
0.142333984375,0.8330078125,-0.078125,37.65869140625,46.38671875,46.7529296875,-13.626971244812012,85.3031997680664,-67.42632293701172
0.0947265625,0.827880859375,-0.077392578125,33.0810546875,52.001953125,35.09521484375,-14.603903770446776,86.46807098388672,-65.2783203125
0.031982421875,0.86474609375,-0.025390625,16.78466796875,52.24609375,22.0947265625,-14.876131057739258,86.77326965332031,-63.120277404785156
0.03369140625,0.827392578125,-0.027587890625,0.3662109375,49.072265625,17.822265625,-14.983291625976562,86.4483871459961,-61.10401153564453
0.0869140625,0.76708984375,-0.099853515625,-7.8125,44.98291015625,20.08056640625,-15.341185569763185,86.06492614746094,-59.30569458007813
0.12255859375,0.75390625,-0.172119140625,-12.14599609375,48.33984375,22.94921875,-15.894234657287598,85.6802978515625,-57.41393661499024
0.116455078125,0.78466796875,-0.16650390625,-19.83642578125,54.443359375,11.65771484375,-15.908169746398926,84.89935302734375,-55.29769515991211
-0.067626953125,1.08984375,-0.154296875,-27.40478515625,4.69970703125,-33.69140625,-7.807547569274902,79.32378387451172,-51.30046081542969
-0.024169921875,1.2666015625,-0.24853515625,-31.982421875,-2.44140625,-31.67724609375,-6.255106449127197,78.92408752441406,-51.75033187866211
-0.005126953125,1.2802734375,-0.24169921875,-39.73388671875,-7.75146484375,-23.5595703125,-5.154826641082764,78.21984100341797,-52.33414840698242
0.020263671875,1.173095703125,-0.220947265625,-39.794921875,-9.6435546875,-10.19287109375,-4.685985565185547,77.5283203125,-52.876548767089844
0.034423828125,1.0068359375,-0.111328125,-18.5546875,-10.68115234375,10.07080078125,-5.069161891937256,77.53636169433594,-53.26911163330078
0.05224609375,1.03076171875,-0.02587890625,-1.46484375,-14.09912109375,17.76123046875,-5.7973575592041025,78.05078125,-53.72201538085938
0.020263671875,1.12060546875,0.00341796875,-2.86865234375,-22.88818359375,8.7890625,-6.1380577087402335,78.47549438476562,-54.59905242919922
0.044189453125,1.249267578125,-0.093017578125,-24.84130859375,-33.63037109375,-17.51708984375,-5.564850330352783,78.24018096923828,-56.13028335571289
0.056396484375,1.141357421875,-0.1611328125,-36.7431640625,-34.48486328125,-36.92626953125,-4.309279918670653,77.67474365234375,-57.86439514160156
0.029541015625,0.998779296875,-0.154052734375,-26.06201171875,-30.33447265625,-42.29736328125,-2.8231563568115234,77.53670501708984,-59.472145080566406
-0.08984375,0.82763671875,-0.147216796875,19.4091796875,-21.30126953125,-36.68212890625,-1.2134932279586792,79.20740509033203,-60.63710021972656
-0.179443359375,0.971923828125,-0.07568359375,49.01123046875,-24.23095703125,-24.7802734375,0.06146174296736717,81.75212097167969,-61.75743865966797
-0.239501953125,1.1494140625,-0.007080078125,45.47119140625,-33.26416015625,-17.333984375,1.0469979047775269,83.87541198730469,-63.15485763549805
-0.171875,1.028076171875,-0.052490234375,11.8408203125,-44.25048828125,-10.3759765625,1.622044801712036,84.64581298828125,-64.94963073730469
-0.076171875,0.890869140625,-0.081787109375,2.3193359375,-44.0673828125,-4.7607421875,1.7894240617752075,85.08899688720703,-66.71128845214844
-0.000244140625,0.853271484375,0.089111328125,7.62939453125,-22.52197265625,-8.48388671875,1.2916200160980225,87.74415588378906,-71.03325653076172
-0.000244140625,0.919921875,0.08642578125,-18.37158203125,-34.24072265625,-26.123046875,2.221099376678467,86.8263931274414,-72.45060729980469
0.015625,0.9677734375,0.0244140625,-46.0205078125,-40.4052734375,-47.66845703125,3.881592988967896,84.94612884521484,-74.19078063964844
0.05859375,0.961669921875,-0.01123046875,-67.0166015625,-41.3818359375,-67.5048828125,6.087844371795653,82.30974578857422,-76.1113052368164
0.091552734375,0.93798828125,-0.01220703125,-73.486328125,-39.00146484375,-72.6318359375,8.248730659484862,79.44217681884766,-78.0709457397461
0.0712890625,0.95849609375,-0.0283203125,-62.5,-36.80419921875,-59.99755859375,9.814208030700684,77.11177825927734,-79.93694305419922
0.0791015625,1.1328125,-0.113037109375,-5.37109375,-23.01025390625,-5.79833984375,8.894466400146484,72.63308715820312,-88.86310577392578
0.10009765625,1.11083984375,-0.09375,4.39453125,-6.53076171875,-0.1220703125,8.296393394470215,73.6236572265625,-88.98785400390625
0.085693359375,1.06494140625,-0.1005859375,23.62060546875,8.7890625,14.95361328125,7.326656818389893,75.4721450805664,-88.37158966064453
0.0966796875,1.012939453125,-0.083984375,45.59326171875,23.4375,29.541015625,5.900295734405518,78.1695785522461,-87.1002426147461
0.104248046875,0.976806640625,-0.109619140625,65.12451171875,41.32080078125,36.31591796875,4.296433448791504,81.63627624511719,-85.15635681152344
0.055908203125,1.022705078125,-0.11279296875,69.82421875,52.79541015625,22.216796875,3.3625392913818364,85.13704681396484,-82.92035675048828
-0.000244140625,1.10107421875,-0.09423828125,59.9365234375,56.7626953125,-2.3193359375,3.4497032165527344,88.04058837890625,-80.63656616210938
-0.050537109375,1.180419921875,-0.05322265625,35.33935546875,51.8798828125,-29.1748046875,4.605101585388184,89.76445007324219,-78.56588745117188
-0.027587890625,1.17724609375,-0.04248046875,15.93017578125,48.52294921875,-35.7666015625,5.88707160949707,90.65745544433594,-76.60139465332031
-0.006103515625,1.197265625,-0.01513671875,17.51708984375,46.20361328125,-38.51318359375,7.157481670379639,91.56062316894531,-74.70897674560547
0.02001953125,1.0126953125,-0.1123046875,-10.68115234375,54.38232421875,-18.61572265625,7.504478454589844,91.59259033203124,-72.47076416015625
0.007080078125,0.914794921875,-0.158935546875,-15.9912109375,63.720703125,-7.080078125,7.3945250511169425,91.60406494140624,-69.85047912597656
-0.055419921875,0.840087890625,-0.159912109375,-17.15087890625,73.6083984375,-7.50732421875,7.4565749168396,91.65477752685548,-66.82792663574219
-0.127685546875,0.8818359375,-0.0751953125,-27.40478515625,79.833984375,-20.01953125,8.195910453796388,91.11402893066406,-63.56989288330078
-0.14306640625,0.911865234375,-0.074951171875,-43.51806640625,79.4677734375,-29.23583984375,9.346674919128418,89.99430847167969,-60.32157897949219
-0.154541015625,0.896240234375,-0.0712890625,-54.3212890625,79.9560546875,-31.67724609375,10.654837608337402,88.55044555664062,-57.06050109863281
-0.157958984375,0.888916015625,0.006103515625,-49.74365234375,77.20947265625,-18.49365234375,11.470911026000975,87.18769073486328,-53.936439514160156
-0.16845703125,0.91650390625,0.02685546875,-36.4990234375,71.2890625,-5.31005859375,11.789154052734375,86.34322357177734,-51.034706115722656
-0.204345703125,1.03466796875,-0.037353515625,-29.47998046875,58.16650390625,0.9765625,11.875665664672852,85.86541748046875,-48.6161994934082
-0.14697265625,1.2421875,-0.073974609375,-50.78125,39.48974609375,-17.27294921875,12.488544464111328,84.45214080810547,-47.0000228881836
-0.05126953125,1.178466796875,-0.091552734375,-76.66015625,26.9775390625,-23.5595703125,13.15666675567627,81.99867248535156,-45.91695022583008
-0.037353515625,1.07373046875,-0.128662109375,-80.322265625,18.12744140625,-12.8173828125,13.351439476013185,79.52483367919922,-45.11958694458008
-0.015380859375,1.01611328125,-0.21435546875,-70.86181640625,18.00537109375,7.50732421875,12.744847297668455,77.74943542480469,-44.12237548828125
-0.01171875,0.938232421875,-0.16064453125,-61.8896484375,25.7568359375,16.845703125,11.878453254699707,76.38831329345703,-42.74470138549805
