-0.0830078125,1.005126953125,0.118896484375,-6.9580078125,-3.60107421875,1.28173828125,1.2932844161987305,74.73954010009766,-155.28219604492188
-0.072021484375,0.99462890625,0.121337890625,-8.23974609375,-4.150390625,1.953125,1.3216912746429443,74.70882415771484,-155.38946533203125
-0.07373046875,0.98583984375,0.135009765625,-7.9345703125,-4.33349609375,1.28173828125,1.3430079221725464,74.66950988769531,-155.53736877441406
-0.06103515625,1.002685546875,0.1298828125,-8.30078125,-4.2724609375,1.15966796875,1.3378111124038696,74.63395690917969,-155.68345642089844
-0.056396484375,0.99609375,0.1298828125,-8.9111328125,-3.72314453125,0.732421875,1.3527611494064329,74.62619018554688,-155.7667236328125
-0.0537109375,0.981201171875,0.125732421875,-7.9345703125,-2.5634765625,0.06103515625,1.3934510946273804,74.61124420166016,-155.8580780029297
-0.06494140625,0.970458984375,0.13134765625,-7.26318359375,-1.77001953125,-0.06103515625,1.4726320505142212,74.608154296875,-155.92031860351562
-0.084228515625,0.96875,0.12646484375,-7.4462890625,-1.77001953125,0.244140625,1.5677754878997805,74.6374282836914,-155.97496032714844
-0.067138671875,0.984619140625,0.1142578125,-6.7138671875,-1.8310546875,1.15966796875,1.595905900001526,74.69816589355469,-156.0247039794922
-0.078857421875,0.999755859375,0.112548828125,-5.06591796875,-2.25830078125,0.67138671875,1.661487340927124,74.82926177978516,-156.09585571289062
-0.077392578125,0.995849609375,0.09912109375,-5.9814453125,-2.9296875,0.42724609375,1.7300622463226318,74.93657684326172,-156.20347595214844
-0.080078125,0.986083984375,0.105224609375,-9.21630859375,-3.84521484375,1.8310546875,1.7349820137023926,74.90364074707031,-156.32345581054688
-0.11083984375,0.964111328125,0.100341796875,-10.25390625,-4.5166015625,2.8076171875,1.7704992294311523,74.83470153808594,-156.4593505859375
-0.1142578125,0.926025390625,0.125244140625,-10.43701171875,-6.28662109375,3.173828125,1.7532608509063718,74.68597412109375,-156.646728515625
-0.114013671875,0.93896484375,0.140380859375,-8.11767578125,-6.28662109375,6.53076171875,1.638344407081604,74.60999298095703,-156.8141632080078
-0.097412109375,0.962646484375,0.1259765625,-6.04248046875,-6.28662109375,7.6904296875,1.4391531944274902,74.6622085571289,-156.96829223632812
-0.06103515625,1.020263671875,0.123779296875,-5.79833984375,-7.38525390625,7.6904296875,1.1651747226715088,74.73944854736328,-157.16351318359375
-0.056640625,0.992919921875,0.126708984375,-7.9345703125,-5.67626953125,5.31005859375,0.984291970729828,74.72046661376953,-157.32162475585938
-0.088623046875,0.961669921875,0.124755859375,-6.9580078125,-4.0283203125,5.7373046875,0.8896158933639526,74.73725891113281,-157.41290283203125
-0.079345703125,0.971435546875,0.14501953125,-3.96728515625,-4.0283203125,5.79833984375,0.7718592882156372,74.84720611572266,-157.50718688964844
-0.06103515625,1.00830078125,0.14208984375,-3.35693359375,-3.84521484375,7.87353515625,0.5346034169197083,74.97985076904297,-157.57144165039062
-0.047119140625,1.035400390625,0.13134765625,-5.859375,-3.23486328125,7.62939453125,0.2890474498271942,75.03923797607422,-157.6160430908203
-0.0341796875,1.021240234375,0.1494140625,-7.9345703125,-2.8076171875,3.5400390625,0.2141462117433548,74.94092559814453,-157.70196533203125
-0.033203125,0.995361328125,0.161865234375,-8.056640625,-1.46484375,0.732421875,0.23715972900390625,74.83482360839844,-157.75050354003906
-0.046142578125,0.987548828125,0.162353515625,-7.26318359375,0.244140625,0.06103515625,0.33252960443496704,74.76075744628906,-157.7399139404297
-0.06103515625,0.974609375,0.15234375,-6.28662109375,1.15966796875,-0.244140625,0.4924940466880798,74.76371765136719,-157.68209838867188
-0.077392578125,0.963134765625,0.11962890625,-4.57763671875,0.9765625,-0.1220703125,0.6683863401412964,74.88835906982422,-157.64332580566406
-0.095458984375,0.9931640625,0.129638671875,-2.99072265625,0.1220703125,-0.18310546875,0.8658917546272278,75.05689239501953,-157.63743591308594
-0.088134765625,1.004150390625,0.123046875,-1.953125,0.1220703125,-0.06103515625,1.0088444948196411,75.27079010009766,-157.64297485351562
-0.092041015625,1.03271484375,0.103271484375,-1.15966796875,-0.67138671875,0.732421875,1.135137677192688,75.56534576416016,-157.65579223632812
-0.08984375,1.03466796875,0.08984375,-1.89208984375,-1.953125,-2.38037109375,1.3596224784851074,75.84667205810547,-157.7477569580078
-0.057861328125,1.119873046875,0.091552734375,-3.90625,-0.48828125,-4.39453125,1.6291251182556152,75.96256256103516,-157.75779724121094
-0.12646484375,1.08935546875,0.1298828125,-14.0380859375,1.46484375,-3.96728515625,1.993054986000061,75.67278289794922,-157.73272705078125
-0.148681640625,1.0849609375,0.163818359375,-15.93017578125,1.03759765625,-1.15966796875,2.2749741077423096,75.24850463867188,-157.69818115234375
-0.14697265625,1.170654296875,0.140625,-14.95361328125,-0.8544921875,3.35693359375,2.2899363040924072,74.96537780761719,-157.71917724609375
-0.15283203125,1.185546875,0.13671875,-14.95361328125,-8.60595703125,-1.220703125,2.4470717906951904,74.67120361328125,-158.0530242919922
-0.136474609375,1.161376953125,0.17724609375,-11.65771484375,-13.97705078125,-13.5498046875,2.9872527122497563,74.42039489746094,-158.72613525390625
-0.11572265625,1.193359375,0.207763671875,-8.72802734375,-12.39013671875,-21.78955078125,3.838799715042114,74.29387664794922,-159.2979736328125
-0.10986328125,1.327880859375,0.193603515625,-7.4462890625,-2.44140625,-23.193359375,4.737418174743652,74.24913787841797,-159.62295532226562
-0.102783203125,1.380126953125,0.17138671875,-13.0615234375,2.74658203125,-31.3720703125,5.952113628387451,74.03429412841797,-159.82969665527344
-0.1337890625,1.310302734375,0.1953125,-24.96337890625,4.21142578125,-44.7998046875,7.895320415496826,73.19438171386719,-160.20103454589844
-0.156005859375,1.189697265625,0.236083984375,-26.611328125,0.42724609375,-61.279296875,10.212425231933594,72.22473907470703,-160.88540649414062
-0.210693359375,1.171142578125,0.214599609375,-16.6015625,-0.1220703125,-67.138671875,12.75213623046875,71.67037963867188,-161.68084716796875
-0.16943359375,1.246826171875,0.178466796875,-10.92529296875,-2.74658203125,-72.3876953125,15.30323886871338,71.37425994873047,-162.65554809570312
-0.15234375,1.238037109375,0.142822265625,-17.9443359375,0.91552734375,-78.18603515625,17.947519302368164,70.84220123291016,-163.5366668701172
-0.2021484375,1.1943359375,0.13427734375,-30.1513671875,0.6103515625,-78.67431640625,20.593576431274414,69.78475952148439,-164.46292114257812
-0.24072265625,1.0712890625,0.125,-37.17041015625,-1.46484375,-76.171875,22.998868942260746,68.33720397949219,-165.509521484375
-0.203369140625,1.03955078125,0.13720703125,-39.97802734375,-7.62939453125,-71.96044921875,25.087337493896484,66.70874786376953,-166.77674865722656
-0.17822265625,1.006103515625,0.183837890625,-41.8701171875,-7.38525390625,-84.228515625,27.45724105834961,64.7684326171875,-168.36557006835938
-0.191650390625,0.92578125,0.223388671875,-41.07666015625,0.0,-91.49169921875,30.192140579223636,62.83092498779297,-169.86483764648438
-0.21044921875,0.853515625,0.242431640625,-36.7431640625,13.671875,-92.59033203125,33.0655517578125,61.088645935058594,-171.06576538085938
-0.2802734375,0.8447265625,0.199462890625,-29.052734375,18.9208984375,-97.83935546875,36.27303695678711,59.7447509765625,-172.20941162109375
-0.35205078125,0.796875,0.15966796875,-25.146484375,14.95361328125,-105.77392578125,39.8148193359375,58.17431259155274,-174.0726318359375
-0.357421875,0.77197265625,0.138916015625,-19.83642578125,1.8310546875,-122.55859375,43.44913101196289,56.078392028808594,-176.8746795654297
-0.393310546875,0.70556640625,0.16064453125,-16.845703125,-5.4931640625,-133.9111328125,47.18136215209961,53.09386444091797,-180.81622314453125
-0.427490234375,0.62646484375,0.1650390625,-10.19287109375,-9.58251953125,-137.5732421875,50.77605438232422,49.47400283813477,-185.7788543701172
-0.447509765625,0.55126953125,0.205322265625,-3.11279296875,-9.765625,-136.53564453125,54.07052612304688,45.163536071777344,168.48251342773438
-0.492431640625,0.505859375,0.178466796875,5.18798828125,-5.4931640625,-135.07080078125,57.253944396972656,40.59716796875,162.22760009765625
-0.584716796875,0.541015625,0.10498046875,9.521484375,-3.7841796875,-133.23974609375,60.27210235595703,35.727272033691406,155.53652954101562
-0.64306640625,0.4912109375,0.11181640625,0.79345703125,-10.19287109375,-127.5634765625,62.65594863891602,29.305042266845703,147.6845245361328
-0.615234375,0.435791015625,0.140625,-5.55419921875,-16.11328125,-112.85400390625,64.018798828125,22.40447235107422,139.73591613769528
-0.558837890625,0.396484375,0.182373046875,-9.09423828125,-12.0849609375,-98.7548828125,64.82659912109375,16.176753997802734,132.83540344238278
-0.640380859375,0.2880859375,0.19384765625,-9.765625,-0.1220703125,-97.412109375,65.77666473388672,9.076570510864258,125.102783203125
-0.776123046875,0.248291015625,0.1767578125,-1.64794921875,4.45556640625,-97.59521484375,66.65042877197266,1.5411407947540283,116.6438217163086
-0.91064453125,0.181640625,0.147705078125,6.103515625,0.732421875,-94.970703125,66.98690795898439,-5.817742347717285,108.01009368896484
-0.921142578125,0.219970703125,0.18701171875,19.4091796875,-13.427734375,-79.58984375,66.49232482910156,-10.90536403656006,101.37213134765624
-0.877685546875,0.295654296875,0.1923828125,30.57861328125,-19.22607421875,-65.12451171875,65.75042724609375,-13.207940101623535,97.1781997680664
-0.80224609375,0.404541015625,0.186279296875,32.65380859375,-12.6953125,-57.7392578125,65.587158203125,-14.02350902557373,94.46250915527344
-0.843017578125,0.51953125,0.102294921875,20.8740234375,7.6904296875,-51.45263671875,66.19911193847656,-14.897468566894533,92.0526123046875
-0.9365234375,0.461669921875,0.08203125,5.06591796875,13.97705078125,-50.84228515625,67.05430603027344,-17.084243774414062,88.9986572265625
-1.042724609375,0.282958984375,0.087158203125,-2.197265625,10.7421875,-47.4853515625,67.59011077880861,-19.951202392578125,85.62146759033203
-1.02490234375,0.277099609375,0.10205078125,9.3994140625,-6.04248046875,-40.95458984375,67.59951019287111,-21.47920227050781,83.3025131225586
-0.97509765625,0.360595703125,0.101806640625,17.15087890625,-15.13671875,-39.6728515625,67.32377624511719,-21.706287384033203,81.99234008789062
-0.93212890625,0.3916015625,0.1416015625,15.7470703125,-15.68603515625,-44.61669921875,66.90695190429689,-22.65076065063477,80.00802612304688
-0.943359375,0.3212890625,0.12939453125,9.3994140625,-13.00048828125,-58.89892578125,66.33031463623047,-24.86944961547852,76.85131072998047
-0.905029296875,0.270263671875,0.115478515625,2.25830078125,-12.02392578125,-65.85693359375,65.62277221679689,-27.951662063598636,73.07048034667969
-0.890625,0.299072265625,0.1162109375,-0.8544921875,-7.38525390625,-66.162109375,65.09770202636719,-31.098981857299805,69.39774322509766
-0.994384765625,0.221923828125,0.112060546875,-12.0849609375,-2.74658203125,-62.92724609375,64.60448455810547,-34.74697113037109,65.64189147949219
-0.993408203125,0.211669921875,0.12158203125,-11.53564453125,-5.67626953125,-51.45263671875,64.19670867919922,-37.20331573486328,63.173072814941406
-0.918212890625,0.285888671875,0.1337890625,-14.2822265625,-7.080078125,-46.69189453125,63.891502380371094,-38.95341873168945,61.58417510986328
-0.86328125,0.293212890625,0.159423828125,-18.49365234375,-0.1220703125,-52.978515625,63.59138488769531,-41.18851852416992,59.52374267578125
-0.881591796875,0.265380859375,0.13232421875,-20.20263671875,7.01904296875,-59.2041015625,63.31433868408203,-44.35498428344727,56.538612365722656
-0.966796875,0.22021484375,0.0859375,-21.54541015625,12.26806640625,-67.0166015625,62.81926345825195,-48.67214965820313,52.40800857543945
-1.0654296875,0.202392578125,0.060791015625,-21.6064453125,3.47900390625,-71.22802734375,61.9375,-52.47617721557617,48.903770446777344
-1.081787109375,0.079345703125,0.095458984375,-23.62060546875,-5.92041015625,-70.4345703125,60.59577941894531,-55.600257873535156,46.29202651977539
-1.06689453125,-0.060302734375,0.1201171875,-18.4326171875,-9.21630859375,-57.4951171875,59.60885620117188,-57.36124038696289,44.90202713012695
-1.006103515625,0.150146484375,0.125244140625,-18.4326171875,-2.86865234375,-45.22705078125,59.25096130371094,-58.749427795410156,43.90807723999024
-0.979736328125,0.1484375,0.110107421875,-32.89794921875,4.21142578125,-39.97802734375,59.22446060180664,-60.92144775390625,42.678958892822266
-1.07958984375,0.1259765625,0.089599609375,-38.2080078125,9.21630859375,-32.53173828125,59.54730224609375,-63.52610778808594,41.27888488769531
-1.15478515625,0.0693359375,0.0771484375,-32.65380859375,2.62451171875,-27.9541015625,59.76546478271485,-65.44216156005861,40.45204162597656
-1.208984375,0.010986328125,0.095703125,-23.193359375,-8.97216796875,-28.13720703125,59.67593765258789,-66.24234008789061,40.49856948852539
-1.12158203125,0.034912109375,0.1103515625,-14.46533203125,-19.775390625,-32.89794921875,59.28018188476562,-65.70238494873047,41.51004028320313
-1.0283203125,0.06298828125,0.173583984375,-15.93017578125,-20.1416015625,-32.71484375,58.86968231201172,-65.19929504394531,42.60526657104492
-0.96923828125,0.066162109375,0.185546875,-17.76123046875,-15.07568359375,-29.4189453125,58.65890121459961,-64.91862487792969,43.49433898925781
-0.923095703125,0.089111328125,0.20703125,-20.81298828125,-10.55908203125,-26.2451171875,58.718910217285156,-64.77714538574219,44.32073211669922
-0.896484375,0.075927734375,0.235107421875,-25.32958984375,-5.126953125,-22.0947265625,58.89532852172852,-64.91481018066406,44.97793960571289
-0.883056640625,0.04150390625,0.20361328125,-25.81787109375,-1.0986328125,-22.8271484375,59.07767868041992,-65.51321411132811,45.1761589050293
-0.880615234375,0.049072265625,0.161376953125,-25.146484375,4.39453125,-24.7802734375,59.41474914550781,-66.76405334472656,44.63648223876953
-0.939208984375,0.050537109375,0.15625,-26.85546875,7.50732421875,-26.18408203125,59.6593132019043,-68.22390747070311,43.955482482910156
-0.932861328125,0.056884765625,0.17236328125,-26.42822265625,5.55419921875,-22.88818359375,59.97918319702149,-69.33688354492189,43.63335418701172
-0.89404296875,0.039306640625,0.189208984375,-25.81787109375,4.21142578125,-18.37158203125,60.47943878173828,-70.01884460449219,43.71545028686523
-0.97509765625,0.0146484375,0.21142578125,-21.17919921875,1.46484375,-14.2822265625,60.924705505371094,-70.33235168457031,44.05863571166992
-0.98046875,0.0244140625,0.21240234375,-19.71435546875,-2.9296875,-12.14599609375,61.39455032348633,-70.19966888427734,44.84151077270508
-0.95361328125,0.03466796875,0.213134765625,-23.86474609375,-4.0283203125,-8.6669921875,61.96035385131836,-70.0616455078125,45.89565658569336
-0.95263671875,0.006591796875,0.217041015625,-27.9541015625,-1.8310546875,-5.4931640625,62.61140060424805,-70.11612701416016,46.83074569702149
-0.974609375,-0.00439453125,0.19091796875,-28.564453125,0.18310546875,-1.3427734375,63.4254035949707,-70.36994934082031,47.60253143310547
-1.011962890625,0.001708984375,0.173095703125,-26.85546875,-1.46484375,0.9765625,64.26808166503906,-70.34511566162111,48.59714889526367
-1.03076171875,-0.072265625,0.2021484375,-19.775390625,-8.48388671875,2.50244140625,64.92301177978516,-69.48538970947266,50.23746871948242
-0.96435546875,-0.0322265625,0.185791015625,-15.2587890625,-9.21630859375,3.11279296875,65.62447357177734,-68.27140045166016,52.05586242675781
-0.921875,-0.011474609375,0.201416015625,-15.68603515625,-5.859375,2.0751953125,66.29309844970703,-67.43330383300781,53.56165313720703
-0.938232421875,-0.013916015625,0.200927734375,-20.93505859375,-0.48828125,2.3193359375,67.03818511962889,-67.00270843505861,54.73928833007813
-0.918212890625,-0.0283203125,0.18115234375,-24.0478515625,2.44140625,1.89208984375,67.76722717285156,-67.0704345703125,55.52997589111328
-0.9208984375,-0.008056640625,0.143798828125,-21.05712890625,5.18798828125,2.38037109375,68.52915954589844,-67.51172637939453,55.80123901367188
-1.00830078125,-0.053955078125,0.1533203125,-16.54052734375,3.11279296875,-0.244140625,69.13018035888672,-67.68528747558594,56.20197296142578
-1.013671875,-0.067626953125,0.129638671875,-12.6953125,-1.953125,1.52587890625,69.69200134277344,-67.27553558349611,57.08600616455078
-0.9716796875,-0.040771484375,0.158447265625,-11.90185546875,-5.67626953125,4.57763671875,70.32283020019531,-65.96827697753906,58.8896713256836
-0.963623046875,-0.06298828125,0.167236328125,-14.5263671875,-5.43212890625,5.79833984375,70.88287353515625,-64.72004699707031,60.70732116699219
-0.941650390625,-0.022705078125,0.163818359375,-15.93017578125,-3.41796875,9.82666015625,71.65882110595703,-63.3415412902832,62.69869995117188
-0.9560546875,0.0009765625,0.165283203125,-19.04296875,-2.38037109375,15.07568359375,72.61184692382812,-61.73514938354492,65.07496643066406
-0.9921875,-0.06640625,0.155517578125,-15.9912109375,-6.103515625,13.00048828125,73.28048706054688,-59.88750839233398,67.57989501953125
-0.972900390625,-0.06884765625,0.160888671875,-11.90185546875,-8.85009765625,11.53564453125,73.7780990600586,-57.50604629516602,70.4743881225586
-0.917236328125,-0.029296875,0.14111328125,-8.7890625,-7.75146484375,11.77978515625,74.34150695800781,-54.8495979309082,73.53646850585938
-0.937255859375,-0.028564453125,0.14453125,-10.19287109375,-6.34765625,14.34326171875,74.95247650146484,-52.14171600341797,76.68506622314453
-0.934814453125,-0.04443359375,0.178466796875,-11.90185546875,-4.45556640625,21.1181640625,75.6650161743164,-48.71929168701172,80.62855529785156
-0.987060546875,-0.100830078125,0.2041015625,-11.04736328125,-3.7841796875,31.18896484375,76.57239532470703,-43.31636047363281,86.49760437011719
-0.9306640625,-0.023681640625,0.21826171875,-4.69970703125,-5.18798828125,50.10986328125,77.65071105957031,-34.05471420288086,96.14920043945312
-0.8974609375,-0.00146484375,0.262451171875,-6.65283203125,-0.18310546875,70.49560546875,78.71089935302734,-19.502111434936523,111.34918975830078
-0.9189453125,0.032470703125,0.25048828125,-9.27734375,6.89697265625,85.0830078125,79.37169647216797,0.5749815106391907,132.43989562988278
-1.066650390625,0.08642578125,0.21337890625,-9.6435546875,5.92041015625,86.24267578125,78.8900146484375,20.718793869018555,153.62399291992188
-1.094970703125,0.0791015625,0.189697265625,-10.80322265625,-2.74658203125,90.14892578125,77.1576919555664,36.14294052124024,169.9331817626953
-1.0283203125,0.0771484375,0.188720703125,-7.32421875,-5.7373046875,103.1494140625,74.19080352783203,48.20155715942383,-177.37103271484375
-0.921875,0.1962890625,0.209228515625,-2.74658203125,0.48828125,124.93896484375,70.24702453613281,57.5909538269043,-167.47764587402344
-0.91748046875,0.228271484375,0.188720703125,-0.3662109375,10.3759765625,132.01904296875,65.96086120605469,64.71155548095703,-159.85018920898438
-0.9794921875,0.207275390625,0.086669921875,3.84521484375,19.34814453125,140.625,61.347412109375,71.28356170654297,-152.97508239746094
-1.083740234375,0.315185546875,-0.02001953125,10.55908203125,14.16015625,155.57861328125,56.09529495239258,76.00537872314453,-148.15255737304688
-1.0634765625,0.3759765625,-0.01220703125,13.48876953125,2.3193359375,168.39599609375,50.16661834716797,78.97200012207031,-145.3218231201172
-0.9599609375,0.4609375,0.0537109375,10.25390625,-9.27734375,166.56494140625,44.17896270751953,79.96446990966797,-144.34706115722656
-0.697265625,0.429443359375,0.09375,0.91552734375,-11.23046875,148.3154296875,38.8192138671875,80.42385864257812,-143.6798553466797
-0.734130859375,0.336181640625,0.063232421875,5.9814453125,-0.91552734375,143.9208984375,34.15347671508789,81.28252410888672,-142.63194274902344
-0.6220703125,0.45458984375,-0.0224609375,13.427734375,1.3427734375,160.2783203125,28.37149429321289,82.71028137207031,-141.2935333251953
-0.5439453125,0.67822265625,-0.01513671875,2.44140625,11.04736328125,165.22216796875,22.301471710205078,83.66718292236328,-139.83390808105472
-0.536865234375,0.648193359375,-0.034423828125,-16.90673828125,19.287109375,155.70068359375,16.897388458251953,83.79674530029297,-138.21383666992188
-0.5546875,0.696533203125,-0.035400390625,-23.01025390625,22.52197265625,137.26806640625,12.550023078918455,83.4132308959961,-136.67269897460938
-0.579833984375,0.698486328125,0.005126953125,-26.79443359375,17.4560546875,122.6806640625,8.814970016479492,82.76201629638672,-135.35414123535156
-0.54638671875,0.66357421875,0.046630859375,-20.8740234375,8.6669921875,110.9619140625,5.629106521606445,82.13111877441406,-134.43177795410156
-0.59423828125,0.6025390625,0.0947265625,-5.7373046875,2.44140625,93.32275390625,3.637308835983277,82.24827575683594,-133.93867492675778
-0.654052734375,0.601806640625,0.04638671875,20.5078125,-4.2724609375,79.89501953125,2.0259020328521733,83.15998840332031,-133.70050048828122
-0.652099609375,0.749267578125,0.040283203125,32.04345703125,-6.65283203125,80.99365234375,0.21566620469093326,84.54427337646484,-133.61296081542972
-0.599853515625,0.8583984375,0.02880859375,27.40478515625,-2.685546875,81.9091796875,-1.8200026750564573,85.55982971191406,-133.33731079101562
-0.5224609375,0.88330078125,0.035888671875,7.6904296875,6.591796875,91.97998046875,-4.239541530609132,85.89834594726562,-132.81451416015622
-0.424072265625,0.873779296875,0.058349609375,-6.2255859375,16.90673828125,97.65625,-6.934998989105225,85.5518569946289,-131.86477661132812
-0.380859375,0.83447265625,0.057861328125,-15.2587890625,30.8837890625,96.61865234375,-9.433863639831543,84.62181091308594,-130.14056396484378
-0.395751953125,0.82177734375,0.03173828125,-21.91162109375,43.02978515625,93.6279296875,-11.6646728515625,83.45867919921875,-128.05130004882812
-0.43798828125,0.830078125,-0.000244140625,-24.0478515625,41.1376953125,87.158203125,-13.470281600952148,82.26283264160156,-126.01187133789062
-0.44189453125,0.822021484375,-0.01171875,-27.40478515625,30.94482421875,89.53857421875,-15.441404342651367,81.00428009033203,-124.44544219970705
-0.339599609375,0.77587890625,0.024169921875,-26.123046875,14.83154296875,91.73583984375,-17.523504257202152,79.87094116210938,-123.30140686035156
-0.275146484375,0.770751953125,0.024169921875,-16.2353515625,10.31494140625,83.8623046875,-19.371919631958008,79.20036315917969,-122.35105895996094
-0.21240234375,0.79736328125,0.02978515625,-7.62939453125,11.3525390625,75.50048828125,-20.918331146240234,79.00057983398438,-121.38404846191406
-0.2568359375,0.885986328125,0.003173828125,-6.53076171875,16.11328125,68.84765625,-22.12961769104004,78.70874786376953,-120.30271911621094
-0.294677734375,0.89599609375,0.02587890625,-12.3291015625,16.7236328125,70.9228515625,-23.306041717529297,78.08549499511719,-119.14031982421876
-0.28564453125,0.846923828125,0.005126953125,-14.34326171875,13.85498046875,78.06396484375,-24.83294105529785,77.44010925292969,-118.02364349365234
-0.18212890625,0.867431640625,0.027099609375,-9.46044921875,12.939453125,83.43505859375,-26.61939811706543,76.91305541992188,-116.8534164428711
-0.0576171875,1.082275390625,0.044677734375,-28.80859375,38.2080078125,66.95556640625,-32.37266159057617,72.0012435913086,-109.44853973388672
-0.103271484375,1.111083984375,0.097412109375,-37.78076171875,38.14697265625,63.65966796875,-32.93042755126953,69.50723266601561,-107.12212371826172
-0.072998046875,1.056884765625,0.150146484375,-39.306640625,35.21728515625,66.71142578125,-33.553726196289055,67.0174560546875,-104.73094177246094
-0.018310546875,1.062744140625,0.140380859375,-29.9072265625,34.66796875,71.1669921875,-34.34603881835937,64.91944885253906,-102.24148559570312
-0.013427734375,1.130615234375,0.141357421875,-11.3525390625,35.94970703125,67.2607421875,-34.740909576416016,63.95791244506836,-99.88362884521484
-0.083251953125,1.231201171875,0.091796875,11.3525390625,30.82275390625,45.34912109375,-34.50375747680664,64.10440826416016,-98.15340423583984
-0.128173828125,1.251220703125,0.10205078125,22.27783203125,22.88818359375,30.8837890625,-33.83709716796875,65.04156494140625,-97.06072998046876
-0.095458984375,1.310546875,0.047119140625,29.052734375,19.47021484375,33.50830078125,-33.60785675048828,66.34819793701172,-95.98406982421876
0.03955078125,1.395263671875,0.01025390625,23.13232421875,25.0244140625,58.89892578125,-34.263961791992195,67.08807373046875,-94.34756469726562
0.135986328125,1.49365234375,-0.0224609375,6.53076171875,32.89794921875,69.88525390625,-35.31995010375977,66.84376525878906,-92.17378997802734
0.199951171875,1.44140625,0.008544921875,-17.02880859375,37.353515625,59.50927734375,-35.6679801940918,65.35948944091797,-90.06334686279297
0.162353515625,1.142822265625,0.05517578125,-35.46142578125,35.94970703125,30.82275390625,-35.20935821533203,63.66616821289063,-88.4339370727539
0.145263671875,0.988037109375,0.125,-29.4189453125,32.3486328125,13.916015625,-34.166717529296875,62.40656280517578,-87.24854278564453
0.14794921875,0.96240234375,0.146484375,-16.66259765625,30.21240234375,-1.52587890625,-32.395275115966804,62.06062316894531,-86.61375427246094
0.1142578125,0.955078125,0.152099609375,-9.521484375,29.84619140625,-23.5595703125,-30.08875846862793,62.14825439453125,-86.34383392333984
0.060791015625,0.940185546875,0.173828125,-8.1787109375,29.4189453125,-33.5693359375,-27.39637756347656,62.35205841064453,-86.24569702148438
0.021240234375,0.925048828125,0.19921875,-4.57763671875,27.099609375,-36.92626953125,-24.63241195678711,62.74180221557617,-86.28064727783203
0.003173828125,0.977294921875,0.20703125,2.74658203125,21.484375,-35.94970703125,-22.056842803955078,63.43931579589844,-86.41352844238281
0.043701171875,1.00048828125,0.1904296875,9.27734375,16.90673828125,-27.89306640625,-20.02712631225586,64.41147613525389,-86.52407836914062
0.12548828125,1.051025390625,0.13671875,18.49365234375,14.70947265625,-14.46533203125,-18.923463821411133,65.89275360107422,-86.40294647216797
0.240234375,1.225341796875,0.050537109375,19.775390625,13.7939453125,-12.14599609375,-17.99650001525879,67.4345703125,-86.34634399414062
0.29833984375,1.287841796875,0.002197265625,8.056640625,11.16943359375,-17.08984375,-17.048187255859375,68.58047485351561,-86.44823455810547
0.336669921875,1.237060546875,-0.018798828125,-8.11767578125,11.77978515625,-19.71435546875,-16.145116806030273,68.78159332275389,-86.4498062133789
0.30908203125,1.1044921875,-0.009033203125,-27.64892578125,22.64404296875,-13.3056640625,-15.343814849853516,68.32206726074219,-86.0046615600586
0.248779296875,0.983642578125,0.014892578125,-38.14697265625,32.3486328125,-9.09423828125,-14.515669822692873,67.31223297119139,-85.1162109375
0.135986328125,0.841552734375,0.0673828125,-48.828125,36.9873046875,-8.97216796875,-13.312966346740724,65.6705322265625,-84.0213623046875
-0.027587890625,0.702392578125,0.139892578125,-50.1708984375,37.29248046875,-5.79833984375,-11.87955379486084,63.902198791503906,-82.86724090576172
-0.095703125,0.6455078125,0.148193359375,-42.78564453125,32.71484375,3.662109375,-10.65632152557373,62.4590950012207,-81.72547912597656
-0.093505859375,0.70654296875,0.16064453125,-32.16552734375,24.96337890625,16.9677734375,-10.292742729187012,61.61461639404297,-80.62805938720703
-0.01611328125,0.821533203125,0.16943359375,-22.216796875,17.76123046875,28.25927734375,-10.513203620910645,61.16594314575195,-79.56587219238281
0.074462890625,0.8720703125,0.1708984375,-21.728515625,18.4326171875,35.82763671875,-11.200056076049805,60.73176574707031,-78.33197021484375
0.084716796875,0.919921875,0.156982421875,-20.56884765625,22.705078125,39.36767578125,-11.89850902557373,60.34272766113281,-76.83595275878906
0.0810546875,0.95751953125,0.138427734375,-18.798828125,24.35302734375,39.24560546875,-12.527765274047852,60.07380294799805,-75.34996032714844
0.099365234375,0.98681640625,0.1201171875,-14.22119140625,22.3388671875,36.376953125,-13.111074447631836,60.05714797973633,-74.00924682617188
0.099853515625,1.05126953125,0.10791015625,-9.521484375,18.4326171875,28.99169921875,-13.47518825531006,60.40673446655274,-73.07266235351562
0.152587890625,1.0703125,0.08642578125,-8.9111328125,14.7705078125,17.76123046875,-13.637422561645508,60.80883407592773,-72.4119644165039
0.130126953125,1.0966796875,0.08056640625,-13.36669921875,16.90673828125,9.70458984375,-13.424118995666506,61.05692672729492,-71.84025573730469
0.075439453125,0.995849609375,0.1201171875,-18.98193359375,17.2119140625,0.79345703125,-12.721717834472654,61.00259017944336,-71.38053894042969
-0.007568359375,0.934814453125,0.143310546875,-14.2822265625,17.7001953125,-0.67138671875,-11.86876392364502,61.09445571899414,-70.93572998046875
-0.072509765625,0.913330078125,0.167236328125,-7.62939453125,14.5263671875,-0.244140625,-10.965401649475098,61.4106330871582,-70.56962585449219
-0.058349609375,0.94189453125,0.1728515625,-0.244140625,9.21630859375,2.38037109375,-10.473722457885742,62.11016082763672,-70.32234191894531
0.042236328125,1.052978515625,0.19384765625,2.01416015625,7.99560546875,9.21630859375,-10.344646453857422,62.78763961791992,-69.98481750488281
0.107177734375,1.12744140625,0.1748046875,0.732421875,13.24462890625,11.8408203125,-10.34939956665039,63.40503692626953,-69.41578674316406
0.139404296875,1.151123046875,0.187255859375,-1.77001953125,20.08056640625,11.41357421875,-10.192278861999512,63.87137985229492,-68.57133483886719
0.142333984375,1.195068359375,0.157470703125,2.9296875,22.0947265625,1.64794921875,-9.751846313476562,64.56208801269531,-67.86082458496094
0.1171875,1.21044921875,0.14306640625,8.6669921875,17.822265625,-11.04736328125,-8.902837753295898,65.55448150634766,-67.51458740234375
0.10205078125,1.219970703125,0.1181640625,14.2822265625,12.26806640625,-27.28271484375,-7.4289493560791025,66.96373748779297,-67.73504638671875
0.1142578125,1.2490234375,0.07421875,15.31982421875,9.70458984375,-39.24560546875,-5.760986804962157,68.35581970214844,-68.06640625
0.109130859375,1.24267578125,0.041259765625,7.38525390625,10.1318359375,-40.71044921875,-4.0829739570617685,69.42357635498047,-68.34635925292969
0.1416015625,1.1884765625,0.00341796875,-5.4931640625,13.73291015625,-37.2314453125,-2.638933658599853,69.81616973876953,-68.30659484863281
0.087646484375,1.059814453125,0.008544921875,-21.05712890625,18.798828125,-34.11865234375,-1.1928223371505735,69.72006988525389,-68.10249328613281
0.03076171875,0.962646484375,0.03564453125,-28.1982421875,19.04296875,-36.56005859375,0.4100704789161682,69.28699493408203,-67.91025543212889
-0.025634765625,0.850341796875,0.08349609375,-33.8134765625,14.95361328125,-38.818359375,2.1636552810668945,68.457763671875,-67.94188690185547
-0.04443359375,0.754150390625,0.11083984375,-32.04345703125,9.3994140625,-38.4521484375,3.774489641189575,67.67050170898439,-68.14437866210939
-0.055908203125,0.755615234375,0.134521484375,-26.85546875,4.69970703125,-38.4521484375,5.280784606933594,67.03275299072266,-68.52889251708984
-0.075439453125,0.786865234375,0.144287109375,-25.08544921875,-1.52587890625,-37.53662109375,6.6419997215271,66.46996307373047,-69.17527770996094
-0.10498046875,0.822021484375,0.1435546875,-26.55029296875,-7.14111328125,-33.63037109375,7.782668590545653,65.82929992675781,-69.9228515625
-0.088623046875,0.81396484375,0.169677734375,-31.005859375,-11.77978515625,-26.30615234375,8.481789588928223,64.94337463378906,-70.73031616210938
-0.060302734375,0.830078125,0.17919921875,-34.0576171875,-10.68115234375,-11.41357421875,8.269265174865723,63.92010116577149,-71.13255310058594
0.0283203125,0.83935546875,0.238525390625,-39.6728515625,1.89208984375,9.33837890625,7.574394702911378,62.76272583007813,-70.83375549316406
0.036376953125,0.8076171875,0.248291015625,-37.7197265625,15.56396484375,23.5595703125,6.636786937713622,61.77034759521485,-69.78187561035156
0.0390625,0.84521484375,0.2626953125,-29.4189453125,28.74755859375,33.69140625,5.6249423027038565,61.38338088989258,-67.87579345703125
0.035888671875,0.8798828125,0.26171875,-13.671875,40.34423828125,39.12353515625,4.710241317749023,61.49728775024414,-65.65714263916016
0.082275390625,0.9677734375,0.2314453125,2.50244140625,44.49462890625,39.306640625,3.788718223571777,62.345947265625,-63.29644393920898
0.071533203125,1.033447265625,0.2275390625,12.0849609375,48.33984375,34.1796875,3.2912256717681885,63.64778900146485,-60.90814208984375
0.0126953125,1.067138671875,0.1884765625,10.19287109375,52.91748046875,22.8271484375,3.2289321422576904,64.81449890136719,-58.566162109375
-0.0107421875,1.05322265625,0.1767578125,2.74658203125,58.2275390625,19.8974609375,3.371846914291382,65.6678466796875,-56.0797233581543
-0.070068359375,1.028076171875,0.16748046875,-4.7607421875,63.232421875,18.9208984375,3.772761344909668,66.07310485839844,-53.39305114746094
-0.105712890625,0.99755859375,0.1572265625,-12.5732421875,64.3310546875,17.39501953125,4.2564406394958505,66.32857513427734,-50.71277236938477
-0.082275390625,0.986572265625,0.150390625,-15.13671875,60.6689453125,13.24462890625,4.755724906921387,66.49121856689453,-48.2252082824707
-0.03515625,0.988525390625,0.14794921875,-14.46533203125,58.59375,9.6435546875,5.240568161010742,66.74455261230469,-45.86648559570313
-0.043701171875,1.014404296875,0.15478515625,-13.36669921875,61.46240234375,3.11279296875,5.976014137268066,66.99935150146484,-43.49151992797852
-0.065185546875,0.94970703125,0.157470703125,-11.5966796875,63.04931640625,2.50244140625,6.774136066436768,67.32312774658203,-41.05650329589844
-0.066650390625,0.926513671875,0.150634765625,-4.82177734375,61.70654296875,6.53076171875,7.250034809112549,68.03740692138672,-38.61666870117188
-0.037841796875,0.95458984375,0.133544921875,8.4228515625,56.7626953125,8.1787109375,7.5725998878479,69.20532989501953,-36.29566955566406
-0.0224609375,1.00537109375,0.10205078125,14.404296875,50.84228515625,1.3427734375,7.970673561096191,70.62452697753906,-34.27279663085937
0.0234375,1.03955078125,0.07958984375,14.7705078125,46.142578125,-6.591796875,8.479457855224611,71.94791412353516,-32.55982208251953
0.037353515625,1.011474609375,0.082763671875,6.591796875,48.828125,-7.75146484375,8.943807601928711,73.00077819824219,-30.692930221557614
-0.0029296875,0.94384765625,0.103515625,-1.03759765625,54.99267578125,-3.173828125,9.343852043151855,73.70870208740234,-28.528823852539066
-0.03125,0.91455078125,0.105224609375,-3.23486328125,59.814453125,4.638671875,9.43962574005127,74.35124206542969,-26.00395774841309
-0.026611328125,0.964111328125,0.098388671875,-3.173828125,63.17138671875,14.58740234375,9.227678298950195,75.02972412109375,-23.31629943847656
-0.007568359375,0.99755859375,0.08447265625,-5.55419921875,64.0869140625,17.9443359375,8.83052921295166,75.62226104736328,-20.559410095214844
0.026123046875,1.029296875,0.124267578125,-7.4462890625,62.6220703125,15.93017578125,8.427627563476562,75.95521545410156,-17.90321159362793
0.04736328125,0.975341796875,0.141357421875,-6.53076171875,65.73486328125,13.427734375,8.087222099304201,76.30157470703125,-15.16152572631836
0.06298828125,0.964599609375,0.154541015625,0.30517578125,70.80078125,14.22119140625,7.7167015075683585,76.88420104980469,-12.224217414855955
0.049560546875,0.9580078125,0.1630859375,7.01904296875,78.06396484375,14.58740234375,7.408643245697021,77.83695983886719,-8.909172058105469
0.0380859375,1.003662109375,0.14306640625,14.70947265625,88.5009765625,14.5263671875,7.158644199371338,79.0309829711914,-5.279653549194336
