-0.001220703125,0.989013671875,-0.050537109375,-7.50732421875,-4.45556640625,1.89208984375,-2.40421462059021,85.16358947753906,-97.41145324707031
-0.005859375,0.97900390625,-0.059814453125,-7.99560546875,-4.69970703125,2.3193359375,-2.403278350830078,85.16675567626953,-97.6051254272461
-0.001708984375,0.970458984375,-0.057373046875,-8.23974609375,-4.57763671875,2.38037109375,-2.413975715637207,85.15538024902344,-97.79349517822266
-0.01416015625,0.98779296875,-0.06884765625,-8.1787109375,-5.18798828125,2.01416015625,-2.383342981338501,85.17172241210938,-98.00856018066406
0.00146484375,0.971435546875,-0.04052734375,-7.62939453125,-3.96728515625,1.953125,-2.3830759525299072,85.14424896240234,-98.17219543457031
-0.006103515625,0.977783203125,-0.054931640625,-8.1787109375,-5.0048828125,1.77001953125,-2.361589908599853,85.1302719116211,-98.37923431396484
0.003173828125,0.975341796875,-0.064453125,-7.62939453125,-4.45556640625,2.0751953125,-2.372906446456909,85.16011047363281,-98.56409454345705
-0.003173828125,0.9970703125,-0.0634765625,-8.23974609375,-4.33349609375,2.01416015625,-2.3663034439086914,85.15874481201172,-98.74417114257812
-0.009033203125,0.97607421875,-0.059326171875,-7.75146484375,-3.96728515625,1.89208984375,-2.3401196002960205,85.16983032226562,-98.90977478027344
0.0,0.995361328125,-0.064208984375,-7.9345703125,-5.06591796875,1.953125,-2.3419008255004883,85.18331146240234,-99.119140625
0.00341796875,0.980712890625,-0.051025390625,-7.8125,-4.8828125,2.01416015625,-2.3531861305236816,85.17274475097656,-99.31983184814452
-0.00732421875,0.986083984375,-0.0703125,-8.544921875,-4.82177734375,2.0751953125,-2.341801881790161,85.17657470703125,-99.5198211669922
0.005859375,0.984619140625,-0.06494140625,-8.9111328125,-5.126953125,2.01416015625,-2.359685182571411,85.15411376953125,-99.73151397705078
-0.013427734375,0.984619140625,-0.059814453125,-7.62939453125,-4.45556640625,2.25830078125,-2.3399617671966557,85.17092895507812,-99.9154052734375
0.011474609375,0.98046875,-0.049072265625,-8.544921875,-5.2490234375,2.25830078125,-2.3809189796447754,85.12767791748047,-100.12964630126952
-0.000732421875,0.985595703125,-0.0673828125,-7.75146484375,-4.8828125,2.01416015625,-2.3177266120910645,85.11892700195312,-100.9494857788086
0.003173828125,0.980712890625,-0.047119140625,-7.9345703125,-4.33349609375,1.89208984375,-2.322958946228028,85.09606170654297,-101.12816619873048
0.0009765625,0.97900390625,-0.0546875,-7.26318359375,-4.45556640625,2.01416015625,-2.32824444770813,85.1187744140625,-101.31207275390624
-0.00634765625,0.973876953125,-0.05419921875,-7.32421875,-4.39453125,2.50244140625,-2.3354272842407227,85.13751220703125,-101.49201202392578
-0.013427734375,0.98095703125,-0.061279296875,-8.30078125,-4.69970703125,1.953125,-2.305332660675049,85.13235473632812,-101.6866455078125
-0.00341796875,0.978515625,-0.048828125,-7.6904296875,-4.82177734375,2.0751953125,-2.304612398147583,85.12361907958984,-101.88436126708984
0.003662109375,0.978271484375,-0.0595703125,-7.8125,-4.94384765625,1.708984375,-2.3063082695007324,85.13536834716797,-102.08908081054688
-0.002197265625,0.982177734375,-0.06103515625,-8.056640625,-5.06591796875,2.13623046875,-2.311734199523926,85.13986206054688,-102.29744720458984
-0.000244140625,0.990478515625,-0.056640625,-7.99560546875,-4.82177734375,1.64794921875,-2.301206350326538,85.13512420654297,-102.49723052978516
-0.004150390625,0.97216796875,-0.052978515625,-7.8125,-4.8828125,2.3193359375,-2.3088364601135254,85.13182830810547,-102.6969757080078
0.00537109375,0.97900390625,-0.06005859375,-7.62939453125,-5.126953125,2.197265625,-2.334265947341919,85.1518783569336,-102.90746307373048
-0.001708984375,0.9736328125,-0.060546875,-7.4462890625,-4.57763671875,1.8310546875,-2.3258843421936035,85.1795425415039,-103.09750366210938
0.0068359375,0.9833984375,-0.06201171875,-7.9345703125,-4.69970703125,2.01416015625,-2.345179557800293,85.18875122070312,-103.2917938232422
-0.00732421875,0.9931640625,-0.067626953125,-7.99560546875,-4.82177734375,2.3193359375,-2.343806505203247,85.20665740966797,-103.49065399169922
-0.007568359375,0.97119140625,-0.0556640625,-7.99560546875,-5.2490234375,1.5869140625,-2.313632011413574,85.2003402709961,-103.70791625976562
0.000244140625,0.96875,-0.056396484375,-7.62939453125,-4.69970703125,2.3193359375,-2.3302206993103027,85.2099380493164,-103.90076446533205
-0.008056640625,0.9755859375,-0.0556640625,-8.4228515625,-4.69970703125,2.01416015625,-2.314763307571411,85.18486022949219,-104.09464263916016
0.00341796875,0.9873046875,-0.057373046875,-7.99560546875,-4.57763671875,2.3193359375,-2.338268756866455,85.18001556396484,-104.28258514404295
-0.0009765625,0.99951171875,-0.0634765625,-7.9345703125,-4.638671875,2.25830078125,-2.3486101627349854,85.19013214111328,-104.47382354736328
-0.0029296875,0.986328125,-0.05419921875,-7.9345703125,-5.126953125,1.8310546875,-2.338515520095825,85.18141174316406,-104.6852035522461
-0.00927734375,0.9833984375,-0.066162109375,-7.8125,-4.638671875,1.953125,-2.3176002502441406,85.20480346679688,-104.8778305053711
-0.003662109375,0.980712890625,-0.066162109375,-8.4228515625,-4.638671875,1.77001953125,-2.303108692169189,85.20323944091797,-105.07090759277344
-0.001708984375,0.982666015625,-0.055419921875,-7.75146484375,-4.94384765625,2.0751953125,-2.3066647052764893,85.20413970947266,-105.27406311035156
-0.005615234375,0.9873046875,-0.066650390625,-7.6904296875,-4.39453125,2.50244140625,-2.3164613246917725,85.23150634765625,-105.45499420166016
-0.0068359375,0.987060546875,-0.056396484375,-7.99560546875,-4.57763671875,1.89208984375,-2.299225091934204,85.22261810302734,-105.6443099975586
0.001708984375,0.9921875,-0.060546875,-8.48388671875,-4.21142578125,1.8310546875,-2.2987632751464844,85.20270538330078,-105.81940460205078
0.002197265625,0.97705078125,-0.06298828125,-8.60595703125,-4.45556640625,2.38037109375,-2.322223663330078,85.18680572509766,-106.00277709960938
0.0048828125,0.9921875,-0.061279296875,-8.30078125,-4.82177734375,2.0751953125,-2.3398711681365967,85.17832946777344,-106.20160675048828
-0.009521484375,0.991943359375,-0.058349609375,-7.6904296875,-4.638671875,2.50244140625,-2.3402743339538574,85.18765258789062,-106.3917007446289
0.00048828125,0.9892578125,-0.056396484375,-8.11767578125,-5.18798828125,2.197265625,-2.353137493133545,85.17642974853516,-106.60445404052734
-0.005859375,0.975830078125,-0.06103515625,-7.4462890625,-4.150390625,1.953125,-2.3377926349639893,85.20327758789062,-106.7772216796875
-0.000732421875,0.973876953125,-0.05224609375,-7.01904296875,-4.39453125,2.0751953125,-2.3403971195220947,85.2264633178711,-106.95838928222656
-0.003662109375,0.97216796875,-0.046142578125,-7.8125,-4.150390625,1.8310546875,-2.3255045413970947,85.20267486572266,-107.13007354736328
-0.004638671875,0.988525390625,-0.064453125,-7.62939453125,-4.638671875,1.953125,-2.315739631652832,85.22785186767578,-107.32240295410156
-0.01171875,0.9892578125,-0.0556640625,-7.9345703125,-4.94384765625,2.01416015625,-2.293401002883911,85.22015380859375,-107.52589416503906
0.0048828125,0.98486328125,-0.054443359375,-7.50732421875,-4.8828125,2.01416015625,-2.3098180294036865,85.2275161743164,-107.7266082763672
-0.009033203125,1.016357421875,-0.0849609375,-7.568359375,-4.638671875,2.5634765625,-2.3154675960540767,85.29556274414062,-107.91860961914062
-0.017822265625,0.985595703125,-0.079345703125,-7.38525390625,-4.5166015625,2.0751953125,-2.2801313400268555,85.36085510253906,-108.10709381103516
-0.0087890625,0.96142578125,-0.024169921875,-7.8125,-5.18798828125,1.77001953125,-2.255644559860229,85.2827377319336,-108.31808471679688
-0.01318359375,1.08642578125,-0.179443359375,-11.1083984375,-4.45556640625,3.0517578125,-2.2762815952301025,85.3865966796875,-108.508056640625
0.27734375,0.786865234375,-0.246826171875,-21.17919921875,14.404296875,-7.38525390625,-2.582708835601806,85.31414794921875,-107.98532104492188
0.009033203125,0.9521484375,-0.1220703125,5.43212890625,16.4794921875,14.34326171875,-3.025824069976806,85.95610046386719,-107.30592346191406
-0.08447265625,0.935302734375,0.01806640625,-16.6015625,16.41845703125,-1.0986328125,-2.610609769821167,85.36148071289062,-106.66146850585938
-0.084228515625,0.992431640625,0.091796875,-8.85009765625,26.3671875,-1.15966796875,-2.184457302093506,84.9227523803711,-105.6134262084961
0.053955078125,1.07177734375,0.074462890625,-5.92041015625,28.3203125,-10.31494140625,-1.7034132480621338,84.67737579345703,-104.52130126953124
0.054443359375,1.3056640625,-0.123779296875,-22.76611328125,41.19873046875,-39.73388671875,6.139015197753906,81.75054168701172,-100.43875885009766
0.02880859375,1.2587890625,-0.1064453125,-4.08935546875,32.5927734375,-25.32958984375,7.026724815368652,82.22419738769531,-99.22348022460938
0.021484375,1.27099609375,-0.0654296875,9.70458984375,21.6064453125,-12.51220703125,7.3159027099609375,83.12425231933594,-98.3725814819336
0.01806640625,1.39208984375,0.009033203125,12.939453125,13.36669921875,0.732421875,7.026651859283447,83.9540023803711,-97.80359649658205
0.025634765625,1.49658203125,0.050537109375,-1.15966796875,16.4794921875,13.427734375,6.242968559265138,84.13984680175781,-97.07017517089844
0.083984375,1.559326171875,0.193603515625,-24.5361328125,23.62060546875,28.3203125,4.853184700012207,83.19891357421875,-96.00748443603516
0.078857421875,1.309326171875,0.14111328125,35.33935546875,-38.2080078125,34.7900390625,-12.507575988769533,82.73701477050781,-95.62272644042969
0.034912109375,1.329833984375,0.152099609375,7.14111328125,-49.37744140625,9.521484375,-12.678183555603027,83.46578979492188,-97.58902740478516
0.13818359375,1.18310546875,0.1416015625,-18.12744140625,-49.49951171875,-10.92529296875,-12.226563453674315,83.16060638427734,-99.64977264404295
-0.06640625,0.884033203125,-0.041259765625,0.0,-38.14697265625,44.43359375,-6.831845760345459,87.01728820800781,-113.64334106445312
-0.05859375,0.8349609375,-0.06005859375,-1.3427734375,-52.734375,49.1943359375,-8.457765579223633,87.50276184082031,-115.71273803710938
-0.061279296875,0.90478515625,0.0341796875,3.60107421875,-60.1806640625,49.31640625,-10.020527839660645,88.024658203125,-118.07766723632812
-0.053955078125,0.881103515625,0.004150390625,10.3759765625,-53.955078125,43.39599609375,-11.266983032226562,88.89070129394531,-120.23848724365234
0.01025390625,0.859130859375,-0.11181640625,20.01953125,-57.9833984375,42.3583984375,-12.543771743774414,90.50935363769531,-122.66558837890624
-0.04541015625,0.810546875,-0.10546875,41.8701171875,-55.35888671875,42.236328125,-13.536261558532715,92.97331237792969,-125.04196166992188
0.0029296875,0.729736328125,-0.125,55.72509765625,-60.9130859375,31.92138671875,-14.080750465393065,96.08391571044922,-127.6985321044922
0.065673828125,0.724365234375,-0.15185546875,55.7861328125,-61.58447265625,24.5361328125,-14.358323097229006,99.18763732910156,-130.3983154296875
0.040283203125,0.755859375,-0.20654296875,60.85205078125,-62.56103515625,23.0712890625,-14.332596778869627,102.52972412109376,-133.16152954101562
-0.1064453125,0.7998046875,-0.2470703125,56.82373046875,-45.83740234375,23.0712890625,-13.93886947631836,105.47975158691406,-135.25131225585938
0.01708984375,0.820068359375,-0.275390625,54.26025390625,-48.2177734375,34.0576171875,-14.165714263916016,108.32422637939452,-137.57975769042972
-0.101806640625,0.755859375,-0.22021484375,53.3447265625,-37.7197265625,33.3251953125,-14.07237148284912,110.82886505126952,-139.46806335449222
0.016357421875,0.78759765625,-0.2548828125,54.87060546875,-47.36328125,39.24560546875,-14.292448043823242,113.48553466796876,-141.84756469726562
0.00634765625,0.775146484375,-0.25439453125,53.3447265625,-42.96875,32.65380859375,-14.210607528686525,115.92446899414062,-143.9554443359375
0.08056640625,0.782958984375,-0.32763671875,50.537109375,-41.8701171875,32.1044921875,-14.234917640686035,118.32994079589844,-146.0559539794922
0.013916015625,0.719482421875,-0.346435546875,49.74365234375,-30.029296875,23.25439453125,-13.928193092346193,120.57801818847656,-147.5675811767578
0.197998046875,0.750732421875,-0.3896484375,46.56982421875,-24.2919921875,23.681640625,-14.191244125366213,122.63731384277344,-148.89930725097656
0.048095703125,0.7490234375,-0.401123046875,51.1474609375,-20.08056640625,26.42822265625,-14.188629150390625,124.80712890625,-150.13958740234375
0.142822265625,0.67041015625,-0.4033203125,63.90380859375,-18.06640625,37.109375,-14.801637649536133,127.5804214477539,-151.60537719726562
0.153076171875,0.660888671875,-0.41748046875,76.11083984375,-12.6953125,38.14697265625,-15.512271881103516,130.77198791503906,-152.95217895507812
0.134033203125,0.677978515625,-0.370361328125,79.52880859375,-8.48388671875,35.82763671875,-16.129280090332028,133.80027770996094,-154.0774383544922
0.111083984375,0.75146484375,-0.37255859375,80.9326171875,-12.3291015625,38.14697265625,-16.53995704650879,136.74447631835938,-155.36325073242188
0.19482421875,0.714111328125,-0.411376953125,76.0498046875,-17.2119140625,45.166015625,-17.126655578613278,139.65852355957028,-157.0545654296875
0.20263671875,0.65576171875,-0.441650390625,69.82421875,-14.58740234375,48.095703125,-17.79475975036621,142.40780639648438,-158.8191375732422
0.17919921875,0.6240234375,-0.473876953125,61.46240234375,-12.51220703125,45.34912109375,-18.293947219848636,144.8223876953125,-160.47476196289062
0.199462890625,0.638671875,-0.490478515625,61.03515625,-13.61083984375,41.07666015625,-18.618513107299805,147.12269592285156,-162.00868225097656
0.180419921875,0.638916015625,-0.509521484375,60.11962890625,-14.5263671875,38.4521484375,-18.726776123046875,149.32139587402344,-163.46670532226562
0.207763671875,0.6650390625,-0.568359375,56.640625,-14.2822265625,41.6259765625,-18.87798309326172,151.4166259765625,-165.04562377929688
0.253173828125,0.60009765625,-0.60107421875,52.3681640625,-10.68115234375,45.5322265625,-19.27826690673828,153.48448181152344,-166.74925231933594
0.25390625,0.580810546875,-0.613037109375,51.94091796875,-9.58251953125,48.828125,-19.70122528076172,155.5684051513672,-168.56846618652344
0.293701171875,0.5263671875,-0.6298828125,51.69677734375,-11.1083984375,53.8330078125,-20.16977310180664,157.81004333496094,-170.65261840820312
0.2744140625,0.51123046875,-0.645751953125,52.42919921875,-8.85009765625,51.57470703125,-20.541423797607425,160.02696228027344,-172.61727905273438
0.2685546875,0.527099609375,-0.644775390625,56.15234375,-8.544921875,47.7294921875,-20.77357292175293,162.2305145263672,-174.3939208984375
0.27490234375,0.536376953125,-0.64208984375,56.0302734375,-7.9345703125,46.20361328125,-20.957738876342773,164.30955505371094,-176.0733642578125
0.306884765625,0.502685546875,-0.671142578125,52.8564453125,-7.568359375,46.9970703125,-21.16123962402344,166.3275604248047,-177.8064727783203
0.29736328125,0.41455078125,-0.69921875,44.98291015625,-2.44140625,42.96875,-21.438337326049805,168.11929321289062,-179.38467407226562
0.285400390625,0.4599609375,-0.677978515625,50.84228515625,-3.72314453125,26.611328125,-21.469995498657227,169.69776916503906,-180.2147674560547
0.302490234375,0.557373046875,-0.67919921875,52.55126953125,-4.45556640625,19.83642578125,-21.432456970214844,170.9906463623047,-180.6725311279297
0.3349609375,0.61572265625,-0.720458984375,48.33984375,-5.06591796875,24.84130859375,-21.41924285888672,172.11338806152344,-181.3175506591797
0.369384765625,0.44091796875,-0.751953125,40.10009765625,-1.52587890625,43.212890625,-21.6966552734375,173.53619384765625,-182.8544006347656
0.348876953125,0.3603515625,-0.773681640625,45.34912109375,-0.6103515625,47.79052734375,-21.92107582092285,175.3951416015625,-184.63938903808597
0.3291015625,0.374755859375,-0.75927734375,51.7578125,-5.2490234375,45.59326171875,-21.86054039001465,177.36094665527344,-186.29872131347656
0.318359375,0.40380859375,-0.791015625,55.6640625,-11.3525390625,39.55078125,-21.44620132446289,179.2701873779297,-187.65756225585938
0.379150390625,0.34521484375,-0.818359375,54.6875,-11.1083984375,36.62109375,-21.125362396240234,-178.81394958496094,171.08074951171875
0.385498046875,0.365234375,-0.842529296875,54.99267578125,-5.79833984375,36.56005859375,-20.98046112060547,-176.98721313476562,169.86038208007812
0.390625,0.33544921875,-0.847412109375,56.0302734375,-3.41796875,38.9404296875,-20.898956298828125,-175.08201599121094,168.5387420654297
0.364501953125,0.31005859375,-0.820068359375,54.931640625,1.64794921875,41.07666015625,-20.943742752075195,-173.2256622314453,167.12744140625
0.348388671875,0.3037109375,-0.8251953125,55.48095703125,0.54931640625,38.39111328125,-20.87632369995117,-171.44737243652344,165.86166381835938
0.37841796875,0.329345703125,-0.8017578125,52.30712890625,-1.77001953125,32.77587890625,-20.814876556396484,-170.00991821289062,164.89590454101562
0.397705078125,0.2841796875,-0.80419921875,44.86083984375,-1.953125,36.2548828125,-20.73813247680664,-168.7622528076172,163.7699737548828
0.398681640625,0.273193359375,-0.80517578125,42.05322265625,-3.60107421875,40.10009765625,-20.5470027923584,-167.59747314453125,162.51100158691406
0.378662109375,0.22265625,-0.810546875,39.85595703125,-4.2724609375,42.17529296875,-20.23927879333496,-166.43455505371094,161.15782165527344
0.363037109375,0.19775390625,-0.8046875,40.4052734375,-4.21142578125,40.6494140625,-19.90198516845703,-165.27444458007812,159.8737335205078
0.334228515625,0.210205078125,-0.805419921875,36.43798828125,-1.0986328125,34.24072265625,-19.67775535583496,-164.4443817138672,158.85443115234375
0.36083984375,0.13330078125,-0.82275390625,27.16064453125,-3.173828125,24.2919921875,-19.50752067565918,-163.96522521972656,158.21031188964844
0.383056640625,0.11767578125,-0.849609375,24.0478515625,-3.41796875,17.4560546875,-19.424785614013672,-163.6732635498047,157.83717346191406
0.387939453125,0.09716796875,-0.858154296875,24.59716796875,-2.50244140625,14.83154296875,-19.40569877624512,-163.3506622314453,157.54673767089844
0.390625,0.108154296875,-0.824462890625,26.0009765625,-0.3662109375,17.27294921875,-19.4822998046875,-162.970947265625,157.1455535888672
0.40625,0.10009765625,-0.8115234375,25.81787109375,0.244140625,19.53125,-19.597118377685547,-162.5531005859375,156.64334106445312
0.39208984375,0.072021484375,-0.828125,25.7568359375,2.01416015625,18.798828125,-19.724668502807614,-162.09002685546875,156.13475036621094
0.388427734375,0.07666015625,-0.837158203125,24.71923828125,3.11279296875,19.22607421875,-19.863773345947266,-161.68582153320312,155.6068878173828
0.393310546875,0.06201171875,-0.819091796875,22.15576171875,2.197265625,17.76123046875,-20.005022048950195,-161.38462829589844,155.14505004882812
0.396728515625,0.03564453125,-0.815185546875,15.625,0.48828125,17.822265625,-20.07933807373047,-161.29519653320312,154.6872100830078
0.385009765625,0.033935546875,-0.802978515625,9.033203125,-3.23486328125,14.09912109375,-20.044408798217773,-161.54196166992188,154.43235778808594
0.410888671875,0.03759765625,-0.79833984375,4.7607421875,-7.26318359375,11.962890625,-19.950668334960934,-161.99855041503906,154.31253051757812
0.39599609375,0.03173828125,-0.8017578125,-3.23486328125,-9.8876953125,12.20703125,-19.720417022705078,-162.75804138183594,154.20278930664062
0.399169921875,0.061279296875,-0.831298828125,-6.591796875,-13.3056640625,9.765625,-19.41123962402344,-163.79432678222656,154.26168823242188
0.410400390625,0.037109375,-0.879638671875,-8.85009765625,-11.3525390625,8.60595703125,-19.13828659057617,-164.77651977539062,154.27418518066406
0.408935546875,0.027587890625,-0.87109375,-4.638671875,-8.72802734375,9.46044921875,-18.97188377380371,-165.50755310058594,154.1922607421875
0.396728515625,0.0009765625,-0.901611328125,1.28173828125,-6.65283203125,7.87353515625,-18.792612075805664,-165.86676025390625,154.04348754882812
0.405029296875,0.009765625,-0.840087890625,1.220703125,-6.16455078125,9.33837890625,-18.761873245239254,-166.26934814453125,153.90196228027344
0.353759765625,0.010009765625,-0.81689453125,-0.9765625,-5.859375,4.08935546875,-18.702123641967773,-166.82472229003906,153.96900939941406
0.385498046875,0.081787109375,-0.86181640625,-3.662109375,-7.9345703125,-0.79345703125,-18.636310577392575,-167.8224334716797,154.30105590820312
0.411376953125,0.0146484375,-0.888671875,-7.38525390625,-7.26318359375,1.3427734375,-18.604103088378906,-168.61766052246094,154.46763610839844
0.408935546875,-0.01220703125,-0.90576171875,-1.708984375,-4.5166015625,1.89208984375,-18.64957046508789,-169.0767364501953,154.55516052246094
0.41259765625,0.025390625,-0.87353515625,4.33349609375,-4.21142578125,0.732421875,-18.806583404541016,-169.3616180419922,154.69468688964844
0.392822265625,0.015625,-0.85009765625,2.13623046875,-2.74658203125,2.13623046875,-18.934913635253906,-169.69821166992188,154.7702178955078
0.4228515625,0.047119140625,-0.85009765625,-1.40380859375,-5.18798828125,3.41796875,-19.021730422973636,-170.2253875732422,154.83042907714844
0.403076171875,-0.00146484375,-0.86279296875,-5.43212890625,-6.40869140625,4.94384765625,-19.01896476745605,-170.75613403320312,154.7675018310547
0.416748046875,0.019287109375,-0.86572265625,-5.06591796875,-6.16455078125,5.2490234375,-19.019428253173828,-171.2984619140625,154.7188262939453
0.418212890625,-0.0078125,-0.8779296875,-2.74658203125,-4.638671875,6.103515625,-19.063032150268555,-171.64466857910156,154.59375
0.400146484375,-0.0419921875,-0.8701171875,-0.06103515625,-5.126953125,4.8828125,-19.0439395904541,-171.78811645507812,154.5260467529297
0.402099609375,0.010986328125,-0.862548828125,2.25830078125,-7.26318359375,3.60107421875,-18.981365203857425,-172.00253295898438,154.5293426513672
0.403076171875,0.0166015625,-0.8759765625,2.01416015625,-7.32421875,3.173828125,-18.91025924682617,-172.23826599121094,154.55123901367188
0.41455078125,0.001953125,-0.8818359375,0.1220703125,-6.7138671875,5.859375,-18.89653205871582,-172.51426696777344,154.426025390625
0.4150390625,-0.03369140625,-0.899169921875,-1.28173828125,-4.57763671875,7.50732421875,-18.912717819213867,-172.6742706298828,154.20175170898438
0.408447265625,0.001953125,-0.881591796875,2.99072265625,-4.57763671875,6.65283203125,-18.93972396850586,-172.75477600097656,154.0387725830078
0.414794921875,0.0029296875,-0.881103515625,3.11279296875,-3.96728515625,8.4228515625,-18.991252899169922,-172.84283447265625,153.805908203125
0.414794921875,-0.0244140625,-0.85693359375,3.47900390625,-4.2724609375,7.8125,-19.05772018432617,-172.8115692138672,153.5677947998047
0.41259765625,-0.02685546875,-0.86572265625,4.39453125,-4.94384765625,6.89697265625,-19.08536148071289,-172.75340270996094,153.37074279785156
0.411376953125,-0.0087890625,-0.86328125,2.8076171875,-6.103515625,6.8359375,-19.07155990600586,-172.87326049804688,153.20567321777344
0.400146484375,-0.01513671875,-0.853759765625,-3.0517578125,-5.67626953125,6.7138671875,-19.058032989501953,-173.14529418945312,153.0288848876953
0.42578125,-0.039794921875,-0.875732421875,-3.2958984375,-5.92041015625,6.7138671875,-19.065673828125,-173.3547821044922,152.82850646972656
0.410400390625,-0.046875,-0.897705078125,0.732421875,-4.2724609375,7.2021484375,-19.08935546875,-173.34231567382812,152.61416625976562
0.4189453125,-0.007568359375,-0.873291015625,4.94384765625,-3.60107421875,6.2255859375,-19.181257247924805,-173.29656982421875,152.44577026367188
0.413818359375,-0.004638671875,-0.87060546875,2.0751953125,-1.77001953125,6.77490234375,-19.33168601989746,-173.3644561767578,152.24884033203125
0.4111328125,-0.042724609375,-0.8349609375,-0.732421875,-1.64794921875,6.65283203125,-19.490032196044922,-173.4718475341797,152.06675720214844
0.41064453125,-0.04296875,-0.837158203125,-2.3193359375,-4.08935546875,5.0048828125,-19.569568634033203,-173.63595581054688,151.9203338623047
0.40283203125,-0.052001953125,-0.873291015625,-4.57763671875,-4.8828125,5.92041015625,-19.55597496032715,-173.85556030273438,151.73077392578125
0.4052734375,-0.0478515625,-0.869140625,-5.55419921875,-3.23486328125,7.080078125,-19.61607360839844,-174.10267639160156,151.4815673828125
0.414306640625,-0.09033203125,-0.87353515625,-1.8310546875,-1.5869140625,6.7138671875,-19.749526977539066,-174.08033752441406,151.20387268066406
0.4091796875,-0.07080078125,-0.882080078125,0.79345703125,-2.01416015625,4.2724609375,-19.853368759155273,-174.03958129882812,151.048583984375
0.42626953125,-0.04541015625,-0.85888671875,0.06103515625,-2.5634765625,2.44140625,-20.012771606445312,-174.12686157226562,150.99000549316406
0.41259765625,-0.04736328125,-0.870361328125,-3.23486328125,-0.732421875,3.11279296875,-20.18305778503418,-174.3169708251953,150.89715576171875
0.414306640625,-0.030029296875,-0.85693359375,-4.2724609375,-0.9765625,3.662109375,-20.35419464111328,-174.57568359375,150.79425048828125
0.402099609375,-0.04833984375,-0.854248046875,-4.2724609375,-1.89208984375,3.47900390625,-20.455476760864254,-174.72640991210938,150.68052673339844
0.4208984375,-0.058349609375,-0.853759765625,-4.82177734375,-3.41796875,4.57763671875,-20.53126335144043,-174.906982421875,150.51695251464844
0.411376953125,-0.06103515625,-0.85888671875,-4.94384765625,-3.11279296875,4.5166015625,-20.59091567993164,-175.07994079589844,150.349853515625
0.406982421875,-0.08984375,-0.8681640625,-4.82177734375,-1.52587890625,1.89208984375,-20.70659828186035,-175.21163940429688,150.2943115234375
0.408935546875,-0.091796875,-0.845703125,-5.9814453125,-2.01416015625,-1.5869140625,-20.829383850097656,-175.4227752685547,150.34971618652344
0.393310546875,-0.063232421875,-0.831787109375,-8.85009765625,-2.9296875,-3.35693359375,-20.898595809936523,-175.8407745361328,150.5059356689453
0.411376953125,-0.071533203125,-0.859130859375,-12.6953125,-3.5400390625,-3.11279296875,-20.973617553710934,-176.41944885253906,150.6003875732422
0.4365234375,-0.112548828125,-0.859375,-10.3759765625,-1.77001953125,-2.99072265625,-21.14054107666016,-176.73440551757812,150.6801300048828
0.3994140625,-0.09521484375,-0.828125,-9.8876953125,0.732421875,-4.5166015625,-21.358049392700195,-177.07278442382812,150.8263397216797
0.360595703125,-0.03955078125,-0.761962890625,-14.6484375,-0.18310546875,-10.6201171875,-21.529333114624023,-177.9845733642578,151.38551330566406
0.34228515625,-0.026123046875,-0.7197265625,-31.494140625,-3.72314453125,-22.705078125,-21.554317474365234,-179.60910034179688,152.36669921875
0.32666015625,0.010986328125,-0.710693359375,-47.66845703125,-9.09423828125,-32.53173828125,-21.296850204467773,177.9142608642578,153.7802734375
0.384765625,0.017333984375,-0.71630859375,-66.40625,-14.16015625,-38.39111328125,-20.917930603027344,174.4263458251953,155.44847106933594
0.362548828125,0.0390625,-0.739501953125,-85.14404296875,-14.58740234375,-44.98291015625,-20.31372833251953,170.456298828125,157.24595642089844
0.359375,0.080078125,-0.71923828125,-99.54833984375,-20.263671875,-50.84228515625,-19.35456657409668,165.91458129882812,159.1553955078125
0.35693359375,0.153564453125,-0.729736328125,-115.66162109375,-22.5830078125,-52.06298828125,-18.085763931274414,160.53038024902344,160.9394989013672
0.3779296875,0.154541015625,-0.7705078125,-135.31494140625,-26.42822265625,-50.537109375,-16.662982940673828,154.9372100830078,162.4041290283203
0.371337890625,0.168701171875,-0.78173828125,-144.8974609375,-28.01513671875,-49.62158203125,-15.102072715759276,149.2467803955078,163.56666564941406
0.44384765625,0.205810546875,-0.798583984375,-150.81787109375,-29.9072265625,-51.81884765625,-13.508064270019533,143.47137451171875,164.68748474121094
0.3720703125,0.2470703125,-0.860107421875,-144.53125,-25.45166015625,-62.255859375,-11.555495262145994,138.13691711425778,165.8540802001953
0.316650390625,0.363037109375,-0.9052734375,-134.521484375,-28.80859375,-61.58447265625,-9.310834884643556,133.31474304199222,166.6979217529297
0.373046875,0.4033203125,-0.832763671875,-127.01416015625,-31.005859375,-51.33056640625,-7.605238914489746,129.06694030761722,166.96084594726562
0.316650390625,0.4111328125,-0.767333984375,-120.60546875,-27.89306640625,-40.771484375,-6.1534361839294425,125.0496826171875,166.9691925048828
0.304443359375,0.541748046875,-0.780029296875,-118.408203125,-26.18408203125,-37.90283203125,-4.793227195739746,121.05274200439452,166.86158752441406
0.31103515625,0.457763671875,-0.804931640625,-121.58203125,-22.8271484375,-35.888671875,-3.6931557655334473,117.32415008544922,166.75172424316406
0.326416015625,0.383544921875,-0.764892578125,-110.04638671875,-17.51708984375,-38.4521484375,-2.7110445499420166,114.16427612304688,166.7347869873047
0.329833984375,0.4248046875,-0.7119140625,-100.52490234375,-17.7001953125,-45.166015625,-1.5385162830352783,111.34657287597656,166.7505645751953
0.23193359375,0.52734375,-0.635498046875,-100.5859375,-25.32958984375,-51.57470703125,0.24399466812610626,108.24307250976562,166.36964416503906
0.14453125,0.57373046875,-0.623779296875,-119.384765625,-33.5693359375,-54.13818359375,2.3023102283477783,104.53484344482422,165.7192840576172
0.193359375,0.576904296875,-0.65234375,-136.71875,-41.56494140625,-51.1474609375,4.086365699768066,100.23639678955078,164.61410522460938
0.274169921875,0.576904296875,-0.687255859375,-139.2822265625,-42.3583984375,-48.64501953125,5.4596052169799805,96.03528594970705,163.36231994628906
0.253662109375,0.517578125,-0.64599609375,-124.45068359375,-41.1376953125,-44.0673828125,6.532279968261719,92.45010375976562,162.02655029296875
0.26513671875,0.579833984375,-0.5791015625,-100.830078125,-44.25048828125,-35.0341796875,7.093320846557617,89.67835235595703,160.46766662597656
0.234130859375,0.64013671875,-0.455322265625,-88.19580078125,-44.3115234375,-20.1416015625,6.844411849975586,87.38530731201172,158.8955841064453
0.200927734375,0.689453125,-0.393310546875,-81.787109375,-46.56982421875,-8.48388671875,6.292656898498535,85.07632446289062,157.16236877441406
0.16259765625,0.705078125,-0.322265625,-87.70751953125,-53.3447265625,-9.1552734375,5.757697582244872,82.43366241455078,155.1285400390625
0.15966796875,0.724853515625,-0.3603515625,-95.8251953125,-60.302734375,-13.85498046875,5.410737037658691,79.55777740478516,152.69540405273438
0.226806640625,0.74365234375,-0.428466796875,-100.03662109375,-65.91796875,-24.47509765625,5.101179599761963,76.72848510742188,150.06016540527344
0.248779296875,0.75927734375,-0.4267578125,-91.12548828125,-65.5517578125,-26.9775390625,4.735344409942627,74.3255386352539,147.3943328857422
0.3173828125,0.774169921875,-0.36669921875,-78.369140625,-65.24658203125,-20.56884765625,3.7503762245178223,72.44840240478516,144.87136840820312
0.264892578125,0.77099609375,-0.2890625,-71.96044921875,-55.84716796875,-8.30078125,2.5644571781158447,70.77978515625,142.7445068359375
0.197509765625,0.78271484375,-0.225830078125,-68.2373046875,-54.6875,-6.2255859375,1.4447082281112669,69.24643707275389,140.66848754882812
0.178466796875,0.82421875,-0.173095703125,-68.17626953125,-54.0771484375,-8.056640625,0.4727241694927216,67.65638732910156,138.58428955078122
0.09326171875,0.880615234375,-0.212890625,-61.58447265625,-58.41064453125,-10.55908203125,-0.2868841290473938,66.51087951660156,136.2808837890625
0.115966796875,0.944580078125,-0.254150390625,-62.07275390625,-65.7958984375,-7.568359375,-1.3291442394256592,65.46343994140625,133.74771118164062
0.125732421875,0.93359375,-0.2568359375,-74.462890625,-61.8896484375,1.40380859375,-2.723141670227051,63.81209945678711,131.63711547851562
0.1162109375,0.935302734375,-0.24609375,-87.7685546875,-53.1005859375,6.103515625,-4.090099334716797,61.88354873657226,129.785888671875
0.08935546875,0.878173828125,-0.17138671875,-86.5478515625,-52.24609375,-1.15966796875,-5.15647554397583,60.00157165527344,127.82785034179688
0.108154296875,0.900390625,-0.1630859375,-76.5380859375,-59.2041015625,-7.4462890625,-6.180001735687256,58.76916885375977,125.44992065429688
0.132568359375,0.99755859375,-0.226806640625,-63.90380859375,-60.302734375,-4.57763671875,-7.393134117126465,58.0434684753418,123.11231994628906
0.082763671875,1.00830078125,-0.2578125,-62.01171875,-50.59814453125,5.67626953125,-8.633078575134277,57.4384880065918,121.28921508789062
0.03173828125,0.996337890625,-0.24560546875,-56.2744140625,-40.8935546875,17.39501953125,-9.94107151031494,57.159423828125,120.19549560546876
0.047607421875,0.942626953125,-0.16845703125,-39.4287109375,-31.8603515625,23.86474609375,-11.24909782409668,57.25384521484375,119.35477447509766
0.048095703125,0.94775390625,-0.126220703125,-28.62548828125,-28.74755859375,24.169921875,-12.447173118591307,57.696815490722656,118.59822082519531
0.0537109375,0.947509765625,-0.132568359375,-22.15576171875,-34.0576171875,21.240234375,-13.578421592712402,58.52211380004883,117.4920425415039
0.1025390625,0.884521484375,-0.1796875,-23.8037109375,-33.447265625,17.02880859375,-14.700920104980467,59.3515625,116.29590606689452
0.120361328125,0.8046875,-0.198486328125,-32.28759765625,-26.55029296875,15.19775390625,-15.660848617553713,59.85183334350586,115.24725341796876
0.149658203125,0.692138671875,-0.1435546875,-39.4287109375,-22.4609375,7.080078125,-16.151611328125,59.945167541503906,114.1480941772461
0.083251953125,0.722412109375,-0.103759765625,-39.9169921875,-20.1416015625,-11.04736328125,-15.918927192687988,60.06033325195313,112.78697204589844
0.076904296875,0.822998046875,-0.137451171875,-32.04345703125,-22.94921875,-16.2353515625,-15.522344589233398,60.57905197143555,111.21559143066406
0.020751953125,0.9130859375,-0.177978515625,-20.1416015625,-20.01953125,-12.939453125,-15.096471786499025,61.72054672241211,109.9263153076172
0.019287109375,1.051025390625,-0.16748046875,-3.60107421875,-13.427734375,0.244140625,-14.9129056930542,63.1205940246582,109.06965637207031
-0.048095703125,1.032470703125,-0.13134765625,0.1220703125,-11.474609375,6.2255859375,-14.744383811950685,64.51251220703125,108.42262268066406
-0.163818359375,1.007568359375,-0.1337890625,0.8544921875,-15.869140625,10.19287109375,-14.625117301940918,65.93168640136719,107.62738037109376
-0.0830078125,0.970947265625,-0.15185546875,-1.8310546875,-20.93505859375,15.07568359375,-14.835701942443848,67.25930786132811,106.76258087158205
-0.203369140625,0.91650390625,-0.154541015625,-7.01904296875,-8.11767578125,10.009765625,-14.37193202972412,68.23336791992189,106.29903411865234
-0.169189453125,0.9228515625,-0.1357421875,-6.16455078125,-5.9814453125,0.18310546875,-13.41692352294922,69.1715087890625,105.71427917480469
-0.13720703125,1.11962890625,-0.282958984375,-12.39013671875,-11.71875,-17.27294921875,-12.236738204956055,70.14960479736328,104.71489715576172
-0.0126953125,1.06005859375,-0.157958984375,-20.6298828125,-16.05224609375,-21.3623046875,-11.192737579345703,70.60191345214844,103.57384490966795
-0.11767578125,0.91748046875,-0.08544921875,-28.9306640625,-15.9912109375,-13.7939453125,-10.410683631896973,70.6159439086914,102.59033203125
-0.120849609375,1.054443359375,-0.1884765625,-17.7001953125,-19.95849609375,2.5634765625,-10.156238555908203,71.1611328125,101.6537857055664
-0.137451171875,1.083251953125,-0.22705078125,-12.6953125,-18.73779296875,5.9814453125,-9.99535846710205,71.92609405517578,100.8036880493164
-0.32763671875,1.03466796875,-0.232666015625,-9.46044921875,-13.5498046875,-9.6435546875,-8.574240684509277,72.87660217285156,99.9005355834961
-0.297607421875,1.023193359375,-0.1826171875,2.0751953125,-22.88818359375,-37.04833984375,-6.501283645629883,74.13015747070312,98.4520263671875
-0.21484375,1.056396484375,-0.150146484375,2.9296875,-30.517578125,-49.74365234375,-4.224874496459962,75.30512237548828,96.6509017944336
-0.12109375,1.195556640625,-0.093017578125,6.04248046875,-32.16552734375,-44.86083984375,-2.6034603118896484,76.42847442626953,95.00363159179688
-0.19775390625,1.180419921875,-0.072509765625,4.82177734375,-26.3671875,-27.03857421875,-1.31609046459198,77.3111801147461,93.70552825927734
-0.251220703125,1.064453125,-0.041015625,0.18310546875,-26.30615234375,-14.83154296875,-0.3885652720928192,77.89221954345703,92.53975677490234
-0.40771484375,0.88671875,-0.025634765625,-10.25390625,-28.13720703125,-16.7236328125,1.0312068462371826,77.88490295410156,91.11642456054688
-0.30419921875,0.9736328125,0.001708984375,-22.4609375,-39.1845703125,-32.65380859375,2.6131410598754883,77.36795806884766,89.31100463867188
-0.425537109375,0.941650390625,0.064453125,-33.14208984375,-36.68212890625,-58.10546875,5.3794288635253915,76.20696258544922,87.35624694824219
-0.520263671875,1.097900390625,-0.0986328125,-41.8701171875,-40.95458984375,-82.21435546875,9.161762237548828,74.87242126464844,84.76712799072266
-0.380126953125,0.9990234375,-0.1220703125,-36.43798828125,-62.01171875,-104.248046875,12.976226806640625,73.52740478515625,81.31340789794922
-0.28466796875,0.947265625,-0.05322265625,-39.36767578125,-70.86181640625,-95.88623046875,15.967408180236815,71.70109558105469,77.51227569580078
-0.221435546875,0.88134765625,0.08837890625,-38.75732421875,-71.22802734375,-73.05908203125,17.340282440185547,69.59994506835939,73.98070526123047
-0.197265625,0.986572265625,0.09326171875,-50.59814453125,-62.80517578125,-23.86474609375,17.097023010253903,67.33577728271484,71.34918975830078
-0.2158203125,1.06787109375,0.02587890625,-64.75830078125,-39.0625,17.08984375,15.671841621398926,65.24059295654297,70.38998413085938
-0.12646484375,1.10009765625,0.0146484375,-77.45361328125,-19.775390625,60.48583984375,12.684174537658693,63.4704704284668,71.45030212402344
-0.2822265625,1.165771484375,-0.03173828125,-57.67822265625,8.9111328125,72.81494140625,10.34697151184082,62.55124282836914,73.34630584716797
-0.3681640625,1.3056640625,-0.029296875,-57.55615234375,19.10400390625,48.095703125,9.266319274902344,61.58134841918945,75.1296157836914
-0.446044921875,1.24609375,0.005126953125,-57.92236328125,10.498046875,5.2490234375,10.316274642944336,60.12595748901367,75.27779388427734
-0.481689453125,1.225341796875,0.041748046875,-62.92724609375,-15.2587890625,-68.54248046875,12.838264465332033,58.2149658203125,73.48580932617188
-0.2626953125,1.10302734375,0.0400390625,-63.65966796875,-37.17041015625,-102.11181640625,15.546021461486815,55.91373062133789,70.16579437255861
-0.06298828125,1.1142578125,0.0498046875,-55.72509765625,-44.49462890625,-106.38427734375,17.438283920288086,53.82124710083008,66.60908508300781
-0.101318359375,1.196533203125,0.033935546875,-51.81884765625,-39.48974609375,-79.9560546875,18.66791343688965,52.05469131469727,63.67222595214844
-0.128173828125,1.129150390625,0.05126953125,-49.072265625,-41.259765625,-55.23681640625,19.01985740661621,50.556556701660156,61.30083465576172
-0.166259765625,1.080322265625,0.136474609375,-47.607421875,-40.283203125,-37.78076171875,18.750825881958008,49.25822448730469,59.547447204589844
-0.137939453125,1.13232421875,0.067626953125,-59.63134765625,-15.5029296875,-8.7890625,18.29123306274414,48.07928085327149,59.27952575683594
0.04345703125,1.33544921875,-0.036376953125,-50.1708984375,14.22119140625,17.7001953125,17.553287506103516,48.00149536132813,60.74006652832031
-0.045654296875,1.2529296875,0.03369140625,-45.41015625,30.1513671875,28.25927734375,16.914802551269528,48.24435424804688,63.168235778808594
-0.0986328125,1.087646484375,0.073974609375,-43.02978515625,42.17529296875,64.0869140625,15.77592658996582,48.83586883544922,66.67317962646484
-0.26708984375,1.171875,0.083251953125,-38.57421875,56.15234375,83.06884765625,14.71388339996338,49.72775650024414,71.05707550048828
-0.347412109375,1.263916015625,0.128173828125,-36.07177734375,60.302734375,97.71728515625,13.329379081726074,50.60269165039063,75.8287582397461
-0.291748046875,1.45068359375,0.095458984375,-44.37255859375,51.20849609375,80.87158203125,12.12585163116455,50.97390747070313,79.85470581054688
-0.199462890625,1.51025390625,0.018798828125,-56.82373046875,39.24560546875,25.0244140625,12.256237030029295,50.52483367919922,82.04776000976562
-0.085693359375,1.156982421875,-0.001220703125,-56.94580078125,36.80419921875,-29.4189453125,13.94233512878418,49.89886093139648,82.62478637695312
-0.020263671875,0.89013671875,0.01220703125,-35.888671875,21.8505859375,-22.03369140625,14.798226356506348,49.97021865844727,83.09257507324219
-0.10595703125,0.912841796875,0.086181640625,-14.16015625,-0.42724609375,6.34765625,14.36425495147705,50.76046371459961,83.58370208740234
-0.1875,1.041259765625,0.163330078125,-0.6103515625,-17.63916015625,17.4560546875,13.176942825317385,51.995384216308594,83.55001831054688
-0.26171875,0.995849609375,0.137451171875,14.2822265625,-45.47119140625,21.6064453125,11.514405250549315,53.4835090637207,82.85737609863281
-0.27392578125,1.049072265625,0.150146484375,25.20751953125,-61.46240234375,30.8837890625,9.256057739257812,55.30801391601562,81.76372528076172
-0.249755859375,1.127685546875,0.1640625,27.64892578125,-68.359375,33.14208984375,6.840044021606445,57.21604537963867,80.37206268310547
-0.16845703125,1.15771484375,0.14501953125,21.54541015625,-56.2744140625,25.08544921875,4.886603832244873,58.90166473388672,79.09688568115234
-0.13427734375,1.0751953125,0.1064453125,22.76611328125,-38.4521484375,21.6064453125,3.4773972034454346,60.70625686645508,78.27928924560547
-0.102783203125,0.994873046875,0.14794921875,27.28271484375,-29.23583984375,27.587890625,1.891168594360352,62.58348846435547,77.93669891357422
-0.109130859375,1.005126953125,0.166259765625,33.38623046875,-24.35302734375,43.701171875,0.06981585174798965,64.60218811035156,77.86093139648438
-0.14501953125,0.975830078125,0.163818359375,32.71484375,-21.54541015625,51.7578125,-1.8373712301254272,66.50946044921875,77.93134307861328
-0.13232421875,0.95458984375,0.154296875,33.26416015625,-15.13671875,56.884765625,-3.733461618423462,68.32115173339844,78.29590606689453
-0.142822265625,0.980224609375,0.19189453125,29.72412109375,-6.16455078125,55.48095703125,-5.423074245452881,69.864990234375,78.83084106445312
-0.1181640625,1.00048828125,0.185546875,26.91650390625,-4.33349609375,53.22265625,-7.010093688964844,71.24674224853516,79.34197998046875
-0.098876953125,0.9462890625,0.185546875,28.076171875,-3.84521484375,53.955078125,-8.645233154296875,72.61874389648438,79.82076263427734
-0.10791015625,0.90576171875,0.17138671875,30.70068359375,-9.58251953125,60.72998046875,-10.474038124084473,74.04082489013672,80.11447143554688
-0.14404296875,0.864990234375,0.15673828125,33.447265625,-9.6435546875,61.5234375,-12.17231273651123,75.53376007080078,80.3538818359375
-0.215087890625,0.8466796875,0.179443359375,35.7666015625,-10.31494140625,58.77685546875,-13.527969360351562,77.0788345336914,80.44902801513672
-0.197509765625,0.8544921875,0.17626953125,36.7431640625,-16.05224609375,51.33056640625,-14.65302848815918,78.63001251220703,80.2420425415039
-0.190185546875,0.912353515625,0.19189453125,34.24072265625,-19.71435546875,46.7529296875,-15.623167991638185,80.0772705078125,79.80883026123047
-0.120361328125,0.94970703125,0.14892578125,31.3720703125,-20.5078125,41.3818359375,-16.555646896362305,81.50798797607422,79.28746795654297
-0.107666015625,0.896728515625,0.140625,32.16552734375,-12.451171875,44.7998046875,-17.488348007202152,82.83525085449219,79.03729248046875
-0.181396484375,0.925048828125,0.153076171875,31.73828125,-7.32421875,47.66845703125,-18.324989318847656,84.01850128173828,78.99406433105469
-0.207763671875,0.915771484375,0.12939453125,28.3203125,-4.7607421875,42.96875,-18.709836959838867,85.02526092529297,79.03273010253906
-0.21826171875,0.904296875,0.115966796875,23.8037109375,-2.197265625,34.11865234375,-18.85967445373535,85.8577880859375,79.09050750732422
-0.18408203125,0.927490234375,0.113525390625,17.88330078125,4.7607421875,26.85546875,-18.77745819091797,86.35021209716797,79.40877532958984
-0.193359375,0.980712890625,0.110595703125,12.6953125,14.95361328125,23.98681640625,-18.612430572509766,86.44837951660156,80.32964324951172
-0.209716796875,1.00390625,0.146484375,9.82666015625,28.9306640625,32.16552734375,-18.67537498474121,86.2138671875,81.6923828125
-0.267578125,0.997802734375,0.178955078125,7.4462890625,38.87939453125,38.818359375,-18.86260986328125,85.67452239990234,83.51953887939453
-0.294677734375,1.018310546875,0.17138671875,2.13623046875,50.29296875,36.9873046875,-18.76866149902344,84.5780029296875,85.9996566772461
-0.236572265625,0.965087890625,0.1865234375,-10.009765625,69.76318359375,18.37158203125,-17.991785049438477,82.99365234375,89.06108856201172
-0.211181640625,0.92333984375,0.210693359375,-20.69091796875,80.322265625,-14.7705078125,-15.819353103637695,80.97701263427734,92.35636901855469
-0.1552734375,0.8330078125,0.21044921875,-31.31103515625,80.9326171875,-44.37255859375,-12.373095512390135,78.7225341796875,95.16057586669922
-0.135986328125,0.83740234375,0.17822265625,-34.1796875,53.77197265625,-49.01123046875,-9.18813419342041,76.9921646118164,96.88270568847656
-0.097412109375,0.897705078125,0.14697265625,-31.55517578125,25.57373046875,-36.1328125,-6.95015287399292,75.77253723144531,97.5186996459961
-0.180419921875,1.044189453125,0.11376953125,-26.4892578125,10.43701171875,-21.42333984375,-5.522598743438722,75.09064483642578,97.55479431152344
-0.192138671875,1.1396484375,0.0908203125,-23.37646484375,-0.30517578125,-6.77490234375,-4.676891803741455,74.55526733398438,97.43006134033205
-0.167236328125,1.1240234375,0.08251953125,-23.193359375,12.14599609375,-0.6103515625,-4.010741710662842,74.02010345458984,97.8539047241211
-0.138671875,1.0654296875,0.10009765625,-24.35302734375,39.24560546875,-0.3662109375,-2.903662919998169,73.34963989257812,99.69513702392578
-0.2060546875,1.023193359375,0.19287109375,-30.1513671875,73.486328125,-16.54052734375,-0.8631648421287537,72.27729797363281,102.29500579833984
-0.19580078125,0.9052734375,0.21630859375,-40.58837890625,78.30810546875,-36.92626953125,2.013308048248291,70.83273315429688,104.79521942138672
-0.1796875,0.803466796875,0.210205078125,-46.875,64.39208984375,-48.40087890625,5.0689730644226065,69.20988464355469,106.26583862304688
-0.11669921875,0.78125,0.144287109375,-49.072265625,28.6865234375,-52.55126953125,7.568708419799805,67.67362213134766,106.60250091552734
-0.052001953125,0.748779296875,0.080322265625,-46.56982421875,10.6201171875,-51.45263671875,9.491144180297852,66.37833404541016,106.27727508544922
-0.028564453125,0.77587890625,0.030517578125,-44.0673828125,4.21142578125,-45.8984375,10.934664726257324,65.40673828125,105.83501434326172
-0.06884765625,0.814208984375,0.01953125,-38.87939453125,5.79833984375,-42.66357421875,12.367462158203125,64.647705078125,105.492919921875
-0.1279296875,0.877197265625,0.06298828125,-36.376953125,5.2490234375,-44.189453125,13.915603637695312,63.88478088378906,105.08353424072266
-0.102783203125,0.9541015625,0.097900390625,-38.0859375,2.685546875,-50.96435546875,15.600923538208008,62.89130783081055,104.43241119384766
-0.032470703125,1.040283203125,0.0703125,-47.7294921875,5.55419921875,-61.1572265625,17.370073318481445,61.63127517700195,103.71443939208984
0.0322265625,1.04248046875,0.02685546875,-51.45263671875,13.0615234375,-61.279296875,19.08854484558105,60.4096908569336,103.28447723388672
0.053466796875,1.072998046875,0.03076171875,-49.86572265625,20.99609375,-54.62646484375,20.58263397216797,59.51846694946289,103.37184143066406
0.019287109375,1.090087890625,0.053466796875,-45.95947265625,22.03369140625,-44.3115234375,21.802091598510746,58.74858093261719,103.61906433105469
0.003173828125,1.1396484375,0.072265625,-44.921875,16.7236328125,-37.41455078125,22.66603279113769,57.99757385253906,103.8211898803711
0.014892578125,1.15576171875,0.088134765625,-43.88427734375,15.56396484375,-33.02001953125,23.25493621826172,57.28711700439453,104.12683868408205
0.025146484375,1.202880859375,0.092041015625,-44.25048828125,16.2353515625,-25.20751953125,23.614887237548828,56.685546875,104.59564971923828
0.040283203125,1.189208984375,0.065185546875,-43.9453125,15.56396484375,-20.99609375,23.795684814453125,56.19406127929688,105.16387176513672
0.0341796875,1.188232421875,0.075439453125,-39.85595703125,11.77978515625,-11.1083984375,23.36451530456543,56.00675964355469,105.91151428222656
-0.0966796875,1.201416015625,0.0673828125,-28.1982421875,0.30517578125,10.1318359375,22.42549705505371,56.2284049987793,106.66539001464844
-0.168701171875,1.24365234375,0.074951171875,-16.7236328125,-11.23046875,20.6298828125,21.026681900024414,56.804542541503906,107.21353912353516
-0.21337890625,1.278564453125,0.092529296875,-11.1083984375,-12.87841796875,19.22607421875,19.756511688232425,57.61245346069336,107.56246948242188
-0.178955078125,1.264404296875,0.05859375,-6.34765625,-7.080078125,9.09423828125,18.93195343017578,58.5124397277832,107.90672302246094
-0.083984375,1.248291015625,0.086181640625,-4.69970703125,1.220703125,0.1220703125,18.43824005126953,59.43354797363281,108.3083267211914
0.026123046875,1.1298828125,0.091796875,-1.8310546875,10.92529296875,-3.90625,18.02781105041504,60.65293502807617,109.03848266601562
0.077392578125,0.97607421875,0.14404296875,7.32421875,11.71875,5.92041015625,17.214618682861328,61.94765090942383,109.84288024902344
-0.001953125,0.91064453125,0.197021484375,13.48876953125,2.8076171875,22.216796875,15.830367088317873,63.27061080932617,110.55421447753906
-0.1279296875,0.885498046875,0.208984375,19.8974609375,-12.451171875,38.57421875,13.761079788208008,64.65760803222656,110.80826568603516
-0.268798828125,0.87841796875,0.203125,24.71923828125,-36.376953125,46.5087890625,11.593721389770508,65.98555755615234,110.3538055419922
-0.327392578125,0.946044921875,0.203125,31.06689453125,-45.0439453125,39.73388671875,9.719440460205078,67.47172546386719,109.39324188232422
-0.2646484375,0.968017578125,0.193359375,30.1513671875,-48.27880859375,23.3154296875,8.652416229248049,68.92210388183594,107.9206314086914
-0.14453125,0.947998046875,0.21923828125,27.4658203125,-39.9169921875,0.06103515625,8.091132164001465,70.10325622558594,106.4539794921875
-0.13671875,0.974365234375,0.24267578125,28.13720703125,-31.6162109375,-5.126953125,7.857689380645753,71.27032470703125,105.21072387695312
0.04345703125,0.9404296875,0.2490234375,24.71923828125,-29.052734375,-1.46484375,7.226378440856934,72.12660217285156,104.19943237304688
-0.12109375,0.891357421875,0.251708984375,21.91162109375,-24.59716796875,9.70458984375,6.573622226715088,72.97122955322266,103.37782287597656
-0.114501953125,0.87158203125,0.248291015625,20.8740234375,-29.35791015625,14.70947265625,5.703464031219482,73.732177734375,102.4164047241211
