-0.0146484375,0.9765625,-0.08740234375,-8.23974609375,-4.5166015625,1.708984375,-1.0368194580078125,84.4107666015625,-166.53103637695312
-0.00146484375,0.980224609375,-0.08984375,-8.7890625,-4.69970703125,1.953125,-1.087915301322937,84.47566223144531,-166.7185516357422
0.005126953125,0.98046875,-0.1005859375,-8.056640625,-4.150390625,2.0751953125,-1.1548359394073486,84.5913314819336,-166.88462829589844
-0.001708984375,0.974853515625,-0.092041015625,-8.056640625,-4.7607421875,1.64794921875,-1.1882189512252808,84.68502807617188,-167.07684326171875
-0.010009765625,0.98095703125,-0.085693359375,-9.033203125,-4.57763671875,2.38037109375,-1.2293323278427124,84.72020721435547,-167.25918579101562
-0.001220703125,0.97509765625,-0.09326171875,-9.033203125,-5.37109375,2.13623046875,-1.2821165323257446,84.77330780029297,-167.47467041015625
0.002197265625,0.98876953125,-0.11865234375,-8.36181640625,-5.126953125,2.25830078125,-1.3445740938186646,84.9050521850586,-167.6816864013672
-0.003173828125,0.98095703125,-0.097412109375,-8.48388671875,-4.45556640625,2.13623046875,-1.3845714330673218,84.98057556152344,-167.86190795898438
-0.0078125,0.995361328125,-0.100830078125,-8.23974609375,-5.126953125,1.708984375,-1.397605538368225,85.068115234375,-168.07081604003906
-0.01025390625,0.993408203125,-0.078369140625,-7.50732421875,-4.21142578125,1.953125,-1.4107170104980469,85.13067626953125,-168.24134826660156
-0.003173828125,0.9736328125,-0.1044921875,-8.23974609375,-4.638671875,2.13623046875,-1.4480105638504028,85.22532653808594,-168.42999267578125
-0.008056640625,0.97998046875,-0.0927734375,-8.30078125,-4.638671875,1.52587890625,-1.4479812383651731,85.28583526611328,-168.62022399902344
0.00732421875,0.979248046875,-0.1044921875,-8.36181640625,-4.82177734375,1.953125,-1.500864863395691,85.3685073852539,-168.81703186035156
0.001953125,0.97412109375,-0.088134765625,-7.50732421875,-4.150390625,1.52587890625,-1.5198498964309692,85.44547271728516,-168.9878692626953
0.0068359375,0.9853515625,-0.103271484375,-8.23974609375,-5.06591796875,2.3193359375,-1.5834356546401978,85.52307891845703,-169.19383239746094
-0.000244140625,0.986083984375,-0.084716796875,-7.99560546875,-4.150390625,1.3427734375,-1.586351990699768,85.56452178955078,-169.36553955078125
0.013916015625,0.98095703125,-0.09423828125,-9.21630859375,-4.82177734375,2.38037109375,-1.6650351285934448,85.57893371582031,-169.5615234375
-0.006591796875,0.97119140625,-0.094482421875,-7.75146484375,-4.2724609375,2.3193359375,-1.689056158065796,85.65364074707031,-169.73655700683594
-0.005615234375,0.9951171875,-0.086181640625,-6.8359375,-3.84521484375,1.40380859375,-1.6767253875732422,85.73778533935547,-169.89666748046875
-0.007080078125,0.982177734375,-0.091064453125,-8.056640625,-4.5166015625,1.40380859375,-1.6631165742874146,85.78422546386719,-170.08392333984375
-0.0048828125,0.984130859375,-0.100830078125,-9.46044921875,-5.18798828125,2.44140625,-1.69828200340271,85.7951431274414,-170.29559326171875
-0.005615234375,0.98876953125,-0.1044921875,-8.60595703125,-4.638671875,2.5634765625,-1.7337090969085691,85.84642791748047,-170.48548889160156
0.00146484375,0.9775390625,-0.094482421875,-8.11767578125,-4.45556640625,1.77001953125,-1.7516331672668457,85.89507293701172,-170.6698760986328
-0.00244140625,0.968017578125,-0.09619140625,-8.11767578125,-4.94384765625,1.953125,-1.768238544464111,85.94850158691406,-170.8736114501953
-0.0029296875,0.986328125,-0.087646484375,-7.50732421875,-5.43212890625,1.953125,-1.784165620803833,86.00146484375,-171.09625244140625
0.01171875,0.99267578125,-0.101318359375,-7.568359375,-4.39453125,1.5869140625,-1.8154717683792116,86.07815551757812,-171.2793731689453
-0.01513671875,0.988525390625,-0.0947265625,-7.9345703125,-4.638671875,1.64794921875,-1.7870635986328125,86.12358856201172,-171.47203063964844
0.014404296875,0.989501953125,-0.10205078125,-7.62939453125,-4.0283203125,1.77001953125,-1.8304593563079836,86.1949691772461,-171.64015197753906
-0.003173828125,0.98388671875,-0.09912109375,-9.09423828125,-4.638671875,2.01416015625,-1.8430789709091189,86.20053100585938,-171.83226013183594
0.00537109375,0.982666015625,-0.104736328125,-9.33837890625,-4.8828125,2.13623046875,-1.8803491592407229,86.20951080322266,-172.03427124023438
-0.007568359375,0.97412109375,-0.0927734375,-7.6904296875,-4.0283203125,1.8310546875,-1.8717533349990845,86.2576904296875,-172.2024383544922
-0.0126953125,0.974853515625,-0.099609375,-8.60595703125,-4.8828125,1.953125,-1.8585749864578247,86.28390502929688,-172.40492248535156
0.001708984375,0.98046875,-0.096435546875,-9.1552734375,-5.06591796875,1.708984375,-1.8699147701263428,86.27889251708984,-172.61485290527344
0.001220703125,0.994140625,-0.087890625,-8.11767578125,-4.5166015625,1.52587890625,-1.8708900213241575,86.29264068603516,-172.8026580810547
-0.00927734375,0.991943359375,-0.09619140625,-8.544921875,-4.5166015625,2.25830078125,-1.8771058320999143,86.307861328125,-172.98936462402344
0.005859375,0.98828125,-0.099853515625,-10.009765625,-5.37109375,2.685546875,-1.9367759227752688,86.27417755126953,-173.20938110351562
0.000732421875,0.97900390625,-0.0947265625,-8.6669921875,-4.7607421875,1.89208984375,-1.9493212699890137,86.28534698486328,-173.40707397460938
-0.003173828125,0.975830078125,-0.071044921875,-8.97216796875,-4.8828125,2.13623046875,-1.962139129638672,86.23040008544922,-173.60731506347656
-0.007080078125,0.9892578125,-0.09423828125,-8.72802734375,-4.8828125,1.89208984375,-1.956262826919556,86.23773956298828,-173.8099822998047
0.0048828125,0.982666015625,-0.0947265625,-8.23974609375,-4.7607421875,1.89208984375,-1.977673411369324,86.26670837402344,-174.0077362060547
-0.00732421875,0.980224609375,-0.08740234375,-7.8125,-4.39453125,2.13623046875,-1.9787459373474119,86.29498291015625,-174.18992614746094
0.0,0.98486328125,-0.106689453125,-9.27734375,-4.57763671875,2.0751953125,-1.9948654174804688,86.30660247802734,-174.3810272216797
-0.004150390625,0.988037109375,-0.094482421875,-8.11767578125,-4.57763671875,2.38037109375,-2.0127723217010502,86.33586120605469,-174.57052612304688
-0.004638671875,0.97314453125,-0.082275390625,-8.1787109375,-4.638671875,1.953125,-2.0116512775421143,86.33688354492188,-174.7627716064453
-0.00634765625,0.99560546875,-0.09423828125,-8.544921875,-4.7607421875,1.8310546875,-2.0024874210357666,86.34600067138672,-174.9609832763672
0.000732421875,0.98388671875,-0.095458984375,-7.9345703125,-4.45556640625,1.708984375,-2.004135131835937,86.384033203125,-175.14736938476562
-0.0009765625,0.974365234375,-0.10546875,-7.568359375,-3.90625,1.64794921875,-1.998010873794556,86.45945739746094,-175.3128662109375
-0.006103515625,0.975830078125,-0.10107421875,-7.568359375,-4.57763671875,2.13623046875,-2.000986099243164,86.52243041992188,-175.50367736816406
0.005859375,0.972412109375,-0.094970703125,-8.85009765625,-4.45556640625,2.25830078125,-2.0359971523284908,86.51834869384766,-175.6887969970703
-0.002197265625,0.978759765625,-0.104736328125,-8.48388671875,-4.5166015625,2.3193359375,-2.053587913513184,86.55008697509766,-175.87725830078125
-0.00341796875,0.9853515625,-0.103271484375,-8.60595703125,-5.126953125,1.5869140625,-2.0398328304290767,86.57173919677734,-176.0917205810547
-0.005126953125,0.986572265625,-0.100341796875,-8.4228515625,-4.638671875,2.01416015625,-2.038504123687744,86.59219360351562,-176.28538513183594
-0.001953125,0.983154296875,-0.0927734375,-8.11767578125,-4.57763671875,1.8310546875,-2.0369014739990234,86.60757446289062,-176.47640991210938
-0.01123046875,0.985107421875,-0.0859375,-8.60595703125,-4.8828125,1.953125,-2.0195345878601074,86.58723449707031,-176.67886352539062
-0.010986328125,0.982421875,-0.08984375,-8.60595703125,-4.8828125,1.953125,-2.0034539699554443,86.57707977294922,-176.88153076171875
-0.000732421875,0.9833984375,-0.103759765625,-8.1787109375,-4.69970703125,1.8310546875,-2.006458044052124,86.61556243896484,-177.0780792236328
-0.007080078125,0.987060546875,-0.093505859375,-8.056640625,-4.69970703125,2.13623046875,-2.006733655929565,86.6333236694336,-177.27317810058594
-0.0087890625,0.97802734375,-0.088134765625,-8.36181640625,-4.69970703125,1.77001953125,-1.9882404804229736,86.62784576416016,-177.46875
-0.001953125,0.987548828125,-0.082763671875,-8.6669921875,-5.126953125,2.197265625,-2.0042650699615483,86.5968017578125,-177.67977905273438
0.002197265625,0.986572265625,-0.086669921875,-8.9111328125,-4.39453125,2.3193359375,-2.0325479507446294,86.56531524658203,-177.86163330078125
0.002685546875,0.98974609375,-0.10302734375,-7.6904296875,-4.82177734375,1.89208984375,-2.0449161529541016,86.62091064453125,-178.06298828125
-0.0029296875,0.98583984375,-0.095458984375,-8.11767578125,-4.08935546875,2.0751953125,-2.049402236938477,86.63997650146484,-178.23419189453125
0.0078125,0.98291015625,-0.098876953125,-8.36181640625,-4.57763671875,2.13623046875,-2.0818815231323238,86.6576919555664,-178.425048828125
0.0068359375,0.9921875,-0.092041015625,-8.23974609375,-4.150390625,2.01416015625,-2.104778528213501,86.66156005859375,-178.59866333007812
0.009033203125,0.985107421875,-0.081787109375,-8.7890625,-5.126953125,2.25830078125,-2.14375114440918,86.62300109863281,-178.81007385253906
0.002197265625,0.990966796875,-0.08984375,-8.1787109375,-5.0048828125,2.13623046875,-2.1604759693145748,86.62744140625,-179.01779174804688
0.01123046875,0.98046875,-0.100830078125,-7.99560546875,-4.94384765625,1.89208984375,-2.187629222869873,86.66621398925781,-179.2246856689453
0.00927734375,0.9912109375,-0.103271484375,-9.09423828125,-5.31005859375,1.89208984375,-2.209735870361328,86.66320037841797,-179.44650268554688
0.001220703125,0.985107421875,-0.094970703125,-8.7890625,-5.31005859375,2.13623046875,-2.2222697734832764,86.65522003173828,-179.66732788085938
0.013427734375,0.99267578125,-0.110107421875,-9.09423828125,-4.82177734375,2.44140625,-2.273312568664551,86.66697692871094,-179.8692169189453
0.002197265625,0.987548828125,-0.105712890625,-7.99560546875,-4.45556640625,1.708984375,-2.2667396068573,86.71319580078125,-180.05813598632812
-0.00244140625,0.9931640625,-0.086181640625,-8.544921875,-5.18798828125,2.0751953125,-2.265688896179199,86.69143676757812,-180.27374267578125
0.0,0.98388671875,-0.097900390625,-8.60595703125,-5.18798828125,1.953125,-2.265576839447021,86.69659423828125,-180.49072265625
0.00146484375,0.982421875,-0.12158203125,-7.99560546875,-4.82177734375,1.64794921875,-2.2560877799987797,86.77931213378906,-180.6958312988281
0.003662109375,0.988037109375,-0.097900390625,-8.11767578125,-4.39453125,2.01416015625,-2.265130043029785,86.79833984375,-180.88082885742188
0.00439453125,0.98583984375,-0.0986328125,-8.48388671875,-4.82177734375,2.3193359375,-2.288527250289917,86.80481719970703,-181.08241271972656
0.010498046875,0.9833984375,-0.081298828125,-7.01904296875,-4.45556640625,1.8310546875,-2.3046107292175293,86.83019256591797,-181.26890563964844
-0.00341796875,0.988525390625,-0.093505859375,-7.01904296875,-3.72314453125,1.03759765625,-2.2550253868103027,86.88018035888672,-181.42901611328125
-0.0048828125,0.988037109375,-0.09619140625,-8.9111328125,-4.94384765625,2.01416015625,-2.2454047203063965,86.86046600341797,-181.6358795166016
-0.001220703125,0.97900390625,-0.09033203125,-8.544921875,-4.7607421875,1.46484375,-2.222262382507324,86.844482421875,-181.8360290527344
-0.00048828125,0.964111328125,-0.102783203125,-8.72802734375,-4.638671875,1.89208984375,-2.2186713218688965,86.85356903076172,-182.0315093994141
0.0029296875,1.00048828125,-0.0966796875,-8.72802734375,-4.94384765625,2.01416015625,-2.228321075439453,86.84056854248047,-182.2380523681641
0.00146484375,0.982177734375,-0.105224609375,-8.36181640625,-4.5166015625,2.197265625,-2.240889549255371,86.86546325683594,-182.4281005859375
0.010986328125,0.9833984375,-0.101806640625,-7.9345703125,-4.638671875,1.8310546875,-2.26035475730896,86.898681640625,-182.62347412109372
-0.015380859375,0.98583984375,-0.099853515625,-8.60595703125,-4.45556640625,2.0751953125,-2.2278568744659424,86.89839935302734,-182.8111724853516
0.0048828125,0.990478515625,-0.1064453125,-8.7890625,-4.8828125,2.01416015625,-2.213762760162353,86.89066314697266,-183.0157623291016
-0.000244140625,0.982666015625,-0.0966796875,-8.60595703125,-4.7607421875,2.44140625,-2.232959270477295,86.88461303710938,-183.21424865722656
0.00830078125,0.998779296875,-0.116943359375,-7.99560546875,-5.43212890625,2.25830078125,-2.2649121284484863,86.94612884521484,-183.44163513183597
0.006591796875,0.9873046875,-0.0927734375,-8.36181640625,-4.57763671875,2.197265625,-2.2874219417572017,86.93768310546875,-183.63316345214844
-0.00732421875,0.972412109375,-0.109130859375,-8.056640625,-4.82177734375,2.0751953125,-2.272773742675781,86.98294830322266,-183.8365631103516
0.0078125,0.97900390625,-0.097412109375,-8.23974609375,-4.8828125,2.01416015625,-2.2911415100097656,86.99082946777344,-184.04119873046875
-0.008544921875,0.989990234375,-0.100341796875,-8.11767578125,-4.82177734375,2.197265625,-2.278416872024536,87.00733947753906,-184.24343872070312
-0.008544921875,0.9912109375,-0.0849609375,-8.1787109375,-4.638671875,2.01416015625,-2.258349657058716,86.98540496826172,-184.43722534179688
0.00439453125,0.988037109375,-0.092041015625,-7.99560546875,-4.45556640625,2.01416015625,-2.268390655517578,86.98802947998047,-184.6241607666016
-0.01416015625,0.977294921875,-0.087646484375,-8.72802734375,-4.45556640625,2.25830078125,-2.2647476196289062,86.96324920654297,-184.81082153320312
-0.0068359375,0.987060546875,-0.099365234375,-8.6669921875,-4.69970703125,1.8310546875,-2.242215156555176,86.95706939697266,-185.00865173339844
-0.21044921875,1.008544921875,-0.239013671875,-5.0048828125,-25.2685546875,3.47900390625,-1.8901891708374023,87.4098892211914,-186.0364990234375
-0.09423828125,1.039306640625,-0.097412109375,-7.32421875,-63.78173828125,10.3759765625,-2.128852128982544,87.50521850585938,171.4196319580078
-0.20703125,0.73974609375,-0.132568359375,-7.8125,-83.06884765625,12.39013671875,-2.0645189285278316,87.78130340576172,168.0985565185547
-0.096435546875,0.977294921875,-0.191650390625,-7.080078125,-103.515625,15.5029296875,-2.5154149532318115,88.17120361328125,163.95999145507812
0.4111328125,1.051025390625,-0.658935546875,-5.18798828125,-101.1962890625,17.333984375,-3.9131224155426025,89.38827514648438,159.86366271972656
-0.066650390625,1.235107421875,0.42626953125,-8.544921875,38.14697265625,1.953125,-3.700953483581543,88.20879364013672,161.44070434570312
0.210693359375,0.994384765625,-0.210205078125,-7.9345703125,14.34326171875,-0.18310546875,-3.9990386962890634,88.3695068359375,161.9824981689453
0.16357421875,1.091796875,-0.2421875,-6.40869140625,10.55908203125,0.91552734375,-3.603984832763672,87.561279296875,162.4390411376953
0.212890625,1.16552734375,-0.298095703125,19.71435546875,3.11279296875,10.6201171875,-4.283277988433838,88.97570037841797,162.5327911376953
0.319580078125,1.215087890625,0.001708984375,-40.10009765625,3.0517578125,61.6455078125,-7.147044658660889,87.372314453125,162.7314910888672
0.035888671875,1.489501953125,-0.07373046875,-59.38720703125,5.67626953125,93.44482421875,-10.621251106262207,85.12853240966797,163.16429138183594
-0.077880859375,1.49609375,-0.227294921875,-64.14794921875,-6.77490234375,30.45654296875,-11.334351539611815,83.12091827392578,162.90380859375
0.107666015625,1.477783203125,-0.25390625,-29.96826171875,-6.34765625,-21.66748046875,-10.238728523254396,82.63917541503906,162.4110107421875
0.15771484375,1.50048828125,-0.233642578125,6.04248046875,-6.103515625,-33.3251953125,-8.790370941162111,83.5749740600586,161.8964385986328
0.26171875,1.54736328125,-0.18798828125,31.3720703125,-21.97265625,-8.544921875,-8.567585945129395,85.47821807861328,160.90066528320312
0.085693359375,1.47314453125,-0.16015625,38.57421875,-38.0859375,-0.6103515625,-8.423974990844728,87.66144561767578,159.30307006835938
0.2021484375,1.171875,-0.25732421875,32.53173828125,-56.5185546875,-14.16015625,-7.844785690307617,89.54369354248047,156.97154235839844
0.05078125,1.4423828125,-0.05224609375,46.32568359375,-74.462890625,-32.53173828125,-6.27012825012207,91.84992980957031,153.9844512939453
0.03515625,1.37646484375,0.01953125,31.18896484375,-92.22412109375,-33.26416015625,-4.576559543609619,93.32080078125,150.3649444580078
0.077392578125,1.241455078125,-0.00732421875,10.986328125,-99.609375,-20.93505859375,-3.4400298595428467,93.9020538330078,146.44778442382812
0.06005859375,1.22119140625,-0.010986328125,-1.8310546875,-99.79248046875,3.662109375,-3.2761418819427486,93.9136199951172,142.45948791503906
0.033447265625,1.54541015625,-0.091796875,-10.19287109375,-90.75927734375,4.7607421875,-3.1325838565826416,93.67416381835938,138.82179260253906
-0.020751953125,1.221923828125,-0.060546875,-12.5732421875,-89.7216796875,-29.1748046875,-1.5802971124649048,93.2673797607422,135.31486511230472
0.002685546875,1.200439453125,-0.048583984375,17.15087890625,-65.36865234375,-33.3251953125,-0.024519855156540867,93.93586730957031,132.796142578125
-0.00537109375,1.19140625,-0.032470703125,19.04296875,-63.4765625,-33.447265625,1.5118374824523926,94.55608367919922,130.36874389648438
0.024169921875,1.0947265625,-0.074462890625,9.765625,-62.744140625,-32.40966796875,2.91399359703064,94.71017456054688,127.97207641601562
-0.114501953125,1.085205078125,-0.094482421875,-12.75634765625,-57.7392578125,-37.53662109375,4.711203098297119,94.04850006103516,125.7838897705078
-0.0146484375,0.8212890625,-0.16064453125,-21.484375,-89.53857421875,-35.7666015625,6.22286319732666,93.1189422607422,122.31329345703124
0.0986328125,0.844970703125,-0.175048828125,-11.3525390625,-100.52490234375,-26.4892578125,6.988680362701416,92.53026580810548,118.3683853149414
0.058837890625,0.78759765625,-0.11328125,13.73291015625,-96.61865234375,-41.1376953125,8.37610912322998,92.77816772460938,114.583740234375
-0.11181640625,0.801513671875,-0.13330078125,23.74267578125,-86.3037109375,-64.63623046875,11.124471664428713,93.4080047607422,111.27555084228516
-0.089599609375,0.7431640625,-0.137451171875,22.5830078125,-72.1435546875,-84.41162109375,14.503642082214355,93.97381591796876,108.6111068725586
-0.9853515625,1.07080078125,0.00927734375,4.94384765625,-57.43408203125,-54.931640625,17.913488388061523,93.39144897460938,106.33289337158205
-0.10986328125,0.712646484375,-0.074951171875,3.41796875,-62.68310546875,-101.86767578125,21.743234634399414,92.7952880859375,103.9537353515625
-0.1787109375,0.71240234375,-0.11279296875,6.103515625,-55.60302734375,-92.7734375,25.30663108825684,92.34918975830078,101.8061752319336
-0.21533203125,0.625244140625,-0.1416015625,14.7705078125,-52.490234375,-80.99365234375,28.366952896118164,92.36325073242188,99.79899597167969
-0.235107421875,0.64599609375,-0.1181640625,23.01025390625,-45.5322265625,-62.80517578125,30.61347770690918,92.638671875,98.00017547607422
-0.254150390625,0.64501953125,-0.123779296875,18.310546875,-44.12841796875,-65.7958984375,32.950618743896484,92.69061279296876,96.25545501708984
-0.343505859375,0.531982421875,-0.174072265625,13.73291015625,-41.748046875,-73.79150390625,35.94514465332031,92.79714965820312,94.7497329711914
-0.3662109375,0.524658203125,-0.1689453125,15.44189453125,-42.66357421875,-57.373046875,38.25331115722656,92.80504608154295,93.11653900146484
-0.37939453125,0.587646484375,-0.1171875,10.8642578125,-46.44775390625,-48.2177734375,40.03018569946289,92.13703918457031,91.0550308227539
-0.438232421875,0.5947265625,-0.1240234375,11.71875,-52.18505859375,-49.98779296875,41.93090438842773,91.22596740722656,88.62922668457031
-0.539306640625,0.53125,-0.151611328125,25.32958984375,-49.62158203125,-47.79052734375,43.9987678527832,90.9597396850586,86.33853912353516
-0.521728515625,0.586669921875,-0.15185546875,39.0625,-45.8984375,-54.443359375,46.05056762695313,91.23929595947266,84.17321014404297
-0.54052734375,0.625,-0.141845703125,30.94482421875,-26.85546875,-69.39697265625,48.62031173706055,91.87911224365234,83.07083892822266
-0.5224609375,0.611328125,-0.114501953125,20.20263671875,-24.10888671875,-78.61328125,51.44144821166992,92.04764556884766,82.05140686035156
-0.611328125,0.5859375,-0.1357421875,12.5732421875,-20.32470703125,-88.31787109375,54.74744033813477,92.11649322509766,81.31988525390625
-0.611328125,0.5751953125,-0.1279296875,15.13671875,-26.2451171875,-88.2568359375,57.94585037231445,91.806396484375,80.07661437988281
-0.66064453125,0.63037109375,-0.181396484375,12.939453125,-29.47998046875,-84.1064453125,60.83438491821289,91.21700286865234,78.6053237915039
-0.621337890625,0.629150390625,-0.129150390625,14.95361328125,-31.3720703125,-75.74462890625,63.20161819458008,90.10149383544922,76.561279296875
-0.70654296875,0.566162109375,-0.1572265625,6.103515625,-22.5830078125,-64.63623046875,65.27127838134766,89.289794921875,75.25135040283203
-0.692138671875,0.519775390625,-0.201416015625,5.79833984375,-22.76611328125,-57.55615234375,67.04616546630861,88.63520812988281,74.09474182128906
-0.698974609375,0.620849609375,-0.160400390625,15.68603515625,-26.67236328125,-59.08203125,68.62606048583984,87.34947967529297,71.93529510498047
-0.665283203125,0.482421875,-0.123779296875,13.7939453125,-26.79443359375,-47.79052734375,69.87763214111328,85.8263931274414,69.61699676513672
-0.76123046875,0.6357421875,-0.188720703125,2.0751953125,-19.04296875,-41.6259765625,70.71354675292969,84.92642211914062,68.42473602294922
-0.73046875,0.482421875,-0.196044921875,0.732421875,-21.8505859375,-50.47607421875,72.07902526855469,83.59236907958984,66.84364318847656
-0.750732421875,0.530517578125,-0.2001953125,3.173828125,-15.5029296875,-48.52294921875,73.26417541503906,83.05533599853516,66.01421356201172
-0.781005859375,0.50244140625,-0.21923828125,6.65283203125,-15.19775390625,-50.1708984375,74.55528259277344,82.6880874633789,65.23811340332031
-0.783935546875,0.525390625,-0.202880859375,10.7421875,-14.70947265625,-54.13818359375,75.89371490478516,82.2099838256836,64.22511291503906
-0.77197265625,0.4755859375,-0.1806640625,10.19287109375,-14.6484375,-49.31640625,77.05636596679688,81.49260711669922,63.02263641357422
-0.80078125,0.46044921875,-0.181640625,10.07080078125,-15.0146484375,-43.701171875,78.0101318359375,80.61817932128906,61.681861877441406
-0.80810546875,0.484619140625,-0.181396484375,7.62939453125,-13.3056640625,-40.10009765625,78.77068328857422,79.72915649414062,60.44178771972656
-0.845947265625,0.426513671875,-0.177490234375,1.5869140625,-12.63427734375,-41.50390625,79.66500091552734,78.53231048583984,59.175148010253906
-0.86767578125,0.43212890625,-0.194580078125,2.25830078125,-12.0849609375,-44.86083984375,80.63636779785156,77.23641967773438,57.83238220214844
-0.8837890625,0.404296875,-0.212646484375,4.5166015625,-11.65771484375,-50.537109375,81.78787994384766,75.50485229492188,56.07435607910156
-0.876708984375,0.46826171875,-0.20068359375,3.84521484375,-9.82666015625,-57.9833984375,82.9469223022461,72.77754211425781,53.52463912963867
-0.878173828125,0.44140625,-0.21044921875,0.8544921875,-10.7421875,-63.29345703125,84.07460021972656,66.29822540283203,47.73678588867188
-0.8818359375,0.427734375,-0.210205078125,4.8828125,-11.71875,-64.8193359375,84.86981201171875,48.98589324951172,31.448131561279297
-0.91259765625,0.4140625,-0.19775390625,9.765625,-12.20703125,-73.18115234375,85.11656951904297,-16.360517501831055,-40.85745620727539
-0.89208984375,0.377197265625,-0.18701171875,10.25390625,-11.1083984375,-73.18115234375,84.55719757080078,-60.04999923706055,-86.10797119140625
-0.89892578125,0.34326171875,-0.1826171875,8.97216796875,-7.38525390625,-66.58935546875,83.5853042602539,-72.86705017089844,-98.21668243408205
-0.909423828125,0.36181640625,-0.1826171875,5.55419921875,-7.01904296875,-57.6171875,82.67169189453125,-78.2742691040039,-103.3488998413086
-0.897705078125,0.310791015625,-0.176513671875,3.96728515625,-7.9345703125,-54.87060546875,81.69361877441406,-81.30369567871094,-106.19189453125
-0.885498046875,0.304931640625,-0.186767578125,2.8076171875,-5.37109375,-49.01123046875,80.890380859375,-84.14420318603516,-108.935546875
-0.91455078125,0.257568359375,-0.183349609375,-3.23486328125,-6.34765625,-42.6025390625,80.19945526123047,-86.11097717285156,-110.60874938964844
-0.94189453125,0.227783203125,-0.194091796875,-0.6103515625,-6.2255859375,-43.0908203125,79.42694091796875,-87.7566909790039,-112.06668853759766
-0.920654296875,0.194091796875,-0.2060546875,-0.1220703125,-5.9814453125,-42.54150390625,78.6256103515625,-89.34872436523438,-113.49569702148438
-0.916748046875,0.1591796875,-0.2119140625,1.220703125,-5.06591796875,-36.865234375,77.97511291503906,-90.89307403564452,-114.95281982421876
-0.9521484375,0.3408203125,-0.22998046875,5.43212890625,-2.3193359375,-36.1328125,77.67601013183594,-92.66311645507812,-116.8424301147461
-0.914306640625,0.256591796875,-0.202880859375,0.06103515625,-5.7373046875,-27.4658203125,77.54154968261719,-93.6768569946289,-117.76313018798828
-0.941162109375,0.1416015625,-0.233154296875,-5.615234375,-2.13623046875,-21.3623046875,77.4168701171875,-95.93589782714844,-119.70852661132812
-0.9462890625,0.145751953125,-0.2177734375,0.42724609375,1.03759765625,-23.8037109375,77.19102478027344,-98.18968963623048,-121.89077758789062
-0.935302734375,0.162841796875,-0.196044921875,1.3427734375,-1.03759765625,-23.74267578125,77.02295684814453,-99.68820190429688,-123.34961700439452
-0.92822265625,0.14794921875,-0.205810546875,-1.28173828125,-2.8076171875,-17.4560546875,77.06266784667969,-101.19337463378906,-124.71734619140624
-0.91796875,0.11376953125,-0.227783203125,-2.86865234375,-4.94384765625,-12.26806640625,77.21875,-102.72782135009766,-126.04904174804688
-0.8837890625,0.13427734375,-0.195556640625,-3.173828125,-6.65283203125,-3.23486328125,77.77058410644531,-104.1598892211914,-127.30667114257812
-0.884521484375,0.107421875,-0.18798828125,-7.99560546875,-10.25390625,7.99560546875,78.671630859375,-105.59239196777344,-128.41865539550778
-0.8623046875,0.116943359375,-0.187255859375,-7.080078125,-9.765625,17.88330078125,79.86874389648438,-108.14312744140624,-130.7576904296875
-0.8095703125,0.108642578125,-0.1650390625,-10.25390625,-10.8642578125,29.9072265625,81.38066864013672,-112.39749145507812,-134.80282592773438
-0.75439453125,0.099365234375,-0.14599609375,-14.22119140625,-13.24462890625,54.87060546875,83.33299255371094,-123.62698364257812,-145.99171447753906
-0.732421875,0.1220703125,-0.133544921875,-22.4609375,-17.08984375,79.833984375,84.72117614746094,-177.52284240722656,162.73948669433594
-0.693603515625,0.125244140625,-0.164794921875,-29.35791015625,-23.62060546875,107.91015625,83.13426971435547,109.20930480957031,92.8722152709961
-0.76171875,0.16943359375,-0.201416015625,-35.09521484375,-33.0810546875,142.578125,78.30162048339844,93.31405639648438,77.16381072998047
-0.7177734375,0.299072265625,-0.258544921875,-36.92626953125,-47.42431640625,164.794921875,71.67498779296875,87.0420913696289,71.68074798583984
-0.75732421875,0.080078125,-0.04541015625,-41.8701171875,-57.373046875,184.2041015625,64.78985595703125,81.67591094970703,67.48960113525389
-0.81494140625,0.57373046875,-0.1669921875,-41.80908203125,-68.9697265625,210.26611328125,55.86338424682617,78.83850860595703,65.75437927246094
-0.717041015625,0.387451171875,-0.07275390625,-35.58349609375,-77.81982421875,226.6845703125,46.71571350097656,76.63867950439453,64.40383911132811
-0.76611328125,0.625,-0.07421875,-21.484375,-76.84326171875,231.14013671875,37.312747955322266,75.4536361694336,63.592323303222656
-0.77490234375,0.642822265625,-0.014892578125,-13.00048828125,-80.26123046875,223.876953125,28.43542671203613,74.86192321777344,62.86192321777344
-0.775634765625,0.7060546875,0.01171875,-8.4228515625,-68.115234375,214.9658203125,20.23983383178711,74.74968719482422,62.603515625
-0.6171875,0.75244140625,-0.00634765625,4.82177734375,-62.31689453125,184.26513671875,13.274779319763185,75.27220153808594,62.222938537597656
-0.567138671875,0.671142578125,0.041015625,-2.0751953125,-48.33984375,165.8935546875,7.428199768066406,75.48421478271484,62.07591247558594
-0.55078125,0.824951171875,-0.01611328125,-4.21142578125,-46.2646484375,143.5546875,2.444819688796997,75.78337860107422,61.75117492675781
-0.457763671875,0.76025390625,0.03173828125,-12.87841796875,-46.5087890625,133.48388671875,-2.076157808303833,75.65454864501953,61.259071350097656
-0.485107421875,0.819580078125,0.048828125,-7.568359375,-35.15625,140.44189453125,-6.619950294494629,75.71080780029297,61.250083923339844
-0.47998046875,0.8408203125,0.0986328125,8.48388671875,-31.18896484375,162.4755859375,-11.86293125152588,76.24266052246094,61.56930541992188
-0.43603515625,0.829833984375,0.105712890625,21.66748046875,-21.66748046875,170.5322265625,-17.271114349365234,77.13971710205078,62.25637817382813
-0.368896484375,0.745361328125,0.08544921875,17.27294921875,-13.00048828125,142.63916015625,-21.372148513793945,77.79752349853516,62.946144104003906
-0.3076171875,0.390625,-0.009521484375,22.216796875,4.7607421875,116.5771484375,-23.941274642944336,78.6513442993164,64.00828552246094
-0.12890625,0.706298828125,-0.084716796875,53.03955078125,18.1884765625,140.31982421875,-28.07219886779785,80.6832046508789,65.61124420166016
-0.400634765625,0.877685546875,0.0654296875,53.40576171875,27.89306640625,119.0185546875,-30.794788360595703,81.97494506835938,67.60781097412111
-0.163330078125,0.926513671875,-0.02392578125,36.7431640625,19.34814453125,103.82080078125,-33.32227325439453,83.03707122802734,68.92961883544922
-0.21337890625,0.88134765625,0.017333984375,10.3759765625,21.78955078125,97.71728515625,-35.42280960083008,82.7901382446289,70.39386749267578
-0.119140625,0.697998046875,-0.0556640625,-0.79345703125,9.21630859375,103.45458984375,-37.87749099731445,82.65443420410156,71.15301513671875
-0.000732421875,0.606689453125,-0.1142578125,10.55908203125,15.93017578125,103.8818359375,-40.56847381591797,83.026123046875,72.06902313232422
-0.025634765625,0.71240234375,-0.082763671875,22.216796875,30.21240234375,97.35107421875,-42.7058219909668,83.0582275390625,73.87088012695312
-0.044677734375,0.7490234375,-0.03515625,11.90185546875,33.0810546875,77.81982421875,-43.99905395507813,82.4334945678711,75.84414672851562
-0.079833984375,0.85791015625,-0.073486328125,-19.287109375,92.28515625,-5.37109375,-42.49992752075195,72.818603515625,91.5030288696289
-0.118896484375,0.822021484375,-0.114990234375,-36.865234375,77.69775390625,-41.9921875,-38.3523063659668,70.54881286621094,93.81365203857422
0.14111328125,0.83935546875,-0.00537109375,-17.08984375,77.5146484375,-38.6962890625,-34.83985137939453,69.03963470458984,96.1875
0.122802734375,0.633544921875,-0.15234375,-57.2509765625,59.99755859375,-47.607421875,-19.49407958984375,60.71770477294922,103.9264678955078
0.205322265625,0.70361328125,-0.29248046875,0.91552734375,59.2041015625,27.03857421875,-19.40508270263672,61.65757751464844,106.06858825683594
-0.039794921875,1.246337890625,-0.072998046875,38.818359375,46.142578125,-1.5869140625,-17.792325973510742,63.90742874145508,107.36833953857422
0.24267578125,1.16015625,0.104736328125,27.52685546875,48.4619140625,-35.94970703125,-15.475067138671875,65.48233795166016,108.31399536132812
0.07861328125,1.282470703125,0.00537109375,4.8828125,82.58056640625,-32.40966796875,-12.532166481018065,66.00595092773439,110.62263488769531
0.17578125,1.24462890625,-0.0185546875,-9.521484375,97.5341796875,11.962890625,-11.256528854370117,65.78677368164061,114.255615234375
0.308349609375,1.03759765625,-0.0703125,-20.5078125,98.08349609375,29.052734375,-10.958317756652832,65.20549011230469,118.18456268310548
0.12353515625,1.42431640625,-0.05859375,-41.44287109375,86.669921875,29.11376953125,-10.327401161193848,63.92852020263672,121.67369079589844
0.220703125,1.267822265625,-0.1591796875,-74.89013671875,51.69677734375,30.2734375,-10.513789176940918,61.7334098815918,123.8836669921875
0.26904296875,0.992431640625,-0.1865234375,-31.79931640625,72.08251953125,61.58447265625,-11.56926727294922,61.134544372558594,127.40632629394531
0.08349609375,1.066650390625,-0.1103515625,14.58740234375,80.74951171875,60.6689453125,-11.976633071899414,62.1935920715332,131.22047424316406
0.170654296875,1.1162109375,-0.06494140625,28.62548828125,69.39697265625,33.203125,-11.841222763061525,63.8637580871582,134.11894226074222
0.2783203125,1.231201171875,-0.0322265625,34.3017578125,72.69287109375,33.87451171875,-11.916608810424805,65.59648132324219,137.1806640625
0.234619140625,1.4765625,-0.0048828125,18.98193359375,63.8427734375,31.3720703125,-11.951885223388672,66.70310974121094,139.88888549804688
0.256591796875,1.4453125,-0.038818359375,-22.64404296875,62.744140625,21.8505859375,-11.725461959838867,66.19069671630861,142.39915466308594
0.271484375,1.28173828125,-0.144775390625,-17.88330078125,64.0869140625,17.39501953125,-11.399516105651855,66.07032012939453,144.849365234375
0.220947265625,1.230712890625,-0.17578125,-3.47900390625,62.5,19.1650390625,-11.119007110595703,66.57465362548828,147.2676239013672
0.15625,1.13818359375,-0.135986328125,12.75634765625,56.70166015625,18.798828125,-10.861538887023926,67.76525115966797,149.47315979003906
0.155517578125,1.125244140625,-0.039794921875,16.9677734375,46.630859375,3.90625,-10.242213249206543,69.03813171386719,151.12191772460938
0.1787109375,1.210205078125,-0.0068359375,2.44140625,32.89794921875,-21.484375,-9.003968238830566,69.81896209716797,151.9188232421875
0.22021484375,1.0869140625,-0.04248046875,-33.75244140625,8.36181640625,-15.13671875,-8.44434928894043,69.30288696289061,151.89166259765625
0.1669921875,1.054931640625,-0.06494140625,-42.96875,-4.0283203125,-11.29150390625,-8.130352973937987,68.55161285400389,151.44140625
0.116943359375,1.03564453125,-0.05517578125,-42.236328125,-10.6201171875,-14.34326171875,-7.651097774505615,67.88688659667969,150.69503784179688
0.066162109375,1.036376953125,-0.044677734375,-33.69140625,-11.3525390625,-21.97265625,-6.877094745635986,67.57724761962889,149.81101989746094
0.0537109375,1.053955078125,0.00537109375,-25.08544921875,-7.32421875,-26.123046875,-5.885846138000487,67.49929809570311,149.03680419921875
0.083984375,1.054443359375,0.018798828125,-24.169921875,-1.03759765625,-24.0478515625,-4.989017963409424,67.42772674560547,148.54238891601562
0.079345703125,1.074462890625,-0.01416015625,-22.0947265625,12.14599609375,-15.869140625,-4.204287528991698,67.41800689697266,148.67251586914062
0.05126953125,1.044921875,-0.026123046875,-14.16015625,17.2119140625,-17.88330078125,-3.2426576614379883,67.74325561523439,148.9723358154297
0.0595703125,1.010498046875,-0.023681640625,-0.79345703125,21.30126953125,-22.216796875,-2.1086525917053223,68.53632354736328,149.38812255859375
0.05419921875,1.000244140625,0.00830078125,10.8642578125,19.47021484375,-30.76171875,-0.7315430641174316,69.76350402832031,149.652587890625
0.124755859375,0.986083984375,0.009033203125,9.46044921875,14.70947265625,-30.517578125,0.3533371686935425,70.88872528076172,149.78860473632812
0.10302734375,0.990478515625,0.02099609375,6.7138671875,18.00537109375,-19.8974609375,1.0717828273773191,71.8503646850586,150.222900390625
0.03955078125,0.957275390625,0.009521484375,6.7138671875,21.17919921875,-10.009765625,1.5715208053588867,72.8077163696289,150.92271423339844
0.41748046875,1.3583984375,-0.060302734375,6.40869140625,12.8173828125,-20.69091796875,1.7839850187301636,73.7938003540039,151.1951446533203
-0.10400390625,0.918212890625,0.03125,100.64697265625,26.30615234375,-45.166015625,3.939142942428589,78.61131286621094,151.8231658935547
-0.009521484375,1.458984375,-0.148681640625,58.28857421875,9.46044921875,-82.33642578125,7.099746227264403,81.58456420898438,151.68258666992188
0.18310546875,1.255615234375,-0.180419921875,11.1083984375,-5.37109375,-58.65478515625,8.797457695007324,82.58903503417969,151.22512817382812
0.3076171875,1.1298828125,0.08935546875,4.82177734375,8.48388671875,-17.51708984375,9.11684513092041,81.6277084350586,151.29232788085938
0.013671875,0.98876953125,-0.288818359375,-12.8173828125,29.47998046875,20.3857421875,8.112880706787111,82.25798797607422,152.7366485595703
-0.149169921875,0.746826171875,-0.04931640625,-8.1787109375,16.05224609375,-2.74658203125,8.434391021728517,82.4576644897461,153.42724609375
-0.0400390625,0.814697265625,-0.1845703125,-45.41015625,4.8828125,22.0947265625,7.831265926361084,80.94107818603516,153.78172302246094
0.27880859375,1.281494140625,-0.33056640625,-18.98193359375,-15.380859375,-20.751953125,7.810829162597656,80.96585845947266,153.16256713867188
0.0693359375,0.93115234375,-0.014404296875,-8.60595703125,-34.5458984375,-2.5634765625,6.301139831542969,79.90000915527344,152.30084228515625
0.269775390625,1.2314453125,0.060546875,-5.67626953125,-47.42431640625,-8.36181640625,5.864170551300049,79.9793701171875,150.42144775390625
0.106689453125,0.875244140625,0.083984375,-10.986328125,-53.40576171875,4.7607421875,4.802056789398193,79.5118179321289,148.36328125
0.23974609375,1.037841796875,-0.11865234375,-10.25390625,-47.9736328125,5.2490234375,3.57035493850708,79.6043930053711,146.56300354003906
0.1552734375,0.99658203125,-0.0595703125,-4.57763671875,-18.37158203125,2.5634765625,2.910081624984741,79.87834930419922,145.88775634765625
-0.0302734375,0.983642578125,-0.0771484375,-6.40869140625,-4.57763671875,-2.9296875,2.9515888690948486,80.1719741821289,145.71572875976562
-0.013671875,0.984130859375,-0.05859375,-8.30078125,-5.126953125,2.25830078125,2.7459285259246826,80.33807373046875,145.5546417236328
0.03271484375,1.000244140625,-0.07470703125,-9.09423828125,-5.126953125,4.69970703125,2.381618022918701,80.46550750732422,145.40721130371094
-0.0185546875,0.987060546875,-0.0673828125,-9.033203125,-4.8828125,1.0986328125,2.257344007492065,80.61178588867188,145.2429656982422
0.0146484375,0.983642578125,-0.0625,-8.23974609375,-4.638671875,2.38037109375,2.013037204742432,80.7748794555664,145.09469604492188
-0.004638671875,0.9814453125,-0.071044921875,-8.23974609375,-4.08935546875,0.48828125,1.9223313331604004,80.95356750488281,144.95425415039062
0.00537109375,0.99072265625,-0.079345703125,-7.9345703125,-4.69970703125,1.52587890625,1.7469992637634275,81.15277099609375,144.79537963867188
-0.002685546875,0.978271484375,-0.069580078125,-8.36181640625,-4.2724609375,1.0986328125,1.6166765689849854,81.30818176269531,144.6481475830078
0.003662109375,0.989013671875,-0.06982421875,-7.9345703125,-4.82177734375,0.67138671875,1.5442571640014648,81.46244812011719,144.47476196289062
-0.006591796875,1.000244140625,-0.06298828125,-8.11767578125,-4.7607421875,1.64794921875,1.4067177772521973,81.59766387939453,144.3084259033203
-0.005126953125,0.976318359375,-0.066162109375,-8.85009765625,-4.94384765625,2.8076171875,1.2251149415969849,81.70936584472656,144.14022827148438
-0.001953125,0.983642578125,-0.0673828125,-8.85009765625,-4.21142578125,2.44140625,1.0796926021575928,81.80175018310547,143.99679565429688
0.00390625,0.980224609375,-0.07421875,-8.23974609375,-5.31005859375,1.28173828125,0.9488579034805298,81.94803619384766,143.8026580810547
-0.007568359375,0.998779296875,-0.08056640625,-8.7890625,-5.18798828125,2.25830078125,0.8118889927864075,82.07827758789062,143.6173858642578
-0.0166015625,0.990234375,-0.07763671875,-8.72802734375,-4.7607421875,3.35693359375,0.6447870135307312,82.19707489013672,143.45326232910156
0.011474609375,0.979248046875,-0.06494140625,-8.72802734375,-4.82177734375,4.21142578125,0.401343047618866,82.28955841064453,143.28939819335938
0.001953125,0.994384765625,-0.068603515625,-8.544921875,-4.638671875,0.67138671875,0.33066326379776,82.3921127319336,143.11209106445312
-0.015380859375,0.989013671875,-0.074951171875,-8.60595703125,-4.5166015625,2.8076171875,0.17410780489444733,82.488037109375,142.94992065429688
-0.015869140625,0.99072265625,-0.06640625,-8.544921875,-5.2490234375,1.03759765625,0.13608312606811526,82.57903289794922,142.74815368652344
-0.00048828125,0.97265625,-0.060302734375,-8.544921875,-4.57763671875,2.9296875,-0.006815349217504263,82.65564727783203,142.58216857910156
-0.0126953125,0.991943359375,-0.0712890625,-8.9111328125,-4.7607421875,1.52587890625,-0.06483197957277298,82.72607421875,142.400634765625
-0.01123046875,0.982421875,-0.057373046875,-8.1787109375,-4.94384765625,2.44140625,-0.15712708234786987,82.80409240722656,142.2158203125
0.002197265625,0.97998046875,-0.078369140625,-8.056640625,-4.45556640625,1.220703125,-0.2258443385362625,82.93222045898438,142.04356384277344
-0.00341796875,0.984619140625,-0.068115234375,-8.60595703125,-5.7373046875,1.89208984375,-0.2914433479309082,82.99288177490234,141.82302856445312
-0.010009765625,0.981201171875,-0.064453125,-8.544921875,-5.0048828125,1.64794921875,-0.3457073271274567,83.06282043457031,141.6298065185547
-0.00341796875,0.981201171875,-0.068115234375,-7.99560546875,-5.2490234375,1.0986328125,-0.3921896815299988,83.16056060791016,141.423828125
-0.01025390625,0.998779296875,-0.0576171875,-8.4228515625,-5.06591796875,1.52587890625,-0.4437955915927887,83.20327758789062,141.2268829345703
-0.0087890625,0.98876953125,-0.060302734375,-8.30078125,-4.0283203125,2.685546875,-0.5309918522834778,83.26444244384766,141.07595825195312
-0.00439453125,0.9951171875,-0.0595703125,-8.9111328125,-4.33349609375,2.44140625,-0.6164975166320801,83.2966537475586,140.9111328125
-0.011962890625,0.96826171875,-0.056640625,-8.11767578125,-5.06591796875,1.953125,-0.6975103616714478,83.3934097290039,140.71397399902344
-0.01123046875,0.978271484375,-0.068359375,-7.9345703125,-4.57763671875,1.77001953125,-0.7345647811889648,83.48255157470703,140.53477478027344
-0.007568359375,0.979736328125,-0.051513671875,-8.6669921875,-4.638671875,2.685546875,-0.8149471879005432,83.5003890991211,140.35734558105472
0.005126953125,0.98974609375,-0.071044921875,-8.36181640625,-4.7607421875,2.8076171875,-0.8793641924858093,83.55755615234375,140.17457580566406
-0.00439453125,0.98583984375,-0.07080078125,-9.033203125,-4.638671875,2.13623046875,-0.9395554661750792,83.60132598876953,139.9930419921875
