0.01513671875,0.916015625,0.150634765625,-2.3193359375,8.23974609375,-2.86865234375,-4.0876073837280265,68.91640472412111,115.2306671142578
0.015625,0.957275390625,0.135986328125,0.8544921875,9.765625,-0.42724609375,-3.812361001968384,69.42440795898439,115.55542755126952
0.000244140625,1.00244140625,0.09619140625,-0.67138671875,9.58251953125,1.3427734375,-3.5849852561950684,69.95291900634766,115.89603424072266
-0.021484375,0.98779296875,0.089599609375,-6.103515625,5.31005859375,1.0986328125,-3.3677818775177,70.26652526855469,116.07524871826172
-0.007568359375,0.984130859375,0.10302734375,-7.26318359375,1.220703125,0.732421875,-3.231520652770996,70.50091552734375,116.09979248046876
-0.0087890625,0.97607421875,0.110107421875,-8.36181640625,-1.0986328125,2.685546875,-3.201411247253418,70.66801452636719,116.06502532958984
-0.0244140625,0.942626953125,0.114013671875,-7.9345703125,-0.18310546875,4.8828125,-3.204887866973877,70.82457733154297,116.09488677978516
-0.036376953125,0.922119140625,0.114013671875,-6.53076171875,-0.48828125,7.62939453125,-3.285266876220703,71.02392578125,116.1489028930664
-0.03173828125,0.953857421875,0.10400390625,-3.96728515625,-2.50244140625,9.70458984375,-3.4811797142028813,71.35244750976562,116.1498565673828
-0.005615234375,0.99462890625,0.1044921875,-3.2958984375,-5.859375,6.77490234375,-3.662891626358032,71.71428680419922,115.98243713378906
0.004150390625,1.00048828125,0.104248046875,-5.55419921875,-6.04248046875,7.26318359375,-3.879461526870728,71.97457885742188,115.81135559082031
-0.01220703125,1.0205078125,0.110595703125,-7.62939453125,-6.103515625,9.21630859375,-4.125345230102538,72.13213348388672,115.6597900390625
0.003662109375,1.000732421875,0.135009765625,-10.1318359375,-6.591796875,7.4462890625,-4.3345913887023935,72.12828826904297,115.469970703125
-0.00244140625,0.999755859375,0.10546875,-11.3525390625,-5.06591796875,9.94873046875,-4.599477767944336,72.13462829589844,115.36248779296876
-0.005859375,1.00634765625,0.12548828125,-9.8876953125,-5.126953125,10.986328125,-4.885879039764403,72.15657806396484,115.26644134521484
-0.013427734375,0.97607421875,0.134521484375,-8.85009765625,-7.50732421875,7.6904296875,-5.04652738571167,72.20166015625,115.03939056396484
0.009521484375,0.9990234375,0.114990234375,-4.45556640625,-8.48388671875,6.16455078125,-5.206916809082031,72.47665405273438,114.75050354003906
0.01611328125,0.990478515625,0.14697265625,-3.7841796875,-9.765625,1.5869140625,-5.214502811431885,72.70392608642578,114.3629150390625
0.02294921875,0.990234375,0.1259765625,-2.8076171875,-9.09423828125,-0.54931640625,-5.147048473358153,73.00786590576172,113.97193145751952
0.008056640625,1.028564453125,0.130615234375,-4.57763671875,-9.6435546875,-0.3662109375,-5.059064865112305,73.23136138916016,113.56285858154295
0.035888671875,1.027099609375,0.11865234375,-10.19287109375,-9.09423828125,1.953125,-5.117518424987793,73.24256896972656,113.2002944946289
0.0068359375,0.97509765625,0.136474609375,-14.892578125,-5.859375,6.89697265625,-5.262636661529541,72.99522399902344,113.02345275878906
-0.015625,0.945068359375,0.138671875,-14.892578125,-5.67626953125,7.87353515625,-5.384922504425049,72.7414321899414,112.8657684326172
-0.0048828125,0.918701171875,0.1494140625,-11.90185546875,-6.16455078125,8.9111328125,-5.5726661682128915,72.58321380615234,112.70486450195312
0.0107421875,0.957763671875,0.15625,-4.8828125,-8.97216796875,5.859375,-5.707075595855713,72.72469329833984,112.39915466308594
0.02685546875,0.990234375,0.142578125,-1.15966796875,-11.474609375,0.67138671875,-5.702357769012451,73.0677490234375,111.9310302734375
0.042724609375,1.0263671875,0.1591796875,-1.89208984375,-9.6435546875,0.3662109375,-5.694643974304199,73.3370132446289,111.53284454345705
0.04248046875,1.028076171875,0.149169921875,-6.53076171875,-5.18798828125,4.638671875,-5.798896312713622,73.41064453125,111.3533172607422
0.039306640625,1.0517578125,0.1279296875,-5.7373046875,-2.13623046875,5.06591796875,-5.873013496398926,73.55323028564453,111.29035949707031
0.019775390625,1.0439453125,0.10498046875,-7.4462890625,-2.74658203125,0.244140625,-5.725787162780763,73.67696380615234,111.1443862915039
-0.012451171875,0.999267578125,0.088134765625,-9.033203125,-7.62939453125,-7.38525390625,-5.275823593139648,73.78511047363281,110.7235870361328
-0.0390625,0.9443359375,0.111572265625,-12.26806640625,-11.71875,-9.033203125,-4.759315490722656,73.70502471923828,110.13641357421876
-0.012451171875,0.90771484375,0.131103515625,-11.8408203125,-14.404296875,-2.5634765625,-4.602621078491211,73.58629608154297,109.52599334716795
0.00048828125,0.9208984375,0.13525390625,-11.41357421875,-14.09912109375,5.31005859375,-4.783069133758545,73.47572326660156,109.0171356201172
0.01708984375,0.960693359375,0.137451171875,-11.16943359375,-12.75634765625,10.986328125,-5.1983962059021,73.3795394897461,108.62289428710938
0.0400390625,1.001953125,0.135009765625,-13.61083984375,-12.20703125,10.92529296875,-5.639741897583008,73.20893096923828,108.24591064453124
0.019775390625,0.976318359375,0.16796875,-14.0380859375,-10.1318359375,10.009765625,-5.960894107818604,72.94083404541016,107.94450378417969
0.046875,0.956787109375,0.1572265625,-10.92529296875,-7.99560546875,10.19287109375,-6.317028999328612,72.8170166015625,107.7251205444336
0.019287109375,0.97607421875,0.167236328125,-2.38037109375,-4.33349609375,8.4228515625,-6.4835734367370605,73.01203155517578,107.62520599365234
-0.020751953125,1.08447265625,0.137451171875,5.92041015625,-2.50244140625,4.7607421875,-6.396492004394531,73.6275863647461,107.54116821289062
-0.078125,1.14990234375,0.09912109375,6.34765625,-5.92041015625,6.89697265625,-6.3237080574035645,74.33743286132812,107.33963775634766
-0.0927734375,1.281494140625,0.09765625,5.0048828125,-11.474609375,11.41357421875,-6.473782062530518,75.00684356689453,106.96688842773438
-0.0830078125,1.345947265625,0.1064453125,-1.52587890625,-20.6298828125,17.9443359375,-6.981946468353272,75.419921875,106.29959106445312
-0.040771484375,1.40673828125,0.10986328125,-5.55419921875,-23.25439453125,8.85009765625,-7.213581562042236,75.68790435791016,105.43115234375
-0.01953125,1.394775390625,0.1171875,-2.9296875,-23.193359375,-7.01904296875,-6.85025691986084,76.05508422851562,104.40973663330078
0.0751953125,1.602294921875,0.09521484375,13.61083984375,-26.18408203125,-29.11376953125,-5.7967796325683585,77.14595794677734,103.06881713867188
0.1318359375,1.70654296875,0.10498046875,11.04736328125,-24.2919921875,-58.349609375,-3.6749885082244873,78.06258392333984,101.58529663085938
0.083251953125,1.596923828125,0.1181640625,-3.23486328125,-17.02880859375,-94.1162109375,-0.11135581135749817,78.27079772949219,100.13966369628906
-0.018310546875,1.424560546875,0.10546875,-8.97216796875,-7.99560546875,-115.3564453125,4.36051607131958,78.147705078125,98.89795684814452
-0.07763671875,1.467041015625,0.06396484375,-11.41357421875,-5.9814453125,-119.56787109375,8.92396354675293,77.9054946899414,97.70751190185548
-0.123291015625,1.401123046875,0.05810546875,-27.7099609375,-8.7890625,-123.84033203125,13.516318321228027,76.8905029296875,96.33373260498048
-0.1162109375,1.184326171875,0.085205078125,-33.99658203125,-15.80810546875,-130.06591796875,18.093164443969727,75.35755157470703,94.505859375
-0.132080078125,1.1162109375,0.10595703125,-29.23583984375,-22.0947265625,-144.10400390625,22.95585823059082,73.66575622558594,92.0984344482422
-0.076171875,1.042236328125,0.113037109375,-27.34375,-23.3154296875,-154.96826171875,27.859508514404297,71.70397186279297,89.27708435058594
-0.072509765625,1.03466796875,0.09033203125,-29.84619140625,-15.7470703125,-159.36279296875,32.75330352783203,69.52362060546875,86.462158203125
-0.146728515625,0.9833984375,0.09716796875,-40.4052734375,-9.6435546875,-163.330078125,37.75650405883789,66.6324462890625,83.46804809570312
-0.1943359375,0.882568359375,0.153076171875,-50.84228515625,-6.8359375,-158.75244140625,42.421653747558594,62.79404067993164,80.07622528076172
-0.229248046875,0.659423828125,0.19091796875,-50.78125,-3.0517578125,-158.02001953125,46.94657897949219,58.17126083374024,76.00439453125
-0.282470703125,0.491455078125,0.225341796875,-37.90283203125,4.82177734375,-157.16552734375,51.476722717285156,53.11968231201172,71.15547180175781
-0.381591796875,0.468994140625,0.150634765625,-15.31982421875,8.85009765625,-152.64892578125,55.94995498657226,48.60478973388672,65.91202545166016
-0.467041015625,0.690673828125,0.05859375,-3.662109375,3.7841796875,-149.35302734375,59.82695388793945,44.1552963256836,60.14077758789063
-0.47509765625,0.71728515625,0.044921875,-18.06640625,-6.40869140625,-150.146484375,62.9968147277832,37.43001556396485,52.61181259155274
-0.454345703125,0.5888671875,0.121337890625,-34.72900390625,-10.986328125,-143.61572265625,65.19773101806639,28.32249641418457,43.43918228149414
-0.454833984375,0.366455078125,0.153076171875,-40.95458984375,-4.45556640625,-133.544921875,66.83010101318361,17.72674560546875,33.179054260253906
-0.52734375,0.237060546875,0.205078125,-37.04833984375,3.60107421875,-122.802734375,67.86837768554689,6.24875020980835,22.037185668945312
-0.58740234375,0.210205078125,0.179443359375,-30.517578125,9.3994140625,-111.26708984375,68.45596313476561,-4.463665962219238,11.483015060424805
-0.71435546875,0.25732421875,0.148193359375,-26.3671875,8.544921875,-95.8251953125,68.64524078369139,-13.346718788146973,2.711758613586426
-0.71142578125,0.2314453125,0.16796875,-27.9541015625,0.79345703125,-86.0595703125,68.15623474121094,-20.842241287231445,-4.488471984863281
-0.70361328125,0.169189453125,0.172607421875,-22.76611328125,-0.42724609375,-77.45361328125,67.41629028320311,-27.0283203125,-10.47722625732422
-0.772216796875,0.150634765625,0.15185546875,-6.40869140625,1.64794921875,-67.9931640625,66.81285858154297,-31.608381271362305,-15.419464111328125
-0.818359375,0.245849609375,0.161376953125,5.79833984375,-2.0751953125,-57.12890625,66.32958984375,-33.833847045898445,-18.421615600585934
-0.83837890625,0.34814453125,0.154052734375,7.01904296875,-7.75146484375,-50.96435546875,65.90240478515625,-34.69381332397461,-20.062503814697266
-0.80029296875,0.406982421875,0.198974609375,-0.54931640625,-12.02392578125,-47.9736328125,65.37075805664061,-34.89477157592773,-20.73775863647461
-0.791748046875,0.43017578125,0.21044921875,-6.53076171875,-8.85009765625,-48.7060546875,64.93279266357422,-35.38359069824219,-21.507854461669922
-0.82958984375,0.411376953125,0.19091796875,-10.7421875,-1.15966796875,-48.33984375,64.78080749511719,-36.57941055297852,-22.84845733642578
-0.912109375,0.416015625,0.217041015625,-12.75634765625,5.18798828125,-45.8984375,64.83524322509766,-38.06915283203125,-24.411067962646484
-0.91015625,0.33837890625,0.246337890625,-12.26806640625,6.8359375,-46.32568359375,64.78598785400389,-39.785804748535156,-26.20856475830078
-0.93701171875,0.278076171875,0.27783203125,-6.34765625,8.30078125,-50.35400390625,64.54052734375,-41.70393753051758,-28.45783805847168
-0.96728515625,0.201171875,0.238037109375,6.9580078125,7.50732421875,-49.4384765625,64.25881195068361,-43.324302673339844,-30.88561820983887
-0.9853515625,0.27294921875,0.205810546875,15.380859375,7.4462890625,-46.08154296875,64.19274139404297,-44.206947326660156,-32.89785003662109
-1.0029296875,0.28955078125,0.190185546875,11.71875,4.0283203125,-50.10986328125,63.95045471191406,-45.25391387939453,-34.92615127563477
-0.917724609375,0.297119140625,0.212646484375,4.5166015625,1.40380859375,-50.96435546875,63.578590393066406,-46.18175888061523,-36.555458068847656
-0.891357421875,0.2734375,0.20654296875,-1.0986328125,4.39453125,-49.13330078125,63.32081985473633,-47.3900260925293,-38.24880981445313
-0.95361328125,0.248779296875,0.202392578125,-2.8076171875,6.53076171875,-46.875,63.15233993530274,-48.79964828491211,-40.05596160888672
-1.035400390625,0.201171875,0.1845703125,-0.91552734375,-1.46484375,-38.87939453125,62.97740936279297,-49.47677612304688,-41.05997848510742
-0.988037109375,0.210205078125,0.213623046875,-0.18310546875,-8.36181640625,-34.24072265625,62.73893356323242,-49.25802993774414,-41.132568359375
-0.92431640625,0.25830078125,0.23388671875,-3.84521484375,-8.23974609375,-35.33935546875,62.5054931640625,-48.95768356323242,-41.02077102661133
-0.8681640625,0.232666015625,0.2412109375,-8.1787109375,-2.5634765625,-41.93115234375,62.17944717407226,-49.453956604003906,-41.62874221801758
-0.903076171875,0.182373046875,0.23681640625,-11.04736328125,4.21142578125,-47.05810546875,61.81289672851562,-50.89787673950195,-43.134037017822266
-0.982421875,0.085693359375,0.20947265625,-11.53564453125,5.126953125,-42.96875,61.49823760986328,-52.61652755737305,-44.82123565673828
-1.00048828125,0.0888671875,0.189208984375,-5.0048828125,-1.77001953125,-32.470703125,61.38344955444336,-53.19161605834961,-45.4917106628418
-0.975830078125,0.125,0.184814453125,-5.615234375,-6.7138671875,-28.076171875,61.35052871704102,-53.17430114746094,-45.48839569091797
-0.924072265625,0.12353515625,0.195068359375,-7.75146484375,-6.4697265625,-26.18408203125,61.36407852172852,-53.08102416992188,-45.32596206665039
-0.9365234375,0.11376953125,0.2080078125,-9.58251953125,-2.99072265625,-30.57861328125,61.28628158569336,-53.45931625366211,-45.61838912963867
-0.93701171875,0.096923828125,0.212646484375,-8.9111328125,-0.1220703125,-33.0810546875,61.16374206542969,-54.10480499267578,-46.23955154418945
-0.968505859375,0.090576171875,0.21826171875,-5.92041015625,-0.06103515625,-33.3251953125,61.02357482910156,-54.64857864379883,-46.87495422363281
-1.01416015625,0.086181640625,0.205078125,-0.8544921875,-5.7373046875,-28.86962890625,60.92082595825195,-54.54558563232422,-46.9771728515625
-0.995361328125,0.08984375,0.219970703125,3.72314453125,-9.94873046875,-27.03857421875,60.76739501953125,-53.86007308959961,-46.64233016967773
-0.967529296875,0.086181640625,0.203857421875,6.4697265625,-12.0849609375,-29.47998046875,60.50111389160156,-53.115501403808594,-46.35318374633789
-0.970947265625,0.110107421875,0.212646484375,7.2021484375,-11.41357421875,-34.85107421875,60.11278915405274,-52.55242919921875,-46.33084487915039
-0.946044921875,0.081298828125,0.221435546875,3.90625,-11.90185546875,-36.62109375,59.611000061035156,-52.21499633789063,-46.414039611816406
-0.969482421875,0.0556640625,0.2060546875,3.23486328125,-10.68115234375,-36.92626953125,59.13467025756836,-52.14020538330078,-46.73435974121094
-1.020751953125,-0.03076171875,0.214111328125,5.31005859375,-9.27734375,-37.29248046875,58.5711669921875,-52.30658721923828,-47.366188049316406
-1.018798828125,-0.021240234375,0.216796875,6.53076171875,-8.36181640625,-30.2734375,58.28024291992188,-52.14006423950195,-47.68450546264648
-1.003662109375,-0.010009765625,0.241943359375,4.94384765625,-2.99072265625,-24.7802734375,58.2802848815918,-51.97982406616211,-47.97842025756836
-0.990234375,-0.007568359375,0.238525390625,0.48828125,3.35693359375,-14.95361328125,58.74440002441406,-51.9304084777832,-48.199073791503906
-0.982666015625,0.033935546875,0.228271484375,-1.3427734375,10.31494140625,-7.080078125,59.67893600463867,-51.91828536987305,-48.40336990356445
-1.00927734375,0.052001953125,0.2236328125,-4.69970703125,12.63427734375,-4.0283203125,60.77064514160156,-52.03373336791992,-48.59646224975586
-1.020263671875,-0.021240234375,0.25390625,-6.34765625,12.5732421875,3.11279296875,61.89811706542969,-52.00117492675781,-48.50876235961914
-1.001953125,-0.0048828125,0.243408203125,-6.8359375,10.8642578125,12.451171875,63.26260375976562,-51.38973999023438,-47.74943923950195
-0.944580078125,0.0009765625,0.239501953125,-10.92529296875,14.70947265625,18.85986328125,64.85512542724611,-50.74344253540039,-46.78551483154297
-0.98095703125,0.00439453125,0.1923828125,-15.68603515625,23.681640625,20.3857421875,66.7337646484375,-50.98664855957031,-46.55714416503906
-1.046875,0.015380859375,0.129638671875,-17.51708984375,22.4609375,16.4794921875,68.50258636474611,-51.74656295776367,-46.76023864746094
-1.063232421875,-0.000732421875,0.1220703125,-15.5029296875,12.6953125,7.26318359375,69.66934967041016,-52.35177612304688,-46.85281372070313
-0.994384765625,-0.009765625,0.139892578125,-9.033203125,-1.89208984375,-2.3193359375,70.09920501708984,-51.95724487304688,-46.14472579956055
-0.924072265625,-0.039794921875,0.11962890625,-1.953125,-3.35693359375,-7.26318359375,70.28515625,-51.69267654418945,-45.84560012817383
-0.956787109375,0.003662109375,0.124267578125,4.5166015625,1.15966796875,-8.9111328125,70.5963134765625,-51.4993896484375,-45.92132186889648
-1.019287109375,0.0263671875,0.072265625,1.5869140625,2.99072265625,-8.4228515625,71.06895446777344,-51.79259490966797,-46.36787033081055
-1.033203125,0.025390625,0.07470703125,-4.2724609375,0.54931640625,-9.09423828125,71.4402847290039,-52.14036560058594,-46.6213264465332
-1.00048828125,0.011962890625,0.083740234375,-10.25390625,-2.99072265625,-10.25390625,71.64192962646484,-52.45643997192383,-46.58489608764648
-0.928955078125,-0.005615234375,0.08056640625,-11.8408203125,1.28173828125,-13.671875,71.79450988769531,-53.574012756347656,-47.32110977172852
-0.958740234375,-0.05419921875,0.069580078125,-7.568359375,5.2490234375,-16.78466796875,71.8546142578125,-55.4336051940918,-48.987709045410156
-1.017822265625,-0.05517578125,0.06005859375,-3.173828125,7.080078125,-14.404296875,72.03360748291016,-57.16437911987305,-50.6998291015625
-1.037841796875,-0.0400390625,0.028564453125,-4.638671875,3.11279296875,-7.62939453125,72.3991928100586,-58.16927719116211,-51.57848739624024
-1.04296875,-0.071533203125,0.0283203125,-5.2490234375,-2.01416015625,-5.18798828125,72.67163848876953,-58.57432174682617,-51.78656387329102
-1.031005859375,-0.016845703125,0.01318359375,-4.57763671875,-5.859375,-3.5400390625,73.02182006835938,-58.26652526855469,-51.2874755859375
-1.009033203125,-0.044677734375,0.041259765625,-4.0283203125,-10.31494140625,-2.9296875,73.20487976074219,-57.29565811157226,-50.11735153198242
-1.0087890625,-0.05615234375,0.054443359375,-1.5869140625,-9.8876953125,0.6103515625,73.4621353149414,-55.97851943969727,-48.69280624389648
-1.0234375,-0.068115234375,0.054443359375,1.46484375,-8.97216796875,4.45556640625,73.8230209350586,-54.39385604858398,-47.11589050292969
-1.03271484375,-0.025390625,0.071044921875,4.45556640625,-5.9814453125,7.32421875,74.36479187011719,-52.44440078735352,-45.31408309936523
-1.0205078125,-0.001708984375,0.060546875,4.2724609375,-5.2490234375,6.103515625,74.89981842041016,-50.58596420288086,-43.60540008544922
-0.97216796875,0.01318359375,0.068603515625,0.6103515625,-5.37109375,4.21142578125,75.35032653808594,-48.82813262939453,-41.85912704467773
-0.962646484375,-0.004150390625,0.10009765625,-2.50244140625,-7.38525390625,-2.62451171875,75.45223999023438,-47.55031204223633,-40.4750862121582
-0.95849609375,0.00927734375,0.094970703125,-4.21142578125,-9.1552734375,-3.11279296875,75.51274108886719,-46.16112899780274,-38.90496063232422
-0.9599609375,-0.029296875,0.117431640625,-8.36181640625,-10.19287109375,-1.5869140625,75.48212432861328,-44.801849365234375,-37.18393325805664
-0.949951171875,-0.042236328125,0.140869140625,-10.68115234375,-6.9580078125,5.67626953125,75.66239929199219,-43.02268600463867,-34.94381332397461
-0.93115234375,-0.02001953125,0.13037109375,-16.9677734375,-1.89208984375,12.0849609375,76.16874694824219,-41.139503479003906,-32.357723236083984
-0.9697265625,-0.046875,0.129638671875,-22.76611328125,1.15966796875,15.0146484375,76.7677001953125,-39.58321380615234,-29.86725234985352
-1.00830078125,-0.051025390625,0.118896484375,-22.52197265625,-3.84521484375,18.9208984375,77.28922271728516,-36.84104537963867,-26.15157890319824
-0.926025390625,0.007568359375,0.12353515625,-23.74267578125,-7.32421875,21.8505859375,77.74330139160156,-32.46171188354492,-20.714975357055664
-0.899658203125,0.019287109375,0.125732421875,-26.0009765625,-4.45556640625,24.169921875,78.2335205078125,-27.65427589416504,-14.749242782592773
-0.9189453125,-0.035400390625,0.1318359375,-28.50341796875,-0.244140625,33.5693359375,78.82972717285156,-21.79763603210449,-7.5765380859375
-0.848388671875,-0.075927734375,0.11767578125,-27.16064453125,1.953125,52.06298828125,79.48617553710938,-11.989599227905273,3.653681755065918
-0.845703125,-0.020263671875,0.07666015625,-23.86474609375,7.32421875,69.4580078125,80.06116485595703,4.070850372314453,21.223722457885746
-0.955322265625,0.162841796875,0.03564453125,-27.52685546875,5.9814453125,86.12060546875,79.56141662597656,26.56338882446289,45.499290466308594
-1.094970703125,0.130615234375,0.028564453125,-39.24560546875,-4.2724609375,88.9892578125,77.71546936035156,41.72327423095703,62.58643341064453
-1.044677734375,0.11962890625,0.05078125,-45.7763671875,-14.58740234375,103.271484375,74.66615295410156,50.91115951538086,73.8052978515625
-1.0205078125,0.158447265625,0.08935546875,-46.142578125,-15.2587890625,118.83544921875,70.77117156982422,56.96644973754883,81.93721008300781
-0.985107421875,0.20751953125,0.140380859375,-42.724609375,-3.60107421875,124.93896484375,66.65963745117189,61.59392166137695,88.64122772216797
-0.863525390625,0.367431640625,0.13623046875,-38.9404296875,14.7705078125,132.38525390625,62.15915298461914,66.36663818359375,95.51962280273438
-1.0380859375,0.474609375,0.07470703125,-47.91259765625,29.60205078125,137.63427734375,57.63849258422852,70.3835678100586,102.17797088623048
-1.0712890625,0.424560546875,0.050537109375,-55.84716796875,20.32470703125,143.24951171875,52.92670822143555,72.26307678222656,107.0019302368164
-0.9833984375,0.426025390625,0.0771484375,-52.8564453125,16.90673828125,142.2119140625,48.24431228637695,73.18489074707031,110.7929458618164
-0.973388671875,0.493408203125,0.07666015625,-37.29248046875,26.9775390625,142.15087890625,43.67330551147461,74.60913848876953,114.67937469482422
-0.9775390625,0.519775390625,0.07470703125,-27.89306640625,34.0576171875,143.61572265625,39.18023681640625,76.12140655517578,118.4733428955078
-0.93359375,0.537109375,0.08203125,-28.6865234375,36.43798828125,145.93505859375,34.65069580078125,77.18033599853516,121.98802185058594
-0.816650390625,0.6259765625,0.055419921875,-38.818359375,30.517578125,141.29638671875,30.1175479888916,77.3857650756836,124.96563720703124
-0.760986328125,0.6689453125,0.09716796875,-49.37744140625,24.84130859375,120.05615234375,26.38412857055664,76.62850952148438,127.32252502441406
-0.64697265625,0.73046875,0.1318359375,-53.7109375,22.27783203125,94.7265625,23.50406837463379,75.3979721069336,129.30360412597656
-0.59814453125,0.61962890625,0.130126953125,-62.1337890625,25.08544921875,77.5146484375,21.556554794311523,73.72711944580078,131.24812316894528
-0.611083984375,0.52197265625,0.151611328125,-58.2275390625,32.8369140625,83.06884765625,19.786808013916016,72.22693634033203,133.59834289550778
-0.634033203125,0.54345703125,0.139892578125,-50.4150390625,41.68701171875,95.5810546875,17.769819259643555,71.23711395263672,136.53907775878906
-0.6064453125,0.671142578125,0.130126953125,-46.81396484375,54.443359375,104.3701171875,15.456368446350098,70.61632537841797,140.16004943847656
-0.634765625,0.754150390625,0.156982421875,-58.53271484375,64.02587890625,103.8818359375,13.349281311035154,69.48717498779297,144.1455535888672
-0.6220703125,0.790283203125,0.141845703125,-69.03076171875,71.8994140625,109.31396484375,11.259283065795898,67.97669982910156,148.55691528320312
-0.62744140625,0.759521484375,0.182373046875,-78.4912109375,71.044921875,111.87744140625,9.303975105285645,65.88656616210939,153.00999450683594
-0.60205078125,0.681396484375,0.17431640625,-76.47705078125,62.6220703125,102.4169921875,7.843224048614503,63.71963882446289,157.07479858398438
-0.553955078125,0.612060546875,0.173095703125,-65.5517578125,52.1240234375,92.95654296875,6.733600616455077,61.85811233520508,160.66653442382812
-0.473388671875,0.62548828125,0.144775390625,-42.66357421875,40.58837890625,89.17236328125,5.506981372833252,60.9581184387207,163.851806640625
-0.42236328125,0.746337890625,0.13427734375,-28.99169921875,33.69140625,86.0595703125,4.077042579650879,60.67230224609375,166.76524353027344
-0.365966796875,0.8203125,0.093017578125,-22.52197265625,29.35791015625,75.13427734375,2.81216812133789,60.72153091430664,169.31326293945312
-0.362548828125,0.848876953125,0.070556640625,-21.6064453125,27.77099609375,55.419921875,2.2139036655426025,60.80783462524414,171.40354919433594
-0.420166015625,0.841552734375,0.049072265625,-24.47509765625,25.146484375,46.56982421875,2.018944263458252,60.774375915527344,-186.7806854248047
-0.530517578125,0.77685546875,0.06884765625,-26.67236328125,18.310546875,58.10546875,1.5686765909194946,60.52503967285156,-184.98660278320312
-0.472412109375,0.717041015625,0.11767578125,-25.0244140625,6.89697265625,84.1064453125,-0.027008427307009697,60.19770812988281,-183.08062744140625
-0.4228515625,0.801025390625,0.135009765625,-13.3056640625,4.94384765625,90.14892578125,-2.004923820495605,60.3188705444336,-181.13145446777344
-0.36962890625,0.900390625,0.130859375,-6.591796875,1.52587890625,89.41650390625,-4.160630702972412,60.71598815917969,-179.35121154785156
-0.2587890625,1.0146484375,0.12548828125,-10.6201171875,-5.4931640625,86.3037109375,-6.5708274841308585,60.97822952270508,-177.92538452148438
-0.221923828125,1.05224609375,0.1494140625,-16.357421875,-12.14599609375,74.8291015625,-8.716212272644043,60.97847366333008,-176.99087524414062
-0.171875,0.965087890625,0.197509765625,-22.705078125,-17.76123046875,63.78173828125,-10.57261848449707,60.63481903076172,-176.47186279296875
-0.1455078125,0.931640625,0.201904296875,-12.20703125,-15.31982421875,54.3212890625,-12.02881908416748,60.70403671264648,-176.06204223632812
-0.16796875,0.991455078125,0.195556640625,-1.40380859375,-12.02392578125,48.64501953125,-13.147252082824707,61.23371887207031,-175.67742919921875
-0.2177734375,1.06689453125,0.1640625,5.92041015625,-13.671875,44.189453125,-14.039608001708984,62.15642166137695,-175.48846435546875
-0.242431640625,1.141845703125,0.138671875,10.68115234375,-25.08544921875,28.86962890625,-14.55590534210205,63.48200988769531,-176.0586700439453
-0.224609375,1.110107421875,0.122802734375,12.75634765625,-35.58349609375,20.6298828125,-14.9453763961792,65.01693725585939,-177.20611572265625
-0.111083984375,1.110107421875,0.1611328125,12.39013671875,-40.283203125,24.23095703125,-15.702000617980955,66.46644592285156,-178.48577880859375
-0.046630859375,1.067138671875,0.16845703125,13.18359375,-28.13720703125,27.77099609375,-16.461767196655273,67.74773406982422,-179.27255249023438
-0.12255859375,1.080810546875,0.14990234375,7.6904296875,-15.5029296875,31.73828125,-16.99738883972168,68.65736389160156,-179.5449981689453
-0.177001953125,1.09326171875,0.125,-0.9765625,-8.1787109375,34.97314453125,-17.432388305664062,69.14493560791016,-179.51394653320312
-0.224609375,1.0205078125,0.1494140625,-11.65771484375,-9.21630859375,29.1748046875,-17.535837173461914,69.15035247802734,-179.59567260742188
-0.239990234375,0.938232421875,0.181884765625,-12.87841796875,-14.70947265625,28.9306640625,-17.638248443603516,69.06423950195311,-179.86480712890625
-0.211669921875,0.8779296875,0.18115234375,-7.4462890625,-19.1650390625,33.8134765625,-18.006044387817386,69.20477294921875,-180.2290496826172
-0.145751953125,0.852783203125,0.181640625,1.89208984375,-19.775390625,35.2783203125,-18.553651809692386,69.70772552490234,-180.5995178222656
-0.0888671875,0.817138671875,0.158935546875,7.8125,-17.4560546875,33.75244140625,-19.113216400146484,70.45716094970703,-180.9278259277344
-0.091552734375,0.794921875,0.1259765625,16.11328125,-13.18359375,36.7431640625,-19.695669174194336,71.52957153320312,-181.0874938964844
-0.09765625,0.802734375,0.0419921875,26.9775390625,-13.24462890625,40.71044921875,-20.40541648864746,73.23487854003906,-181.30653381347656
-0.109619140625,0.824462890625,0.04541015625,28.25927734375,-16.357421875,36.92626953125,-20.949260711669922,74.99749755859375,-181.7330474853516
-0.1162109375,0.80322265625,0.032470703125,23.3154296875,-18.98193359375,28.9306640625,-21.157854080200195,76.61478424072266,-182.3950653076172
-0.114501953125,0.663330078125,0.0205078125,18.61572265625,-24.90234375,23.74267578125,-21.138309478759766,78.12075805664062,-183.37705993652344
-0.054443359375,0.629150390625,-0.0234375,27.16064453125,-30.45654296875,28.62548828125,-21.502674102783203,80.15940856933594,-184.62803649902344
0.00439453125,0.71484375,-0.096923828125,39.9169921875,-34.60693359375,36.376953125,-22.34339141845703,82.94123077392578,-186.1295928955078
-0.054443359375,1.003173828125,-0.12548828125,39.61181640625,-41.44287109375,31.06689453125,-22.7746524810791,85.74178314208984,-187.9917755126953
-0.075927734375,1.0107421875,-0.08935546875,16.54052734375,-48.828125,24.0478515625,-22.809926986694336,87.57974243164062,169.814453125
-0.082275390625,0.905029296875,-0.04638671875,0.244140625,-51.1474609375,28.86962890625,-22.95125961303711,88.65122985839844,167.5542755126953
0.025390625,0.8779296875,0.010986328125,-15.380859375,-66.89453125,27.40478515625,-26.412071228027344,90.6323013305664,157.38426208496094
0.114013671875,1.009521484375,-0.025634765625,3.90625,-67.3828125,30.8837890625,-26.78626823425293,92.17383575439452,154.33078002929688
0.21533203125,1.29541015625,-0.080322265625,12.451171875,-59.14306640625,60.1806640625,-28.361406326293945,94.0179672241211,151.4981231689453
0.30029296875,1.451171875,-0.066162109375,-0.8544921875,-54.38232421875,79.77294921875,-30.687366485595703,95.28058624267578,148.73863220214844
0.386474609375,1.440185546875,-0.05126953125,-0.8544921875,-51.8798828125,70.98388671875,-32.661495208740234,96.53962707519531,146.04527282714844
0.406982421875,1.4921875,-0.046630859375,6.04248046875,-45.7763671875,54.3212890625,-33.891185760498054,97.91924285888672,143.6689910888672
0.372314453125,1.51318359375,-0.03125,1.5869140625,-27.28271484375,31.67724609375,-34.205493927001946,98.50550079345705,142.32797241210938
0.270263671875,1.38720703125,0.05078125,-13.24462890625,-10.6201171875,21.6064453125,-34.116260528564446,97.8332977294922,141.9496307373047
0.179443359375,1.209228515625,0.07763671875,-20.20263671875,6.9580078125,13.3056640625,-33.711414337158196,96.3310546875,142.498779296875
0.0751953125,1.059326171875,0.105224609375,-16.357421875,19.34814453125,10.009765625,-33.079727172851555,94.6177978515625,143.67799377441406
0.046875,1.039306640625,0.086181640625,-8.056640625,24.0478515625,7.8125,-32.31646728515625,93.24176788330078,145.0242156982422
0.04931640625,1.043212890625,0.067626953125,-4.0283203125,25.5126953125,5.31005859375,-31.45986557006836,92.11502838134766,146.38107299804688
0.07080078125,1.044189453125,0.0869140625,-3.41796875,25.81787109375,0.67138671875,-30.46952819824219,91.02806854248048,147.746337890625
0.1162109375,1.019287109375,0.08447265625,-0.48828125,25.0244140625,-3.96728515625,-29.403217315673828,90.15313720703124,149.03707885742188
0.1884765625,1.00927734375,0.095458984375,2.86865234375,28.62548828125,-7.2021484375,-28.381755828857425,89.37154388427734,150.4691619873047
0.23828125,1.034912109375,0.092529296875,3.47900390625,41.56494140625,-6.4697265625,-27.490909576416016,88.41690063476562,152.4427032470703
0.1826171875,1.051025390625,0.056884765625,0.48828125,47.66845703125,-10.19287109375,-26.329769134521484,87.39270782470703,154.59628295898438
0.17333984375,0.969970703125,0.06201171875,-0.8544921875,47.42431640625,-20.69091796875,-24.773780822753906,86.41133117675781,156.67123413085938
0.195556640625,0.92529296875,0.062255859375,9.27734375,45.7763671875,-35.2783203125,-22.747303009033203,85.98949432373047,158.58042907714844
0.18798828125,0.94775390625,0.07080078125,13.916015625,48.095703125,-39.97802734375,-20.56978416442871,85.79981231689453,160.53765869140625
0.196533203125,0.970703125,0.05322265625,12.02392578125,57.373046875,-35.82763671875,-18.61764907836914,85.52996063232422,162.8463592529297
0.158447265625,0.992431640625,0.01171875,2.44140625,70.1904296875,-25.2685546875,-17.012487411499027,84.89376831054688,165.6529083251953
0.12939453125,1.031982421875,-0.02880859375,-5.55419921875,75.50048828125,-17.39501953125,-15.655901908874512,84.06806182861328,168.63885498046875
0.118408203125,1.039306640625,-0.05029296875,-13.00048828125,77.94189453125,-14.5263671875,-14.386236190795898,83.07220458984375,-188.3139953613281
0.097412109375,0.99462890625,-0.0703125,-17.88330078125,76.171875,-15.7470703125,-13.04238986968994,82.06720733642578,-185.39566040039062
0.118896484375,0.9462890625,-0.08935546875,-11.16943359375,73.42529296875,-17.63916015625,-11.716286659240724,81.52168273925781,-182.6382751464844
0.11962890625,0.961181640625,-0.138427734375,-2.0751953125,73.05908203125,-20.263671875,-10.329276084899902,81.54331970214844,-179.94337463378906
0.08447265625,0.993896484375,-0.1640625,2.5634765625,71.1669921875,-26.91650390625,-8.665987014770508,81.88936614990234,-177.36431884765625
0.03955078125,0.95068359375,-0.184814453125,-4.2724609375,66.83349609375,-29.72412109375,-6.897195339202881,82.11591339111328,-174.9664764404297
0.021728515625,0.9384765625,-0.178955078125,-11.71875,64.88037109375,-20.751953125,-5.522492408752441,82.09900665283203,-172.5792999267578
0.0234375,0.97021484375,-0.18310546875,-23.92578125,64.0869140625,0.67138671875,-5.041567802429199,81.62144470214844,-170.09645080566406
0.0732421875,0.944091796875,-0.155517578125,-32.1044921875,64.63623046875,10.25390625,-5.0428786277771,80.78648376464844,-167.5291748046875
0.05859375,0.897705078125,-0.110595703125,-32.1044921875,67.626953125,10.498046875,-4.966444969177246,79.88700866699219,-164.83750915527344
0.0458984375,1.22900390625,-0.072265625,16.05224609375,44.98291015625,10.1318359375,-2.76790189743042,81.57913970947266,-155.59930419921875
0.207763671875,1.367431640625,-0.10498046875,9.94873046875,37.9638671875,17.27294921875,-3.477514266967773,82.37528991699219,-154.02297973632812
0.309326171875,1.427001953125,-0.12255859375,-4.33349609375,36.9873046875,11.90185546875,-4.1066927909851065,82.57038116455078,-152.5196075439453
0.3056640625,1.266357421875,-0.07861328125,-31.3720703125,42.66357421875,-6.40869140625,-4.000075817108153,81.60645294189453,-150.8838653564453
0.21435546875,1.0322265625,-0.0322265625,-41.68701171875,45.166015625,-18.4326171875,-3.303529500961304,80.21367645263672,-149.23171997070312
0.143310546875,0.89404296875,-0.013671875,-38.4521484375,45.7763671875,-29.60205078125,-2.0509066581726074,79.00430297851562,-147.65786743164062
-0.05859375,0.793701171875,0.07373046875,-4.69970703125,13.5498046875,-29.96826171875,5.676822185516357,77.37095642089844,-144.8138885498047
-0.01806640625,0.867919921875,0.064697265625,-0.91552734375,10.31494140625,-15.5029296875,6.1915950775146475,77.68071746826172,-144.50946044921875
0.06103515625,0.960693359375,0.0673828125,-0.91552734375,11.16943359375,-1.15966796875,5.943286895751952,78.00491333007812,-144.0452423095703
0.10888671875,1.098876953125,0.048828125,-10.009765625,11.29150390625,6.40869140625,5.330143451690674,78.01359558105469,-143.5093994140625
0.126708984375,1.00390625,0.101806640625,-20.751953125,10.92529296875,3.72314453125,4.785194396972656,77.45526885986328,-143.02359008789062
0.081787109375,0.932861328125,0.170654296875,-22.76611328125,13.0615234375,7.50732421875,4.2241296768188485,76.66273498535156,-142.43601989746094
0.075927734375,0.852783203125,0.21630859375,-18.00537109375,19.04296875,11.04736328125,3.610741138458252,75.9507827758789,-141.5904998779297
0.1240234375,0.894287109375,0.222900390625,-10.6201171875,24.169921875,13.916015625,2.8612349033355717,75.57466888427734,-140.51368713378906
0.153076171875,0.97509765625,0.198974609375,-5.06591796875,28.6865234375,12.0849609375,2.21877121925354,75.52601623535156,-139.27468872070312
0.134765625,0.99365234375,0.185546875,-3.5400390625,31.8603515625,3.60107421875,2.005117177963257,75.57034301757812,-137.99673461914062
0.153076171875,1.0205078125,0.15966796875,-2.01416015625,35.09521484375,3.11279296875,1.8151688575744631,75.7393798828125,-136.59652709960938
0.1787109375,1.08154296875,0.14208984375,-1.15966796875,39.12353515625,4.08935546875,1.5944085121154783,75.9905014038086,-135.02923583984378
0.17578125,1.069580078125,0.099609375,-9.09423828125,43.9453125,4.638671875,1.4040275812149048,75.99846649169922,-133.26702880859378
0.121826171875,1.014892578125,0.089599609375,-13.48876953125,46.5087890625,3.23486328125,1.399335503578186,75.84210968017578,-131.41978454589844
0.07275390625,0.93994140625,0.0947265625,-15.5029296875,43.45703125,-0.9765625,1.6296063661575315,75.58436584472656,-129.73385620117188
0.0498046875,0.856689453125,0.1162109375,-9.58251953125,39.0625,-1.03759765625,1.8585548400878904,75.49758911132812,-128.22125244140622
0.069091796875,0.904541015625,0.081787109375,-1.953125,36.19384765625,2.0751953125,1.8857483863830569,75.82051086425781,-126.78480529785156
0.076904296875,0.98291015625,0.078857421875,-3.2958984375,33.99658203125,0.67138671875,1.933961272239685,76.09685516357422,-125.44514465332031
