-0.040771484375,0.962890625,0.02490234375,-4.21142578125,-28.80859375,5.7373046875,-3.6650774478912354,79.99983215332031,-180.3842315673828
-0.109619140625,0.92578125,0.132568359375,8.85009765625,-46.56982421875,18.4326171875,-4.28834867477417,80.53114318847656,-182.1062164306641
0.0087890625,0.908935546875,0.014404296875,14.09912109375,-69.64111328125,17.15087890625,-5.326750755310059,81.59956359863281,-184.78477478027344
0.116455078125,0.937255859375,0.017578125,28.25927734375,-70.9228515625,7.99560546875,-6.075338363647461,83.28162384033203,-187.5967559814453
0.18359375,0.956298828125,0.00244140625,43.5791015625,-53.77197265625,0.91552734375,-6.503645420074463,85.5030517578125,170.22412109375
0.23291015625,0.935302734375,-0.00244140625,53.5888671875,-36.2548828125,8.48388671875,-7.236703395843506,88.0034408569336,168.75717163085938
0.261474609375,1.202880859375,0.012939453125,49.37744140625,-19.8974609375,11.04736328125,-7.88527774810791,90.12239074707031,167.95228576660156
0.291748046875,1.34912109375,0.050048828125,29.35791015625,-5.9814453125,4.638671875,-8.236795425415039,91.22740936279295,167.7210235595703
0.28369140625,1.489501953125,0.06494140625,13.3056640625,10.19287109375,15.2587890625,-8.92619800567627,91.54144287109376,168.13905334472656
0.2451171875,1.566162109375,0.09765625,-12.451171875,22.64404296875,54.931640625,-11.13361644744873,90.67073059082031,169.0419158935547
0.24755859375,1.54931640625,0.131103515625,-28.01513671875,29.60205078125,73.18115234375,-13.968182563781738,89.04713439941406,170.29612731933594
0.27197265625,1.47802734375,0.14697265625,-32.89794921875,35.64453125,69.88525390625,-16.552265167236328,87.10375213623047,-188.0914764404297
0.323486328125,1.46435546875,0.1669921875,-27.64892578125,47.607421875,45.95947265625,-18.09235382080078,85.20278930664062,-185.93499755859372
0.316162109375,1.4013671875,0.15087890625,-26.30615234375,58.4716796875,30.76171875,-18.86772918701172,83.25901794433594,-183.3366851806641
0.3388671875,1.30615234375,0.108154296875,-24.169921875,70.37353515625,33.87451171875,-19.68048477172852,81.35411071777344,-180.22915649414062
0.40087890625,1.312255859375,0.014404296875,-15.9912109375,85.63232421875,60.85205078125,-21.419099807739254,79.60209655761719,-176.30470275878906
0.437744140625,1.253662109375,-0.002685546875,-22.88818359375,113.34228515625,84.53369140625,-23.74423408508301,76.95824432373047,-170.9157257080078
0.389404296875,1.199462890625,0.00244140625,-25.87890625,139.16015625,88.56201171875,-25.574914932250977,73.55683898925781,-164.2294464111328
0.33251953125,1.106689453125,-0.0439453125,-39.48974609375,169.5556640625,63.41552734375,-25.54837226867676,69.2745361328125,-156.5542449951172
0.2265625,0.91845703125,-0.04248046875,-41.32080078125,178.77197265625,37.353515625,-23.818788528442386,65.27617645263672,-149.0865478515625
0.162353515625,0.851318359375,0.0009765625,-23.4375,170.59326171875,14.58740234375,-20.993343353271484,62.72737884521485,-142.59779357910156
0.175048828125,0.869140625,-0.004638671875,-7.62939453125,150.7568359375,-13.24462890625,-17.454055786132812,61.7264289855957,-137.59394836425778
0.19580078125,0.79736328125,-0.00634765625,1.40380859375,140.07568359375,-27.03857421875,-13.804737091064453,61.63276672363281,-133.32546997070312
0.193115234375,0.818359375,-0.003662109375,12.26806640625,133.85009765625,-31.494140625,-10.202692031860352,62.340980529785156,-129.35395812988278
0.24169921875,0.900390625,-0.02099609375,19.8974609375,122.55859375,-34.36279296875,-7.011298179626465,63.63390731811523,-125.75220489501952
0.274169921875,0.913330078125,-0.048095703125,11.962890625,127.50244140625,-35.09521484375,-3.9665064811706543,64.79054260253906,-121.87815856933594
0.258544921875,0.8798828125,-0.0302734375,5.0048828125,131.40869140625,-37.841796875,-0.8974784016609192,65.79283142089844,-117.79528045654295
0.2587890625,0.865966796875,-0.081787109375,-4.7607421875,140.380859375,-38.87939453125,2.1417124271392822,66.71803283691406,-113.2938461303711
0.230224609375,0.866943359375,-0.09228515625,-9.033203125,150.32958984375,-31.31103515625,4.943351745605469,67.74034118652344,-108.18202209472656
0.0927734375,0.82373046875,-0.0556640625,-10.07080078125,151.123046875,-19.10400390625,7.462178707122803,68.90854644775389,-102.72824096679688
0.134765625,0.8173828125,-0.038330078125,-6.04248046875,134.3994140625,-15.625,9.263501167297363,70.27840423583984,-97.73907470703124
0.093994140625,0.787353515625,-0.047607421875,-1.15966796875,130.0048828125,-22.0947265625,11.156072616577148,71.95772552490234,-92.8878173828125
0.033935546875,0.78564453125,-0.022705078125,7.6904296875,120.66650390625,-31.43310546875,13.328679084777832,73.92868041992188,-88.39887237548828
0.068359375,0.831787109375,-0.02685546875,18.37158203125,99.853515625,-42.724609375,15.303755760192873,76.2411880493164,-84.70980834960938
0.056884765625,0.839111328125,-0.01025390625,20.69091796875,94.3603515625,-50.72021484375,17.351455688476562,78.59314727783203,-81.1829833984375
0.1015625,0.880859375,-0.005615234375,17.822265625,92.7734375,-60.72998046875,19.49808120727539,80.79039764404297,-77.67273712158203
-0.067138671875,0.91064453125,-0.02734375,1.3427734375,66.58935546875,-48.64501953125,27.09924507141113,93.41110229492188,-53.41377258300781
-0.0615234375,0.960693359375,-0.020263671875,-1.46484375,63.65966796875,-43.15185546875,27.720808029174805,94.61920166015624,-50.46831893920898
-0.11474609375,0.956787109375,-0.015625,-4.7607421875,60.36376953125,-40.6494140625,28.29939842224121,95.60646057128906,-47.66228485107422
-0.17041015625,0.908447265625,-0.01171875,-10.31494140625,53.5888671875,-40.771484375,28.99625015258789,96.22026824951172,-45.146690368652344
-0.18994140625,0.87548828125,0.00732421875,-11.16943359375,49.13330078125,-49.25537109375,30.06595230102539,96.69307708740234,-42.7929916381836
-0.197265625,0.89892578125,-0.03271484375,-11.04736328125,45.95947265625,-57.55615234375,31.50991249084473,97.28955841064452,-40.4437255859375
-0.29541015625,0.962890625,-0.051513671875,-10.7421875,37.53662109375,-53.5888671875,32.85412979125977,97.76969909667969,-38.45211410522461
-0.269775390625,0.90966796875,-0.04248046875,-16.17431640625,31.43310546875,-47.119140625,33.89730834960937,97.86602783203124,-36.77870178222656
-0.21142578125,0.86083984375,-0.006103515625,-18.4326171875,28.74755859375,-41.50390625,34.59914779663086,97.69657135009766,-35.32073211669922
-0.2001953125,0.826416015625,0.031982421875,-20.01953125,33.203125,-41.748046875,35.26659393310547,97.49207305908205,-33.70777130126953
-0.23779296875,0.82763671875,0.0126953125,-17.27294921875,33.02001953125,-42.17529296875,36.01436996459961,97.49214935302734,-32.051986694335945
-0.28759765625,0.822998046875,-0.006103515625,-14.46533203125,31.005859375,-42.724609375,36.8852653503418,97.7310562133789,-30.386608123779297
-0.288330078125,0.795166015625,-0.026123046875,-6.9580078125,27.03857421875,-46.32568359375,37.896820068359375,98.1771240234375,-28.88288688659668
-0.30810546875,0.794677734375,-0.017822265625,-1.8310546875,24.7802734375,-51.26953125,39.116458892822266,98.78221130371094,-27.446430206298828
-0.34423828125,0.80126953125,-0.0166015625,1.77001953125,24.71923828125,-55.84716796875,40.53317260742188,99.55498504638672,-25.96210289001465
-0.376953125,0.820556640625,0.00390625,3.662109375,21.1181640625,-59.814453125,42.12155151367188,100.30730438232422,-24.61311912536621
-0.3486328125,0.8330078125,0.01318359375,3.90625,20.99609375,-63.53759765625,43.71202087402344,101.0926742553711,-23.21945571899414
-0.369384765625,0.8564453125,-0.0078125,0.79345703125,23.3154296875,-66.95556640625,45.37515640258789,101.96758270263672,-21.579160690307614
-0.4052734375,0.857421875,-0.0166015625,-6.8359375,22.216796875,-63.90380859375,46.90511703491211,102.58655548095705,-19.940959930419922
-0.453857421875,0.838134765625,-0.0166015625,-11.53564453125,19.22607421875,-55.60302734375,48.190650939941406,102.87557220458984,-18.53420066833496
-0.467529296875,0.830322265625,-0.02099609375,-13.12255859375,14.7705078125,-48.40087890625,49.220741271972656,102.88540649414062,-17.452674865722653
-0.483154296875,0.835205078125,-0.01318359375,-10.6201171875,11.1083984375,-45.2880859375,50.15378952026367,102.7960205078125,-16.641485214233402
-0.48486328125,0.802490234375,-0.016357421875,-6.9580078125,8.85009765625,-45.47119140625,51.11744689941406,102.7904281616211,-15.941417694091795
-0.4755859375,0.821044921875,-0.021240234375,-3.11279296875,8.11767578125,-47.7294921875,52.0968017578125,102.95899963378906,-15.236023902893065
-0.490478515625,0.83642578125,-0.013427734375,-1.52587890625,8.72802734375,-49.25537109375,53.10794448852539,103.2314910888672,-14.478137969970705
-0.5263671875,0.84130859375,-0.0244140625,-2.25830078125,10.009765625,-48.76708984375,54.10335540771485,103.61051940917969,-13.585929870605467
-0.565185546875,0.81201171875,-0.04931640625,-2.685546875,8.1787109375,-49.8046875,55.20698165893555,104.03216552734376,-12.679471969604492
-0.60107421875,0.797119140625,-0.041259765625,-0.30517578125,3.47900390625,-49.31640625,56.37701797485352,104.28411865234376,-12.095870971679688
-0.616943359375,0.794189453125,-0.048095703125,0.67138671875,-1.220703125,-47.79052734375,57.51740646362305,104.31973266601562,-11.837411880493164
-0.612060546875,0.810546875,-0.067138671875,1.8310546875,-5.4931640625,-44.7998046875,58.50625991821289,104.15899658203124,-11.896032333374025
-0.60009765625,0.7724609375,-0.053466796875,2.0751953125,-6.16455078125,-44.7998046875,59.4981803894043,103.92110443115234,-12.050089836120605
-0.6181640625,0.753662109375,-0.040771484375,1.708984375,-5.06591796875,-47.30224609375,60.5977668762207,103.74217224121094,-12.114258766174315
-0.628662109375,0.756591796875,-0.033447265625,1.220703125,-3.11279296875,-51.08642578125,61.79808807373047,103.71790313720705,-11.978078842163086
-0.65087890625,0.74951171875,-0.039306640625,1.03759765625,-6.16455078125,-56.15234375,63.21752548217773,103.5952377319336,-11.958568572998047
-0.679443359375,0.723876953125,-0.039306640625,0.732421875,-7.568359375,-57.31201171875,64.71908569335939,103.39611053466795,-12.023085594177244
-0.684326171875,0.71240234375,-0.04443359375,0.79345703125,-11.5966796875,-59.26513671875,66.29469299316406,102.90792846679688,-12.418242454528807
-0.670166015625,0.744873046875,-0.025634765625,0.30517578125,-13.18359375,-62.19482421875,67.87503051757811,102.11451721191406,-13.101890563964846
-0.6875,0.73828125,-0.030029296875,-1.953125,-10.498046875,-63.5986328125,69.45362091064453,101.50032806396484,-13.507767677307127
-0.704345703125,0.696533203125,-0.04248046875,-3.60107421875,-9.27734375,-63.53759765625,71.03215026855469,101.02535247802734,-13.714742660522461
-0.744873046875,0.64404296875,-0.03173828125,-5.37109375,-8.6669921875,-57.2509765625,72.43925476074219,100.34085083007812,-14.072494506835938
-0.744873046875,0.64208984375,-0.047119140625,-4.0283203125,-8.85009765625,-52.8564453125,73.619140625,99.64244842529295,-14.520014762878418
-0.7822265625,0.625732421875,-0.0400390625,-2.0751953125,-9.33837890625,-51.1474609375,74.75498962402344,98.83676147460938,-15.15866470336914
-0.794921875,0.59521484375,-0.042724609375,1.953125,-8.544921875,-50.72021484375,75.88615417480469,98.25615692138672,-15.728073120117188
-0.788330078125,0.59033203125,-0.0419921875,4.8828125,-8.23974609375,-53.7109375,77.07257080078125,97.83267974853516,-16.24007797241211
-0.83544921875,0.561279296875,-0.033447265625,7.01904296875,-7.50732421875,-56.94580078125,78.41217803955078,97.59022521972656,-16.616619110107422
-0.846923828125,0.54345703125,-0.0625,7.32421875,-9.3994140625,-58.349609375,79.76451110839844,97.27521514892578,-17.046955108642578
-0.861572265625,0.53173828125,-0.05224609375,9.70458984375,-9.46044921875,-60.302734375,81.12183380126953,96.80098724365234,-17.65015411376953
-0.841552734375,0.536376953125,-0.044921875,10.55908203125,-11.16943359375,-62.98828125,82.4239730834961,95.33087158203124,-19.142066955566406
-0.815673828125,0.552001953125,-0.03076171875,8.36181640625,-9.033203125,-63.78173828125,83.53176879882812,93.34508514404295,-20.8199405670166
-0.816650390625,0.51806640625,-0.044677734375,3.96728515625,-7.9345703125,-60.85205078125,84.38761901855469,90.64483642578124,-22.54304504394531
-0.841064453125,0.479736328125,-0.041015625,-1.03759765625,-4.08935546875,-55.419921875,84.93875122070312,88.47884368896484,-22.323387145996094
-0.8818359375,0.44873046875,-0.048583984375,-3.35693359375,-2.5634765625,-47.66845703125,85.2028579711914,86.54496002197266,-18.047548294067386
-0.891845703125,0.411376953125,-0.066162109375,-2.685546875,-3.662109375,-46.0205078125,85.29122924804688,-3.6326420307159424,65.1607666015625
-0.908203125,0.384765625,-0.059814453125,-0.91552734375,-4.39453125,-46.56982421875,85.19192504882812,-83.5403060913086,148.66104125976562
-0.9228515625,0.379638671875,-0.05615234375,2.62451171875,-8.056640625,-46.08154296875,84.91588592529297,-80.60574340820312,157.10543823242188
-0.919189453125,0.37451171875,-0.052001953125,4.45556640625,-10.31494140625,-43.88427734375,84.5360336303711,-77.26146697998047,162.08302307128906
-0.920654296875,0.39306640625,-0.047607421875,4.82177734375,-10.3759765625,-41.32080078125,84.14823913574219,-74.72687530517578,165.2538299560547
-0.89697265625,0.369140625,-0.042236328125,3.41796875,-12.20703125,-37.53662109375,83.78286743164062,-71.5218505859375,168.81576538085938
-0.898681640625,0.36669921875,-0.054443359375,3.7841796875,-9.09423828125,-35.70556640625,83.46894836425781,-70.6659164428711,169.79652404785156
-0.9189453125,0.3525390625,-0.048828125,4.5166015625,-7.01904296875,-33.38623046875,83.1983871459961,-70.49512481689453,169.96188354492188
-0.9375,0.33447265625,-0.052001953125,5.79833984375,-4.7607421875,-32.71484375,82.93302917480469,-71.34768676757812,169.00189208984375
-0.941650390625,0.319091796875,-0.05517578125,4.638671875,-4.5166015625,-32.71484375,82.64797973632812,-72.36565399169922,167.9097442626953
-0.916748046875,0.3232421875,-0.036376953125,2.197265625,-2.685546875,-30.517578125,82.4573745727539,-73.28804016113281,166.95408630371094
-0.92578125,0.288330078125,-0.041015625,0.06103515625,0.79345703125,-25.81787109375,82.38232421875,-75.27650451660156,164.9578094482422
-0.942138671875,0.277587890625,-0.024658203125,0.42724609375,3.173828125,-23.193359375,82.36943054199219,-77.4836196899414,162.70220947265625
-0.9541015625,0.30859375,-0.055419921875,-1.40380859375,4.150390625,-22.5830078125,82.42293548583984,-80.5500717163086,159.63702392578125
-0.9453125,0.30126953125,-0.08349609375,-4.39453125,3.173828125,-20.69091796875,82.51302337646484,-83.88168334960938,156.42539978027344
-0.948486328125,0.27001953125,-0.06787109375,-4.638671875,3.0517578125,-23.4375,82.44861602783203,-86.92943572998047,153.57992553710938
-0.964111328125,0.26611328125,-0.063720703125,-5.615234375,0.9765625,-23.681640625,82.3557357788086,-88.93460845947266,151.8400421142578
-0.954833984375,0.268310546875,-0.078857421875,-5.18798828125,-2.0751953125,-22.39990234375,82.31121826171875,-89.9811782836914,151.03530883789062
-0.9638671875,0.24267578125,-0.074951171875,-7.26318359375,-1.46484375,-20.44677734375,82.28255462646484,-91.19879150390624,150.13616943359375
-0.94091796875,0.246826171875,-0.079833984375,-7.50732421875,-2.8076171875,-15.7470703125,82.41956329345703,-92.07775115966795,149.5270233154297
-0.95068359375,0.23583984375,-0.0673828125,-10.7421875,-1.8310546875,-9.70458984375,82.71247100830078,-93.2969207763672,148.6302032470703
-0.9697265625,0.236328125,-0.077880859375,-12.26806640625,-0.6103515625,-10.19287109375,82.95753479003906,-95.40771484375,146.90867614746094
-0.96826171875,0.23876953125,-0.0869140625,-13.5498046875,-0.18310546875,-12.20703125,83.12390899658203,-98.0445785522461,144.74839782714844
-0.9775390625,0.23681640625,-0.09130859375,-13.7939453125,-0.54931640625,-12.0849609375,83.27252197265625,-100.72267150878906,142.5657958984375
-0.973876953125,0.206787109375,-0.0986328125,-13.0615234375,-0.06103515625,-13.5498046875,83.31710052490234,-103.58772277832031,140.23851013183594
-0.98876953125,0.209716796875,-0.106201171875,-12.8173828125,-1.46484375,-13.97705078125,83.35087585449219,-105.84258270263672,138.52243041992188
-0.95556640625,0.205322265625,-0.10546875,-11.29150390625,-3.60107421875,-13.24462890625,83.42090606689453,-107.17569732666016,137.63771057128906
-0.97802734375,0.1806640625,-0.1025390625,-12.5732421875,-3.90625,-9.21630859375,83.55509185791016,-108.66841888427734,136.59329223632812
-0.964111328125,0.20361328125,-0.111328125,-12.14599609375,-4.5166015625,-6.34765625,83.78334045410156,-111.0031509399414,134.60890197753906
-0.990234375,0.224365234375,-0.0986328125,-11.04736328125,-3.60107421875,-2.9296875,84.08155822753906,-114.6913070678711,131.12608337402344
-0.978515625,0.232666015625,-0.10107421875,-10.8642578125,-3.41796875,-5.06591796875,84.30147552490234,-118.93140411376952,127.12966918945312
-0.983154296875,0.19482421875,-0.091552734375,-11.5966796875,-3.2958984375,-8.85009765625,84.39044952392578,-121.28781127929688,125.17507934570312
-0.988525390625,0.182861328125,-0.10693359375,-10.498046875,-2.685546875,-12.0849609375,84.38378143310547,-122.98857879638672,123.986328125
-0.994384765625,0.194091796875,-0.0966796875,-10.80322265625,-2.38037109375,-13.7939453125,84.36048889160156,-123.93973541259766,123.5655517578125
-0.99072265625,0.17041015625,-0.087646484375,-11.53564453125,-2.50244140625,-13.24462890625,84.33354949951172,-124.2018814086914,123.84242248535156
-0.996826171875,0.1611328125,-0.104736328125,-10.43701171875,-2.13623046875,-10.80322265625,84.32266235351562,-125.99584197998048,122.56852722167969
-0.98486328125,0.157958984375,-0.104736328125,-10.3759765625,-2.13623046875,-8.056640625,84.35499572753906,-128.98774719238278,120.07240295410156
-0.982666015625,0.154296875,-0.107177734375,-10.009765625,-2.62451171875,-6.103515625,84.41422271728516,-132.69561767578122,116.84034729003906
-0.98779296875,0.163330078125,-0.115234375,-9.033203125,-1.8310546875,-5.43212890625,84.4600601196289,-137.84051513671878,112.23828125
-0.966552734375,0.171875,-0.10595703125,-9.033203125,-1.28173828125,-4.150390625,84.51273345947266,-144.5077362060547,106.21515655517578
-0.98046875,0.17822265625,-0.114501953125,-8.9111328125,-0.9765625,-3.41796875,84.54116821289062,-152.39190673828125,99.12876892089844
-1.0048828125,0.175048828125,-0.12255859375,-7.6904296875,-0.732421875,-3.35693359375,84.53388214111328,-160.05059814453125,92.29157257080078
-0.999267578125,0.153564453125,-0.116943359375,-8.056640625,-2.99072265625,-3.72314453125,84.55068969726562,-165.49476623535156,87.53564453125
-0.978759765625,0.161376953125,-0.126220703125,-7.01904296875,-3.5400390625,-5.92041015625,84.54960632324219,-169.385009765625,84.21231842041016
-0.986572265625,0.16357421875,-0.116455078125,-6.53076171875,-3.90625,-7.32421875,84.55996704101562,-171.7838592529297,82.25593566894531
-0.989501953125,0.14501953125,-0.11083984375,-6.40869140625,-4.08935546875,-7.99560546875,84.5743637084961,-172.50926208496094,81.85006713867188
-0.993896484375,0.14013671875,-0.110595703125,-6.53076171875,-2.5634765625,-8.544921875,84.55651092529297,-172.62318420410156,82.02981567382812
-0.984619140625,0.15576171875,-0.130615234375,-6.7138671875,-4.33349609375,-8.1787109375,84.5541000366211,-173.81753540039062,81.20755767822266
-0.99365234375,0.12646484375,-0.129150390625,-5.9814453125,-4.21142578125,-7.99560546875,84.5486068725586,-173.58392333984375,81.68228912353516
-0.991455078125,0.126953125,-0.114990234375,-3.96728515625,-3.7841796875,-8.1787109375,84.55010986328125,-173.123779296875,82.28512573242188
-0.9970703125,0.135498046875,-0.136962890625,-3.5400390625,-3.23486328125,-9.1552734375,84.51498413085938,-172.37286376953125,83.15645599365234
-1.00732421875,0.133056640625,-0.11669921875,-3.84521484375,-3.90625,-8.36181640625,84.52027130126953,-171.9917449951172,83.68113708496094
-0.984375,0.133544921875,-0.12890625,-4.21142578125,-4.69970703125,-7.8125,84.52643585205078,-172.2748565673828,83.60115051269531
-0.97607421875,0.130126953125,-0.12158203125,-4.08935546875,-4.33349609375,-8.4228515625,84.53004455566406,-171.90306091308594,84.1273422241211
-1.00341796875,0.12939453125,-0.114501953125,-4.94384765625,-4.150390625,-7.4462890625,84.54350280761719,-172.18911743164062,84.07014465332031
-1.00732421875,0.129150390625,-0.127197265625,-4.21142578125,-4.69970703125,-6.8359375,84.55500030517578,-172.949951171875,83.54241943359375
-0.9853515625,0.103515625,-0.12255859375,-5.859375,-7.2021484375,-5.43212890625,84.61700439453125,-173.5982208251953,83.16549682617188
-0.986572265625,0.07763671875,-0.108642578125,-5.7373046875,-7.38525390625,-2.9296875,84.69396209716797,-175.2138214111328,81.88373565673828
-0.98486328125,0.097900390625,-0.1083984375,-3.662109375,-6.65283203125,0.42724609375,84.75181579589844,178.21212768554688,75.98944854736328
-0.97412109375,0.113037109375,-0.104736328125,-5.9814453125,-5.67626953125,3.35693359375,84.76834106445312,167.0771026611328,66.03437805175781
-0.98046875,0.11328125,-0.086181640625,-6.89697265625,-5.4931640625,6.53076171875,84.7471923828125,152.9305419921875,53.24305725097656
-0.997314453125,0.09326171875,-0.1171875,-8.23974609375,-5.2490234375,8.72802734375,84.63907623291016,141.11764526367188,42.30306243896485
-0.981689453125,0.118408203125,-0.10400390625,-8.1787109375,-5.859375,12.0849609375,84.43334197998047,128.75804138183594,30.458953857421875
-0.99658203125,0.107666015625,-0.117431640625,-8.4228515625,-5.7373046875,13.36669921875,84.1400375366211,120.46228790283205,22.31502342224121
-0.980224609375,0.119873046875,-0.125,-7.32421875,-5.79833984375,13.0615234375,83.78053283691406,114.85956573486328,16.725465774536133
-0.984619140625,0.121337890625,-0.10986328125,-7.26318359375,-5.92041015625,13.427734375,83.3864517211914,110.29383850097656,12.195138931274414
-0.994140625,0.11669921875,-0.124755859375,-7.6904296875,-5.7373046875,13.73291015625,82.95811462402344,107.28019714355469,9.249130249023438
-0.977783203125,0.124755859375,-0.118408203125,-7.9345703125,-7.9345703125,15.68603515625,82.46292114257812,103.76205444335938,5.826704025268555
-0.98974609375,0.107666015625,-0.11962890625,-7.32421875,-7.62939453125,19.4091796875,81.86602783203125,100.98529052734376,3.118934631347656
-0.994873046875,0.126708984375,-0.110595703125,-7.99560546875,-10.1318359375,22.88818359375,81.12792205810547,97.67699432373048,-0.09313201904296876
-1.005126953125,0.11669921875,-0.101318359375,-9.70458984375,-14.95361328125,29.11376953125,80.20310974121094,93.51923370361328,-4.097741603851318
-0.976318359375,0.155517578125,-0.11083984375,-10.1318359375,-19.6533203125,36.9873046875,78.89215850830078,89.438232421875,-8.043032646179201
-0.93798828125,0.188232421875,-0.118896484375,-9.521484375,-20.3857421875,40.46630859375,77.35356903076172,86.55802154541016,-10.79699993133545
-0.95654296875,0.197265625,-0.08935546875,-10.986328125,-18.12744140625,43.3349609375,75.7083511352539,84.50039672851562,-12.628231048583984
-0.9619140625,0.1953125,-0.07861328125,-14.0380859375,-18.798828125,47.7294921875,73.92868041992188,82.69944763183594,-14.063472747802734
-0.949951171875,0.210205078125,-0.09130859375,-15.625,-18.798828125,53.28369140625,71.94630432128906,81.4548568725586,-14.870834350585938
-0.9423828125,0.216064453125,-0.080322265625,-15.9912109375,-18.6767578125,58.2275390625,69.81380462646484,80.47882080078125,-15.379680633544922
-0.927978515625,0.256103515625,-0.05859375,-14.7705078125,-16.11328125,66.71142578125,67.33686065673828,80.02742004394531,-15.378920555114744
-0.907470703125,0.258056640625,-0.050537109375,-16.2353515625,-13.00048828125,74.5849609375,64.6422119140625,79.92698669433594,-14.927350997924805
-0.884521484375,0.294189453125,-0.0615234375,-18.5546875,-10.8642578125,81.48193359375,61.69726943969727,80.04544067382812,-14.140508651733398
-0.875244140625,0.305419921875,-0.059814453125,-20.5078125,-5.9814453125,86.85302734375,58.647705078125,80.38154602050781,-12.996858596801758
-0.860107421875,0.317138671875,-0.06298828125,-18.85986328125,-1.77001953125,93.1396484375,55.44923400878906,80.96600341796875,-11.612810134887695
-0.884033203125,0.35107421875,-0.065185546875,-19.83642578125,-0.244140625,100.76904296875,52.01780319213867,81.47039031982422,-10.234554290771484
-0.87939453125,0.3828125,-0.066650390625,-21.54541015625,-0.54931640625,104.4921875,48.48936462402344,81.75726318359375,-8.998581886291504
-0.8701171875,0.461669921875,-0.0546875,-21.30126953125,-2.3193359375,102.11181640625,45.00276947021485,81.8175048828125,-8.017349243164062
-0.871337890625,0.459228515625,-0.0615234375,-22.76611328125,-4.21142578125,99.9755859375,41.72741317749024,81.67587280273438,-7.210936069488525
-0.86376953125,0.476318359375,-0.06689453125,-20.93505859375,-4.7607421875,98.57177734375,38.58650588989258,81.55599212646484,-6.468043327331543
-0.852783203125,0.516845703125,-0.072021484375,-20.6298828125,-6.2255859375,103.82080078125,35.26057434082031,81.41138458251953,-5.7782344818115225
-0.813232421875,0.568603515625,-0.0693359375,-19.59228515625,-7.9345703125,111.14501953125,31.620609283447266,81.2682113647461,-5.1409573554992685
-0.775390625,0.594482421875,-0.044921875,-21.66748046875,-6.53076171875,114.92919921875,27.878475189208984,81.00463104248047,-4.464646339416504
-0.73876953125,0.64599609375,-0.030517578125,-22.15576171875,-4.0283203125,114.31884765625,24.17703056335449,80.71912384033203,-3.7047548294067374
-0.754638671875,0.685791015625,-0.019775390625,-25.0244140625,-2.44140625,112.36572265625,20.65978240966797,80.28433990478516,-2.9069409370422363
-0.77392578125,0.694580078125,-0.036376953125,-32.89794921875,-5.92041015625,110.77880859375,17.328227996826172,79.49579620361328,-2.237370014190674
-0.7578125,0.689208984375,-0.032470703125,-36.92626953125,-11.3525390625,117.0654296875,13.820477485656738,78.49285125732422,-1.6982254981994631
-0.708251953125,0.691162109375,-0.010498046875,-39.97802734375,-18.85986328125,121.39892578125,10.1387300491333,77.28778076171875,-1.3642563819885254
-0.64404296875,0.6875,-0.003173828125,-39.1845703125,-22.0947265625,107.60498046875,7.006901264190674,76.10493469238281,-1.1996955871582031
-0.589599609375,0.6572265625,0.01611328125,-34.24072265625,-19.34814453125,88.623046875,4.697389602661133,75.1058120727539,-1.0513968467712402
-0.558837890625,0.61376953125,0.027587890625,-26.9775390625,-14.70947265625,71.47216796875,3.181708812713623,74.3885726928711,-0.8606605529785156
-0.540771484375,0.639404296875,0.003662109375,-14.404296875,-14.6484375,62.92724609375,1.9792678356170652,74.26538848876953,-0.7341570854187012
-0.504150390625,0.658935546875,0.042236328125,-9.1552734375,-16.78466796875,61.1572265625,0.7671056389808655,74.2664794921875,-0.7168507575988771
-0.490966796875,0.670654296875,0.055908203125,-6.40869140625,-14.95361328125,61.03515625,-0.4228023290634155,74.34871673583984,-0.6393613815307617
-0.50927734375,0.69775390625,0.052001953125,-3.41796875,-12.14599609375,63.90380859375,-1.6569894552230835,74.56024169921875,-0.4353351593017578
-0.4970703125,0.7294921875,0.042236328125,-1.89208984375,-10.1318359375,68.2373046875,-3.05692720413208,74.85533905029297,-0.12716960906982422
-0.484130859375,0.7626953125,0.038818359375,-3.11279296875,-9.27734375,68.603515625,-4.478707790374756,75.10447692871094,0.19459819793701166
-0.433349609375,0.84521484375,0.048095703125,-8.60595703125,-6.34765625,66.34521484375,-5.913190841674805,75.11915588378906,0.589177131652832
-0.394287109375,0.876953125,0.072021484375,-17.39501953125,-4.45556640625,66.58935546875,-7.3895511627197275,74.720703125,1.060246467590332
-0.3681640625,0.85400390625,0.07373046875,-24.2919921875,-4.150390625,70.1904296875,-8.975288391113281,74.03236389160156,1.5952005386352541
-0.376220703125,0.889404296875,0.062255859375,-26.3671875,-4.82177734375,76.416015625,-10.762388229370117,73.29116821289062,2.1911840438842773
-0.349365234375,0.925048828125,0.055419921875,-27.2216796875,-6.16455078125,72.69287109375,-12.432206153869627,72.56482696533203,2.70963191986084
-0.286865234375,0.94091796875,0.08154296875,-26.85546875,-5.0048828125,64.39208984375,-13.83637523651123,71.82434844970703,3.201588630676269
-0.24560546875,0.998779296875,0.125732421875,-33.38623046875,0.9765625,51.513671875,-14.72790813446045,70.73753356933594,3.8005504608154297
-0.26806640625,0.982666015625,0.127685546875,-35.82763671875,9.27734375,41.8701171875,-15.053902626037598,69.51940155029297,4.613951683044434
-0.297119140625,0.97314453125,0.10888671875,-34.48486328125,20.5078125,35.888671875,-14.913288116455078,68.33837890625,5.780789375305176
-0.3896484375,0.94921875,0.088623046875,-30.1513671875,33.63037109375,32.1044921875,-14.246500015258787,67.28704833984375,7.394431114196777
-0.391845703125,0.98388671875,0.105224609375,-24.10888671875,36.7431640625,32.3486328125,-13.552319526672365,66.4774169921875,9.143396377563477
-0.39697265625,0.991455078125,0.099365234375,-15.9912109375,39.73388671875,28.1982421875,-12.658876419067385,66.04737854003906,10.939498901367188
-0.416748046875,0.985595703125,0.111328125,-5.126953125,36.865234375,18.12744140625,-11.429573059082033,66.12610626220703,12.475345611572266
-0.402587890625,1.0078125,0.11376953125,0.48828125,31.43310546875,18.37158203125,-10.377460479736328,66.50007629394531,13.821977615356445
-0.412841796875,1.044677734375,0.078369140625,4.39453125,23.49853515625,27.9541015625,-9.855290412902832,67.13796997070311,15.02159309387207
-0.354736328125,1.0634765625,0.081298828125,4.33349609375,10.55908203125,33.75244140625,-9.880508422851562,67.83559417724611,15.824514389038086
-0.301513671875,1.072509765625,0.09033203125,1.3427734375,7.4462890625,29.96826171875,-9.91574764251709,68.41355133056639,16.444839477539062
-0.284423828125,1.067626953125,0.111572265625,-4.45556640625,10.25390625,22.0947265625,-9.648231506347656,68.70240783691406,17.055456161499027
-0.3173828125,1.005859375,0.08251953125,-7.26318359375,15.13671875,12.14599609375,-8.861279487609863,68.90798950195311,17.699371337890625
-0.348388671875,0.99658203125,0.086669921875,-5.31005859375,16.17431640625,7.2021484375,-7.842777729034424,69.18290710449219,18.32170295715332
-0.380615234375,1.017578125,0.0625,-2.3193359375,14.404296875,2.86865234375,-6.682741641998291,69.64340209960939,18.82125663757324
-0.358154296875,1.052978515625,0.08203125,-1.8310546875,10.7421875,3.96728515625,-5.717759609222412,70.10195922851561,19.214744567871094
-0.313720703125,1.07470703125,0.0966796875,-6.89697265625,9.3994140625,5.4931640625,-4.955374717712402,70.33277893066406,19.588775634765625
-0.304443359375,1.06884765625,0.102294921875,-13.12255859375,10.92529296875,2.197265625,-4.090625762939453,70.29970550537111,19.98293876647949
-0.2529296875,1.0390625,0.082275390625,-17.76123046875,16.66259765625,-8.4228515625,-2.8638029098510738,70.12612915039061,20.45475006103516
-0.26513671875,0.99560546875,0.099609375,-17.08984375,21.78955078125,-17.63916015625,-1.2199249267578125,69.9481201171875,21.006759643554688
-0.315185546875,0.9814453125,0.0673828125,-11.3525390625,24.2919921875,-19.8974609375,0.5920544862747192,70.08006286621094,21.637126922607425
-0.345947265625,1.0009765625,0.052490234375,-4.57763671875,21.484375,-16.29638671875,2.2106964588165283,70.52537536621094,22.23638153076172
-0.3310546875,1.021240234375,0.043701171875,-4.69970703125,18.798828125,-14.2822265625,3.6132416725158687,70.98639678955078,22.78582763671875
-0.285400390625,1.03076171875,0.077392578125,-8.48388671875,19.8974609375,-12.63427734375,4.814198017120361,71.23680877685547,23.41332054138184
-0.287353515625,0.9697265625,0.07080078125,-17.51708984375,23.86474609375,-8.6669921875,5.908997058868407,71.14967346191406,24.25427627563477
-0.29443359375,0.91015625,0.07861328125,-21.728515625,25.08544921875,-4.33349609375,6.870562553405763,70.89176177978516,25.204139709472656
-0.3330078125,0.900146484375,0.064697265625,-22.5830078125,20.263671875,2.86865234375,7.559142112731934,70.63426971435547,26.076587677001953
-0.32421875,0.9228515625,0.04833984375,-21.42333984375,6.89697265625,5.9814453125,7.8981080055236825,70.42115783691406,26.495704650878906
-0.28271484375,0.92626953125,0.041015625,-21.484375,0.18310546875,3.96728515625,8.120509147644043,70.201416015625,26.641399383544922
-0.25,0.95849609375,0.02490234375,-23.62060546875,-1.8310546875,6.34765625,8.128615379333496,69.94496154785156,26.75422286987305
-0.263427734375,0.977783203125,0.0361328125,-26.30615234375,-2.5634765625,11.16943359375,7.9634156227111825,69.57198333740234,26.905109405517575
-0.241455078125,0.98828125,0.058349609375,-29.78515625,-2.0751953125,17.333984375,7.526730060577393,69.04523468017578,27.1591911315918
-0.183837890625,0.985595703125,0.062255859375,-32.71484375,-0.18310546875,18.5546875,6.9656662940979,68.42980194091797,27.50699615478516
-0.156005859375,0.939453125,0.0576171875,-29.296875,1.40380859375,18.06640625,6.425873756408691,67.98434448242189,27.910629272460934
-0.171875,0.896240234375,0.0673828125,-26.123046875,2.0751953125,21.1181640625,5.861448764801025,67.65460205078125,28.38076019287109
-0.181640625,0.90380859375,0.067138671875,-20.263671875,2.685546875,24.47509765625,5.225436210632324,67.57456207275389,28.921772003173828
-0.22216796875,0.9150390625,0.052490234375,-11.962890625,2.50244140625,27.89306640625,4.574611186981201,67.85607147216797,29.501522064208984
-0.196533203125,0.943115234375,0.06396484375,-6.7138671875,1.220703125,25.45166015625,3.941213369369507,68.30596160888672,29.980403900146484
-0.17138671875,0.953857421875,0.064697265625,-4.45556640625,3.60107421875,26.30615234375,3.268173694610596,68.83344268798828,30.54391098022461
-0.154052734375,0.9501953125,0.084716796875,-7.01904296875,6.103515625,33.935546875,2.3276944160461426,69.19664764404297,31.289966583251953
-0.141845703125,0.9443359375,0.07275390625,-6.04248046875,9.765625,37.4755859375,1.311438798904419,69.60568237304689,32.204891204833984
-0.163330078125,0.947509765625,0.079345703125,-3.41796875,12.39013671875,36.7431640625,0.4381567239761353,70.07353210449219,33.18675994873047
-0.163330078125,0.961669921875,0.072265625,-2.5634765625,13.427734375,36.4990234375,-0.392274022102356,70.56204223632812,34.185272216796875
-0.153564453125,0.965087890625,0.07275390625,-3.72314453125,14.16015625,36.92626953125,-1.2288148403167725,70.97135925292969,35.199005126953125
-0.134033203125,1.014892578125,0.075927734375,-5.37109375,15.2587890625,37.53662109375,-2.107775926589966,71.286865234375,36.24638748168945
-0.097412109375,0.98095703125,0.07177734375,-7.8125,16.66259765625,31.494140625,-2.784402370452881,71.48493957519531,37.25691604614258
-0.064453125,0.981689453125,0.10595703125,-10.009765625,23.0712890625,24.23095703125,-3.1564457416534424,71.49573516845703,38.4153938293457
-0.08154296875,0.974365234375,0.101806640625,-10.25390625,31.92138671875,17.7001953125,-3.115942001342773,71.4860610961914,39.82465744018555
-0.136474609375,0.96826171875,0.068603515625,-7.2021484375,36.31591796875,8.4228515625,-2.547236442565918,71.67408752441406,41.28078079223633
-0.1640625,0.94287109375,0.09033203125,-1.5869140625,38.6962890625,-3.47900390625,-1.455085515975952,72.04580688476562,42.68941116333008
-0.187744140625,0.986572265625,0.072509765625,4.39453125,39.1845703125,-13.48876953125,0.004470231011509895,72.72206115722656,44.011173248291016
-0.2236328125,1.046875,0.042236328125,6.8359375,39.36767578125,-22.0947265625,1.7726831436157229,73.57648468017578,45.26826477050781
-0.2255859375,1.075439453125,0.0166015625,7.26318359375,38.63525390625,-26.79443359375,3.6187896728515625,74.50728607177734,46.48541259765625
-0.249267578125,1.080078125,0.02099609375,2.62451171875,36.0107421875,-28.13720703125,5.4463162422180185,75.23854064941406,47.62567138671875
-0.2998046875,1.0751953125,0.01611328125,-2.685546875,33.0810546875,-24.84130859375,7.1365647315979,75.76195526123047,48.71823120117188
-0.31103515625,1.105712890625,-0.006591796875,-6.65283203125,29.9072265625,-19.71435546875,8.530841827392576,76.17294311523438,49.76815795898438
-0.296630859375,1.129638671875,-0.003173828125,-10.498046875,25.57373046875,-16.2353515625,9.650931358337402,76.4130859375,50.69970321655274
-0.2216796875,1.123291015625,0.001220703125,-15.9912109375,24.0478515625,-10.3759765625,10.343667984008787,76.43827819824219,51.63920593261719
-0.1787109375,1.10400390625,0.0458984375,-20.81298828125,26.123046875,-9.3994140625,10.910754203796387,76.20988464355469,52.66157150268555
-0.16552734375,1.083740234375,0.06591796875,-24.47509765625,30.8837890625,-8.6669921875,11.455525398254395,75.84906005859375,53.87643051147461
-0.2216796875,0.998291015625,0.0625,-22.88818359375,35.5224609375,-5.4931640625,12.0590238571167,75.61210632324219,55.30964279174805
-0.25390625,0.96630859375,0.066650390625,-13.7939453125,36.31591796875,-7.32421875,12.804804801940918,75.74967956542969,56.76153564453125
-0.2548828125,0.968017578125,0.05810546875,-6.53076171875,33.87451171875,-9.1552734375,13.564059257507324,76.1860122680664,58.11422729492188
-0.217041015625,1.0,0.037109375,-2.62451171875,30.82275390625,-5.0048828125,13.995963096618652,76.81388854980469,59.408164978027344
-0.142333984375,1.02880859375,0.0458984375,-5.2490234375,26.9775390625,5.9814453125,13.764473915100098,77.2918472290039,60.64724731445313
-0.046875,1.0341796875,0.045654296875,-8.1787109375,23.62060546875,13.671875,12.998861312866213,77.61185455322266,61.81182861328125
0.026123046875,1.01318359375,0.081298828125,-6.53076171875,20.20263671875,10.009765625,12.211710929870605,77.84871673583984,62.776344299316406
0.1025390625,0.974853515625,0.117431640625,-5.31005859375,25.57373046875,-4.45556640625,11.88673210144043,78.04100799560547,63.805908203125
0.057373046875,0.92919921875,0.10986328125,-4.8828125,35.64453125,-17.39501953125,12.248379707336426,78.31096649169922,65.13187408447266
-0.094970703125,0.894775390625,0.0947265625,-3.41796875,41.6259765625,-27.83203125,13.414631843566895,78.70973205566406,66.62836456298828
-0.182861328125,0.900634765625,0.0986328125,-1.15966796875,42.8466796875,-28.50341796875,14.771455764770508,79.21891021728516,68.18642425537111
-0.22119140625,0.931396484375,0.069091796875,-0.91552734375,39.794921875,-20.5078125,15.8021821975708,79.81658935546875,69.72142028808594
-0.203857421875,0.98681640625,0.041015625,-2.9296875,32.89794921875,-3.84521484375,16.012884140014652,80.36175537109375,71.12506866455078
-0.154541015625,0.997802734375,0.041748046875,-8.1787109375,28.9306640625,9.58251953125,15.53877067565918,80.65545654296875,72.45396423339844
-0.1513671875,0.985595703125,0.038330078125,-12.39013671875,26.9775390625,20.99609375,14.614922523498535,80.75787353515625,73.76934051513672
-0.135498046875,0.9033203125,0.0390625,-12.5732421875,25.08544921875,28.01513671875,13.428947448730467,80.80677795410156,75.03817749023438
-0.1435546875,0.901611328125,0.03466796875,-9.46044921875,25.45166015625,27.34375,12.336949348449707,80.9647445678711,76.30628204345703
-0.138427734375,0.8994140625,0.0361328125,-6.89697265625,24.169921875,26.67236328125,11.290924072265625,81.17881774902344,77.50296783447266
-0.14794921875,0.884521484375,0.04345703125,-7.6904296875,23.193359375,23.193359375,10.443208694458008,81.29949951171875,78.62215423583984
-0.172119140625,0.908447265625,0.03369140625,-9.21630859375,21.728515625,21.484375,9.735806465148926,81.3529052734375,79.66871643066406
-0.177490234375,0.8974609375,0.033203125,-13.97705078125,18.98193359375,19.47021484375,9.138837814331056,81.18157196044922,80.58807373046875
-0.1875,0.890869140625,0.02783203125,-16.2353515625,13.73291015625,19.4091796875,8.567630767822267,80.89734649658203,81.29833984375
-0.165283203125,0.88623046875,0.0048828125,-17.578125,10.498046875,19.59228515625,7.944041728973389,80.60417938232422,81.89108276367188
-0.1357421875,0.918212890625,0.01025390625,-16.7236328125,8.11767578125,18.5546875,7.287543773651122,80.32647705078125,82.38179016113281
-0.133056640625,0.913818359375,0.015625,-16.90673828125,8.48388671875,12.63427734375,6.889210224151611,80.0317611694336,82.84577178955078
-0.138427734375,0.9013671875,0.026611328125,-14.0380859375,9.70458984375,3.11279296875,6.9079532623291025,79.83143615722656,83.28972625732422
-0.1416015625,0.911376953125,0.014892578125,-7.32421875,12.20703125,-6.103515625,7.310000419616699,79.9427719116211,83.77409362792969
-0.2109375,0.91943359375,0.03271484375,1.5869140625,12.75634765625,-14.34326171875,8.182311058044434,80.35932922363281,84.22279357910156
-0.208984375,0.951171875,-0.017822265625,7.2021484375,12.75634765625,-18.310546875,9.153501510620117,81.10965728759766,84.67391204833984
-0.224609375,0.97802734375,-0.00634765625,10.07080078125,12.939453125,-21.54541015625,10.230019569396973,81.92570495605469,85.12358856201172
-0.26904296875,1.0478515625,0.00341796875,8.72802734375,11.71875,-22.0947265625,11.331328392028807,82.63426971435547,85.53170776367188
-0.287353515625,1.079345703125,0.011962890625,4.57763671875,9.82666015625,-19.59228515625,12.2965087890625,83.12742614746094,85.88308715820312
-0.278076171875,1.06982421875,0.013916015625,-0.54931640625,5.4931640625,-18.00537109375,13.12523078918457,83.36178588867188,86.07080841064453
-0.219482421875,1.068359375,0.003173828125,-3.84521484375,1.89208984375,-20.1416015625,13.872234344482422,83.44720458984375,86.11146545410156
-0.1796875,1.06787109375,0.013916015625,-3.35693359375,1.64794921875,-24.2919921875,14.670771598815918,83.52079772949219,86.12195587158203
-0.167724609375,1.033447265625,0.02685546875,-1.77001953125,3.11279296875,-29.9072265625,15.652626991271973,83.6344985961914,86.16393280029297
-0.25732421875,0.98388671875,-0.016357421875,8.60595703125,6.28662109375,-34.60693359375,17.012304306030273,84.28622436523438,86.35282897949219
-0.29833984375,1.01708984375,-0.0205078125,17.15087890625,3.11279296875,-30.57861328125,18.211671829223636,85.23473358154297,86.4461898803711
-0.292236328125,1.066650390625,-0.0283203125,19.22607421875,0.91552734375,-21.97265625,18.973268508911133,86.23177337646484,86.49307250976562
-0.28564453125,1.18212890625,-0.058837890625,8.11767578125,-0.48828125,-2.62451171875,18.863887786865234,86.80115509033203,86.54851531982422
-0.1875,1.216552734375,-0.05224609375,-11.3525390625,-5.2490234375,14.7705078125,17.86667823791504,86.50736236572266,86.43477630615234
-0.08056640625,1.19482421875,-0.04052734375,-30.09033203125,-7.6904296875,27.89306640625,16.188026428222653,85.44519805908203,86.26315307617188
-0.177978515625,0.847900390625,0.00439453125,-17.2119140625,24.23095703125,-27.7099609375,14.526541709899902,81.07331085205078,88.11933135986328
-0.25732421875,0.885009765625,0.0,-9.1552734375,23.49853515625,-21.91162109375,15.601395606994627,81.25825500488281,89.03022003173828
-0.283935546875,0.93017578125,-0.01708984375,-9.8876953125,18.4326171875,-5.4931640625,15.98590087890625,81.43004608154297,89.8544692993164
-0.2099609375,1.040771484375,-0.016357421875,-18.9208984375,8.4228515625,21.66748046875,15.005566596984865,81.16913604736328,90.43560791015624
-0.131103515625,1.07373046875,0.01953125,-30.76171875,4.2724609375,34.66796875,13.352954864501953,80.34027099609375,90.91631317138672
-0.06787109375,1.01708984375,0.03271484375,-40.83251953125,6.40869140625,33.26416015625,11.719199180603027,79.11971282958984,91.48856353759766
-0.062255859375,0.93212890625,0.019775390625,-43.15185546875,13.3056640625,20.751953125,10.704705238342283,77.9064712524414,92.26708221435548
-0.07421875,0.8955078125,0.013916015625,-38.39111328125,17.27294921875,13.61083984375,10.092694282531738,76.95223236083984,93.15557861328124
-0.095458984375,0.875732421875,0.0185546875,-31.43310546875,21.42333984375,10.19287109375,9.745139122009276,76.3156509399414,94.1787567138672
-0.107421875,0.89453125,0.043212890625,-25.57373046875,25.08544921875,7.32421875,9.588491439819336,75.89208984375,95.31034088134766
-0.12548828125,0.89404296875,0.04541015625,-21.54541015625,28.9306640625,4.638671875,9.630376815795898,75.65914916992188,96.5669937133789
-0.143798828125,0.887451171875,0.0400390625,-20.32470703125,30.33447265625,4.08935546875,9.758387565612793,75.50553131103516,97.87681579589844
-0.162841796875,0.897216796875,0.03955078125,-18.24951171875,31.06689453125,7.50732421875,9.801939010620117,75.45448303222656,99.25189208984376
-0.147705078125,0.907470703125,0.058349609375,-16.845703125,31.005859375,8.9111328125,9.746782302856444,75.41974639892578,100.63204193115234
-0.138671875,0.903564453125,0.0458984375,-14.892578125,31.982421875,7.01904296875,9.756669998168944,75.4979476928711,102.03656005859376
-0.135009765625,0.93310546875,0.048828125,-11.90185546875,34.423828125,0.79345703125,10.007649421691896,75.69853973388672,103.4748077392578
-0.163330078125,0.952392578125,0.065185546875,-10.009765625,36.62109375,-1.64794921875,10.416675567626953,75.94819641113281,104.97217559814452
-0.175537109375,0.960693359375,0.04638671875,-8.97216796875,39.0625,-4.0283203125,10.94371223449707,76.30033111572266,106.55670928955078
-0.16943359375,0.995849609375,0.025390625,-7.2021484375,41.19873046875,-5.43212890625,11.487191200256348,76.79141235351562,108.23089599609376
-0.167724609375,0.99755859375,0.0478515625,-7.080078125,42.90771484375,-7.2021484375,12.07321071624756,77.24627685546875,109.9559326171875
-0.17236328125,1.032958984375,0.038330078125,-6.7138671875,46.20361328125,-7.01904296875,12.64082145690918,77.77045440673828,111.82931518554688
-0.18994140625,1.02734375,0.044189453125,-8.1787109375,47.36328125,-6.9580078125,13.21660041809082,78.23181915283203,113.7561264038086
-0.20556640625,1.02587890625,0.025634765625,-8.48388671875,49.98779296875,-7.01904296875,13.812281608581545,78.74877166748047,115.80729675292969
-0.2314453125,1.025634765625,0.0458984375,-7.50732421875,51.20849609375,-7.01904296875,14.4285249710083,79.27365112304688,117.9074478149414
-0.184326171875,1.0595703125,0.043701171875,-9.1552734375,53.5888671875,-7.4462890625,14.923611640930176,79.76948547363281,120.11349487304688
-0.16943359375,1.065673828125,0.0556640625,-10.6201171875,57.4951171875,-8.30078125,15.407706260681152,80.22349548339844,122.47500610351562
-0.2021484375,1.0361328125,0.0654296875,-13.18359375,60.97412109375,-11.29150390625,16.074878692626953,80.58906555175781,124.96112060546876
-0.24072265625,1.014404296875,0.047119140625,-11.23046875,66.95556640625,-12.63427734375,16.878833770751953,81.15711212158203,127.7097625732422
-0.233642578125,1.00830078125,0.052734375,-9.6435546875,69.580078125,-9.033203125,17.483087539672848,81.8297119140625,130.60214233398438
-0.1953125,1.0546875,0.057373046875,-7.99560546875,70.3125,-2.685546875,17.681259155273438,82.58235931396484,133.56887817382812
-0.117919921875,1.078125,0.053466796875,-13.97705078125,73.73046875,5.31005859375,17.373882293701172,83.1327133178711,136.718505859375
-0.059814453125,1.030029296875,0.069091796875,-19.287109375,78.18603515625,6.2255859375,16.926563262939453,83.44218444824219,140.03334045410156
-0.050048828125,0.97900390625,0.067626953125,-20.56884765625,81.97021484375,2.3193359375,16.637331008911133,83.700927734375,143.47581481933594
-0.063232421875,0.91357421875,0.064453125,-14.22119140625,88.134765625,-5.18798828125,16.697368621826172,84.25642395019531,147.13636779785156
-0.07177734375,0.90234375,0.056640625,-8.30078125,90.4541015625,-10.07080078125,16.93815803527832,85.0782470703125,150.88246154785156
-0.093017578125,0.9169921875,0.061767578125,-4.45556640625,92.28515625,-12.5732421875,17.266550064086914,86.05168914794922,154.7010040283203
-0.106689453125,0.9560546875,0.0693359375,-3.72314453125,95.8251953125,-14.2822265625,17.61777114868164,87.07300567626953,158.66856384277344
-0.114013671875,0.99658203125,0.06640625,-7.9345703125,97.96142578125,-12.26806640625,17.822038650512695,87.9504623413086,162.74009704589844
-0.10693359375,0.9912109375,0.07373046875,-15.13671875,97.7783203125,-8.85009765625,17.819944381713867,88.49459838867188,166.8025665283203
-0.042724609375,1.005126953125,0.085205078125,-19.53125,99.365234375,-5.79833984375,17.525182723999027,88.82674407958984,170.92056274414062
-0.01513671875,0.992431640625,0.084716796875,-23.3154296875,103.271484375,-6.2255859375,17.184288024902347,89.01790618896484,-184.8070373535156
-0.0078125,0.9931640625,0.068603515625,-25.08544921875,108.0322265625,-6.28662109375,16.83113670349121,89.2004623413086,-180.3326568603516
-0.01953125,0.986572265625,0.079833984375,-28.01513671875,114.2578125,-3.5400390625,16.401348114013672,89.27361297607422,-175.615234375
-0.031982421875,0.9775390625,0.08349609375,-29.47998046875,118.2861328125,-0.244140625,15.883401870727539,89.28119659423828,-170.74285888671875
-0.0361328125,0.979248046875,0.072998046875,-29.78515625,120.78857421875,3.11279296875,15.261054039001465,89.27965545654297,-165.7708740234375
-0.01220703125,0.989501953125,0.065673828125,-29.4189453125,121.39892578125,4.33349609375,14.561014175415039,89.25904083251953,-160.7819366455078
-0.005859375,1.002685546875,0.059814453125,-28.50341796875,121.2158203125,5.18798828125,13.841530799865724,89.22577667236328,-155.81039428710938
-0.009033203125,0.996337890625,0.056396484375,-31.06689453125,119.93408203125,2.86865234375,13.25853443145752,89.02757263183594,-150.90213012695312
-0.079833984375,0.956298828125,-0.0302734375,-18.4326171875,113.34228515625,4.57763671875,12.066817283630373,89.4764633178711,-131.73153686523438
-0.09228515625,0.9833984375,-0.02685546875,-17.333984375,112.60986328125,6.40869140625,11.557437896728516,89.79744720458984,-127.11619567871094
-0.118896484375,1.01611328125,-0.025146484375,-20.69091796875,113.95263671875,7.50732421875,11.05800724029541,89.93419647216797,-122.45974731445312
-0.153564453125,1.020263671875,-0.0302734375,-27.28271484375,112.48779296875,10.31494140625,10.542742729187012,89.75959014892578,-117.87033081054688
-0.132568359375,1.039306640625,-0.028076171875,-33.38623046875,110.7177734375,13.73291015625,9.885817527770996,89.28195190429688,-113.35840606689452
-0.099853515625,1.048828125,-0.015869140625,-39.794921875,109.375,17.7001953125,9.073174476623537,88.47380065917969,-108.90391540527344
-0.06591796875,1.006591796875,-0.01318359375,-44.3115234375,105.8349609375,21.728515625,8.132214546203612,87.42469024658203,-104.58372497558594
-0.05419921875,0.9453125,-0.022216796875,-42.3583984375,103.759765625,20.1416015625,7.344856739044189,86.44358825683594,-100.33941650390624
-0.042236328125,0.908447265625,-0.015869140625,-34.11865234375,99.67041015625,14.7705078125,6.828486442565918,85.74758911132812,-96.27032470703124
-0.057861328125,0.9208984375,-0.03466796875,-17.88330078125,92.4072265625,7.50732421875,6.663895606994629,85.71322631835938,-92.50817108154295
-0.08349609375,0.9423828125,-0.04443359375,-7.9345703125,85.8154296875,2.62451171875,6.73024845123291,86.0630874633789,-89.02306365966797
-0.102783203125,0.961669921875,-0.058349609375,-3.0517578125,78.857421875,-1.89208984375,6.971599578857423,86.5988540649414,-85.82442474365234
-0.141845703125,0.975341796875,-0.0625,-0.42724609375,72.57080078125,-5.55419921875,7.428085327148437,87.25672912597656,-82.9919204711914
-0.16357421875,0.995849609375,-0.069091796875,0.48828125,63.90380859375,-6.28662109375,7.853292465209961,87.86859130859375,-80.3924789428711
-0.185302734375,1.027587890625,-0.075927734375,-0.3662109375,55.84716796875,-4.08935546875,8.174521446228027,88.4044189453125,-78.11002349853516
-0.181640625,1.03076171875,-0.090576171875,-4.39453125,46.875,-2.25830078125,8.371604919433594,88.70252990722656,-76.3133316040039
-0.19091796875,1.0283203125,-0.073486328125,-10.07080078125,37.17041015625,-1.28173828125,8.535317420959473,88.71869659423828,-74.7828369140625
-0.181884765625,1.041015625,-0.06103515625,-15.93017578125,32.2265625,-0.9765625,8.655474662780763,88.44517517089844,-73.45547485351562
-0.1982421875,0.984130859375,-0.0595703125,-19.59228515625,28.74755859375,-1.220703125,8.796191215515137,87.95398712158203,-72.32020568847656
-0.208251953125,0.96044921875,-0.04833984375,-21.1181640625,23.62060546875,2.62451171875,8.862010955810547,87.43523406982422,-71.33448791503906
-0.197021484375,0.960205078125,-0.032470703125,-19.53125,18.310546875,4.2724609375,8.83318042755127,86.93146514892578,-70.56187438964844
-0.182861328125,0.957763671875,-0.01904296875,-16.7236328125,14.5263671875,3.662109375,8.8464994430542,86.5439682006836,-70.00859832763672
-0.189208984375,0.969482421875,-0.019287109375,-11.71875,10.55908203125,-2.50244140625,9.057694435119627,86.306884765625,-69.56257629394531
-0.19140625,0.999755859375,0.0048828125,-9.09423828125,9.1552734375,-6.89697265625,9.424854278564453,86.11940002441406,-69.19119262695311
-0.2041015625,1.026123046875,0.001953125,-8.4228515625,6.40869140625,-7.2021484375,9.79849910736084,85.97084045410156,-68.98870849609375
-0.208984375,1.040771484375,-0.01611328125,-8.85009765625,0.3662109375,-5.7373046875,10.089282989501953,85.79573059082031,-68.95948791503906
-0.189697265625,1.049560546875,-0.019287109375,-9.58251953125,-2.44140625,-5.9814453125,10.326359748840332,85.58525848388672,-69.04190063476561
-0.17138671875,1.06689453125,-0.021728515625,-12.14599609375,-4.08935546875,-4.7607421875,10.446563720703123,85.21456909179688,-69.17678833007811
-0.14306640625,1.076171875,0.008056640625,-21.6064453125,-7.080078125,-2.13623046875,10.39259433746338,84.45647430419922,-69.44107818603516
-0.100830078125,1.06298828125,-0.001708984375,-30.45654296875,-7.99560546875,0.0,10.163348197937012,83.3924560546875,-69.72365570068361
-0.032470703125,0.881591796875,0.061767578125,-39.6728515625,9.521484375,-22.88818359375,10.763104438781738,77.58938598632812,-69.74534606933594
-0.023193359375,0.902587890625,0.05322265625,-28.50341796875,15.80810546875,-25.87890625,11.543487548828125,76.8772964477539,-69.27682495117189
-0.035400390625,0.921142578125,0.042236328125,-22.03369140625,17.88330078125,-24.23095703125,12.282279014587402,76.50643920898438,-68.70482635498047
-0.036865234375,0.95556640625,0.046630859375,-17.39501953125,22.216796875,-20.81298828125,12.87496852874756,76.41293334960938,-67.88201141357422
-0.06396484375,0.9873046875,0.031494140625,-15.93017578125,27.64892578125,-18.00537109375,13.474387168884276,76.44966888427734,-66.84376525878906
-0.0966796875,1.003662109375,0.04052734375,-19.1650390625,32.1044921875,-15.31982421875,14.057010650634766,76.39501190185547,-65.59925842285156
-0.120361328125,1.0224609375,0.02099609375,-23.3154296875,34.423828125,-5.9814453125,14.149270057678224,76.21366119384766,-64.12155914306639
-0.105224609375,1.00732421875,0.0224609375,-28.6865234375,35.21728515625,10.6201171875,13.75862979888916,75.92426300048828,-62.48507690429688
-0.06103515625,1.017822265625,0.046142578125,-29.23583984375,36.19384765625,19.1650390625,12.968954086303713,75.58575439453125,-60.74000549316406
-0.01708984375,1.02197265625,0.050048828125,-30.94482421875,39.85595703125,21.8505859375,12.059423446655273,75.18550872802734,-58.75812149047852
-0.001220703125,1.019775390625,0.075439453125,-33.0810546875,47.42431640625,21.484375,11.250808715820312,74.70149993896484,-56.57086181640625
0.035400390625,0.99072265625,0.086181640625,-34.3017578125,53.955078125,19.47021484375,10.556174278259276,74.17383575439453,-54.15887069702149
0.017578125,0.91357421875,0.095458984375,-31.67724609375,60.48583984375,13.97705078125,10.324358940124512,73.87553405761719,-51.482887268066406
-0.013671875,0.8701171875,0.080322265625,-17.822265625,68.84765625,4.150390625,10.546796798706056,74.08189392089844,-48.66665267944336
-0.00341796875,0.866455078125,0.072265625,-6.40869140625,72.265625,-1.89208984375,10.981507301330566,74.78608703613281,-45.77167892456055
-0.012939453125,0.916259765625,0.059814453125,2.99072265625,76.171875,-3.72314453125,11.474648475646973,76.04596710205078,-42.68513107299805
-0.03076171875,0.952880859375,0.0546875,8.97216796875,80.56640625,-1.77001953125,11.893183708190918,77.46643829345703,-39.41654968261719
-0.049560546875,0.973388671875,0.05224609375,10.19287109375,85.44921875,-1.03759765625,12.266938209533693,78.9564437866211,-35.929115295410156
