0.059814453125,0.9482421875,0.116455078125,-9.3994140625,-20.751953125,2.685546875,-3.7007532119750977,78.86967468261719,123.64494323730469
-0.151123046875,0.941162109375,-0.0458984375,-9.6435546875,-39.00146484375,2.50244140625,-3.590102434158325,79.10888671875,122.0935516357422
-0.06591796875,0.959716796875,-0.03857421875,-9.1552734375,-46.81396484375,2.62451171875,-3.7412421703338623,79.36479949951172,120.23635864257812
0.061767578125,1.03369140625,0.089599609375,-9.6435546875,-39.85595703125,2.25830078125,-4.857097148895264,79.76815032958984,112.91571044921876
0.01513671875,0.986572265625,0.072998046875,-9.09423828125,-23.0712890625,2.38037109375,-4.953951358795166,79.70513153076172,112.00079345703124
-0.028076171875,0.987060546875,0.035888671875,-9.27734375,-16.2353515625,2.44140625,-4.9041409492492685,79.69944763183594,111.348388671875
-0.044189453125,1.271240234375,0.044189453125,-50.537109375,-32.470703125,-67.0166015625,1.7896130084991455,79.41461181640625,82.44223022460938
-0.017333984375,1.21923828125,0.070556640625,-49.74365234375,-33.0810546875,-37.04833984375,2.9414193630218506,77.63406372070312,80.86286926269531
-0.0224609375,1.208984375,0.048583984375,-31.73828125,-37.59765625,1.953125,2.464120864868164,76.68060302734375,79.43174743652344
-0.006591796875,1.188720703125,0.062744140625,-4.2724609375,-43.45703125,43.15185546875,0.31367629766464233,76.87078094482422,78.14457702636719
0.061279296875,1.2626953125,0.055419921875,27.40478515625,-48.52294921875,75.13427734375,-3.1430263519287114,78.40118408203125,76.88243865966797
0.07421875,1.337158203125,0.0673828125,25.146484375,-43.701171875,76.416015625,-6.460263729095459,79.83307647705078,75.7101058959961
0.05712890625,1.3515625,0.068359375,11.474609375,-35.64453125,60.24169921875,-8.903985977172852,80.70230102539062,74.66402435302734
0.021240234375,1.318115234375,0.066650390625,-8.97216796875,-25.0244140625,36.31591796875,-10.17628574371338,80.7131118774414,73.85600280761719
-0.00439453125,1.279541015625,0.0458984375,-15.869140625,-20.3857421875,18.49365234375,-10.626591682434082,80.4812240600586,73.10669708251953
-0.0419921875,1.19287109375,0.064697265625,-6.8359375,-16.66259765625,-3.5400390625,-10.097949028015137,80.5763931274414,72.368408203125
-0.083984375,1.235595703125,-0.00341796875,21.3623046875,-8.48388671875,-38.26904296875,-8.094306945800781,81.88898468017578,71.73725128173828
-0.08837890625,1.298095703125,-0.09716796875,33.26416015625,-6.53076171875,-51.3916015625,-5.626683235168457,83.75665283203125,71.16328430175781
-0.001953125,1.3369140625,-0.137939453125,34.7900390625,-2.74658203125,-55.35888671875,-3.2161779403686523,85.63728332519531,70.81294250488281
0.077880859375,1.36474609375,-0.1201171875,17.02880859375,22.705078125,-49.74365234375,-1.182141900062561,86.6452407836914,71.5724105834961
-0.0048828125,1.216064453125,-0.0703125,0.1220703125,47.30224609375,-30.2734375,0.17889434099197388,86.88341522216797,73.39212036132812
-0.112548828125,1.1103515625,-0.042724609375,-1.8310546875,53.466796875,-13.24462890625,1.0344811677932741,87.02787017822266,75.50175476074219
-0.05419921875,1.11328125,0.02099609375,-5.18798828125,51.025390625,12.0849609375,0.7234243154525757,86.91203308105469,77.56498718261719
-0.00146484375,1.003662109375,0.122314453125,-16.05224609375,52.001953125,27.587890625,-0.2807722389698029,86.10945129394531,79.70281982421875
-0.207275390625,1.00146484375,0.064453125,-19.59228515625,43.5791015625,31.6162109375,-0.942696750164032,85.29946899414062,81.5269546508789
-0.0400390625,1.14404296875,0.040771484375,-40.8935546875,23.681640625,19.59228515625,-1.5163424015045166,83.73295593261719,82.53905487060547
0.008056640625,1.197021484375,0.025146484375,-70.12939453125,28.74755859375,9.6435546875,-1.705183029174805,81.08187866210938,83.72305297851562
-0.0009765625,0.777099609375,0.024658203125,-56.33544921875,29.47998046875,33.69140625,-3.3003511428833012,69.70012664794922,90.14738464355469
0.05859375,0.714599609375,0.064697265625,-37.41455078125,36.1328125,30.029296875,-3.9714746475219727,68.67168426513672,91.893798828125
0.01025390625,0.743896484375,0.090576171875,-22.15576171875,42.8466796875,26.79443359375,-4.221253395080566,68.19685363769531,93.8459701538086
-0.010498046875,0.798583984375,0.109375,-10.19287109375,42.90771484375,23.92578125,-4.284948825836182,68.18240356445311,95.75897216796876
0.017578125,0.84326171875,0.124755859375,-12.3291015625,42.66357421875,24.59716796875,-4.4479660987854,68.05557250976561,97.67469787597656
0.032958984375,0.829345703125,0.1240234375,-18.24951171875,44.677734375,22.4609375,-4.529708385467528,67.68571472167969,99.6332778930664
0.031982421875,0.831298828125,0.163818359375,-23.37646484375,44.00634765625,18.12744140625,-4.4360880851745605,67.03000640869139,101.50794219970705
0.01611328125,0.8486328125,0.173095703125,-30.8837890625,38.9404296875,12.8173828125,-4.1620874404907235,66.11215972900389,103.1103286743164
0.017333984375,0.87109375,0.198974609375,-40.283203125,33.447265625,7.4462890625,-3.764349937438965,64.83258056640625,104.4225616455078
0.0224609375,0.8818359375,0.178955078125,-56.70166015625,23.3154296875,1.03759765625,-3.3072121143341064,63.0415267944336,105.24479675292969
0.021728515625,0.85595703125,0.189453125,-76.47705078125,18.73779296875,-8.72802734375,-2.578427791595459,60.51842498779297,105.70856475830078
0.024658203125,0.864013671875,0.2080078125,-88.7451171875,19.10400390625,-21.484375,-1.4181299209594729,57.58030319213867,105.89652252197266
-0.014892578125,0.826416015625,0.22265625,-101.6845703125,20.6298828125,-34.36279296875,0.2695048153400421,54.18744659423828,105.793701171875
-0.029296875,0.742919921875,0.215087890625,-110.29052734375,12.02392578125,-46.630859375,2.1109356880187993,50.52244186401367,105.04129791259766
-0.01904296875,0.692626953125,0.26513671875,-102.783203125,8.85009765625,-47.4853515625,3.74861741065979,47.08226776123047,104.08719635009766
-0.0234375,0.673828125,0.291015625,-88.68408203125,9.521484375,-42.6025390625,5.163042068481445,44.22407913208008,103.22096252441406
-0.064453125,0.728759765625,0.300048828125,-73.486328125,2.01416015625,-27.77099609375,5.978212833404541,42.11088180541992,102.54537200927734
-0.046630859375,0.76953125,0.306640625,-67.93212890625,-6.4697265625,-10.3759765625,5.9731788635253915,40.34531021118164,102.16627502441406
-0.030029296875,0.763916015625,0.321533203125,-65.73486328125,-5.55419921875,1.03759765625,5.64764928817749,38.73158645629883,102.16500091552734
-0.06396484375,0.7314453125,0.3466796875,-64.8193359375,5.92041015625,4.638671875,5.697041988372803,37.15902328491211,102.55655670166016
-0.087158203125,0.73974609375,0.388671875,-64.8193359375,11.29150390625,0.1220703125,6.087309837341309,35.5560417175293,102.9254913330078
-0.124755859375,0.781982421875,0.4111328125,-68.603515625,13.24462890625,-7.2021484375,6.787326335906982,33.83585739135742,103.09796905517578
-0.114013671875,0.802978515625,0.445068359375,-77.880859375,8.97216796875,-16.845703125,7.493572235107423,31.712404251098636,102.84597778320312
-0.114990234375,0.78955078125,0.46044921875,-82.763671875,6.2255859375,-19.83642578125,8.132652282714844,29.39720916748047,102.42450714111328
-0.10009765625,0.765869140625,0.477294921875,-84.28955078125,7.32421875,-19.47021484375,8.726478576660156,27.04284477233887,102.02796173095705
-0.1162109375,0.6943359375,0.510498046875,-78.125,7.6904296875,-16.29638671875,9.282440185546877,24.87023162841797,101.72718048095705
-0.112548828125,0.687255859375,0.5341796875,-64.02587890625,9.09423828125,-12.8173828125,9.78676700592041,23.303375244140625,101.57374572753906
-0.136962890625,0.701904296875,0.5703125,-54.62646484375,10.43701171875,-10.55908203125,10.329524993896484,22.13543510437012,101.5229263305664
-0.14013671875,0.7314453125,0.596435546875,-47.7294921875,8.30078125,-7.50732421875,10.72140884399414,21.292898178100586,101.5621337890625
-0.126953125,0.760498046875,0.60693359375,-44.61669921875,7.32421875,-5.37109375,10.995759963989258,20.638748168945312,101.6802749633789
-0.13525390625,0.764892578125,0.624267578125,-41.6259765625,6.77490234375,-4.2724609375,11.238151550292967,20.1103572845459,101.83431243896484
-0.162353515625,0.777099609375,0.637451171875,-39.85595703125,6.16455078125,-5.18798828125,11.51663303375244,19.65418243408203,101.9486083984375
-0.17529296875,0.774658203125,0.64501953125,-41.259765625,4.39453125,-6.4697265625,11.762466430664062,19.12639617919922,101.99222564697266
-0.162353515625,0.790771484375,0.6474609375,-42.54150390625,2.50244140625,-9.8876953125,11.942096710205078,18.552532196044922,101.88903045654295
-0.187255859375,0.776123046875,0.67529296875,-47.54638671875,0.0,-13.916015625,12.11319065093994,17.695636749267578,101.5888900756836
-0.17626953125,0.7626953125,0.6728515625,-50.47607421875,-1.953125,-16.2353515625,12.206199645996096,16.71419334411621,101.17878723144531
-0.199951171875,0.755859375,0.679443359375,-52.6123046875,-3.35693359375,-18.06640625,12.304319381713867,15.638340950012207,100.6820831298828
-0.1875,0.739990234375,0.671142578125,-54.38232421875,-4.94384765625,-21.484375,12.34350299835205,14.48806381225586,100.0404052734375
-0.18603515625,0.740966796875,0.677490234375,-54.19921875,-4.21142578125,-22.52197265625,12.401171684265135,13.36899471282959,99.37184143066406
-0.191650390625,0.727783203125,0.701171875,-55.7861328125,-5.615234375,-23.25439453125,12.39817714691162,12.164060592651367,98.65861511230469
-0.194091796875,0.680419921875,0.711181640625,-56.5185546875,-6.77490234375,-22.705078125,12.336368560791016,10.892585754394533,97.9495086669922
-0.200439453125,0.660400390625,0.6953125,-51.94091796875,-8.056640625,-20.3857421875,12.220511436462402,9.855979919433594,97.33206176757812
-0.183837890625,0.666015625,0.697509765625,-46.81396484375,-8.97216796875,-17.2119140625,12.003241539001465,9.095929145812988,96.84707641601562
-0.1748046875,0.66943359375,0.7060546875,-45.2880859375,-5.4931640625,-15.93017578125,11.89179515838623,8.435073852539062,96.4388427734375
-0.197265625,0.64453125,0.733642578125,-48.76708984375,-2.25830078125,-16.7236328125,11.949448585510256,7.578075408935548,96.00438690185548
-0.21484375,0.614013671875,0.7578125,-51.69677734375,-1.15966796875,-17.9443359375,12.077012062072756,6.542257785797119,95.5157470703125
-0.2490234375,0.562255859375,0.781982421875,-53.955078125,-1.28173828125,-21.6064453125,12.240470886230467,5.274636268615723,94.84685516357422
-0.241455078125,0.552001953125,0.796142578125,-52.67333984375,-4.33349609375,-23.74267578125,12.274723052978516,4.070963382720946,94.098876953125
-0.218505859375,0.55419921875,0.794189453125,-50.9033203125,-6.4697265625,-22.27783203125,12.155449867248535,3.0036628246307373,93.42024993896484
-0.224365234375,0.550048828125,0.7744140625,-46.0205078125,-6.2255859375,-16.4794921875,12.053533554077148,2.2321608066558842,92.99089813232422
-0.21630859375,0.5556640625,0.78173828125,-41.19873046875,-5.126953125,-12.6953125,11.966279029846193,1.715972065925598,92.72490692138672
-0.21728515625,0.55224609375,0.779541015625,-37.109375,-2.3193359375,-8.1787109375,11.990723609924315,1.4158337116241455,92.6492691040039
-0.2265625,0.570068359375,0.78076171875,-33.5693359375,-1.0986328125,-4.57763671875,12.071901321411133,1.3483091592788696,92.77268981933594
-0.239013671875,0.583740234375,0.797607421875,-32.16552734375,-0.9765625,-2.44140625,12.175419807434082,1.3323888778686523,92.94384765625
-0.252197265625,0.57958984375,0.82763671875,-32.958984375,-0.67138671875,-3.47900390625,12.29985523223877,1.2364217042922974,93.06663513183594
-0.26611328125,0.552978515625,0.84130859375,-35.46142578125,-1.8310546875,-5.126953125,12.380732536315918,0.8855121731758118,93.04842376708984
-0.2626953125,0.520263671875,0.8388671875,-40.283203125,-3.662109375,-10.009765625,12.403791427612305,0.3437013030052185,92.88563537597656
-0.25830078125,0.501708984375,0.861083984375,-41.259765625,-5.18798828125,-11.3525390625,12.342425346374512,-0.2812114357948303,92.66268157958984
-0.257080078125,0.48876953125,0.86669921875,-40.771484375,-5.55419921875,-10.92529296875,12.237106323242188,-0.8727594017982483,92.4600830078125
-0.251220703125,0.486572265625,0.8525390625,-39.55078125,-5.7373046875,-10.25390625,12.147090911865234,-1.3938223123550415,92.2892608642578
-0.265380859375,0.46826171875,0.85888671875,-40.1611328125,-5.18798828125,-10.009765625,12.108423233032227,-1.960846781730652,92.12298583984376
-0.26513671875,0.46240234375,0.881591796875,-38.0859375,-4.2724609375,-11.5966796875,12.10369110107422,-2.478493452072144,91.87677764892578
-0.269775390625,0.465576171875,0.887939453125,-40.46630859375,-3.96728515625,-13.916015625,12.096224784851074,-3.0837459564208984,91.55345916748048
-0.273193359375,0.46923828125,0.8837890625,-43.02978515625,-4.150390625,-14.34326171875,12.086716651916506,-3.76498818397522,91.22119903564452
-0.275390625,0.450927734375,0.880126953125,-44.86083984375,-5.31005859375,-14.404296875,12.008976936340332,-4.556796073913574,90.9026870727539
-0.2685546875,0.421142578125,0.87548828125,-45.71533203125,-6.89697265625,-14.5263671875,11.88164520263672,-5.371226787567139,90.57062530517578
-0.27880859375,0.402099609375,0.8896484375,-43.02978515625,-6.591796875,-14.70947265625,11.7793550491333,-6.099559307098389,90.22777557373048
-0.274658203125,0.412353515625,0.887939453125,-41.19873046875,-5.9814453125,-15.31982421875,11.697870254516602,-6.724297523498535,89.85066223144531
-0.27294921875,0.400390625,0.884033203125,-38.9404296875,-5.37109375,-15.80810546875,11.628900527954102,-7.249144554138184,89.47147369384766
-0.273681640625,0.396240234375,0.89111328125,-37.4755859375,-5.43212890625,-14.22119140625,11.562173843383787,-7.696736812591553,89.15927124023438
-0.275634765625,0.36328125,0.89892578125,-35.09521484375,-4.21142578125,-13.48876953125,11.551918029785154,-8.100672721862793,88.87477111816406
-0.292236328125,0.347900390625,0.90771484375,-33.935546875,-3.96728515625,-12.6953125,11.579697608947756,-8.473248481750487,88.6026840209961
-0.2802734375,0.33349609375,0.903076171875,-32.89794921875,-3.35693359375,-11.90185546875,11.611410140991213,-8.807415008544922,88.35917663574219
-0.296630859375,0.313720703125,0.92333984375,-31.55517578125,-3.0517578125,-10.31494140625,11.699045181274414,-9.104371070861816,88.1557388305664
-0.273681640625,0.3037109375,0.908935546875,-27.099609375,-2.9296875,-9.70458984375,11.737092971801758,-9.228107452392578,87.99475860595703
-0.279052734375,0.3173828125,0.91748046875,-23.98681640625,-2.86865234375,-8.60595703125,11.789261817932127,-9.19387435913086,87.88392639160156
-0.28466796875,0.322509765625,0.91748046875,-22.94921875,-2.0751953125,-7.38525390625,11.893499374389648,-9.08961009979248,87.82160186767578
-0.290771484375,0.3046875,0.92333984375,-22.39990234375,-1.89208984375,-5.43212890625,12.019893646240234,-9.003294944763184,87.82755279541016
-0.28759765625,0.30419921875,0.919189453125,-21.6064453125,-2.685546875,-4.21142578125,12.11411952972412,-8.874902725219727,87.88978576660156
-0.305908203125,0.29931640625,0.930419921875,-20.81298828125,-2.44140625,-3.7841796875,12.22937297821045,-8.774224281311035,87.96940612792969
-0.30078125,0.30810546875,0.922607421875,-20.263671875,-3.662109375,-3.11279296875,12.30970287322998,-8.58718204498291,88.08421325683594
-0.301025390625,0.31689453125,0.9150390625,-18.85986328125,-4.0283203125,-2.38037109375,12.382280349731445,-8.322602272033691,88.23502349853516
-0.302001953125,0.321044921875,0.930908203125,-19.4091796875,-3.662109375,-1.89208984375,12.456441879272461,-8.108673095703125,88.40990447998047
-0.30859375,0.29443359375,0.9228515625,-21.6064453125,-4.33349609375,-2.99072265625,12.51797103881836,-8.025788307189941,88.52413177490234
-0.32080078125,0.309814453125,0.9365234375,-22.5830078125,-4.5166015625,-5.31005859375,12.57285213470459,-7.985086441040039,88.54975128173828
-0.322265625,0.30615234375,0.937744140625,-23.37646484375,-5.2490234375,-6.04248046875,12.597068786621096,-7.988361358642577,88.5279541015625
-0.312744140625,0.297119140625,0.94482421875,-25.0244140625,-4.82177734375,-7.080078125,12.604901313781738,-8.088375091552733,88.47843170166016
-0.309814453125,0.267822265625,0.92822265625,-23.8037109375,-6.2255859375,-5.9814453125,12.568330764770508,-8.174311637878418,88.47203063964844
-0.29736328125,0.26123046875,0.935546875,-22.94921875,-4.8828125,-5.55419921875,12.558852195739744,-8.203744888305664,88.50267791748047
-0.3115234375,0.237548828125,0.930908203125,-21.3623046875,-3.72314453125,-3.662109375,12.637288093566895,-8.234854698181152,88.56233215332031
-0.323486328125,0.241943359375,0.939208984375,-18.4326171875,-3.60107421875,-2.5634765625,12.74318790435791,-8.135622024536133,88.66807556152344
-0.325927734375,0.21044921875,0.939453125,-15.9912109375,-3.23486328125,-1.0986328125,12.844208717346193,-7.9847755432128915,88.84635162353516
-0.302001953125,0.248291015625,0.931884765625,-12.87841796875,-4.08935546875,0.91552734375,12.901397705078125,-7.619140148162843,89.10157775878906
-0.31689453125,0.24365234375,0.936279296875,-10.55908203125,-4.2724609375,1.77001953125,12.980263710021973,-7.181269645690918,89.38619995117188
-0.317626953125,0.258544921875,0.9287109375,-9.09423828125,-4.39453125,3.662109375,13.065701484680176,-6.638206005096436,89.75772094726562
-0.3046875,0.251953125,0.93505859375,-9.09423828125,-3.41796875,3.11279296875,13.148702621459961,-6.144912242889403,90.0894546508789
-0.3154296875,0.255126953125,0.95068359375,-9.21630859375,-3.5400390625,3.0517578125,13.232702255249025,-5.677624702453612,90.41461181640624
-0.3203125,0.24853515625,0.927734375,-9.33837890625,-3.23486328125,1.64794921875,13.353988647460938,-5.263080596923828,90.65025329589844
-0.313232421875,0.264404296875,0.94482421875,-9.8876953125,-4.39453125,0.3662109375,13.38171672821045,-4.85651159286499,90.86714935302734
-0.309814453125,0.27392578125,0.952392578125,-11.04736328125,-4.57763671875,0.91552734375,13.38925838470459,-4.489287853240967,91.1066436767578
-0.33837890625,0.265625,0.94580078125,-11.41357421875,-4.2724609375,-0.06103515625,13.433037757873535,-4.228226661682129,91.3192367553711
-0.3212890625,0.280029296875,0.954345703125,-13.97705078125,-4.150390625,-0.3662109375,13.47201156616211,-4.004580497741698,91.50033569335938
-0.32666015625,0.261474609375,0.952880859375,-15.2587890625,-3.90625,-2.38037109375,13.525513648986815,-3.898118734359741,91.58694458007812
-0.322021484375,0.250732421875,0.949951171875,-16.11328125,-4.39453125,-2.25830078125,13.540432929992676,-3.8621809482574463,91.7080535888672
-0.337646484375,0.251220703125,0.94287109375,-16.54052734375,-5.18798828125,-0.8544921875,13.57420825958252,-3.81554126739502,91.85558319091795
-0.337646484375,0.24169921875,0.941650390625,-16.29638671875,-5.18798828125,0.6103515625,13.61154079437256,-3.766135215759277,92.05851745605469
-0.33251953125,0.219970703125,0.93994140625,-15.0146484375,-5.55419921875,1.5869140625,13.628089904785154,-3.672377586364746,92.28414154052734
-0.330322265625,0.23779296875,0.9169921875,-11.53564453125,-6.16455078125,1.3427734375,13.628460884094238,-3.4265019893646236,92.5196304321289
-0.318359375,0.222412109375,0.9541015625,-9.21630859375,-6.53076171875,0.732421875,13.560359954833984,-3.1501581668853764,92.71636199951172
-0.295166015625,0.23095703125,0.934326171875,-7.99560546875,-6.4697265625,1.52587890625,13.4766263961792,-2.768885850906372,92.94493865966795
-0.312255859375,0.22998046875,0.945068359375,-4.82177734375,-6.16455078125,3.11279296875,13.423999786376953,-2.299437522888184,93.23304748535156
-0.324951171875,0.243896484375,0.9599609375,-3.72314453125,-4.08935546875,3.662109375,13.470324516296387,-1.7791883945465088,93.53881072998048
-0.325927734375,0.253662109375,0.9482421875,-4.150390625,-3.35693359375,4.2724609375,13.552059173583984,-1.2894343137741089,93.87451934814452
-0.330810546875,0.234130859375,0.962890625,-5.31005859375,-4.57763671875,3.96728515625,13.57979679107666,-0.8902124166488647,94.17742919921876
-0.3193359375,0.250732421875,0.947265625,-6.591796875,-4.5166015625,3.2958984375,13.593073844909668,-0.5193400382995605,94.4585952758789
-0.303955078125,0.25537109375,0.943115234375,-6.65283203125,-3.47900390625,1.40380859375,13.583824157714846,-0.1615549474954605,94.66081237792969
-0.320068359375,0.25048828125,0.958984375,-7.8125,-3.72314453125,1.3427734375,13.618940353393555,0.10750202089548112,94.8512191772461
-0.331298828125,0.248291015625,0.955810546875,-8.72802734375,-3.5400390625,0.732421875,13.684712409973145,0.3190402090549469,95.01261138916016
-0.320068359375,0.25244140625,0.954833984375,-9.46044921875,-4.8828125,0.79345703125,13.668709754943848,0.5000137686729431,95.18694305419922
-0.314453125,0.244140625,0.95654296875,-8.6669921875,-5.06591796875,1.708984375,13.635202407836914,0.701718807220459,95.38217163085938
-0.331298828125,0.236328125,0.94140625,-7.568359375,-5.7373046875,2.3193359375,13.621038436889648,0.9330084323883056,95.59644317626952
-0.317138671875,0.24951171875,0.9501953125,-7.9345703125,-5.18798828125,2.99072265625,13.559874534606935,1.2018327713012695,95.8486328125
-0.334228515625,0.25146484375,0.9736328125,-6.4697265625,-5.55419921875,4.08935546875,13.53515911102295,1.4906190633773804,96.13241577148438
-0.3359375,0.26220703125,0.951171875,-7.62939453125,-6.2255859375,4.638671875,13.500968933105467,1.7604484558105469,96.44194793701172
-0.328369140625,0.267333984375,0.953125,-8.60595703125,-4.69970703125,4.39453125,13.489472389221193,1.9801706075668333,96.72128295898438
-0.326416015625,0.259033203125,0.949462890625,-10.009765625,-5.67626953125,3.47900390625,13.460209846496582,2.120584726333618,96.9758758544922
-0.334716796875,0.262939453125,0.945556640625,-10.8642578125,-5.126953125,2.99072265625,13.473734855651855,2.2260563373565674,97.2113037109375
-0.320068359375,0.25927734375,0.951904296875,-12.02392578125,-6.65283203125,2.74658203125,13.418451309204102,2.307912349700928,97.42943572998048
-0.3173828125,0.238525390625,0.938232421875,-10.8642578125,-5.67626953125,3.173828125,13.381477355957033,2.361017227172852,97.65778350830078
-0.327880859375,0.23486328125,0.940185546875,-9.21630859375,-5.06591796875,3.173828125,13.390843391418455,2.4675660133361816,97.8837661743164
-0.33935546875,0.24169921875,0.935791015625,-7.6904296875,-4.8828125,3.662109375,13.44569206237793,2.6564090251922607,98.10303497314452
-0.32568359375,0.2529296875,0.9375,-8.1787109375,-4.33349609375,3.7841796875,13.47525691986084,2.8401944637298584,98.36195373535156
-0.3232421875,0.250732421875,0.939208984375,-7.75146484375,-4.69970703125,4.0283203125,13.481654167175293,3.0308351516723637,98.62689208984376
-0.32177734375,0.256591796875,0.93505859375,-8.056640625,-4.8828125,3.47900390625,13.502498626708984,3.219944953918457,98.86380767822266
-0.332763671875,0.244873046875,0.95947265625,-8.30078125,-4.45556640625,2.50244140625,13.52568531036377,3.335474729537964,99.05645751953124
-0.322998046875,0.25341796875,0.929443359375,-8.1787109375,-5.06591796875,2.62451171875,13.522871971130373,3.487346172332764,99.25967407226562
-0.33544921875,0.254150390625,0.947509765625,-7.8125,-4.638671875,2.5634765625,13.542256355285645,3.632392406463623,99.4643325805664
-0.322265625,0.25439453125,0.9423828125,-7.99560546875,-5.06591796875,2.62451171875,13.527212142944336,3.775416135787964,99.66280364990234
-0.324462890625,0.25390625,0.94482421875,-6.77490234375,-4.8828125,2.685546875,13.522260665893555,3.95956301689148,99.86170196533205
-0.322998046875,0.26904296875,0.9501953125,-7.01904296875,-5.37109375,3.11279296875,13.50149917602539,4.150601863861084,100.10247039794922
-0.3271484375,0.252197265625,0.94921875,-7.14111328125,-5.615234375,3.23486328125,13.468331336975098,4.303791046142578,100.31522369384766
-0.32763671875,0.24267578125,0.970703125,-6.4697265625,-5.126953125,3.47900390625,13.441853523254395,4.449010848999023,100.52986907958984
-0.32275390625,0.256591796875,0.940185546875,-6.103515625,-5.126953125,4.0283203125,13.404961585998535,4.6246113777160645,100.79443359375
-0.32470703125,0.26513671875,0.958984375,-6.65283203125,-5.31005859375,4.2724609375,13.369772911071776,4.811167240142822,101.04904174804688
-0.344970703125,0.26416015625,0.963134765625,-6.89697265625,-4.82177734375,3.662109375,13.395194053649902,4.9685401916503915,101.2761688232422
-0.320068359375,0.2607421875,0.948486328125,-7.38525390625,-4.69970703125,3.2958984375,13.401073455810547,5.059127330780028,101.46651458740234
-0.326416015625,0.2763671875,0.948974609375,-10.009765625,-5.31005859375,1.220703125,13.38450813293457,5.095093250274658,101.5973129272461
-0.32568359375,0.27587890625,0.939697265625,-11.16943359375,-5.859375,0.1220703125,13.355506896972654,5.0768399238586435,101.6815185546875
-0.32568359375,0.243896484375,0.91796875,-10.68115234375,-6.04248046875,-0.1220703125,13.336348533630373,5.02561092376709,101.75137329101562
-0.308837890625,0.259765625,0.9404296875,-9.521484375,-4.82177734375,1.0986328125,13.31282901763916,5.052680015563965,101.87215423583984
-0.311767578125,0.248779296875,0.955078125,-9.1552734375,-4.39453125,2.38037109375,13.300052642822266,5.073739528656006,102.0390396118164
-0.32080078125,0.25439453125,0.938720703125,-8.4228515625,-4.39453125,3.60107421875,13.288826942443848,5.135761737823486,102.2529296875
-0.328125,0.2578125,0.939697265625,-7.26318359375,-5.859375,4.08935546875,13.255845069885256,5.269572734832764,102.48914337158205
-0.306884765625,0.253173828125,0.928955078125,-7.01904296875,-4.8828125,3.90625,13.226109504699707,5.405000686645508,102.7190933227539
-0.316162109375,0.27294921875,0.9267578125,-5.2490234375,-4.5166015625,2.8076171875,13.233256340026855,5.601746559143066,102.93116760253906
-0.321533203125,0.26611328125,0.935791015625,-6.77490234375,-4.39453125,3.5400390625,13.248941421508787,5.7537169456481925,103.14908599853516
-0.323974609375,0.26611328125,0.94677734375,-6.7138671875,-3.35693359375,2.5634765625,13.306209564208984,5.887720584869385,103.32819366455078
-0.320556640625,0.259521484375,0.958984375,-7.8125,-3.35693359375,2.01416015625,13.356926918029785,5.9305357933044425,103.4697036743164
-0.330322265625,0.270263671875,0.937744140625,-8.4228515625,-4.45556640625,1.46484375,13.38947296142578,5.991639614105225,103.60095977783205
-0.327880859375,0.265869140625,0.947998046875,-9.1552734375,-4.82177734375,1.220703125,13.395524978637695,6.003600120544434,103.71663665771484
-0.32080078125,0.2666015625,0.94189453125,-9.3994140625,-4.8828125,1.64794921875,13.373361587524414,6.021969795227051,103.85942840576172
-0.319580078125,0.275146484375,0.93505859375,-10.1318359375,-4.82177734375,2.38037109375,13.36570644378662,6.03300142288208,104.02863311767578
-0.34375,0.260986328125,0.95166015625,-10.55908203125,-5.4931640625,2.50244140625,13.371227264404295,5.9845781326293945,104.1897964477539
-0.31591796875,0.2626953125,0.950439453125,-11.474609375,-6.34765625,2.62451171875,13.31650161743164,5.898524284362793,104.3403778076172
-0.329833984375,0.237060546875,0.93701171875,-11.962890625,-6.40869140625,2.50244140625,13.272194862365724,5.755619525909424,104.48919677734376
-0.32470703125,0.251953125,0.939453125,-10.43701171875,-5.126953125,2.50244140625,13.266797065734865,5.712146759033202,104.65233612060548
-0.313720703125,0.254150390625,0.947021484375,-8.72802734375,-4.57763671875,2.5634765625,13.216889381408693,5.732351303100586,104.83488464355469
-0.320068359375,0.2744140625,0.93212890625,-8.544921875,-5.06591796875,3.11279296875,13.206528663635256,5.824155807495117,105.03547668457031
-0.326904296875,0.25927734375,0.940185546875,-7.99560546875,-5.126953125,3.90625,13.20093822479248,5.9034996032714835,105.25821685791016
-0.319580078125,0.261962890625,0.931884765625,-7.4462890625,-5.2490234375,3.84521484375,13.185582160949707,6.004972457885742,105.47998046875
-0.308837890625,0.258056640625,0.935302734375,-7.6904296875,-4.7607421875,3.662109375,13.161195755004885,6.089321613311768,105.69230651855469
-0.314697265625,0.25390625,0.9501953125,-7.9345703125,-4.39453125,3.0517578125,13.157483100891113,6.137501239776611,105.8759994506836
-0.329833984375,0.255615234375,0.953125,-8.36181640625,-5.06591796875,3.84521484375,13.135004997253418,6.143934726715088,106.07403564453124
-0.335205078125,0.268310546875,0.94140625,-8.6669921875,-3.60107421875,3.173828125,13.210057258605955,6.19646692276001,106.27316284179688
-0.3349609375,0.267822265625,0.94091796875,-8.4228515625,-4.8828125,3.11279296875,13.231356620788574,6.2542405128479,106.46380615234376
-0.32470703125,0.289794921875,0.942138671875,-9.33837890625,-5.4931640625,1.28173828125,13.230393409729006,6.303487300872803,106.5894775390625
-0.313720703125,0.276611328125,0.93310546875,-9.70458984375,-5.615234375,0.18310546875,13.194632530212402,6.303713321685791,106.66189575195312
-0.321044921875,0.25439453125,0.9443359375,-9.70458984375,-5.43212890625,0.0,13.178434371948242,6.2471022605896,106.71467590332031
-0.304443359375,0.2724609375,0.930908203125,-10.55908203125,-6.04248046875,0.30517578125,13.10775375366211,6.198498725891112,106.78376007080078
-0.306396484375,0.24658203125,0.93896484375,-9.70458984375,-4.94384765625,1.40380859375,13.081951141357422,6.146667957305907,106.8939437866211
-0.32080078125,0.245361328125,0.957275390625,-8.9111328125,-4.39453125,2.44140625,13.09270477294922,6.1250200271606445,107.04627990722656
-0.327880859375,0.250244140625,0.935302734375,-7.62939453125,-4.45556640625,2.74658203125,13.118768692016602,6.184237957000732,107.21500396728516
-0.33349609375,0.2470703125,0.9443359375,-7.62939453125,-5.37109375,2.685546875,13.123051643371582,6.222798824310303,107.3748550415039
-0.327392578125,0.263916015625,0.946533203125,-7.32421875,-5.43212890625,3.60107421875,13.104637145996096,6.316242218017577,107.5795440673828
-0.3291015625,0.261962890625,0.93896484375,-6.4697265625,-4.39453125,3.47900390625,13.126755714416506,6.4020633697509775,107.76628112792969
-0.3134765625,0.26611328125,0.9326171875,-7.9345703125,-5.43212890625,3.0517578125,13.090198516845705,6.473105430603027,107.949462890625
-0.32080078125,0.28515625,0.94384765625,-8.30078125,-5.06591796875,2.25830078125,13.078692436218262,6.553378105163574,108.10851287841795
-0.32177734375,0.274658203125,0.9384765625,-9.70458984375,-5.0048828125,2.3193359375,13.092046737670898,6.566054821014403,108.25657653808594
-0.32373046875,0.269775390625,0.946044921875,-9.765625,-4.82177734375,2.01416015625,13.09739589691162,6.547852516174316,108.39778900146484
-0.3154296875,0.25634765625,0.94482421875,-9.58251953125,-5.92041015625,2.3193359375,13.042658805847168,6.511798858642577,108.5402603149414
-0.313720703125,0.264404296875,0.935791015625,-8.85009765625,-5.4931640625,2.74658203125,13.014862060546875,6.507273674011231,108.67816162109376
-0.328857421875,0.271240234375,0.950439453125,-8.36181640625,-4.638671875,2.8076171875,13.034396171569824,6.554745197296143,108.85284423828124
-0.318603515625,0.273193359375,0.93701171875,-9.09423828125,-4.69970703125,2.0751953125,13.041577339172365,6.57738733291626,108.99983978271484
-0.31787109375,0.25732421875,0.94189453125,-9.8876953125,-4.8828125,2.25830078125,13.052891731262207,6.549575328826903,109.13655090332031
-0.32275390625,0.250732421875,0.935546875,-9.27734375,-5.18798828125,2.25830078125,13.051373481750488,6.517885684967041,109.2778549194336
-0.359375,0.224365234375,0.947998046875,-7.62939453125,-4.7607421875,2.685546875,13.13469409942627,6.4903807640075675,109.42363739013672
-0.31201171875,0.274169921875,0.95458984375,-7.2021484375,-5.18798828125,2.8076171875,13.103585243225098,6.599501609802246,109.6072235107422
-0.323974609375,0.280517578125,0.944580078125,-8.1787109375,-4.21142578125,2.62451171875,13.129950523376465,6.673416614532472,109.78137969970705
-0.3349609375,0.27392578125,0.9404296875,-8.7890625,-5.06591796875,2.0751953125,13.15013599395752,6.701248645782472,109.9253158569336
-0.3193359375,0.2568359375,0.941162109375,-9.58251953125,-5.7373046875,2.0751953125,13.154928207397461,6.705794334411621,110.0451889038086
-0.318359375,0.268310546875,0.953369140625,-9.6435546875,-4.8828125,1.52587890625,13.141519546508787,6.675791263580322,110.16332244873048
-0.306396484375,0.26953125,0.931396484375,-9.1552734375,-5.7373046875,1.52587890625,13.084145545959473,6.6818671226501465,110.28140258789062
-0.322021484375,0.25,0.945556640625,-9.46044921875,-4.57763671875,2.38037109375,13.097375869750975,6.669591426849365,110.44031524658205
-0.32861328125,0.25830078125,0.945556640625,-8.97216796875,-4.21142578125,2.5634765625,13.135560989379885,6.659829139709473,110.59989166259766
-0.313720703125,0.26904296875,0.947509765625,-8.544921875,-5.37109375,3.2958984375,13.089518547058105,6.696549892425537,110.78955078125
-0.32958984375,0.26416015625,0.933837890625,-9.521484375,-5.0048828125,2.44140625,13.110751152038574,6.631362438201903,110.92967987060548
-0.316162109375,0.273193359375,0.94091796875,-11.71875,-5.79833984375,1.03759765625,13.068442344665527,6.533756732940674,111.02828216552734
-0.330322265625,0.249755859375,0.932861328125,-11.71875,-6.34765625,0.3662109375,13.04690647125244,6.385295391082764,111.08695220947266
-0.324951171875,0.25830078125,0.9453125,-10.31494140625,-4.638671875,0.244140625,13.051840782165527,6.272684574127197,111.15308380126952
-0.320556640625,0.254638671875,0.946533203125,-9.8876953125,-5.2490234375,1.28173828125,13.040428161621096,6.22124719619751,111.25840759277344
-0.329833984375,0.24462890625,0.954345703125,-10.1318359375,-5.126953125,2.13623046875,13.04568099975586,6.143434524536133,111.39364624023438
-0.328857421875,0.22900390625,0.9560546875,-8.11767578125,-5.126953125,3.35693359375,13.030030250549315,6.109496116638184,111.56524658203124
-0.33203125,0.24853515625,0.9404296875,-6.89697265625,-4.94384765625,3.60107421875,13.050477027893065,6.194199085235597,111.76599884033205
-0.32373046875,0.255615234375,0.932861328125,-6.40869140625,-5.06591796875,4.57763671875,13.047823905944824,6.324339389801025,112.00978088378906
-0.322265625,0.26708984375,0.93408203125,-6.53076171875,-5.06591796875,5.31005859375,13.009133338928224,6.463383674621582,112.25119018554688
-0.322021484375,0.26416015625,0.947509765625,-6.4697265625,-5.43212890625,4.8828125,12.976662635803224,6.5932936668396,112.5043716430664
-0.3212890625,0.267333984375,0.950927734375,-6.9580078125,-5.06591796875,4.21142578125,12.958436965942385,6.6977386474609375,112.73113250732422
-0.332763671875,0.263671875,0.957763671875,-7.26318359375,-5.67626953125,3.60107421875,12.930251121520994,6.720560073852539,112.91463470458984
-0.322021484375,0.26806640625,0.9580078125,-9.09423828125,-5.4931640625,2.86865234375,12.899685859680176,6.719485759735107,113.08213806152344
-0.315185546875,0.2685546875,0.9296875,-10.80322265625,-6.2255859375,1.89208984375,12.850561141967773,6.65840482711792,113.2101593017578
-0.32470703125,0.25390625,0.94775390625,-9.8876953125,-5.7373046875,1.64794921875,12.853479385375975,6.5850887298583975,113.29267120361328
-0.32373046875,0.271484375,0.92724609375,-10.009765625,-4.94384765625,1.52587890625,12.87816047668457,6.5657715797424325,113.41480255126952
-0.32373046875,0.26708984375,0.943603515625,-11.04736328125,-5.31005859375,1.89208984375,12.875120162963867,6.489931583404541,113.54631805419922
-0.31787109375,0.261474609375,0.9326171875,-10.55908203125,-5.2490234375,1.953125,12.882606506347654,6.477780342102051,113.67926025390624
-0.307373046875,0.265380859375,0.935791015625,-11.41357421875,-5.859375,1.3427734375,12.831456184387207,6.387643337249756,113.78752899169922
-0.328369140625,0.24853515625,0.954345703125,-10.80322265625,-5.79833984375,0.79345703125,12.820483207702635,6.2717390060424805,113.86357879638672
-0.3125,0.256591796875,0.930908203125,-11.23046875,-5.7373046875,1.28173828125,12.829333305358887,6.190702438354492,113.96576690673828
-0.314208984375,0.2373046875,0.9306640625,-10.92529296875,-5.9814453125,2.3193359375,12.792548179626465,6.08041524887085,114.10334014892578
-0.318359375,0.2607421875,0.93359375,-9.58251953125,-6.40869140625,3.23486328125,12.740886688232422,6.08521842956543,114.28863525390624
-0.320556640625,0.248779296875,0.943115234375,-7.6904296875,-5.4931640625,2.50244140625,12.733181953430176,6.109386920928955,114.43343353271484
-0.31201171875,0.26953125,0.9345703125,-8.4228515625,-5.37109375,2.8076171875,12.711673736572266,6.175518035888673,114.60933685302734
-0.330078125,0.260009765625,0.942138671875,-8.72802734375,-5.7373046875,3.0517578125,12.7089204788208,6.201893329620361,114.78663635253906
-0.333740234375,0.258056640625,0.953125,-7.6904296875,-6.65283203125,1.8310546875,12.637149810791016,6.2120418548583975,114.92293548583984
-0.30078125,0.27490234375,0.94140625,-7.99560546875,-5.67626953125,3.11279296875,12.57698917388916,6.302095413208008,115.10985565185548
-0.314697265625,0.267333984375,0.94580078125,-8.4228515625,-4.0283203125,2.38037109375,12.61455535888672,6.346384048461914,115.2684097290039
-0.3349609375,0.26904296875,0.95703125,-10.1318359375,-4.638671875,1.5869140625,12.646467208862305,6.352959632873535,115.38411712646484
-0.33935546875,0.2724609375,0.936279296875,-10.55908203125,-5.2490234375,1.28173828125,12.694808959960938,6.3129639625549325,115.49520111083984
-0.31689453125,0.249755859375,0.942138671875,-10.68115234375,-5.06591796875,0.732421875,12.702836036682127,6.215044975280763,115.5744857788086
-0.3203125,0.234375,0.943115234375,-9.765625,-4.94384765625,0.42724609375,12.697914123535154,6.171864032745361,115.64490509033205
-0.316162109375,0.2373046875,0.9365234375,-7.8125,-4.33349609375,1.52587890625,12.735062599182127,6.1774234771728525,115.75614166259766
-0.308349609375,0.241455078125,0.933349609375,-8.23974609375,-5.18798828125,3.72314453125,12.71257495880127,6.19618558883667,115.95589447021484
-0.30419921875,0.258544921875,0.93359375,-6.2255859375,-5.0048828125,3.84521484375,12.681221961975098,6.2853336334228525,116.17637634277344
-0.317138671875,0.264404296875,0.94140625,-5.18798828125,-3.90625,4.0283203125,12.720383644104006,6.470322132110597,116.40270233154295
-0.3310546875,0.266357421875,0.937744140625,-6.2255859375,-4.94384765625,4.0283203125,12.747550964355467,6.610599994659424,116.62335205078124
-0.31103515625,0.256591796875,0.933349609375,-6.89697265625,-4.7607421875,2.8076171875,12.780817985534668,6.70258903503418,116.79798889160156
-0.32177734375,0.260986328125,0.956298828125,-6.8359375,-4.08935546875,2.99072265625,12.812422752380373,6.7803449630737305,116.97335052490234
-0.318115234375,0.262939453125,0.951904296875,-6.591796875,-3.84521484375,2.197265625,12.851099014282227,6.864933490753174,117.118408203125
-0.30908203125,0.2587890625,0.923583984375,-5.4931640625,-4.21142578125,3.173828125,12.910502433776855,7.009259223937987,117.29747009277344
-0.310302734375,0.241455078125,0.93408203125,-2.685546875,-3.662109375,3.84521484375,12.941447257995605,7.219611644744872,117.50033569335938
-0.32177734375,0.241455078125,0.9296875,-1.220703125,-3.23486328125,4.2724609375,13.012353897094727,7.486105918884277,117.72097778320312
-0.322998046875,0.244873046875,0.928955078125,-0.732421875,-4.0283203125,4.45556640625,13.022430419921875,7.808070659637451,117.9332504272461
-0.3125,0.252685546875,0.92236328125,1.708984375,-4.638671875,4.638671875,13.014301300048828,8.199787139892576,118.16117095947266
-0.290771484375,0.248046875,0.909912109375,3.60107421875,-3.23486328125,6.53076171875,13.011151313781738,8.669266700744629,118.468994140625
-0.317138671875,0.263916015625,0.9189453125,5.79833984375,-2.5634765625,8.30078125,13.077271461486815,9.276397705078123,118.8607177734375
-0.3203125,0.2802734375,0.928466796875,7.6904296875,-2.25830078125,9.8876953125,13.128189086914062,9.957318305969238,119.3122787475586
-0.32421875,0.282470703125,0.92822265625,8.544921875,-2.01416015625,10.55908203125,13.18470573425293,10.657267570495604,119.78627014160156
-0.3271484375,0.2763671875,0.93701171875,8.9111328125,-3.35693359375,9.1552734375,13.156153678894045,11.35892391204834,120.20001220703124
-0.326416015625,0.286376953125,0.916259765625,10.31494140625,-2.99072265625,9.1552734375,13.185975074768065,12.075910568237305,120.59677124023438
-0.32958984375,0.283203125,0.919921875,12.3291015625,-4.45556640625,10.92529296875,13.142125129699707,12.848638534545898,121.04055786132812
-0.3291015625,0.30419921875,0.92919921875,13.3056640625,-3.60107421875,11.474609375,13.112950325012207,13.740371704101562,121.490478515625
-0.3251953125,0.295166015625,0.921875,16.845703125,-2.74658203125,10.80322265625,13.113870620727539,14.65440273284912,121.92897033691406
-0.3017578125,0.318359375,0.919921875,16.66259765625,-3.35693359375,11.5966796875,13.023849487304688,15.582756042480467,122.39225769042969
-0.320556640625,0.321044921875,0.908203125,17.578125,-3.35693359375,12.3291015625,12.915549278259276,16.513113021850586,122.8641357421875
-0.301025390625,0.3408203125,0.90087890625,19.53125,-5.18798828125,14.16015625,12.724963188171387,17.559959411621097,123.3940887451172
-0.3017578125,0.35107421875,0.90576171875,22.8271484375,-4.33349609375,15.44189453125,12.544966697692873,18.72555351257324,123.97183227539062
-0.3076171875,0.363037109375,0.917236328125,22.3388671875,-3.11279296875,14.95361328125,12.438392639160154,19.890851974487305,124.53460693359376
-0.3115234375,0.37646484375,0.892333984375,22.27783203125,-2.9296875,13.24462890625,12.35421085357666,20.98935317993164,125.02638244628906
-0.314208984375,0.39599609375,0.891845703125,23.4375,-3.60107421875,13.5498046875,12.235916137695312,22.130855560302734,125.5130615234375
-0.317138671875,0.399658203125,0.871337890625,24.35302734375,-4.21142578125,14.5263671875,12.08966827392578,23.326351165771484,126.02365112304688
-0.31640625,0.39501953125,0.876953125,27.03857421875,-1.40380859375,13.36669921875,12.060257911682127,24.53396797180176,126.5082550048828
-0.302001953125,0.400634765625,0.879638671875,28.01513671875,-1.8310546875,13.48876953125,11.971056938171387,25.74056053161621,126.97564697265624
-0.305908203125,0.42724609375,0.859130859375,28.9306640625,-2.3193359375,14.2822265625,11.854025840759276,27.07600975036621,127.4536590576172
-0.29638671875,0.431396484375,0.85595703125,32.40966796875,-3.90625,14.2822265625,11.657881736755373,28.439210891723636,127.8931884765625
-0.334716796875,0.430908203125,0.86376953125,31.92138671875,-2.685546875,13.0615234375,11.602788925170898,29.71513748168945,128.29188537597656
-0.316650390625,0.434326171875,0.861328125,34.7900390625,-4.0283203125,14.0380859375,11.421144485473633,31.155275344848636,128.71763610839844
-0.299560546875,0.441162109375,0.818359375,40.34423828125,-5.7373046875,17.63916015625,11.106302261352539,32.74345016479492,129.18307495117188
-0.2841796875,0.453125,0.80859375,42.1142578125,-4.82177734375,19.4091796875,10.750317573547363,34.38576889038086,129.70753479003906
-0.274169921875,0.472900390625,0.77197265625,46.69189453125,-4.8828125,23.3154296875,10.255209922790527,36.35415649414063,130.40615844726562
-0.289306640625,0.486083984375,0.782470703125,53.64990234375,-2.50244140625,27.28271484375,9.79635524749756,38.45587158203125,131.19522094726562
-0.282958984375,0.509033203125,0.74853515625,59.26513671875,-1.46484375,29.60205078125,9.294881820678713,40.79609680175781,132.05633544921878
-0.28369140625,0.52294921875,0.73583984375,63.3544921875,-3.11279296875,32.1044921875,8.600214004516603,43.347389221191406,132.88592529296878
-0.251708984375,0.5166015625,0.70458984375,72.1435546875,-3.96728515625,35.64453125,7.783089160919189,46.07335662841797,133.75770568847656
-0.2412109375,0.533447265625,0.685546875,82.3974609375,-4.94384765625,43.45703125,6.67656946182251,49.16691970825195,134.75082397460938
-0.219482421875,0.603759765625,0.651123046875,90.8203125,-5.2490234375,52.1240234375,5.145209312438965,52.63949966430664,135.92231750488278
-0.241943359375,0.62646484375,0.65478515625,87.890625,-7.01904296875,54.8095703125,3.5949995517730717,55.87565231323242,136.95040893554688
-0.25,0.637451171875,0.613037109375,82.09228515625,-11.53564453125,49.072265625,2.180074453353882,58.80340576171875,137.60316467285156
-0.231689453125,0.654052734375,0.595703125,66.83349609375,-16.41845703125,39.6728515625,1.0142462253570557,60.82658386230469,137.73292541503906
-0.2490234375,0.609130859375,0.556396484375,49.4384765625,-18.73779296875,27.4658203125,0.3146518170833588,62.28823852539063,137.59017944335938
-0.20849609375,0.5751953125,0.54833984375,47.7294921875,-22.88818359375,20.56884765625,-0.2651325464248657,63.5784797668457,137.14715576171878
-0.167236328125,0.560302734375,0.537353515625,49.6826171875,-24.71923828125,18.61572265625,-0.9200414419174194,64.95053863525389,136.59443664550778
-0.151123046875,0.58154296875,0.52294921875,55.0537109375,-24.71923828125,19.95849609375,-1.5839848518371582,66.49925994873047,136.03330993652344
-0.1650390625,0.58935546875,0.4912109375,57.9833984375,-25.32958984375,19.95849609375,-2.1692149639129643,68.19792175292969,135.42601013183594
-0.15966796875,0.587158203125,0.47412109375,63.96484375,-24.2919921875,21.30126953125,-2.8442635536193848,70.1787109375,134.86862182617188
-0.1220703125,0.6220703125,0.458251953125,70.61767578125,-24.47509765625,27.52685546875,-3.7345340251922607,72.37755584716797,134.32974243164062
-0.1162109375,0.661376953125,0.435791015625,72.08251953125,-26.85546875,32.28759765625,-4.800748825073242,74.67973327636719,133.70809936523438
-0.101318359375,0.67626953125,0.409423828125,73.8525390625,-26.3671875,32.04345703125,-5.773686408996582,77.03614044189453,133.06697082519528
-0.13916015625,0.70751953125,0.39013671875,79.16259765625,-23.8037109375,32.8369140625,-6.645905017852782,79.63859558105469,132.46699523925778
-0.150634765625,0.744384765625,0.382568359375,82.82470703125,-29.60205078125,36.4990234375,-7.617598056793213,82.39678955078125,131.60411071777344
-0.09716796875,0.81689453125,0.325439453125,79.58984375,-34.72900390625,43.0908203125,-9.02638339996338,85.13633728027344,130.41217041015622
-0.04638671875,0.886474609375,0.31298828125,75.3173828125,-37.04833984375,45.0439453125,-10.45014476776123,87.78462219238281,129.12130737304688
-0.022216796875,0.916015625,0.316650390625,75.25634765625,-32.958984375,44.12841796875,-11.781770706176758,90.35846710205078,127.93502807617188
-0.033447265625,0.9716796875,0.26025390625,67.32177734375,-33.5693359375,45.5322265625,-12.981077194213867,92.54032135009766,126.59410095214844
0.00830078125,0.91796875,0.256591796875,43.02978515625,-40.22216796875,35.70556640625,-13.840591430664062,93.91806030273438,125.0275421142578
0.009765625,0.825439453125,0.27783203125,38.818359375,-43.64013671875,27.2216796875,-14.303802490234375,95.0132293701172,123.36532592773438
-0.028076171875,0.849853515625,0.29150390625,48.40087890625,-47.119140625,23.62060546875,-14.358978271484375,96.65972137451172,121.45062255859376
-0.06005859375,1.031494140625,0.298583984375,46.81396484375,-63.90380859375,23.13232421875,-14.29230499267578,98.28430938720705,118.94632720947266
-0.063720703125,1.01171875,0.279052734375,27.587890625,-80.62744140625,21.8505859375,-14.00522518157959,99.26761627197266,115.76171112060548
-0.02783203125,0.95849609375,0.241943359375,14.6484375,-93.44482421875,18.1884765625,-13.504501342773438,99.85784912109376,111.95904541015624
0.002685546875,0.884521484375,0.1875,14.0380859375,-102.4169921875,16.41845703125,-12.92607307434082,100.50969696044922,107.9081039428711
0.03515625,0.861328125,0.153076171875,21.17919921875,-100.76904296875,11.41357421875,-12.208425521850586,101.42486572265624,103.95642852783205
0.027099609375,0.849853515625,0.1513671875,23.86474609375,-94.3603515625,1.03759765625,-10.961529731750488,102.3831024169922,100.48107147216795
0.054931640625,0.8603515625,0.135009765625,30.82275390625,-89.41650390625,-13.00048828125,-9.390006065368652,103.36795806884766,97.22618103027344
0.0654296875,0.947021484375,0.117919921875,34.72900390625,-81.23779296875,-21.484375,-7.579729080200195,104.37960815429688,94.38623809814452
0.069580078125,1.059326171875,0.101318359375,27.52685546875,-74.462890625,-40.0390625,-4.824243545532227,104.7322769165039,92.15028381347656
0.064453125,1.103271484375,0.0771484375,0.9765625,-70.80078125,-66.162109375,-1.5109307765960691,104.13860321044922,90.13871002197266
0.09521484375,1.08447265625,0.077880859375,-10.55908203125,-63.53759765625,-70.3125,1.6712694168090818,102.98592376708984,88.36063385009766
0.051513671875,1.029296875,0.061279296875,-13.00048828125,-54.87060546875,-61.21826171875,4.184206962585448,101.8026351928711,86.7840805053711
-0.017333984375,0.94482421875,0.057861328125,-1.64794921875,-47.9736328125,-49.37744140625,6.376914978027344,100.97794342041016,85.25064086914062
-0.111328125,1.135986328125,-0.0224609375,10.009765625,-10.8642578125,-29.296875,13.65660285949707,106.09530639648438,78.45927429199219
-0.0849609375,1.1455078125,-0.048095703125,18.1884765625,-20.263671875,-22.3388671875,14.317063331604006,106.22792053222656,77.74566650390625
-0.05810546875,1.17138671875,-0.035888671875,29.11376953125,-17.578125,-14.404296875,14.63222885131836,106.65643310546876,77.07012939453125
-0.098876953125,1.217041015625,-0.065185546875,37.109375,-17.76123046875,-3.11279296875,14.581533432006836,107.4054183959961,76.26177215576172
-0.03466796875,1.280517578125,-0.075439453125,37.841796875,-17.76123046875,4.21142578125,14.00446319580078,108.121337890625,75.42742156982422
-0.03564453125,1.23779296875,-0.081787109375,25.08544921875,-7.9345703125,10.986328125,13.219096183776855,108.42206573486328,74.83000946044922
-0.07275390625,1.181640625,-0.08544921875,18.24951171875,-2.50244140625,12.14599609375,12.424010276794435,108.50381469726562,74.43864440917969
-0.094970703125,1.147216796875,-0.057861328125,17.333984375,-3.0517578125,15.2587890625,11.58209228515625,108.53411102294922,73.90044403076172
-0.073974609375,1.16162109375,-0.076904296875,16.7236328125,-11.1083984375,18.9208984375,10.709097862243652,108.4662857055664,73.1033935546875
-0.04833984375,1.12841796875,-0.07275390625,10.009765625,-10.986328125,16.357421875,9.915453910827637,108.14640045166016,72.35771942138672
-0.053466796875,1.095458984375,-0.075439453125,2.0751953125,-7.99560546875,11.77978515625,9.36392593383789,107.51726531982422,71.874755859375
-0.0517578125,1.064697265625,-0.07421875,-1.3427734375,-4.82177734375,5.67626953125,8.953232765197754,106.8668441772461,71.53123474121094
-0.072265625,1.044677734375,-0.071533203125,0.0,-3.662109375,5.37109375,8.599656105041504,106.30355072021484,71.24519348144531
-0.066162109375,1.05126953125,-0.081298828125,2.01416015625,-3.0517578125,5.37109375,8.269895553588867,105.89578247070312,71.05988311767578
-0.04833984375,1.101318359375,-0.0966796875,1.220703125,3.11279296875,3.11279296875,7.892775535583496,105.5065689086914,71.08299255371094
-0.063232421875,1.093994140625,-0.0859375,-3.11279296875,7.38525390625,2.38037109375,7.5454039573669425,104.96226501464844,71.28365325927734
-0.083251953125,1.06005859375,-0.074462890625,-5.06591796875,10.009765625,5.31005859375,7.128037452697754,104.37176513671876,71.55992126464844
-0.10888671875,1.045166015625,-0.085693359375,-1.89208984375,7.4462890625,8.7890625,6.670650005340576,103.9202651977539,71.71347045898438
-0.08251953125,1.07080078125,-0.091552734375,-2.9296875,3.35693359375,9.3994140625,6.186741828918457,103.43238067626952,71.71096801757812
-0.084228515625,1.0654296875,-0.09423828125,-8.23974609375,1.52587890625,8.30078125,5.836465358734131,102.68196868896484,71.67328643798828
-0.081298828125,1.027587890625,-0.09228515625,-15.13671875,3.0517578125,4.57763671875,5.580459117889403,101.76820373535156,71.721923828125
-0.088623046875,1.030517578125,-0.094970703125,-19.4091796875,5.92041015625,-1.40380859375,5.561895847320557,100.74087524414062,71.93992614746094
-0.09912109375,1.0107421875,-0.09423828125,-22.03369140625,9.27734375,-6.103515625,5.776063919067383,99.62410736083984,72.37613677978516
-0.1181640625,0.9814453125,-0.0859375,-23.13232421875,11.71875,-8.60595703125,6.081441879272461,98.55342864990234,72.87645721435547
-0.129638671875,0.973388671875,-0.09619140625,-18.798828125,9.8876953125,-6.65283203125,6.3445658683776855,97.71711730957031,73.29436492919922
-0.1162109375,0.969482421875,-0.07080078125,-13.18359375,6.77490234375,-2.197265625,6.370217323303223,97.14695739746094,73.50557708740234
-0.076904296875,0.999267578125,-0.090087890625,-7.62939453125,2.44140625,-0.9765625,6.317294120788574,96.75789642333984,73.59790802001953
-0.08154296875,1.0185546875,-0.073974609375,-10.3759765625,3.96728515625,-1.77001953125,6.298863887786865,96.24163055419922,73.75215911865234
-0.097900390625,1.038330078125,-0.076904296875,-14.34326171875,6.8359375,-2.0751953125,6.311352252960205,95.5314483642578,74.04049682617188
-0.097412109375,1.01025390625,-0.066162109375,-18.00537109375,6.7138671875,0.3662109375,6.238870143890381,94.75377655029295,74.29891204833984
-0.10546875,0.99365234375,-0.064208984375,-16.845703125,5.126953125,0.48828125,6.194713115692139,94.0444107055664,74.49678039550781
-0.072509765625,0.99462890625,-0.056884765625,-15.13671875,4.7607421875,-0.244140625,6.1744422912597665,93.43087768554688,74.7131118774414
-0.081298828125,1.01318359375,-0.0546875,-13.73291015625,6.34765625,-0.42724609375,6.112626075744629,92.8798599243164,74.96643829345703
-0.080322265625,1.024658203125,-0.05712890625,-12.87841796875,6.9580078125,1.52587890625,5.972389221191406,92.39083862304688,75.24312591552734
-0.0771484375,1.01904296875,-0.046875,-15.625,8.60595703125,4.2724609375,5.708382606506348,91.78750610351562,75.60934448242188
-0.085693359375,0.996826171875,-0.033935546875,-18.1884765625,11.474609375,5.9814453125,5.424591064453125,91.09517669677734,76.06285095214844
-0.08935546875,0.97509765625,-0.025146484375,-18.9208984375,12.26806640625,4.638671875,5.223461627960205,90.38369750976562,76.55265045166016
-0.096435546875,0.964111328125,-0.017822265625,-18.73779296875,10.80322265625,1.52587890625,5.213010311126709,89.76206970214844,76.95723724365234
-0.097900390625,0.96240234375,-0.013427734375,-15.44189453125,8.056640625,-1.46484375,5.296143531799316,89.19983673095703,77.2826919555664
-0.09423828125,0.97705078125,-0.022705078125,-12.51220703125,4.39453125,-0.48828125,5.325904369354248,88.78501892089844,77.46530151367188
-0.12255859375,1.016845703125,-0.046630859375,-9.46044921875,-1.64794921875,2.0751953125,5.162178039550781,88.5013198852539,77.3133544921875
0.153564453125,0.070556640625,0.2548828125,-31.25,-5.126953125,35.82763671875,2.5348246097564697,85.3524169921875,77.04627990722656
