-0.005859375,0.99169921875,-0.064697265625,-8.72802734375,-4.7607421875,1.708984375,-1.939213275909424,84.97217559814453,121.94854736328124
-0.01171875,0.980224609375,-0.052978515625,-8.60595703125,-4.7607421875,2.197265625,-1.9390197992324831,84.94112396240234,121.75531005859376
-0.0185546875,0.978515625,-0.06103515625,-8.11767578125,-5.18798828125,2.44140625,-1.942618727684021,84.91858673095703,121.54629516601562
-0.01416015625,0.986083984375,-0.06640625,-8.6669921875,-5.31005859375,2.62451171875,-1.955983638763428,84.91783142089844,121.3315887451172
-0.005126953125,0.98876953125,-0.064208984375,-8.7890625,-5.126953125,2.44140625,-1.981698751449585,84.90666961669922,121.1237335205078
-0.005615234375,0.984375,-0.067626953125,-8.9111328125,-5.55419921875,1.953125,-1.9952280521392824,84.90084838867188,120.89674377441406
-0.00537109375,0.989013671875,-0.0556640625,-8.36181640625,-5.126953125,2.38037109375,-2.016373872756958,84.88813781738281,120.68911743164062
-0.004638671875,0.972900390625,-0.070068359375,-8.4228515625,-5.0048828125,2.38037109375,-2.037957668304444,84.90872955322266,120.48501586914062
-0.012939453125,0.980224609375,-0.050048828125,-8.544921875,-4.7607421875,1.953125,-2.012259721755981,84.90560150146484,120.28958129882812
-0.0205078125,0.98974609375,-0.067138671875,-8.97216796875,-5.06591796875,2.50244140625,-2.002890110015869,84.89411163330078,120.08367919921876
-0.0185546875,0.979248046875,-0.06201171875,-8.4228515625,-4.94384765625,2.13623046875,-1.982889533042908,84.89473724365234,119.8818359375
-0.0126953125,0.979736328125,-0.0537109375,-9.1552734375,-5.0048828125,2.25830078125,-1.9947738647460935,84.86017608642578,119.67839050292969
-0.0087890625,0.981689453125,-0.06787109375,-8.48388671875,-5.18798828125,2.197265625,-2.001157522201538,84.87313842773438,119.4666976928711
-0.01171875,0.992431640625,-0.05712890625,-8.544921875,-4.638671875,2.62451171875,-2.0157623291015625,84.85636138916016,119.27923583984376
-0.01025390625,0.978271484375,-0.05859375,-8.4228515625,-4.33349609375,2.01416015625,-2.0042192935943604,84.8768539428711,119.1006088256836
-0.014404296875,0.986328125,-0.072265625,-8.9111328125,-5.126953125,1.953125,-1.9875519275665283,84.88126373291016,118.8900909423828
-0.001708984375,0.981689453125,-0.062255859375,-8.36181640625,-4.69970703125,2.0751953125,-2.0039091110229488,84.88477325439453,118.69798278808594
-0.016357421875,0.98486328125,-0.052001953125,-8.4228515625,-5.126953125,1.953125,-2.0140693187713623,84.89344024658203,118.48806762695312
-0.00634765625,0.983642578125,-0.064208984375,-9.33837890625,-5.31005859375,2.3193359375,-2.0305323600769043,84.86251068115234,118.27212524414062
-0.01806640625,0.978759765625,-0.053466796875,-7.8125,-5.126953125,1.8310546875,-1.9990382194519043,84.86959838867188,118.06246185302734
0.00390625,0.98193359375,-0.06201171875,-9.033203125,-5.31005859375,2.25830078125,-2.0013761520385738,84.83970642089844,117.84679412841795
0.005859375,0.994384765625,-0.07177734375,-9.27734375,-4.69970703125,2.44140625,-2.049288034439087,84.82795715332031,117.65525817871094
-0.013671875,0.97314453125,-0.06201171875,-8.544921875,-5.06591796875,2.50244140625,-2.053760290145874,84.82755279541016,117.4495620727539
-0.009765625,0.98193359375,-0.065185546875,-8.6669921875,-5.126953125,2.13623046875,-2.0817399024963383,84.8169174194336,117.24046325683594
-0.015380859375,0.984619140625,-0.0634765625,-8.056640625,-5.06591796875,2.0751953125,-2.064419984817505,84.83828735351562,117.03302764892578
0.0087890625,0.98876953125,-0.06787109375,-7.9345703125,-4.69970703125,2.0751953125,-2.1019859313964844,84.8725814819336,116.84011840820312
-0.0048828125,0.982177734375,-0.057373046875,-8.4228515625,-4.638671875,2.3193359375,-2.0864593982696533,84.86375427246094,116.6508560180664
-0.00341796875,0.9833984375,-0.064208984375,-8.23974609375,-5.2490234375,2.13623046875,-2.0993683338165283,84.87816619873047,116.43628692626952
-0.00537109375,0.981689453125,-0.0595703125,-9.033203125,-4.94384765625,1.953125,-2.0988893508911133,84.84953308105469,116.23355865478516
-0.012451171875,0.9765625,-0.066650390625,-9.09423828125,-5.06591796875,2.685546875,-2.137713670730591,84.83412170410156,116.02800750732422
-0.007080078125,0.992919921875,-0.068115234375,-8.544921875,-5.126953125,2.8076171875,-2.166736125946045,84.84486389160156,115.82003021240234
-0.01318359375,0.980224609375,-0.06396484375,-8.1787109375,-5.2490234375,2.3193359375,-2.161236524581909,84.86259460449219,115.60554504394531
-0.012451171875,0.98974609375,-0.05712890625,-8.97216796875,-5.31005859375,2.3193359375,-2.15581488609314,84.86170959472656,115.38814544677734
-0.005859375,0.9921875,-0.062255859375,-8.85009765625,-4.7607421875,2.25830078125,-2.163683652877808,84.8455810546875,115.1932373046875
-0.004638671875,0.992431640625,-0.062255859375,-7.6904296875,-5.43212890625,2.197265625,-2.1738946437835693,84.87747192382812,114.9713363647461
-0.016845703125,0.98291015625,-0.066162109375,-8.36181640625,-4.94384765625,1.953125,-2.1592586040496826,84.9070816040039,114.76693725585938
-0.00537109375,0.98974609375,-0.061767578125,-8.23974609375,-4.82177734375,2.13623046875,-2.163247346878052,84.91291046142578,114.56917572021484
-0.000732421875,0.98681640625,-0.0595703125,-8.056640625,-4.39453125,1.708984375,-2.1592142581939697,84.92066955566406,114.38720703125
-0.02294921875,0.975341796875,-0.06005859375,-9.033203125,-4.638671875,2.25830078125,-2.165190458297729,84.90682983398438,114.19667053222656
-0.005126953125,0.987060546875,-0.05419921875,-8.544921875,-5.0048828125,2.0751953125,-2.167622327804565,84.88390350341797,113.99201202392578
-0.01123046875,0.9931640625,-0.0654296875,-8.48388671875,-5.126953125,2.0751953125,-2.1567096710205083,84.88916015625,113.78150177001952
-0.015625,0.982177734375,-0.060791015625,-8.30078125,-5.31005859375,2.44140625,-2.1686115264892583,84.92638397216797,113.56410217285156
0.001708984375,0.99169921875,-0.0654296875,-8.72802734375,-4.94384765625,2.5634765625,-2.205812931060791,84.92018127441406,113.36262512207031
-0.016845703125,0.98291015625,-0.065185546875,-8.7890625,-5.31005859375,2.0751953125,-2.1807200908660893,84.91316223144531,113.14447784423828
-0.013427734375,0.99365234375,-0.07080078125,-9.521484375,-5.2490234375,2.44140625,-2.1612749099731445,84.87631225585938,112.93016052246094
-0.001220703125,0.9970703125,-0.074462890625,-8.9111328125,-5.92041015625,2.44140625,-2.19084906578064,84.88572692871094,112.6886215209961
-0.008544921875,0.982666015625,-0.057861328125,-8.4228515625,-5.126953125,2.3193359375,-2.1945528984069824,84.87771606445312,112.47942352294922
-0.00634765625,0.989990234375,-0.0615234375,-8.60595703125,-5.31005859375,2.13623046875,-2.2039871215820312,84.88277435302734,112.26155853271484
-0.00830078125,0.97900390625,-0.072265625,-8.72802734375,-5.31005859375,2.50244140625,-2.2157504558563232,84.89652252197266,112.0443115234375
0.00244140625,0.98193359375,-0.05712890625,-8.48388671875,-5.37109375,2.50244140625,-2.251880645751953,84.88455963134766,111.82601165771484
-0.01513671875,0.98095703125,-0.062744140625,-8.4228515625,-5.67626953125,2.13623046875,-2.236083745956421,84.8959732055664,111.59315490722656
-0.010986328125,0.98486328125,-0.08203125,-8.1787109375,-4.8828125,2.38037109375,-2.234261274337769,84.95181274414062,111.39147186279295
-0.015380859375,0.982177734375,-0.06689453125,-8.85009765625,-5.0048828125,2.3193359375,-2.219973564147949,84.94474792480469,111.18600463867188
-0.010986328125,0.982177734375,-0.0546875,-8.9111328125,-5.4931640625,2.5634765625,-2.224520683288574,84.95716094970703,110.961181640625
-0.014404296875,0.99072265625,-0.068359375,-8.056640625,-5.37109375,2.25830078125,-2.2118909358978267,84.98416900634766,110.74089813232422
-0.01025390625,0.971435546875,-0.049072265625,-8.9111328125,-4.94384765625,2.25830078125,-2.207122802734375,84.93366241455078,110.5393524169922
-0.017578125,0.984375,-0.053955078125,-8.544921875,-5.615234375,2.44140625,-2.202070951461792,84.93768310546875,110.31022644042969
-0.014404296875,0.969970703125,-0.060546875,-8.60595703125,-5.06591796875,2.38037109375,-2.193483829498291,84.92814636230469,110.10323333740234
-0.01123046875,0.9833984375,-0.058837890625,-8.36181640625,-5.43212890625,2.13623046875,-2.1845293045043945,84.92347717285156,109.88111114501952
-0.00390625,0.988525390625,-0.0693359375,-8.4228515625,-4.638671875,2.197265625,-2.1726937294006348,84.92083740234375,109.690673828125
0.00244140625,0.989990234375,-0.0546875,-8.11767578125,-5.0048828125,1.89208984375,-2.1848461627960205,84.91524505615234,109.4853744506836
-0.006591796875,0.98046875,-0.060546875,-8.72802734375,-5.2490234375,2.50244140625,-2.200891494750977,84.90048217773438,109.27172088623048
-0.011474609375,0.98291015625,-0.0693359375,-8.6669921875,-4.45556640625,2.38037109375,-2.216782331466675,84.9268569946289,109.08773040771484
-0.017822265625,0.969970703125,-0.05859375,-8.11767578125,-4.7607421875,2.01416015625,-2.184039831161499,84.93231964111328,108.89171600341795
-0.01513671875,0.984619140625,-0.0625,-8.60595703125,-4.7607421875,2.0751953125,-2.161853790283203,84.92485046386719,108.69588470458984
-0.008544921875,0.982177734375,-0.062255859375,-7.8125,-4.8828125,2.3193359375,-2.1266355514526367,84.95781707763672,108.49574279785156
-0.02001953125,0.982666015625,-0.06884765625,-8.544921875,-4.82177734375,2.3193359375,-2.105278730392456,84.96642303466797,108.2980499267578
-0.0029296875,0.97265625,-0.076416015625,-8.4228515625,-5.43212890625,2.50244140625,-2.1334214210510254,84.99954223632812,108.07616424560548
-0.01318359375,0.991455078125,-0.07373046875,-8.544921875,-4.8828125,2.685546875,-2.149432897567749,84.99819946289062,107.87760162353516
-0.01953125,0.969970703125,-0.0546875,-9.09423828125,-4.39453125,2.74658203125,-2.1430022716522217,84.95188903808594,107.69937133789062
-0.010009765625,0.9765625,-0.062255859375,-8.6669921875,-5.2490234375,2.01416015625,-2.133190155029297,84.94245910644531,107.48410034179688
0.002685546875,0.988525390625,-0.06103515625,-8.23974609375,-5.2490234375,2.25830078125,-2.143186330795288,84.94469451904297,107.2699737548828
-0.00146484375,0.978515625,-0.07568359375,-8.544921875,-5.55419921875,2.38037109375,-2.168906688690185,84.9714126586914,107.04268646240234
-0.020751953125,0.95947265625,-0.042724609375,-9.765625,-5.859375,1.3427734375,-2.107485294342041,84.87503051757812,106.80215454101562
-0.005859375,0.982421875,-0.069580078125,-9.6435546875,-5.126953125,0.42724609375,-2.0241286754608154,84.83890533447266,106.58612060546876
-0.04150390625,0.97900390625,-0.03955078125,-8.9111328125,-5.55419921875,2.62451171875,-1.9717558622360232,84.7711410522461,106.36315155029295
0.06103515625,0.948486328125,-0.187255859375,-1.5869140625,-5.92041015625,3.72314453125,-2.206965923309326,85.34352111816406,106.11753845214844
-0.12109375,1.006103515625,-0.16064453125,-11.41357421875,-5.55419921875,2.0751953125,-2.9404516220092773,84.95161437988281,105.90482330322266
0.056396484375,1.007568359375,-0.075439453125,-8.4228515625,-4.33349609375,1.5869140625,-3.0292065143585205,84.97793579101562,105.7190170288086
-0.07080078125,0.98046875,-0.05126953125,-8.7890625,-5.55419921875,1.52587890625,-2.8262858390808105,84.9397964477539,105.48543548583984
-0.04248046875,0.9931640625,-0.076416015625,-8.60595703125,-5.18798828125,3.23486328125,-2.7701644897460938,84.89981079101562,105.2741241455078
-0.00634765625,0.975341796875,-0.068115234375,-9.33837890625,-5.79833984375,2.38037109375,-2.760914802551269,84.88262939453125,105.0337371826172
-0.00390625,0.986328125,-0.058837890625,-8.48388671875,-4.638671875,2.197265625,-2.7464253902435303,84.87519073486328,104.8401870727539
-0.003173828125,0.986328125,-0.06884765625,-8.4228515625,-4.21142578125,1.64794921875,-2.684882640838623,84.89503479003906,104.66058349609376
-0.020751953125,0.990478515625,-0.082275390625,-8.9111328125,-5.2490234375,2.5634765625,-2.651914119720459,84.92325592041016,104.4417953491211
-0.02099609375,0.972900390625,-0.066162109375,-8.48388671875,-5.126953125,2.0751953125,-2.598627805709839,84.93338012695312,104.22799682617188
-0.015625,0.992919921875,-0.08349609375,-8.97216796875,-6.34765625,2.44140625,-2.5695695877075195,84.96550750732422,103.96527862548828
0.0166015625,0.974609375,-0.059814453125,-8.85009765625,-7.6904296875,2.38037109375,-2.627497673034668,84.94893646240234,103.65170288085938
-0.029296875,0.98388671875,-0.072509765625,-9.27734375,-4.8828125,1.8310546875,-2.546191930770874,84.9384994506836,103.44631958007812
0.096435546875,0.98095703125,-0.067138671875,-7.4462890625,8.30078125,4.2724609375,-2.564188241958618,84.82662963867188,103.78263092041016
0.01904296875,1.13818359375,-0.038330078125,11.16943359375,-5.9814453125,32.5927734375,4.501079082489014,89.21768951416016,102.12390899658205
-0.075439453125,1.114501953125,-0.070556640625,10.80322265625,-8.23974609375,23.98681640625,3.5176999568939213,89.78717041015625,101.81117248535156
-0.05078125,1.0244140625,-0.087158203125,8.97216796875,-15.31982421875,7.87353515625,3.134732723236084,90.3244857788086,101.20907592773438
-0.012451171875,0.977783203125,-0.078369140625,10.31494140625,-20.01953125,-14.404296875,3.6241295337677,90.8441390991211,100.42318725585938
0.0107421875,0.9990234375,-0.05126953125,13.5498046875,-20.8740234375,-14.34326171875,4.046440124511719,91.39878845214844,99.60386657714844
-0.00048828125,1.05859375,-0.059326171875,9.33837890625,-23.5595703125,-4.21142578125,4.107573509216309,91.76220703125,98.66883850097656
-0.001220703125,1.015869140625,-0.07080078125,-1.28173828125,-25.390625,19.22607421875,3.2151248455047607,91.7175750732422,97.63162231445312
-0.040771484375,0.976318359375,-0.08984375,-10.498046875,-30.029296875,26.06201171875,2.1796765327453613,91.36495208740234,96.40542602539062
-0.001220703125,0.9296875,-0.10546875,-16.05224609375,-32.89794921875,25.634765625,1.1569851636886597,90.8803939819336,95.07359313964844
-0.07958984375,0.93212890625,-0.133544921875,-17.76123046875,-34.1796875,19.83642578125,0.5324399471282959,90.42230987548828,93.6992416381836
-0.062744140625,0.923828125,-0.132080078125,-13.7939453125,-37.4755859375,13.5498046875,0.13653695583343506,90.1523208618164,92.19773864746094
-0.0751953125,0.928466796875,-0.105712890625,-10.986328125,-40.95458984375,9.521484375,-0.05891984701156616,89.94793701171875,90.5577163696289
-0.040771484375,0.931396484375,-0.11474609375,-4.8828125,-43.39599609375,10.92529296875,-0.3878966271877289,90.02507781982422,88.82008361816406
-0.03173828125,0.93896484375,-0.110595703125,-0.6103515625,-40.52734375,20.1416015625,-1.0894695520400999,90.2722625732422,87.19239807128906
-0.068115234375,0.97509765625,-0.10302734375,0.67138671875,-37.7197265625,24.10888671875,-1.8384172916412356,90.60810089111328,85.66741180419922
-0.078369140625,0.9306640625,-0.123291015625,-10.68115234375,-41.68701171875,12.5732421875,-2.0562503337860107,90.49769592285156,83.98316192626953
-0.072998046875,0.891845703125,-0.119873046875,-17.15087890625,-43.8232421875,3.84521484375,-1.9289090633392332,90.1414794921875,82.21662139892578
-0.080810546875,0.921630859375,-0.1171875,-17.15087890625,-44.86083984375,-0.67138671875,-1.624229907989502,89.77762603759766,80.41077423095703
-0.070068359375,0.921142578125,-0.105224609375,-16.17431640625,-43.15185546875,-6.8359375,-1.1223092079162598,89.42430114746094,78.67469787597656
-0.041259765625,0.93408203125,-0.11083984375,-13.7939453125,-40.46630859375,-9.033203125,-0.6324752569198608,89.17375183105469,77.0466079711914
-0.044677734375,0.947509765625,-0.122802734375,-12.0849609375,-39.85595703125,-7.38525390625,-0.17340371012687686,89.0407943725586,75.44437408447266
-0.07373046875,0.90673828125,-0.116455078125,-14.34326171875,-42.54150390625,-2.99072265625,0.10911348462104796,88.78055572509766,73.7391586303711
-0.0888671875,0.918212890625,-0.1435546875,-13.00048828125,-42.90771484375,0.79345703125,0.2571284770965576,88.63875579833984,72.02364349365234
-0.09423828125,0.921630859375,-0.1328125,-11.8408203125,-43.5791015625,4.7607421875,0.24928011000156405,88.51962280273438,70.28573608398439
-0.09765625,0.974365234375,-0.130615234375,-9.09423828125,-45.2880859375,5.37109375,0.20913222432136536,88.49288177490234,68.48041534423828
-0.11962890625,1.037109375,-0.103759765625,-4.2724609375,-46.81396484375,0.9765625,0.3801558017730713,88.58220672607422,66.60964965820311
-0.09326171875,1.072021484375,-0.119384765625,-0.67138671875,-47.91259765625,-0.48828125,0.5349975228309631,88.84840393066406,64.69512176513672
-0.079833984375,1.046142578125,-0.127197265625,6.28662109375,-46.875,-1.52587890625,0.7241623997688293,89.38412475585938,62.822654724121094
-0.1201171875,1.02685546875,-0.142822265625,8.97216796875,-47.7294921875,-6.103515625,1.197710633277893,90.03227233886719,60.9176254272461
-0.136962890625,1.02587890625,-0.146240234375,10.68115234375,-48.33984375,-10.7421875,1.8961365222930908,90.71031951904295,58.99490356445313
-0.1630859375,1.000244140625,-0.160400390625,12.87841796875,-45.47119140625,-10.6201171875,2.647468090057373,91.4677734375,57.19619750976562
-0.197509765625,1.01123046875,-0.1767578125,15.869140625,-45.166015625,-13.916015625,3.5943233966827397,92.31968688964844,55.42454528808594
-0.195556640625,0.990478515625,-0.162841796875,19.04296875,-48.2177734375,-19.22607421875,4.766697883605957,93.19178771972656,53.55019760131836
-0.222412109375,0.9580078125,-0.16552734375,21.97265625,-43.701171875,-15.380859375,5.817274570465088,94.1544952392578,51.86236953735352
-0.225830078125,0.938720703125,-0.181396484375,23.25439453125,-43.02978515625,-7.8125,6.568626880645753,95.14958190917969,50.19086074829102
-0.26123046875,0.902099609375,-0.167724609375,21.42333984375,-41.6259765625,-10.07080078125,7.453636169433594,96.053955078125,48.59274291992188
-0.247314453125,0.879150390625,-0.17529296875,18.4326171875,-38.818359375,-14.34326171875,8.515315055847168,96.770751953125,47.12727355957031
-0.288330078125,0.914306640625,-0.20654296875,18.00537109375,-38.26904296875,-15.13671875,9.647686958312988,97.47390747070312,45.70063018798828
-0.2724609375,0.877197265625,-0.212890625,17.9443359375,-37.90283203125,-11.474609375,10.595013618469238,98.15771484375,44.278900146484375
-0.25244140625,0.837890625,-0.2177734375,20.6298828125,-39.306640625,-13.73291015625,11.59947681427002,98.92778778076172,42.82431411743164
-0.24072265625,0.83642578125,-0.21533203125,23.13232421875,-38.02490234375,-16.9677734375,12.675557136535645,99.75423431396484,41.44614791870117
-0.267822265625,0.858154296875,-0.21923828125,22.88818359375,-33.75244140625,-16.4794921875,13.727742195129395,100.54875183105469,40.24017333984375
-0.269287109375,0.8505859375,-0.23291015625,18.9208984375,-34.97314453125,-20.69091796875,14.933371543884276,101.16568756103516,39.02796173095703
-0.28515625,0.843017578125,-0.231689453125,16.9677734375,-30.3955078125,-17.578125,15.987652778625488,101.7023468017578,37.9781608581543
-0.249755859375,0.837158203125,-0.235595703125,13.36669921875,-28.6865234375,-15.0146484375,16.813093185424805,102.08682250976562,36.97942733764648
-0.291748046875,0.8291015625,-0.23876953125,9.82666015625,-24.59716796875,-16.357421875,17.73427391052246,102.3648681640625,36.16141128540039
-0.300537109375,0.832275390625,-0.251708984375,6.04248046875,-21.8505859375,-16.9677734375,18.637466430664066,102.53465270996094,35.46909713745117
-0.30126953125,0.823486328125,-0.26025390625,4.39453125,-21.1181640625,-16.9677734375,19.5070858001709,102.6591339111328,34.81502151489258
-0.304443359375,0.79345703125,-0.2890625,2.86865234375,-18.310546875,-16.4794921875,20.326488494873047,102.84416961669922,34.305469512939446
-0.32666015625,0.7744140625,-0.289306640625,1.40380859375,-14.95361328125,-17.63916015625,21.199190139770508,103.02503967285156,33.953468322753906
-0.33349609375,0.794677734375,-0.284912109375,0.91552734375,-12.20703125,-18.6767578125,22.051952362060547,103.19073486328124,33.71809768676758
-0.32763671875,0.84326171875,-0.269287109375,-1.03759765625,-13.00048828125,-18.5546875,22.82172203063965,103.1760482788086,33.419387817382805
-0.296875,0.841796875,-0.280517578125,-0.30517578125,-12.8173828125,-12.51220703125,23.254079818725586,103.19900512695312,33.08115768432617
-0.30859375,0.855712890625,-0.274169921875,-0.3662109375,-11.16943359375,-8.9111328125,23.53188133239746,103.20198822021484,32.76565933227539
-0.322998046875,0.861328125,-0.280517578125,-0.48828125,-9.70458984375,-6.103515625,23.703369140625,103.22271728515624,32.48827743530273
-0.316162109375,0.8837890625,-0.276123046875,1.220703125,-9.09423828125,-6.77490234375,23.85739707946777,103.2960433959961,32.232742309570305
-0.337158203125,0.860595703125,-0.279541015625,-0.67138671875,-7.62939453125,-10.1318359375,24.18526840209961,103.3536376953125,32.08303451538086
-0.330078125,0.87841796875,-0.292236328125,-1.708984375,-8.056640625,-19.59228515625,24.83897590637207,103.4164047241211,32.020156860351555
-0.3125,0.8974609375,-0.2880859375,-3.2958984375,-5.9814453125,-21.8505859375,25.483531951904297,103.43699645996094,32.06161499023437
-0.32666015625,0.889404296875,-0.2939453125,-2.99072265625,-3.90625,-18.85986328125,26.00266456604004,103.51486206054688,32.171897888183594
-0.33154296875,0.87353515625,-0.305908203125,0.48828125,-0.42724609375,-18.9208984375,26.49049949645996,103.83977508544922,32.454845428466804
-0.349853515625,0.9013671875,-0.279541015625,1.708984375,-0.67138671875,-19.22607421875,26.994354248046875,104.11407470703124,32.69284439086914
-0.354248046875,0.91796875,-0.2978515625,3.41796875,0.0,-15.44189453125,27.31773376464844,104.47505950927734,32.93292617797852
-0.337890625,0.91357421875,-0.29638671875,3.173828125,-2.8076171875,-13.12255859375,27.53612327575684,104.745849609375,33.02238082885742
-0.350341796875,0.91357421875,-0.296875,2.9296875,-3.662109375,-10.7421875,27.68862342834473,104.9674301147461,33.04491424560547
-0.35302734375,0.909423828125,-0.295654296875,2.62451171875,-6.53076171875,-11.71875,27.91152381896973,105.1151123046875,32.95168685913086
-0.346923828125,0.888427734375,-0.292724609375,4.21142578125,-6.4697265625,-10.43701171875,28.07983016967773,105.32401275634766,32.84903717041016
-0.348876953125,0.85888671875,-0.315673828125,4.5166015625,-5.55419921875,-11.29150390625,28.28740501403809,105.6425323486328,32.833518981933594
-0.37158203125,0.84619140625,-0.30859375,4.8828125,-6.2255859375,-15.19775390625,28.704572677612305,105.96472930908205,32.83119964599609
-0.400634765625,0.838134765625,-0.333251953125,5.92041015625,-5.37109375,-17.27294921875,29.237590789794922,106.41495513916016,32.924591064453125
-0.397216796875,0.818359375,-0.3291015625,7.6904296875,-4.94384765625,-15.44189453125,29.68609619140625,106.92780303955078,33.016571044921875
-0.395263671875,0.821533203125,-0.322998046875,8.60595703125,-6.103515625,-15.9912109375,30.145450592041016,107.41969299316406,33.05366897583008
-0.4033203125,0.81298828125,-0.343017578125,8.056640625,-4.82177734375,-10.8642578125,30.39582443237305,107.92344665527344,33.101612091064446
-0.41064453125,0.796142578125,-0.3369140625,7.080078125,-4.638671875,-7.14111328125,30.52627372741699,108.34752655029295,33.09868621826172
-0.413330078125,0.802001953125,-0.329345703125,6.34765625,-4.8828125,-7.50732421875,30.6710262298584,108.6975326538086,33.071495056152344
-0.411376953125,0.8330078125,-0.330810546875,5.55419921875,-7.8125,-9.94873046875,30.906625747680664,108.92745971679688,32.933544158935554
-0.42333984375,0.8525390625,-0.339111328125,6.04248046875,-6.65283203125,-7.75146484375,31.040019989013672,109.17831420898438,32.810928344726555
-0.4111328125,0.85693359375,-0.351318359375,5.615234375,-5.4931640625,-8.85009765625,31.16211700439453,109.46385955810548,32.76674270629883
-0.415771484375,0.815185546875,-0.347412109375,1.0986328125,-7.01904296875,-14.7705078125,31.570053100585934,109.60274505615234,32.761642456054695
-0.40869140625,0.82666015625,-0.379638671875,-1.46484375,-5.67626953125,-16.90673828125,31.988643646240234,109.75231170654295,32.886043548583984
-0.4189453125,0.793701171875,-0.3701171875,-2.38037109375,-4.150390625,-16.17431640625,32.39675521850586,109.90293884277344,33.073265075683594
-0.424560546875,0.801025390625,-0.38134765625,-1.15966796875,-3.7841796875,-17.39501953125,32.829872131347656,110.13811492919922,33.30849075317383
-0.430419921875,0.80322265625,-0.38037109375,1.15966796875,-4.39453125,-17.51708984375,33.268367767333984,110.44091796875,33.51630401611328
-0.427978515625,0.80810546875,-0.3857421875,4.82177734375,-4.0283203125,-16.11328125,33.61972045898437,110.88610076904295,33.72128677368164
-0.426025390625,0.7578125,-0.38330078125,7.6904296875,-3.47900390625,-15.5029296875,33.970016479492195,111.49481201171876,33.968555450439446
-0.462890625,0.76708984375,-0.389404296875,7.62939453125,-1.220703125,-18.12744140625,34.432422637939446,112.16595458984376,34.36124801635742
-0.459716796875,0.791015625,-0.385498046875,6.40869140625,-2.50244140625,-22.15576171875,35.011962890625,112.74041748046876,34.746959686279304
-0.454833984375,0.783935546875,-0.38720703125,6.7138671875,-3.662109375,-19.53125,35.48419570922852,113.26624298095705,35.03685760498047
-0.445068359375,0.776611328125,-0.404541015625,10.498046875,-4.5166015625,-18.73779296875,35.900390625,113.95178985595705,35.30265426635742
-0.455078125,0.770751953125,-0.39892578125,10.68115234375,-5.126953125,-16.6015625,36.25891876220703,114.57366943359376,35.488224029541016
-0.467041015625,0.780517578125,-0.39453125,10.6201171875,-2.86865234375,-14.22119140625,36.49448013305664,115.17912292480469,35.70529556274414
-0.46728515625,0.78173828125,-0.421630859375,8.72802734375,-3.173828125,-14.34326171875,36.7158432006836,115.74845886230469,35.943763732910156
-0.47802734375,0.7568359375,-0.4189453125,6.53076171875,-5.06591796875,-15.625,37.05253982543945,116.20196533203124,36.134315490722656
-0.4765625,0.763671875,-0.43212890625,9.6435546875,-7.38525390625,-16.4794921875,37.4306640625,116.73816680908205,36.25060272216797
-0.458740234375,0.755615234375,-0.427978515625,10.8642578125,-9.33837890625,-13.916015625,37.71210479736328,117.21728515625,36.2158317565918
-0.486328125,0.736328125,-0.435302734375,14.16015625,-6.28662109375,-10.92529296875,37.89132308959961,117.89823150634766,36.2701301574707
-0.53369140625,0.721435546875,-0.431884765625,12.5732421875,-3.11279296875,-14.892578125,38.25128173828125,118.6489486694336,36.55958938598633
-0.531005859375,0.732177734375,-0.43017578125,8.30078125,-4.08935546875,-21.78955078125,38.83739471435547,119.2646942138672,36.95680236816406
-0.53369140625,0.724365234375,-0.429443359375,5.79833984375,-5.859375,-23.5595703125,39.507171630859375,119.75348663330078,37.32395935058594
-0.493408203125,0.70703125,-0.435546875,3.41796875,-7.9345703125,-19.95849609375,40.00182723999024,120.0596694946289,37.53009414672852
-0.528076171875,0.682373046875,-0.438232421875,3.11279296875,-10.07080078125,-14.70947265625,40.43217468261719,120.23800659179688,37.527587890625
-0.520263671875,0.696533203125,-0.46728515625,5.2490234375,-9.033203125,-10.07080078125,40.61750411987305,120.49908447265624,37.48063278198242
-0.5439453125,0.70361328125,-0.46142578125,5.0048828125,-6.9580078125,-11.29150390625,40.836368560791016,120.79592895507812,37.53857421875
-0.53125,0.66796875,-0.443359375,2.5634765625,-6.4697265625,-17.578125,41.27588653564453,121.126220703125,37.79624557495117
-0.547119140625,0.67626953125,-0.4580078125,-0.6103515625,-6.7138671875,-19.287109375,41.77189636230469,121.36841583251952,38.103981018066406
-0.52734375,0.70068359375,-0.476806640625,-0.91552734375,-5.43212890625,-15.380859375,42.01336669921875,121.56739807128906,38.36510467529297
-0.51953125,0.666015625,-0.472900390625,1.46484375,-9.521484375,-11.53564453125,42.22425079345703,121.70661163330078,38.360939025878906
-0.527099609375,0.65576171875,-0.461181640625,3.90625,-7.14111328125,-4.82177734375,42.18374633789063,121.87014770507812,38.26264953613281
-0.556640625,0.684326171875,-0.446533203125,4.82177734375,-5.615234375,-5.55419921875,42.17280960083008,122.03482818603516,38.19083023071289
-0.557373046875,0.647705078125,-0.445068359375,1.28173828125,-4.8828125,-9.3994140625,42.31926345825195,122.2083969116211,38.30038833618164
-0.548095703125,0.64453125,-0.470458984375,-1.8310546875,-5.126953125,-12.02392578125,42.5208625793457,122.36912536621094,38.52218627929688
-0.54443359375,0.68212890625,-0.47900390625,-5.06591796875,-5.9814453125,-8.544921875,42.56277847290039,122.2540054321289,38.56991958618164
-0.564208984375,0.617919921875,-0.46044921875,-4.94384765625,-4.0283203125,-0.9765625,42.429344177246094,122.1260757446289,38.533447265625
-0.57861328125,0.607421875,-0.494384765625,-1.953125,-5.18798828125,-3.47900390625,42.42481231689453,122.24183654785156,38.59068298339844
-0.561279296875,0.633544921875,-0.486572265625,2.13623046875,-4.5166015625,-9.6435546875,42.55523681640625,122.59375762939452,38.81192398071289
-0.5615234375,0.626220703125,-0.4580078125,1.77001953125,-3.90625,-8.30078125,42.65108871459961,122.84929656982422,38.97359085083008
-0.5703125,0.644287109375,-0.4638671875,-2.3193359375,-4.69970703125,-6.103515625,42.67858123779297,122.84342193603516,39.015621185302734
-0.540283203125,0.6533203125,-0.47900390625,-5.4931640625,-6.28662109375,-3.23486328125,42.56624603271485,122.6290512084961,38.91764831542969
-0.5634765625,0.61669921875,-0.481689453125,-5.79833984375,-6.40869140625,-0.732421875,42.46049118041992,122.43035125732422,38.79450988769531
-0.5673828125,0.607421875,-0.47265625,-2.8076171875,-5.06591796875,-0.42724609375,42.34454345703125,122.38921356201172,38.72430419921875
-0.57568359375,0.623291015625,-0.476318359375,-2.197265625,-5.2490234375,-2.62451171875,42.30500030517578,122.39036560058594,38.69624328613281
-0.58203125,0.623046875,-0.483154296875,-3.7841796875,-4.2724609375,-2.44140625,42.24705505371094,122.37166595458984,38.7188606262207
-0.576171875,0.578857421875,-0.470947265625,-7.01904296875,-4.94384765625,-1.3427734375,42.22034072875977,122.2352523803711,38.71504592895508
-0.570068359375,0.605224609375,-0.469970703125,-10.009765625,-4.57763671875,1.89208984375,42.03495407104492,121.8809814453125,38.60302734375
-0.544921875,0.60693359375,-0.478759765625,-11.29150390625,-4.94384765625,3.84521484375,41.741355895996094,121.46688079833984,38.44495391845703
-0.54736328125,0.59521484375,-0.466064453125,-13.00048828125,-2.685546875,7.26318359375,41.323631286621094,120.99793243408205,38.29895401000977
-0.536865234375,0.62939453125,-0.4658203125,-16.05224609375,-3.11279296875,10.19287109375,40.768646240234375,120.30289459228516,38.02875900268555
-0.55224609375,0.632080078125,-0.464111328125,-17.578125,-2.62451171875,12.02392578125,40.18831634521485,119.55447387695312,37.749366760253906
-0.5478515625,0.6103515625,-0.4375,-20.263671875,-3.2958984375,12.87841796875,39.64752197265625,118.67344665527344,37.42509841918945
-0.54248046875,0.6171875,-0.439697265625,-26.06201171875,-1.03759765625,20.3857421875,38.79790115356445,117.55158233642578,37.05010986328125
-0.498779296875,0.648193359375,-0.420654296875,-31.3720703125,-0.54931640625,26.42822265625,37.63798522949219,116.1174774169922,36.55065155029297
-0.519287109375,0.65966796875,-0.452392578125,-39.0625,-1.40380859375,32.65380859375,36.31550216674805,114.42414855957031,35.98805618286133
-0.50537109375,0.6328125,-0.455078125,-46.630859375,-4.0283203125,39.306640625,34.83505249023437,112.44707489013672,35.29668045043945
-0.497314453125,0.60888671875,-0.463134765625,-49.74365234375,-8.30078125,45.59326171875,33.234752655029304,110.3685302734375,34.44180679321289
-0.47412109375,0.67626953125,-0.435302734375,-45.41015625,-10.25390625,55.72509765625,31.19827461242676,108.3215560913086,33.369014739990234
-0.476806640625,0.669921875,-0.424560546875,-41.07666015625,-13.12255859375,70.1904296875,28.71493148803711,106.43324279785156,32.086997985839844
-0.478515625,0.676025390625,-0.4248046875,-40.0390625,-13.36669921875,73.05908203125,26.183269500732425,104.7332992553711,30.88827133178711
-0.4677734375,0.70166015625,-0.4150390625,-42.8466796875,-13.3056640625,70.12939453125,23.78166961669922,103.04238891601562,29.81877899169922
-0.4501953125,0.71826171875,-0.394287109375,-43.8232421875,-15.2587890625,61.82861328125,21.735441207885746,101.38827514648438,28.82258224487305
-0.426025390625,0.74853515625,-0.388671875,-43.27392578125,-15.56396484375,62.31689453125,19.642969131469727,99.83644104003906,27.882732391357425
-0.423583984375,0.764892578125,-0.36767578125,-41.80908203125,-15.31982421875,64.3310546875,17.510404586791992,98.3934555053711,26.99346923828125
-0.4033203125,0.825439453125,-0.36279296875,-40.58837890625,-18.1884765625,59.4482421875,15.54608917236328,97.0177764892578,26.064838409423828
-0.4091796875,0.8369140625,-0.339599609375,-44.7998046875,-18.798828125,60.72998046875,13.592965126037598,95.50299835205078,25.150257110595703
-0.3857421875,0.865234375,-0.349853515625,-48.33984375,-18.98193359375,62.8662109375,11.53223991394043,93.95149993896484,24.28902816772461
-0.389892578125,0.867919921875,-0.344970703125,-49.8046875,-19.1650390625,64.88037109375,9.454623222351074,92.42617797851562,23.475086212158203
-0.35791015625,0.831298828125,-0.359619140625,-49.74365234375,-19.22607421875,64.75830078125,7.40050745010376,91.06237030029295,22.725971221923828
-0.32958984375,0.826904296875,-0.379638671875,-48.9501953125,-18.12744140625,64.453125,5.35516881942749,89.86970520019531,22.069259643554688
-0.310546875,0.824951171875,-0.374267578125,-43.701171875,-18.12744140625,51.6357421875,3.8431646823883057,88.94983673095703,21.43280792236328
-0.302734375,0.84326171875,-0.372314453125,-40.83251953125,-19.47021484375,34.0576171875,3.0448088645935063,88.17060089111328,20.73706817626953
-0.289306640625,0.87451171875,-0.387451171875,-37.90283203125,-19.53125,22.94921875,2.656616687774658,87.55203247070312,20.03147315979004
-0.2724609375,0.880859375,-0.374267578125,-36.7431640625,-19.95849609375,19.4091796875,2.378124237060547,86.97901153564453,19.30642318725586
-0.2294921875,0.85986328125,-0.348388671875,-34.5458984375,-23.3154296875,21.1181640625,1.9499250650405884,86.48932647705078,18.454805374145508
-0.25341796875,0.8955078125,-0.345703125,-30.029296875,-24.47509765625,23.62060546875,1.4622315168380735,86.16580963134766,17.562280654907227
-0.244140625,0.964599609375,-0.297119140625,-29.35791015625,-29.96826171875,30.45654296875,0.6524349451065063,85.75048828125,16.464473724365234
-0.251220703125,0.950439453125,-0.30859375,-33.0810546875,-33.14208984375,38.9404296875,-0.4635487198829651,85.24908447265625,15.264904022216795
-0.259033203125,0.90185546875,-0.34423828125,-36.68212890625,-36.9873046875,47.607421875,-1.873404145240784,84.74838256835938,13.93779754638672
-0.2333984375,0.875,-0.365234375,-34.85107421875,-39.48974609375,56.15234375,-3.6387543678283687,84.4443130493164,12.530084609985352
-0.20703125,0.881591796875,-0.335693359375,-25.5126953125,-40.95458984375,52.06298828125,-5.243882656097412,84.5149154663086,11.024089813232422
-0.177490234375,0.9130859375,-0.315185546875,-16.11328125,-41.56494140625,41.68701171875,-6.449793815612793,84.94657897949219,9.423444747924805
-0.173828125,0.94140625,-0.287353515625,-8.23974609375,-41.93115234375,25.7568359375,-6.977607250213622,85.63785552978516,7.729259490966798
-0.202392578125,0.996826171875,-0.28271484375,-4.2724609375,-39.36767578125,21.91162109375,-7.2630677223205575,86.42131042480469,6.1130638122558585
-0.22021484375,0.9453125,-0.292724609375,-7.9345703125,-36.31591796875,26.06201171875,-7.623845100402832,87.06884765625,4.608733177185059
-0.22314453125,0.9345703125,-0.28955078125,-15.31982421875,-34.48486328125,29.35791015625,-8.076257705688478,87.39775848388672,3.169452667236328
-0.210693359375,0.9326171875,-0.278564453125,-17.9443359375,-36.7431640625,26.30615234375,-8.410717964172362,87.61451721191406,1.6244878768920898
-0.21240234375,0.966552734375,-0.28662109375,-16.66259765625,-36.4990234375,22.39990234375,-8.581774711608888,87.87889862060547,0.07567214965820312
-0.2197265625,0.97021484375,-0.285888671875,-13.0615234375,-35.888671875,17.88330078125,-8.543670654296875,88.27259826660156,-1.4588041305541992
-0.2041015625,0.922119140625,-0.26806640625,-14.5263671875,-33.14208984375,20.32470703125,-8.602564811706543,88.56908416748047,-2.881292819976806
-0.21337890625,0.92333984375,-0.271240234375,-15.07568359375,-31.67724609375,22.4609375,-8.718162536621094,88.83087158203125,-4.247342586517334
-0.157470703125,0.90087890625,-0.2451171875,-18.73779296875,-34.66796875,18.00537109375,-8.756514549255371,88.92133331298828,-5.735735893249513
-0.172119140625,0.94970703125,-0.217041015625,-17.27294921875,-32.470703125,10.009765625,-8.452239036560059,88.95965576171875,-7.12673282623291
-0.151611328125,0.94287109375,-0.243896484375,-16.41845703125,-31.3720703125,3.35693359375,-7.938023567199707,89.07945251464844,-8.481958389282228
-0.166259765625,0.911376953125,-0.226806640625,-18.4326171875,-26.79443359375,0.30517578125,-7.2712135314941415,89.05412292480469,-9.644237518310547
-0.114013671875,0.879150390625,-0.20556640625,-21.05712890625,-28.6865234375,3.47900390625,-6.865310192108153,88.8962631225586,-10.869813919067383
-0.121826171875,0.8857421875,-0.20751953125,-27.099609375,-27.2216796875,7.26318359375,-6.613704204559326,88.4888916015625,-12.030010223388672
-0.140380859375,0.883056640625,-0.180908203125,-32.89794921875,-28.86962890625,4.08935546875,-6.2090821266174325,87.80268096923828,-13.250174522399902
-0.107421875,0.872802734375,-0.170166015625,-28.80859375,-26.85546875,0.732421875,-5.770742416381836,87.27043914794922,-14.387374877929688
-0.095458984375,0.89697265625,-0.153564453125,-20.20263671875,-24.84130859375,0.18310546875,-5.364530563354492,87.03645324707031,-15.43493366241455
-0.147216796875,0.90087890625,-0.131591796875,-11.474609375,-23.86474609375,1.46484375,-4.899783134460449,87.09087371826172,-16.431224822998047
-0.1298828125,0.920166015625,-0.1455078125,-11.29150390625,-28.62548828125,-0.48828125,-4.431249618530273,87.18572235107422,-17.619781494140625
-0.10498046875,0.910888671875,-0.121826171875,-14.70947265625,-24.2919921875,-0.48828125,-4.02704668045044,87.06647491455078,-18.626632690429688
-0.128662109375,0.983154296875,-0.10400390625,-12.51220703125,-20.20263671875,8.30078125,-3.947390794754028,86.95974731445312,-19.445308685302734
-0.146728515625,0.94287109375,-0.119384765625,-10.498046875,-21.8505859375,11.474609375,-3.9485793113708496,86.98600006103516,-20.325931549072266
-0.090087890625,0.933837890625,-0.079833984375,-1.52587890625,-20.81298828125,18.24951171875,-4.341661453247069,87.28070831298828,-21.146486282348636
-0.091064453125,0.905029296875,-0.066650390625,3.7841796875,-20.93505859375,22.64404296875,-4.879397392272949,87.7563705444336,-21.969093322753906
-0.102783203125,0.9384765625,-0.07958984375,3.2958984375,-21.05712890625,17.63916015625,-5.171189785003662,88.22620391845703,-22.81415939331055
-0.1123046875,0.938720703125,-0.087890625,3.2958984375,-17.15087890625,11.77978515625,-5.185921669006348,88.68614959716797,-23.51552391052246
-0.111328125,0.89697265625,-0.06494140625,9.27734375,-17.51708984375,5.4931640625,-4.932086944580078,89.32006072998047,-24.23297500610352
-0.07958984375,0.89208984375,-0.046142578125,17.27294921875,-7.9345703125,18.00537109375,-5.253684043884277,90.16854095458984,-24.560415267944336
-0.10205078125,0.9033203125,-0.055908203125,21.484375,-3.41796875,28.62548828125,-5.931037902832031,91.1612777709961,-24.723487854003906
-0.115234375,0.962890625,-0.035400390625,17.88330078125,-13.97705078125,23.98681640625,-6.367356777191162,91.96196746826172,-25.315587997436523
-0.096923828125,0.957275390625,-0.035888671875,11.23046875,-15.93017578125,18.73779296875,-6.6078429222106925,92.47917175292969,-25.98669242858887
-0.147705078125,0.98291015625,-0.052978515625,8.11767578125,-4.94384765625,23.01025390625,-6.919650077819824,92.84137725830078,-26.232898712158203
-0.127685546875,1.05126953125,-0.04296875,3.84521484375,-1.52587890625,19.6533203125,-7.153300285339356,92.97254943847656,-26.334125518798828
-0.099853515625,1.015625,-0.031982421875,-3.173828125,1.3427734375,18.12744140625,-7.374298095703125,92.7815933227539,-26.31403350830078
-0.130126953125,1.06787109375,-0.01416015625,-3.90625,4.33349609375,19.6533203125,-7.601468563079834,92.51166534423828,-26.16961479187012
-0.115234375,1.02734375,-0.01171875,1.220703125,2.99072265625,17.2119140625,-7.741134166717528,92.45906066894531,-26.071760177612305
-0.082763671875,0.989990234375,-0.004638671875,2.8076171875,-5.2490234375,5.18798828125,-7.444557189941406,92.49778747558594,-26.280704498291016
-0.10595703125,0.946533203125,-0.0048828125,-0.67138671875,-11.04736328125,-7.2021484375,-6.59287166595459,92.42102813720705,-26.70083045959473
-0.101318359375,0.953369140625,0.01025390625,-11.04736328125,-9.58251953125,-5.43212890625,-5.862095355987549,91.8843002319336,-27.065488815307614
-0.079833984375,1.03857421875,0.0517578125,-11.3525390625,1.953125,2.44140625,-5.556702136993408,91.21861267089844,-26.97280693054199
-0.075927734375,1.117431640625,0.0361328125,-8.97216796875,9.58251953125,12.20703125,-5.677065849304199,90.68490600585938,-26.58715629577637
-0.110595703125,1.091796875,0.03564453125,-13.427734375,5.06591796875,10.80322265625,-5.656879425048827,90.01114654541016,-26.38023567199707
-0.084716796875,1.0458984375,0.021240234375,-21.91162109375,-3.35693359375,6.34765625,-5.503411293029785,89.08585357666016,-26.51254463195801
-0.1083984375,0.998046875,0.0234375,-29.1748046875,-4.5166015625,6.7138671875,-5.3134870529174805,87.90361022949219,-26.69103813171387
-0.154541015625,1.014892578125,-0.002197265625,-25.81787109375,9.58251953125,8.36181640625,-5.0809059143066415,86.90791320800781,-26.305856704711914
-0.151123046875,1.08740234375,-0.0048828125,-21.97265625,22.0947265625,4.8828125,-4.712299346923828,86.07023620605469,-25.424938201904297
-0.1103515625,1.130615234375,0.05859375,-23.62060546875,23.49853515625,-5.43212890625,-4.020664691925049,85.07850646972656,-24.50777244567871
-0.0478515625,1.137451171875,0.03076171875,-32.40966796875,13.85498046875,-13.18359375,-3.1911733150482178,83.87015533447266,-24.01596450805664
-0.024169921875,1.125732421875,0.03662109375,-34.912109375,8.30078125,-6.53076171875,-2.7193405628204346,82.61355590820312,-23.72676658630371
-0.080078125,1.10595703125,0.0068359375,-31.06689453125,7.32421875,5.79833984375,-2.6380445957183842,81.62030792236328,-23.4208984375
-0.128662109375,0.993896484375,-0.001220703125,-22.15576171875,6.34765625,16.9677734375,-2.875492811203003,81.03509521484375,-23.087299346923828
-0.135986328125,1.0087890625,-0.004150390625,-15.7470703125,8.11767578125,20.99609375,-3.236881732940674,80.72821807861328,-22.65555191040039
-0.11376953125,1.039306640625,-0.005859375,-11.962890625,5.126953125,18.4326171875,-3.5563406944274902,80.59456634521484,-22.357629776000977
-0.098876953125,1.041259765625,0.02197265625,-10.986328125,1.52587890625,10.07080078125,-3.588581323623657,80.45691680908203,-22.25305938720703
-0.079345703125,1.060546875,0.000244140625,-13.12255859375,-5.67626953125,3.7841796875,-3.4644346237182617,80.30706024169922,-22.476865768432614
-0.073974609375,1.043212890625,0.00244140625,-16.78466796875,-10.8642578125,-0.91552734375,-3.204672574996948,80.0250244140625,-22.93595695495605
-0.70556640625,2.211669921875,0.5,49.1943359375,27.9541015625,10.3759765625,-2.6454968452453613,81.81159973144531,-21.749244689941406
0.05224609375,0.669921875,0.132568359375,-18.06640625,6.8359375,39.61181640625,-4.235675811767578,80.92401885986328,-21.238353729248047
-0.16259765625,0.703857421875,0.097412109375,-31.1279296875,5.79833984375,35.7666015625,-4.933680057525635,79.6744613647461,-20.78376007080078
-0.0751953125,0.8232421875,-0.06591796875,-17.822265625,-9.82666015625,20.44677734375,-5.675637245178223,79.72367095947266,-21.92545318603516
-0.01318359375,0.875,-0.041259765625,-15.5029296875,-5.55419921875,57.861328125,-7.730752944946289,79.58123779296875,-21.785667419433594
0.52783203125,-0.387939453125,0.8017578125,-17.333984375,-20.08056640625,22.03369140625,-9.963584899902344,77.0681381225586,-22.11517143249512
0.3408203125,0.75048828125,0.310302734375,15.7470703125,-33.935546875,-2.38037109375,-10.671064376831056,77.57508087158203,-23.419849395751953
0.107177734375,1.037109375,0.06787109375,-7.75146484375,-20.8740234375,4.82177734375,-10.847190856933594,77.74614715576172,-24.27183532714844
-0.068603515625,0.9052734375,-0.175048828125,-13.36669921875,-5.43212890625,2.44140625,-10.42611598968506,78.14575958251953,-24.637414932250977
0.063720703125,0.89208984375,-0.078857421875,-14.22119140625,-5.615234375,4.150390625,-10.396997451782227,78.26954650878906,-24.94734764099121
0.017333984375,1.044189453125,-0.055908203125,-5.06591796875,-4.5166015625,2.0751953125,-10.15151596069336,78.673095703125,-25.21531867980957
0.01904296875,0.95947265625,-0.0537109375,-9.82666015625,-5.18798828125,2.8076171875,-9.955671310424805,78.87820434570312,-25.50102996826172
-0.01123046875,0.974609375,-0.056396484375,-8.544921875,-5.126953125,1.64794921875,-9.650516510009766,79.13058471679688,-25.790861129760746
0.0107421875,0.993408203125,-0.0576171875,-8.97216796875,-5.18798828125,2.3193359375,-9.432448387145996,79.3546371459961,-26.073787689208984
0.011962890625,0.96875,-0.0498046875,-9.8876953125,-5.31005859375,2.13623046875,-9.21835708618164,79.5185546875,-26.35739517211914
0.00927734375,0.99658203125,-0.062255859375,-8.97216796875,-4.94384765625,2.44140625,-9.015034675598145,79.7337417602539,-26.62529754638672
0.007080078125,0.994140625,-0.077880859375,-8.30078125,-5.43212890625,2.50244140625,-8.82056999206543,80.00481414794922,-26.91481208801269
0.008056640625,0.993896484375,-0.069580078125,-8.6669921875,-5.06591796875,2.685546875,-8.638550758361816,80.22887420654297,-27.1826286315918
-0.003173828125,0.9912109375,-0.072265625,-9.1552734375,-5.0048828125,2.50244140625,-8.429821968078612,80.43011474609375,-27.44766044616699
0.00439453125,0.982177734375,-0.06201171875,-7.2021484375,-4.2724609375,2.0751953125,-8.223026275634767,80.67503356933594,-27.68013000488281
-0.0029296875,0.96630859375,-0.068359375,-9.27734375,-5.126953125,2.5634765625,-8.031651496887207,80.84801483154297,-27.943328857421875
-0.00634765625,0.978271484375,-0.066162109375,-8.30078125,-4.69970703125,2.13623046875,-7.819349765777588,81.0434799194336,-28.18873786926269
0.00341796875,0.9833984375,-0.05224609375,-8.1787109375,-4.82177734375,2.25830078125,-7.641429424285889,81.20346069335938,-28.431215286254886
0.00048828125,0.984619140625,-0.06591796875,-8.1787109375,-5.31005859375,2.13623046875,-7.461892127990723,81.39006042480469,-28.69596099853516
-0.007568359375,0.97998046875,-0.065673828125,-8.60595703125,-4.2724609375,1.5869140625,-7.242380619049072,81.54667663574219,-28.92038917541504
0.00537109375,0.986572265625,-0.054443359375,-9.1552734375,-5.126953125,2.62451171875,-7.10554313659668,81.6514892578125,-29.16713905334473
0.01025390625,0.986328125,-0.05322265625,-9.33837890625,-5.2490234375,2.44140625,-6.978140354156494,81.7422866821289,-29.418027877807614
0.00439453125,0.9853515625,-0.065673828125,-8.97216796875,-5.31005859375,1.89208984375,-6.821169376373291,81.87269592285156,-29.676597595214844
-0.001953125,0.984619140625,-0.059814453125,-8.6669921875,-4.94384765625,2.38037109375,-6.67217493057251,81.99427032470703,-29.914594650268555
0.00634765625,0.98095703125,-0.063232421875,-7.75146484375,-5.0048828125,2.13623046875,-6.538285732269287,82.15584564208984,-30.155689239501953
0.00830078125,0.984130859375,-0.04931640625,-8.85009765625,-4.94384765625,1.953125,-6.405275344848633,82.23423767089844,-30.39019203186035
-0.004638671875,0.984619140625,-0.07568359375,-8.97216796875,-5.0048828125,2.62451171875,-6.275560855865479,82.3639907836914,-30.629093170166016
-0.01025390625,0.985107421875,-0.055908203125,-8.23974609375,-4.638671875,2.25830078125,-6.120203971862793,82.47097778320312,-30.8489990234375
0.01416015625,0.977294921875,-0.060546875,-8.48388671875,-5.126953125,2.50244140625,-6.038974285125732,82.57709503173828,-31.08681869506836
-0.008056640625,0.970703125,-0.06201171875,-8.7890625,-5.2490234375,1.8310546875,-5.883255481719972,82.67162322998047,-31.332616806030273
0.0078125,0.980712890625,-0.062255859375,-8.6669921875,-5.06591796875,1.953125,-5.7737650871276855,82.76505279541016,-31.56887245178223
0.001708984375,0.970703125,-0.061279296875,-8.48388671875,-5.06591796875,2.3193359375,-5.668630599975586,82.86072540283203,-31.802227020263672
-0.0078125,0.988037109375,-0.06103515625,-9.033203125,-5.37109375,2.25830078125,-5.544442653656006,82.92843627929688,-32.046844482421875
-0.00634765625,0.988037109375,-0.056884765625,-8.544921875,-5.37109375,1.953125,-5.415884494781494,83.00318908691406,-32.29091644287109
0.0009765625,0.9775390625,-0.063720703125,-8.7890625,-4.8828125,2.3193359375,-5.3212714195251465,83.07984161376953,-32.51425170898437
0.003173828125,0.9814453125,-0.060546875,-8.30078125,-5.06591796875,2.25830078125,-5.233376979827881,83.16553497314453,-32.74358367919922
0.001708984375,0.9736328125,-0.079345703125,-7.9345703125,-5.06591796875,2.13623046875,-5.141042709350586,83.3065185546875,-32.97670745849609
-0.000244140625,0.979248046875,-0.048828125,-8.9111328125,-5.18798828125,2.3193359375,-5.054099082946777,83.33203887939453,-33.20661163330078
0.0078125,0.98193359375,-0.06787109375,-8.23974609375,-5.126953125,1.77001953125,-4.967475414276123,83.42626953125,-33.43964385986328
0.01123046875,0.9931640625,-0.065185546875,-8.48388671875,-5.2490234375,2.0751953125,-4.903976917266847,83.49922943115234,-33.674697875976555
-0.003173828125,0.98291015625,-0.077880859375,-8.23974609375,-5.0048828125,2.50244140625,-4.826105117797852,83.6082992553711,-33.900230407714844
-0.000732421875,0.984375,-0.069091796875,-9.033203125,-4.638671875,2.5634765625,-4.757092475891113,83.65960693359375,-34.10845947265625
-0.00537109375,0.98486328125,-0.06494140625,-8.11767578125,-5.06591796875,2.197265625,-4.667060852050781,83.73722076416016,-34.333953857421875
0.003173828125,0.985595703125,-0.053955078125,-8.72802734375,-5.126953125,2.50244140625,-4.611959934234619,83.76204681396484,-34.557769775390625
0.002197265625,0.979736328125,-0.062744140625,-8.60595703125,-5.37109375,2.197265625,-4.545859336853027,83.81231689453125,-34.79390335083008
-0.003662109375,0.985595703125,-0.05419921875,-8.60595703125,-4.57763671875,2.5634765625,-4.479676246643066,83.83737182617188,-34.994747161865234
0.002197265625,0.970947265625,-0.051025390625,-8.11767578125,-4.94384765625,2.44140625,-4.426102638244629,83.87643432617188,-35.20977783203125
-0.002197265625,0.975830078125,-0.065673828125,-8.11767578125,-4.69970703125,2.3193359375,-4.358797550201416,83.94619750976562,-35.417762756347656
0.000244140625,0.985107421875,-0.05419921875,-9.033203125,-5.2490234375,1.46484375,-4.267639636993408,83.95064544677734,-35.64852905273437
-0.00830078125,0.986572265625,-0.067626953125,-8.72802734375,-5.37109375,1.89208984375,-4.178194046020509,83.99738311767578,-35.88410949707031
-0.01220703125,0.976806640625,-0.067626953125,-8.30078125,-5.126953125,2.197265625,-4.093947410583496,84.05973052978516,-36.10816192626953
-0.00732421875,0.973876953125,-0.04541015625,-9.033203125,-5.0048828125,2.01416015625,-4.0158023834228525,84.03892517089844,-36.32380676269531
-0.002685546875,0.97119140625,-0.06298828125,-9.58251953125,-5.0048828125,2.50244140625,-3.9713544845581055,84.03760528564453,-36.53986358642578
0.013916015625,0.98095703125,-0.06787109375,-8.7890625,-5.37109375,2.86865234375,-3.983003854751587,84.0785903930664,-36.76930618286133
-0.01171875,0.9765625,-0.062744140625,-9.3994140625,-5.0048828125,2.44140625,-3.916371583938599,84.08151245117188,-36.985328674316406
-0.000732421875,0.983154296875,-0.068115234375,-8.1787109375,-4.5166015625,2.50244140625,-3.878284692764282,84.14289855957031,-37.18184661865234
0.001953125,0.984130859375,-0.07177734375,-9.033203125,-5.0048828125,2.197265625,-3.8376002311706543,84.17716217041016,-37.39929580688477
0.00634765625,0.974365234375,-0.066162109375,-8.056640625,-5.0048828125,2.3193359375,-3.813297510147095,84.2376708984375,-37.61515808105469
