-0.1953125,1.0478515625,-0.109619140625,-14.58740234375,-10.8642578125,2.197265625,-3.618980407714844,81.15660095214844,-41.42877960205078
-0.256591796875,0.9921875,0.071533203125,-5.126953125,5.9814453125,6.9580078125,-3.1514041423797607,81.10256958007812,-41.1630973815918
0.16552734375,0.853271484375,0.149169921875,-13.36669921875,-0.1220703125,-0.1220703125,-3.450267553329468,80.51337432861328,-41.16307830810547
0.0556640625,1.246337890625,-0.0517578125,4.39453125,-6.2255859375,40.46630859375,-16.618232727050778,79.64822387695312,-42.61394500732422
0.060546875,1.194091796875,-0.039306640625,-17.333984375,-0.6103515625,65.85693359375,-18.67776298522949,79.30113220214844,-42.28799819946289
0.05810546875,1.204345703125,-0.02490234375,-22.03369140625,6.4697265625,81.23779296875,-21.198217391967773,78.58606719970703,-41.5279655456543
0.070068359375,1.083984375,0.002197265625,-0.732421875,9.70458984375,76.72119140625,-23.537656784057614,78.65648651123047,-40.65813064575195
0.146728515625,1.016845703125,-0.020263671875,18.98193359375,8.36181640625,58.837890625,-25.19390106201172,79.5820541381836,-40.02344512939453
0.217529296875,1.011474609375,-0.03125,10.3759765625,9.8876953125,50.84228515625,-26.62288475036621,80.13887023925781,-39.41558456420898
0.229248046875,1.046630859375,-0.024169921875,-0.8544921875,10.3759765625,51.3916015625,-28.025299072265625,80.18104553222656,-38.780418395996094
0.26513671875,0.99755859375,-0.019287109375,-8.7890625,8.4228515625,81.0546875,-30.64605140686035,79.78826141357422,-37.98762512207031
0.26708984375,0.9658203125,-0.04833984375,-11.71875,5.4931640625,87.7685546875,-33.47457504272461,79.35566711425781,-37.29328155517578
0.29736328125,0.941162109375,-0.0244140625,-21.3623046875,9.70458984375,83.55712890625,-36.065521240234375,78.3281478881836,-36.36271667480469
0.29833984375,0.88720703125,-0.01171875,-26.55029296875,15.93017578125,71.59423828125,-38.06063461303711,76.901611328125,-35.17047882080078
0.38525390625,0.858642578125,0.014404296875,-19.287109375,17.7001953125,56.2744140625,-39.55199813842773,75.69292449951172,-33.956024169921875
0.369140625,0.8720703125,0.043701171875,-4.39453125,22.64404296875,50.47607421875,-40.64139175415039,74.8731689453125,-32.489532470703125
0.42578125,0.892578125,0.047119140625,1.64794921875,15.5029296875,57.92236328125,-42.13345718383789,74.42533111572266,-31.25104331970215
0.44873046875,0.850830078125,0.028564453125,-11.71875,16.29638671875,67.0166015625,-43.98899841308594,73.30728149414062,-29.818151473999023
0.45849609375,0.7802734375,-0.0048828125,-27.34375,18.85986328125,76.5380859375,-46.19121170043945,71.3603286743164,-28.06362533569336
0.415283203125,0.820556640625,0.0341796875,-33.99658203125,27.587890625,70.00732421875,-47.74454116821289,68.69039916992189,-25.76379776000977
0.437255859375,0.838134765625,0.070556640625,-27.52685546875,29.9072265625,60.97412109375,-48.80781173706055,66.153564453125,-23.35078430175781
0.512451171875,0.764404296875,0.1181640625,-16.54052734375,23.3154296875,54.19921875,-49.82567977905274,64.18857574462889,-21.22937774658203
0.578369140625,0.69970703125,0.1025390625,-16.17431640625,13.7939453125,54.3212890625,-51.15384292602539,62.57473754882813,-19.559654235839844
0.59716796875,0.670166015625,0.081787109375,-18.4326171875,14.892578125,58.53271484375,-52.62044906616211,60.69611358642578,-17.660289764404297
0.534912109375,0.74267578125,0.113037109375,-25.5126953125,15.56396484375,60.36376953125,-53.80094528198242,58.40187454223633,-15.598234176635742
0.53125,0.80859375,0.12890625,-18.37158203125,17.51708984375,66.83349609375,-54.97278594970703,56.06919860839844,-13.127298355102539
0.56787109375,0.6787109375,0.127685546875,-2.0751953125,16.05224609375,72.509765625,-56.47636032104492,53.98489379882813,-10.252237319946287
0.621337890625,0.63671875,0.105224609375,1.89208984375,13.97705078125,71.10595703125,-58.06208038330078,51.989501953125,-7.352116584777832
0.665771484375,0.66162109375,0.114501953125,-15.869140625,15.625,62.80517578125,-59.2399787902832,49.39196014404297,-4.603096961975098
0.62744140625,0.677001953125,0.1279296875,-30.21240234375,18.37158203125,62.3779296875,-60.12181854248047,46.03256225585938,-1.629793643951416
0.6484375,0.70166015625,0.15185546875,-30.70068359375,19.47021484375,69.9462890625,-61.06450653076172,42.04093933105469,2.0290069580078125
0.686767578125,0.604736328125,0.16796875,-15.2587890625,12.6953125,72.1435546875,-62.21561813354492,38.4471435546875,5.8569583892822275
0.744873046875,0.55859375,0.173583984375,-7.8125,6.591796875,64.75830078125,-63.35707473754883,35.49554443359375,9.224407196044922
0.736328125,0.56396484375,0.142578125,-9.033203125,3.662109375,54.87060546875,-64.26079559326172,33.38421630859375,11.62913703918457
0.74169921875,0.59716796875,0.12744140625,-19.10400390625,5.43212890625,51.57470703125,-65.00055694580078,31.03460121154785,13.86052131652832
0.721923828125,0.584228515625,0.16259765625,-23.37646484375,9.3994140625,53.03955078125,-65.49051666259766,28.071765899658203,16.557613372802734
0.724853515625,0.59814453125,0.197509765625,-20.751953125,9.033203125,55.11474609375,-65.90068054199219,25.04948234558105,19.439716339111328
0.7490234375,0.552734375,0.18017578125,-13.5498046875,0.67138671875,59.14306640625,-66.67558288574219,22.03980827331543,22.584535598754886
0.76171875,0.503173828125,0.177490234375,-12.75634765625,-3.2958984375,59.14306640625,-67.55618286132811,18.85650062561035,25.904312133789066
0.75244140625,0.501708984375,0.163818359375,-17.08984375,-2.13623046875,55.17578125,-68.32649230957031,15.808319091796875,28.89200592041016
0.792236328125,0.5185546875,0.180908203125,-23.3154296875,0.6103515625,49.072265625,-68.78025817871094,12.881146430969238,31.459674835205078
0.787841796875,0.526123046875,0.18359375,-21.8505859375,0.18310546875,47.119140625,-69.16368103027344,10.26288890838623,33.762405395507805
0.803955078125,0.50341796875,0.20556640625,-18.24951171875,-0.732421875,50.10986328125,-69.58833312988281,7.285709857940674,36.578861236572266
0.807861328125,0.446044921875,0.19580078125,-12.87841796875,-2.86865234375,48.76708984375,-70.00144958496094,4.3904385566711435,39.49678802490234
0.822265625,0.458251953125,0.161376953125,-16.29638671875,-1.15966796875,45.654296875,-70.3643798828125,1.7540969848632812,41.99778366088867
0.82080078125,0.447265625,0.206787109375,-21.728515625,2.8076171875,40.83251953125,-70.41258239746094,-0.5641050338745117,43.92175674438477
0.834716796875,0.482666015625,0.220703125,-25.390625,-1.0986328125,37.9638671875,-70.5786361694336,-2.553487062454224,45.35480499267578
0.828369140625,0.447509765625,0.21826171875,-21.54541015625,-6.8359375,43.27392578125,-70.92906951904297,-5.200313091278076,47.63342666625977
0.829833984375,0.447509765625,0.16064453125,-15.869140625,-9.33837890625,46.9970703125,-71.4610366821289,-8.23744010925293,50.55071640014648
0.84912109375,0.397216796875,0.16162109375,-22.5830078125,-4.39453125,49.86572265625,-71.6898422241211,-12.076284408569336,53.99978256225586
0.88720703125,0.363525390625,0.2041015625,-30.76171875,1.89208984375,49.25537109375,-71.51788330078125,-16.160087585449222,57.33424377441406
0.849365234375,0.370849609375,0.22021484375,-29.35791015625,4.7607421875,39.0625,-71.22367095947266,-18.597211837768555,58.9961929321289
0.872802734375,0.3955078125,0.20947265625,-19.6533203125,1.3427734375,33.0810546875,-71.21469116210938,-19.835071563720703,59.81936645507813
0.86376953125,0.36865234375,0.19970703125,-17.333984375,0.48828125,34.48486328125,-71.21548461914062,-21.275218963623047,60.94189453125
0.887451171875,0.34228515625,0.2080078125,-22.27783203125,0.8544921875,37.65869140625,-71.16862487792969,-23.338327407836914,62.50447082519531
0.88525390625,0.355712890625,0.22021484375,-35.64453125,1.0986328125,40.71044921875,-70.97749328613281,-26.102941513061523,64.25602722167969
0.894287109375,0.36572265625,0.2568359375,-33.69140625,-1.15966796875,41.9921875,-70.75983428955078,-28.78441429138184,66.01972198486328
0.8759765625,0.332275390625,0.23779296875,-25.93994140625,-1.8310546875,40.0390625,-70.58782196044922,-31.00844764709473,67.61519622802734
0.89013671875,0.30419921875,0.2138671875,-17.578125,-2.74658203125,35.94970703125,-70.54753875732422,-32.73595428466797,69.01025390625
0.909423828125,0.2783203125,0.195556640625,-22.8271484375,-1.52587890625,34.97314453125,-70.48855590820312,-34.676258087158196,70.38388061523438
0.920166015625,0.266845703125,0.252685546875,-29.47998046875,-0.1220703125,32.3486328125,-70.33274078369139,-36.21549987792969,71.0750961303711
0.90576171875,0.322998046875,0.27587890625,-33.14208984375,-2.685546875,30.45654296875,-70.30046081542969,-37.57769775390625,71.45728302001953
0.92041015625,0.294677734375,0.26513671875,-25.08544921875,-5.06591796875,32.8369140625,-70.27090454101561,-39.1556510925293,72.38851165771484
0.90283203125,0.2548828125,0.230224609375,-17.7001953125,-5.0048828125,30.8837890625,-70.27663421630861,-40.46553039550781,73.31841278076172
0.908935546875,0.247802734375,0.214599609375,-17.822265625,-2.5634765625,28.50341796875,-70.30435943603516,-41.47732543945313,73.91064453125
0.916748046875,0.21533203125,0.242431640625,-23.98681640625,-1.8310546875,24.71923828125,-70.31615447998047,-42.37603378295898,74.11437225341797
0.928466796875,0.249755859375,0.23681640625,-25.0244140625,-2.62451171875,21.728515625,-70.45943450927734,-42.98738098144531,73.98291015625
0.8935546875,0.242431640625,0.25146484375,-18.06640625,-5.06591796875,20.1416015625,-70.69550323486328,-43.24700927734375,73.78424835205078
0.890380859375,0.246337890625,0.25927734375,-13.18359375,-6.65283203125,18.798828125,-70.99466705322266,-43.254661560058594,73.52887725830078
0.912353515625,0.214111328125,0.24560546875,-13.671875,-6.89697265625,20.32470703125,-71.25979614257812,-43.779258728027344,73.76085662841797
0.916748046875,0.19287109375,0.24658203125,-16.2353515625,-7.6904296875,19.04296875,-71.51280975341797,-44.38557052612305,73.96463775634766
0.936279296875,0.16650390625,0.23046875,-16.05224609375,-7.26318359375,13.73291015625,-71.88152313232422,-44.71635818481445,73.8600082397461
0.948486328125,0.201904296875,0.23828125,-14.34326171875,-6.4697265625,9.3994140625,-72.38875579833984,-44.18739700317383,72.94835662841797
0.929931640625,0.248046875,0.248046875,-12.451171875,-5.7373046875,8.7890625,-72.89519500732422,-43.22233963012695,71.67046356201172
0.9423828125,0.223876953125,0.237548828125,-14.0380859375,-7.9345703125,13.916015625,-73.29122161865234,-43.226558685302734,71.32042694091797
0.9130859375,0.200927734375,0.22900390625,-15.625,-6.89697265625,15.93017578125,-73.60839080810547,-43.55571746826172,71.22579193115234
0.955078125,0.1796875,0.235595703125,-15.7470703125,-5.859375,13.73291015625,-73.87026977539062,-43.67339324951172,70.89044952392578
0.947998046875,0.181396484375,0.253173828125,-16.7236328125,-4.69970703125,12.6953125,-74.09059143066406,-43.475059509277344,70.18895721435547
0.94091796875,0.186767578125,0.261474609375,-15.31982421875,-2.685546875,8.7890625,-74.34811401367188,-42.38379669189453,68.62562561035156
0.921630859375,0.216552734375,0.27197265625,-13.916015625,-3.11279296875,9.58251953125,-74.59081268310547,-41.18677520751953,67.01875305175781
0.9345703125,0.22314453125,0.25634765625,-12.939453125,-6.77490234375,15.07568359375,-74.82242584228516,-41.03248596191406,66.53227996826172
0.9296875,0.1982421875,0.23974609375,-14.5263671875,-8.056640625,21.05712890625,-74.92574310302734,-42.29389572143555,67.41561126708984
0.951416015625,0.1494140625,0.2421875,-17.51708984375,-7.26318359375,18.85986328125,-74.98770141601562,-43.36156845092773,67.96759033203125
0.943603515625,0.12939453125,0.24755859375,-15.9912109375,-6.65283203125,12.20703125,-75.16581726074219,-43.59117126464844,67.70933532714844
0.95849609375,0.14599609375,0.243408203125,-12.39013671875,-3.173828125,7.01904296875,-75.46377563476562,-42.62387466430664,66.36004638671875
0.94921875,0.189697265625,0.251953125,-10.1318359375,-1.28173828125,3.7841796875,-75.76045989990234,-40.58645629882813,64.00895690917969
0.938232421875,0.18212890625,0.255126953125,-10.1318359375,-2.25830078125,8.36181640625,-75.9291000366211,-39.24077987670898,62.36769104003906
0.95654296875,0.158447265625,0.273681640625,-10.80322265625,-6.591796875,13.73291015625,-76.0572280883789,-39.390625,62.23342895507813
0.94580078125,0.159423828125,0.254638671875,-14.09912109375,-7.9345703125,11.23046875,-76.2784423828125,-39.38269424438477,61.80817413330078
0.957763671875,0.137451171875,0.24951171875,-14.09912109375,-5.9814453125,6.8359375,-76.52188873291016,-38.77827453613281,60.75181579589844
0.933349609375,0.16015625,0.250732421875,-13.12255859375,-2.74658203125,5.615234375,-76.75983428955078,-37.40201950073242,58.9412841796875
0.920654296875,0.181396484375,0.25439453125,-11.53564453125,-3.23486328125,8.1787109375,-76.90008544921875,-36.0991325378418,57.27794647216797
0.937255859375,0.159423828125,0.2451171875,-11.90185546875,-6.9580078125,13.7939453125,-77.01110076904297,-36.351173400878906,57.19426727294922
0.947509765625,0.1494140625,0.248291015625,-13.427734375,-8.7890625,17.15087890625,-77.06694030761719,-37.64309692382813,58.10895538330078
0.963134765625,0.1220703125,0.23583984375,-16.9677734375,-5.9814453125,11.71875,-77.16600036621094,-38.06742858886719,57.97645568847656
0.959716796875,0.1103515625,0.240478515625,-13.36669921875,-3.173828125,4.45556640625,-77.32183074951172,-36.98652267456055,56.43311309814453
0.947509765625,0.125244140625,0.2431640625,-11.1083984375,0.30517578125,-1.708984375,-77.48600006103516,-34.25718307495117,53.28291320800781
0.93310546875,0.157470703125,0.266845703125,-7.14111328125,-0.06103515625,-1.708984375,-77.63094329833984,-31.00314712524414,49.76304244995117
0.948974609375,0.16015625,0.2470703125,-9.27734375,-4.94384765625,4.82177734375,-77.8193359375,-29.59160423278809,48.054664611816406
0.95703125,0.135986328125,0.247802734375,-11.8408203125,-6.9580078125,8.1787109375,-77.96880340576172,-29.600439071655273,47.68672561645508
0.953125,0.091552734375,0.23779296875,-12.3291015625,-4.150390625,5.615234375,-78.04674530029297,-29.104717254638672,46.764366149902344
0.948974609375,0.125244140625,0.240234375,-12.20703125,-0.91552734375,0.18310546875,-78.135986328125,-26.953147888183594,44.14657974243164
0.933349609375,0.1513671875,0.253173828125,-9.46044921875,0.8544921875,-3.173828125,-78.17945098876953,-23.231618881225586,40.03654479980469
0.94287109375,0.1796875,0.286865234375,-5.79833984375,-2.0751953125,1.03759765625,-78.19499969482422,-20.481319427490234,37.07458114624024
0.947021484375,0.141845703125,0.249755859375,-9.94873046875,-6.65283203125,6.28662109375,-78.33020782470703,-19.8703556060791,36.13847351074219
0.932861328125,0.150146484375,0.25048828125,-11.3525390625,-8.36181640625,10.25390625,-78.48599243164062,-20.245588302612305,36.16437149047852
0.9677734375,0.139892578125,0.2529296875,-12.14599609375,-5.43212890625,8.11767578125,-78.544921875,-20.044504165649414,35.5556526184082
0.96484375,0.1298828125,0.266845703125,-12.8173828125,-3.84521484375,5.92041015625,-78.53942108154297,-19.375368118286133,34.43027877807617
0.9619140625,0.138671875,0.267822265625,-13.18359375,-2.50244140625,5.0048828125,-78.47238159179688,-18.28592300415039,32.858158111572266
0.94677734375,0.140380859375,0.283447265625,-10.19287109375,-5.37109375,4.94384765625,-78.49439239501953,-17.280143737792972,31.497039794921875
0.942138671875,0.13037109375,0.24609375,-12.5732421875,-8.4228515625,8.60595703125,-78.6432876586914,-17.55308723449707,31.357704162597656
0.964111328125,0.123046875,0.2412109375,-13.18359375,-8.23974609375,8.72802734375,-78.80006408691406,-18.002729415893555,31.37131118774414
0.961669921875,0.097900390625,0.240966796875,-12.939453125,-4.150390625,5.31005859375,-78.82386016845703,-17.73846435546875,30.64155578613281
0.942626953125,0.115966796875,0.231689453125,-11.65771484375,-1.40380859375,1.89208984375,-78.80839538574219,-16.310382843017578,28.764949798583984
0.945068359375,0.108642578125,0.235595703125,-10.80322265625,0.244140625,0.244140625,-78.70751190185547,-14.338815689086914,26.37694549560547
0.94677734375,0.127197265625,0.27880859375,-9.27734375,-0.67138671875,2.62451171875,-78.56127166748047,-12.870664596557615,24.55535125732422
0.9453125,0.13671875,0.2861328125,-9.46044921875,-5.79833984375,6.89697265625,-78.55254364013672,-12.492748260498047,23.861412048339844
0.96337890625,0.123046875,0.27294921875,-11.8408203125,-9.521484375,10.1318359375,-78.69795989990234,-13.411768913269045,24.40557098388672
0.955078125,0.12353515625,0.259033203125,-11.65771484375,-6.34765625,6.2255859375,-78.76141357421875,-13.211942672729492,23.80080795288086
0.946044921875,0.117919921875,0.240478515625,-10.07080078125,-2.197265625,2.86865234375,-78.73153686523438,-12.132243156433105,22.34355926513672
0.942138671875,0.11474609375,0.26025390625,-7.8125,-1.220703125,2.5634765625,-78.60977935791016,-10.715680122375488,20.632266998291016
0.9521484375,0.092041015625,0.27392578125,-10.55908203125,-4.45556640625,5.92041015625,-78.56356048583984,-10.776185989379883,20.323524475097656
0.9501953125,0.116455078125,0.266845703125,-11.65771484375,-7.01904296875,6.4697265625,-78.62991333007812,-10.81037139892578,19.955097198486328
0.96044921875,0.105712890625,0.2724609375,-10.19287109375,-8.056640625,6.65283203125,-78.73959350585938,-11.00464153289795,19.80804252624512
0.96630859375,0.11376953125,0.257080078125,-10.25390625,-6.7138671875,4.0283203125,-78.83060455322266,-10.512263298034668,18.948949813842773
0.95654296875,0.1162109375,0.23193359375,-9.94873046875,-4.57763671875,2.99072265625,-78.89322662353516,-9.702523231506348,17.771751403808594
0.95458984375,0.102783203125,0.2421875,-9.3994140625,-4.39453125,4.45556640625,-78.9173812866211,-9.505379676818848,17.23928451538086
0.95654296875,0.10498046875,0.2470703125,-10.498046875,-5.43212890625,3.84521484375,-78.96517944335938,-9.076505661010742,16.428077697753903
0.96142578125,0.1025390625,0.262451171875,-8.23974609375,-5.79833984375,2.685546875,-79.00051879882812,-8.342316627502441,15.390968322753904
0.95068359375,0.1015625,0.266357421875,-8.544921875,-4.57763671875,1.40380859375,-78.98588562011719,-7.304830074310303,14.025716781616213
0.947021484375,0.11474609375,0.28564453125,-10.31494140625,-3.23486328125,0.9765625,-78.88008117675781,-6.075945854187013,12.392980575561525
0.94873046875,0.13818359375,0.27880859375,-9.46044921875,-3.96728515625,3.11279296875,-78.81192016601562,-5.087820529937744,11.051733016967773
0.949951171875,0.0966796875,0.2607421875,-10.92529296875,-6.2255859375,5.79833984375,-78.87055969238281,-5.23260498046875,10.811227798461914
0.959716796875,0.103271484375,0.2548828125,-11.3525390625,-6.591796875,5.2490234375,-78.93467712402344,-5.34345006942749,10.51614761352539
0.943115234375,0.092529296875,0.24462890625,-10.009765625,-5.06591796875,3.41796875,-78.95728302001953,-5.079452037811278,9.883308410644533
0.9443359375,0.11767578125,0.245361328125,-9.765625,-2.9296875,1.5869140625,-78.87577819824219,-4.3925628662109375,8.820375442504883
0.948486328125,0.091064453125,0.251953125,-10.43701171875,-1.953125,0.9765625,-78.78019714355469,-3.627649307250977,7.648277282714844
0.945556640625,0.10400390625,0.259521484375,-8.11767578125,-2.86865234375,1.3427734375,-78.70291137695312,-2.7412235736846924,6.449230194091798
0.9560546875,0.11962890625,0.262939453125,-8.4228515625,-4.2724609375,2.62451171875,-78.72006225585938,-2.0640108585357666,5.4665117263793945
0.978271484375,0.10546875,0.271484375,-10.009765625,-5.55419921875,2.9296875,-78.73030090332031,-1.7138556241989136,4.742941856384277
0.963623046875,0.092041015625,0.263916015625,-10.8642578125,-4.82177734375,2.01416015625,-78.71990203857422,-1.3553942441940308,3.9704885482788086
0.97265625,0.09912109375,0.253662109375,-10.19287109375,-2.99072265625,0.79345703125,-78.64810943603516,-0.4759290814399719,2.69387149810791
0.92724609375,0.115234375,0.275146484375,-8.97216796875,-2.99072265625,-1.03759765625,-78.52721405029297,0.874599814414978,0.9794940948486328
0.953369140625,0.133056640625,0.276611328125,-7.9345703125,-5.06591796875,2.8076171875,-78.496826171875,1.5622169971466064,-0.002358436584472656
0.940185546875,0.11669921875,0.2509765625,-9.33837890625,-7.4462890625,7.26318359375,-78.65170288085938,0.7504338026046753,0.4748687744140625
0.944580078125,0.078125,0.232666015625,-12.3291015625,-6.103515625,8.1787109375,-78.74090576171875,-0.5287134051322937,1.3296451568603516
0.961669921875,0.073486328125,0.23193359375,-12.20703125,-3.173828125,5.18798828125,-78.72923278808594,-1.181153416633606,1.5398969650268557
0.955078125,0.072021484375,0.24072265625,-11.1083984375,-1.03759765625,1.89208984375,-78.59092712402344,-0.4386247992515564,0.3660964965820313
0.95703125,0.10986328125,0.297119140625,-10.68115234375,-0.06103515625,-2.01416015625,-78.33885192871094,0.9111265540122986,-1.4209070205688477
0.96435546875,0.1103515625,0.282470703125,-9.21630859375,-4.21142578125,0.244140625,-78.2771224975586,1.7694100141525269,-2.6411890983581543
0.943603515625,0.096923828125,0.27587890625,-8.6669921875,-6.65283203125,2.5634765625,-78.3150405883789,2.0129039287567143,-3.210285186767578
0.953125,0.1201171875,0.250732421875,-10.80322265625,-5.31005859375,2.5634765625,-78.35116577148438,2.44409728050232,-4.049714088439941
0.953857421875,0.11328125,0.241455078125,-10.68115234375,-2.5634765625,1.5869140625,-78.30229949951172,2.9655089378356934,-4.980917930603027
0.9560546875,0.11376953125,0.269287109375,-10.25390625,-2.62451171875,1.3427734375,-78.18855285644531,3.4449355602264404,-5.837169647216798
0.958984375,0.114990234375,0.29541015625,-9.8876953125,-5.0048828125,3.5400390625,-78.13257598876953,3.5304961204528813,-6.287291526794434
0.980224609375,0.095458984375,0.260498046875,-10.6201171875,-7.26318359375,5.126953125,-78.2478256225586,3.073887348175049,-6.213920593261719
0.965576171875,0.092041015625,0.238037109375,-10.6201171875,-7.75146484375,4.69970703125,-78.34333801269531,2.6024577617645264,-6.1188721656799325
0.955322265625,0.08251953125,0.229248046875,-10.1318359375,-4.94384765625,1.953125,-78.41072845458984,2.725650787353516,-6.628553867340088
0.947021484375,0.077392578125,0.24560546875,-10.55908203125,-2.197265625,-0.732421875,-78.33218383789062,3.2896111011505127,-7.614367485046388
0.941162109375,0.10205078125,0.276611328125,-7.50732421875,-1.28173828125,-2.74658203125,-78.15508270263672,4.884690761566162,-9.454038619995117
0.95263671875,0.122802734375,0.282958984375,-6.34765625,-4.21142578125,0.67138671875,-78.07861328125,5.721754550933838,-10.537707328796387
0.967529296875,0.102783203125,0.264892578125,-8.4228515625,-7.75146484375,2.99072265625,-78.18962097167969,5.824639320373535,-10.956378936767578
0.93896484375,0.109375,0.25341796875,-11.41357421875,-6.7138671875,5.18798828125,-78.30187225341797,5.43888521194458,-10.989053726196287
0.94775390625,0.095458984375,0.253173828125,-11.3525390625,-3.96728515625,2.3193359375,-78.27777862548828,5.450665473937988,-11.433045387268065
0.955810546875,0.1025390625,0.239990234375,-10.68115234375,-1.953125,1.40380859375,-78.20745849609375,5.72950553894043,-12.122578620910645
0.932861328125,0.12060546875,0.258056640625,-9.33837890625,-2.38037109375,1.64794921875,-78.13382720947266,6.03339958190918,-12.724934577941895
0.93994140625,0.09912109375,0.28369140625,-6.8359375,-3.41796875,2.50244140625,-78.02926635742188,6.144182205200195,-13.087584495544435
0.950439453125,0.099853515625,0.279296875,-8.6669921875,-5.126953125,2.13623046875,-78.00459289550781,6.292847156524657,-13.564743041992188
0.960205078125,0.09326171875,0.278564453125,-8.72802734375,-6.2255859375,1.77001953125,-78.07891082763672,6.555318355560303,-14.19485855102539
0.94775390625,0.087890625,0.245849609375,-8.48388671875,-5.126953125,-1.220703125,-78.10470581054688,7.289429664611816,-15.276081085205078
0.935791015625,0.091552734375,0.248046875,-7.01904296875,-3.5400390625,-2.01416015625,-78.0530014038086,8.216095924377441,-16.495986938476562
0.942626953125,0.113525390625,0.265869140625,-6.2255859375,-2.197265625,-2.62451171875,-77.91098022460938,9.573054313659668,-18.111156463623047
0.9560546875,0.117431640625,0.27978515625,-5.2490234375,-4.5166015625,0.244140625,-77.8486328125,10.251197814941406,-18.997539520263672
0.964111328125,0.122314453125,0.267333984375,-6.40869140625,-7.75146484375,3.5400390625,-77.95421600341797,10.40286350250244,-19.38663482666016
0.955810546875,0.114013671875,0.261474609375,-9.58251953125,-7.99560546875,3.96728515625,-78.074462890625,10.26469612121582,-19.623104095458984
0.973388671875,0.08984375,0.275146484375,-8.4228515625,-4.7607421875,1.40380859375,-78.05015563964844,10.267568588256836,-19.95279312133789
0.963623046875,0.083251953125,0.25634765625,-8.97216796875,-2.5634765625,-0.732421875,-77.96662139892578,10.56028652191162,-20.60532760620117
0.92626953125,0.10205078125,0.263671875,-10.25390625,-2.38037109375,-1.52587890625,-77.83316040039062,11.35888957977295,-21.75553703308105
0.951171875,0.11767578125,0.26806640625,-9.27734375,-5.37109375,4.82177734375,-77.8544921875,10.974874496459961,-21.70899200439453
0.963623046875,0.111328125,0.272705078125,-11.16943359375,-6.8359375,8.60595703125,-77.953857421875,9.749310493469238,-20.871042251586914
0.96337890625,0.096435546875,0.25732421875,-12.20703125,-6.591796875,7.6904296875,-78.0629653930664,8.771575927734375,-20.28191375732422
0.94921875,0.08935546875,0.24169921875,-9.27734375,-3.41796875,2.38037109375,-78.05083465576172,8.63873291015625,-20.49992561340332
0.94873046875,0.06396484375,0.243896484375,-9.27734375,-0.54931640625,-0.79345703125,-77.92024230957031,8.751974105834961,-20.98226928710937
0.92822265625,0.09814453125,0.25537109375,-9.21630859375,-0.18310546875,-1.5869140625,-77.72281646728516,9.245004653930664,-21.829219818115234
0.9560546875,0.09326171875,0.288330078125,-8.6669921875,-3.96728515625,3.84521484375,-77.66194152832031,8.793854713439941,-21.694210052490234
0.95166015625,0.117431640625,0.26904296875,-10.19287109375,-7.9345703125,5.55419921875,-77.78619384765625,8.397648811340332,-21.667463302612305
0.944091796875,0.082275390625,0.255859375,-10.009765625,-6.8359375,4.8828125,-77.88619995117188,8.142790794372559,-21.790912628173828
0.970458984375,0.09912109375,0.244384765625,-8.97216796875,-3.35693359375,1.03759765625,-77.87504577636719,8.398804664611816,-22.394670486450195
0.96728515625,0.0908203125,0.266845703125,-9.21630859375,-1.708984375,-0.8544921875,-77.74927520751953,8.818743705749512,-23.18248748779297
0.942138671875,0.107666015625,0.283447265625,-7.8125,-1.5869140625,-1.0986328125,-77.58818817138672,9.493608474731444,-24.162616729736328
0.955322265625,0.10546875,0.279296875,-7.99560546875,-6.103515625,3.11279296875,-77.6195297241211,9.418806076049805,-24.386199951171875
0.954345703125,0.10009765625,0.27294921875,-8.7890625,-8.11767578125,4.33349609375,-77.74421691894531,9.098485946655273,-24.39052963256836
0.960693359375,0.09521484375,0.24755859375,-8.48388671875,-6.89697265625,3.90625,-77.81116485595703,9.24553108215332,-24.851104736328125
0.9599609375,0.07373046875,0.261962890625,-8.11767578125,-3.173828125,0.3662109375,-77.7579345703125,9.295096397399902,-25.219757080078125
0.9580078125,0.102783203125,0.278076171875,-8.30078125,-1.220703125,-0.9765625,-77.5842056274414,9.81704330444336,-26.07266998291016
0.94482421875,0.12841796875,0.26904296875,-9.1552734375,-2.25830078125,0.06103515625,-77.48342895507812,10.349849700927734,-26.951549530029297
0.949462890625,0.118896484375,0.26513671875,-10.25390625,-6.4697265625,3.60107421875,-77.55477905273438,10.255391120910645,-27.24199104309082
0.948974609375,0.115234375,0.25732421875,-10.3759765625,-7.080078125,5.31005859375,-77.67351531982422,9.832070350646973,-27.19776153564453
0.95361328125,0.107421875,0.253662109375,-11.65771484375,-4.94384765625,5.92041015625,-77.67903900146484,9.018180847167967,-26.787302017211914
0.949951171875,0.0830078125,0.259033203125,-12.8173828125,-2.86865234375,3.90625,-77.6379165649414,8.313640594482424,-26.56059837341309
0.95947265625,0.086181640625,0.257568359375,-11.77978515625,-2.86865234375,2.44140625,-77.59769439697266,7.9948158264160165,-26.68880844116211
0.939208984375,0.099365234375,0.261474609375,-8.72802734375,-2.62451171875,1.15966796875,-77.55256652832031,8.336082458496094,-27.365737915039066
0.9599609375,0.106201171875,0.28369140625,-8.056640625,-4.7607421875,3.41796875,-77.53278350830078,8.201526641845701,-27.52634620666504
0.942138671875,0.103515625,0.2744140625,-8.6669921875,-5.9814453125,3.90625,-77.56938171386719,7.987723350524902,-27.630022048950195
0.9638671875,0.084228515625,0.259765625,-10.68115234375,-4.7607421875,4.638671875,-77.6351089477539,7.579461097717285,-27.62319183349609
0.95947265625,0.0869140625,0.28271484375,-9.765625,-3.173828125,3.84521484375,-77.5628890991211,7.077932357788086,-27.47904396057129
0.9462890625,0.088134765625,0.270751953125,-11.71875,-2.8076171875,1.3427734375,-77.48407745361328,7.03005838394165,-27.88246917724609
0.9267578125,0.0869140625,0.2763671875,-10.07080078125,-2.86865234375,1.03759765625,-77.40380096435547,7.344180583953857,-28.56003379821777
0.947509765625,0.130615234375,0.262939453125,-8.7890625,-6.16455078125,3.41796875,-77.46974182128906,7.565937995910644,-29.10563659667969
0.95068359375,0.101318359375,0.26220703125,-9.09423828125,-7.14111328125,5.37109375,-77.589111328125,7.0960655212402335,-28.96059989929199
0.9638671875,0.094482421875,0.253173828125,-10.55908203125,-5.18798828125,5.126953125,-77.6013412475586,6.625617980957031,-28.86501693725586
0.953857421875,0.091064453125,0.256591796875,-10.3759765625,-3.72314453125,2.5634765625,-77.59310150146484,6.489295482635497,-29.11954116821289
0.950927734375,0.0751953125,0.295166015625,-10.1318359375,-2.5634765625,0.06103515625,-77.45610046386719,6.588543891906737,-29.6164493560791
0.959228515625,0.109375,0.27392578125,-8.72802734375,-3.47900390625,-0.67138671875,-77.36489868164062,7.342612266540527,-30.67830467224121
0.962646484375,0.12646484375,0.2666015625,-8.1787109375,-6.16455078125,1.953125,-77.42752838134766,7.7971415519714355,-31.44326019287109
0.947998046875,0.0927734375,0.257080078125,-8.544921875,-6.591796875,4.2724609375,-77.53424072265625,7.453635215759277,-31.41075897216797
0.950927734375,0.094970703125,0.2607421875,-9.21630859375,-5.31005859375,3.662109375,-77.51439666748047,7.270796775817871,-31.517986297607425
0.943115234375,0.0947265625,0.259521484375,-8.4228515625,-2.0751953125,0.48828125,-77.4251480102539,7.578035831451416,-32.15178680419922
0.94970703125,0.09765625,0.27880859375,-7.38525390625,-2.0751953125,-0.3662109375,-77.29826354980469,8.060370445251465,-32.92538452148437
0.94384765625,0.096923828125,0.292724609375,-7.01904296875,-3.90625,0.8544921875,-77.24418640136719,8.105056762695312,-33.22974395751953
0.968017578125,0.09375,0.275390625,-10.07080078125,-5.92041015625,4.39453125,-77.30899810791016,7.620706558227539,-33.114574432373054
0.958984375,0.076416015625,0.27880859375,-12.14599609375,-6.16455078125,4.57763671875,-77.37306213378906,6.853464126586914,-32.797401428222656
0.959228515625,0.078857421875,0.268310546875,-10.55908203125,-3.72314453125,2.5634765625,-77.36597442626953,6.58242130279541,-32.94297409057617
0.945068359375,0.078125,0.27294921875,-9.70458984375,-2.5634765625,-0.732421875,-77.27416229248047,6.898538112640381,-33.64544677734375
0.941650390625,0.07763671875,0.271484375,-8.30078125,-4.150390625,-0.91552734375,-77.24373626708984,7.320098876953125,-34.401443481445305
0.945068359375,0.081787109375,0.267333984375,-7.75146484375,-4.5166015625,-1.15966796875,-77.24855041503906,8.033904075622559,-35.38720703125
0.9560546875,0.0888671875,0.283203125,-6.53076171875,-3.90625,-3.2958984375,-77.17532348632812,9.000676155090332,-36.63513946533203
0.961181640625,0.099609375,0.2626953125,-8.544921875,-3.5400390625,-3.7841796875,-77.12458801269531,10.066019058227539,-38.06389999389648
0.9365234375,0.1083984375,0.262939453125,-7.2021484375,-3.60107421875,-3.662109375,-77.03697204589844,11.139677047729492,-39.46943283081055
0.951416015625,0.113525390625,0.25537109375,-8.1787109375,-4.82177734375,0.30517578125,-77.063720703125,11.591350555419922,-40.24441146850586
0.933349609375,0.10205078125,0.262939453125,-9.58251953125,-6.04248046875,3.23486328125,-77.13410949707031,11.357895851135256,-40.372718811035156
0.938232421875,0.083984375,0.263916015625,-8.72802734375,-4.94384765625,1.953125,-77.16909790039062,11.340412139892578,-40.71040725708008
0.94921875,0.064208984375,0.261474609375,-6.4697265625,-2.13623046875,-5.31005859375,-77.0556640625,12.234347343444824,-41.89682388305664
0.931640625,0.08251953125,0.258544921875,-4.45556640625,-1.0986328125,-11.53564453125,-76.83509063720703,14.404921531677244,-44.31842041015625
0.941650390625,0.0703125,0.255615234375,-2.44140625,0.0,-14.70947265625,-76.52152252197266,17.082645416259766,-47.0890007019043
0.92919921875,0.046875,0.253173828125,6.89697265625,3.662109375,-25.57373046875,-75.9676513671875,20.956233978271484,-50.84088516235352
0.914306640625,0.0849609375,0.23828125,8.97216796875,5.126953125,-33.935546875,-75.18375396728516,25.942584991455078,-55.65485000610352
0.911865234375,0.1162109375,0.267578125,8.30078125,4.638671875,-36.9873046875,-74.17608642578125,30.98885154724121,-60.53602600097656
0.916259765625,0.162841796875,0.308837890625,8.6669921875,1.953125,-36.68212890625,-73.11758422851562,35.28939437866211,-64.67623138427734
0.955810546875,0.16455078125,0.29150390625,9.94873046875,-0.30517578125,-36.2548828125,-72.15853118896484,39.204978942871094,-68.38794708251953
0.933349609375,0.158447265625,0.2880859375,12.51220703125,-0.79345703125,-37.2314453125,-71.14807891845703,42.97869873046875,-71.87737274169922
0.921875,0.1708984375,0.26318359375,9.46044921875,0.0,-42.724609375,-69.96338653564453,46.45463562011719,-75.19581604003906
0.921630859375,0.151611328125,0.277099609375,7.32421875,0.18310546875,-47.607421875,-68.63056945800781,49.499427795410156,-78.20308685302734
0.90673828125,0.221923828125,0.291748046875,7.62939453125,0.79345703125,-51.81884765625,-67.0103759765625,52.5836067199707,-81.2101058959961
0.90869140625,0.239501953125,0.282958984375,12.8173828125,-2.0751953125,-48.52294921875,-65.54511260986328,55.3965072631836,-83.7842788696289
0.901123046875,0.213134765625,0.287353515625,13.12255859375,-5.126953125,-45.8984375,-64.28005981445311,57.80961990356445,-85.9788589477539
0.891845703125,0.24169921875,0.2490234375,15.07568359375,-3.5400390625,-47.18017578125,-62.77538681030274,60.12837600708008,-87.95861053466797
0.881103515625,0.237548828125,0.261962890625,18.798828125,2.74658203125,-58.89892578125,-60.91756820678711,62.26336288452149,-89.642822265625
0.91796875,0.251220703125,0.228515625,20.263671875,5.615234375,-63.1103515625,-58.94083786010742,64.28749847412111,-91.13770294189452
0.8447265625,0.263427734375,0.333251953125,20.3857421875,5.67626953125,-71.533203125,-56.50442886352539,66.497802734375,-92.74210357666016
0.6806640625,0.435302734375,0.07177734375,29.541015625,0.244140625,-76.47705078125,-53.7150993347168,69.81757354736328,-95.12877655029295
0.7314453125,0.376220703125,0.2216796875,29.72412109375,0.732421875,-66.71142578125,-51.425819396972656,71.7590103149414,-96.22068786621094
0.85791015625,0.424560546875,0.278076171875,29.9072265625,-2.74658203125,-71.2890625,-49.07350540161133,73.56008911132812,-97.27742004394531
0.838134765625,0.420166015625,0.26171875,24.90234375,2.8076171875,-71.35009765625,-46.74679565429688,74.82186889648438,-97.8996353149414
0.7841796875,0.4365234375,0.2763671875,24.5361328125,0.732421875,-76.0498046875,-44.23669052124024,76.01111602783203,-98.5390625
0.748779296875,0.508056640625,0.239013671875,22.39990234375,-2.0751953125,-73.6083984375,-41.85092544555664,77.29654693603516,-99.37053680419922
0.77587890625,0.50732421875,0.257080078125,19.53125,-8.11767578125,-62.56103515625,-39.97388458251953,78.36063385009766,-100.17723083496094
0.760986328125,0.51611328125,0.252197265625,16.357421875,-10.498046875,-58.59375,-38.29762268066406,79.2664794921875,-100.99260711669922
0.748779296875,0.515625,0.213623046875,14.892578125,-9.521484375,-61.6455078125,-36.45488739013672,80.1072006225586,-101.77433776855469
0.730224609375,0.49560546875,0.177978515625,18.06640625,-4.57763671875,-71.77734375,-34.36417388916016,81.00032043457031,-102.388671875
0.708984375,0.5341796875,0.18115234375,23.86474609375,-0.6103515625,-79.4677734375,-31.914499282836914,81.97801208496094,-102.798095703125
0.69677734375,0.62939453125,0.17333984375,29.47998046875,-1.89208984375,-81.787109375,-29.32427024841309,83.2589340209961,-103.28155517578124
0.692626953125,0.676513671875,0.214599609375,29.541015625,-4.57763671875,-75.3173828125,-26.95866584777832,84.35032653808594,-103.6697006225586
0.725830078125,0.6044921875,0.25,28.01513671875,-2.8076171875,-70.98388671875,-24.99401664733887,85.1484603881836,-103.8453598022461
0.685546875,0.600830078125,0.22900390625,29.296875,-7.568359375,-74.21875,-22.81450653076172,86.1281967163086,-104.2710418701172
0.65576171875,0.611328125,0.220703125,34.7900390625,-16.6015625,-88.31787109375,-20.227855682373047,87.37444305419922,-105.00250244140624
0.606201171875,0.65869140625,0.1865234375,42.17529296875,-25.0244140625,-91.00341796875,-17.472957611083984,89.02051544189453,-106.02922058105469
0.605712890625,0.702392578125,0.1591796875,39.0625,-30.82275390625,-83.43505859375,-15.167956352233887,90.43733215332031,-107.24577331542969
0.574951171875,0.71826171875,0.14501953125,22.15576171875,-33.26416015625,-73.6083984375,-13.107297897338867,91.25565338134766,-108.46232604980469
0.57763671875,0.66943359375,0.14013671875,4.94384765625,-37.78076171875,-65.5517578125,-11.500925064086914,91.35343170166016,-109.84066009521484
0.560546875,0.67138671875,0.116455078125,-4.08935546875,-42.48046875,-56.640625,-10.3345308303833,91.11708068847656,-111.51093292236328
0.567138671875,0.65576171875,0.09033203125,1.15966796875,-47.36328125,-56.57958984375,-9.18416690826416,91.19538879394531,-113.3237762451172
0.531982421875,0.682373046875,0.11083984375,14.6484375,-47.05810546875,-69.27490234375,-7.455992221832275,91.70379638671876,-115.09087371826172
0.48388671875,0.74609375,0.078369140625,17.27294921875,-40.1611328125,-81.72607421875,-5.018529415130615,92.21531677246094,-116.45275115966795
0.465087890625,0.732177734375,0.088623046875,9.70458984375,-39.794921875,-84.3505859375,-2.632685422897339,92.38125610351562,-117.86907196044922
0.462158203125,0.77197265625,0.09375,0.06103515625,-46.630859375,-71.533203125,-0.7775532007217407,92.10498046875,-119.58988189697266
0.3876953125,0.770751953125,0.0576171875,-8.544921875,-53.03955078125,-55.17578125,0.4380951225757599,91.45818328857422,-121.69451141357422
0.365234375,0.8115234375,-0.017822265625,-16.6015625,-54.62646484375,-53.28369140625,1.660961627960205,90.7335433959961,-123.82191467285156
0.354736328125,0.788818359375,-0.033935546875,-17.333984375,-42.724609375,-56.70166015625,2.9461450576782227,90.02112579345703,-125.49832916259766
0.27294921875,0.891845703125,0.008544921875,-18.6767578125,-25.81787109375,-54.0771484375,4.303441047668457,89.11581420898438,-126.4517822265625
0.29150390625,0.86962890625,0.0478515625,-15.07568359375,-26.0009765625,-57.12890625,5.677833557128906,88.3176498413086,-127.53743743896484
0.320556640625,0.88671875,0.073974609375,-14.404296875,-38.75732421875,-59.326171875,7.009843826293945,87.42951202392578,-129.17868041992188
0.267578125,0.95947265625,0.062744140625,-24.0478515625,-49.25537109375,-64.88037109375,8.589710235595701,85.9497299194336,-131.3226318359375
0.18017578125,1.035888671875,0.011474609375,-30.45654296875,-45.0439453125,-57.9833984375,10.030000686645508,84.52743530273438,-133.29985046386722
0.14453125,1.1064453125,0.010986328125,-20.81298828125,-36.1328125,-45.654296875,11.013386726379396,83.5751724243164,-134.9088134765625
0.16162109375,1.041259765625,0.035400390625,-9.1552734375,-31.982421875,-38.6962890625,11.66641902923584,83.11550903320312,-136.46507263183594
0.19482421875,1.094482421875,0.105712890625,-13.61083984375,-49.49951171875,-40.22216796875,12.167821884155273,82.15371704101562,-138.65994262695312
0.195068359375,1.1875,0.0576171875,-41.32080078125,-54.50439453125,-29.60205078125,12.176778793334961,80.18832397460938,-140.9893798828125
0.104736328125,1.1806640625,0.020263671875,-53.5888671875,-50.72021484375,-18.85986328125,11.915719985961914,78.12068176269531,-142.9597930908203
0.070556640625,1.1572265625,0.020751953125,-18.1884765625,-36.2548828125,-37.78076171875,12.490485191345215,77.44143676757812,-144.63980102539062
0.025634765625,1.198486328125,0.016845703125,26.18408203125,-33.447265625,-73.18115234375,14.539750099182127,78.48672485351562,-146.50685119628906
0.087646484375,1.28515625,0.012451171875,44.49462890625,-33.26416015625,-87.646484375,16.97439193725586,80.00003814697266,-148.4407196044922
0.128662109375,1.244873046875,0.031494140625,11.90185546875,-36.68212890625,-63.5986328125,18.34819984436035,80.21331787109375,-150.30804443359375
0.08203125,1.244140625,0.01025390625,-22.705078125,-41.93115234375,-30.6396484375,18.407617568969727,79.05844116210938,-152.14657592773438
-0.029541015625,1.23193359375,-0.039306640625,-32.04345703125,-43.9453125,-11.5966796875,17.756702423095703,77.80603790283203,-153.83389282226562
-0.025634765625,1.16015625,-0.096435546875,-11.53564453125,-33.5693359375,-10.43701171875,17.264640808105472,77.58416748046875,-155.0906982421875
0.036865234375,1.07421875,-0.087158203125,-0.8544921875,-21.91162109375,-15.44189453125,16.961305618286133,77.92986297607422,-155.91844177246094
0.03759765625,1.0087890625,-0.056396484375,-14.46533203125,-17.39501953125,-10.1318359375,15.670731544494627,77.69444274902344,-157.89883422851562
0.04248046875,0.94970703125,-0.064208984375,-16.29638671875,-5.79833984375,-9.09423828125,15.28713607788086,77.60257720947266,-158.0362091064453
0.072021484375,0.9326171875,-0.026123046875,-18.73779296875,-1.8310546875,-9.33837890625,14.883882522583008,77.36843872070312,-158.0417938232422
0.2890625,0.763916015625,-0.5146484375,-22.705078125,1.46484375,-10.3759765625,13.52338981628418,79.33751678466797,-158.44345092773438
0.0966796875,0.91357421875,0.09716796875,16.11328125,-12.6953125,-11.5966796875,13.12830638885498,80.01417541503906,-159.00294494628906
0.177490234375,0.977294921875,-0.01171875,7.568359375,-8.7890625,-1.953125,12.250875473022461,80.6457748413086,-159.27999877929688
-0.03564453125,1.081787109375,-0.0947265625,-8.11767578125,2.74658203125,0.8544921875,11.695829391479492,80.97589874267578,-158.9547576904297
0.23291015625,1.361328125,-0.095947265625,-15.380859375,2.685546875,21.42333984375,10.049626350402832,80.91039276123047,-158.60670471191406
0.043212890625,0.973876953125,-0.001953125,-10.498046875,-6.40869140625,2.62451171875,9.41493320465088,80.8045654296875,-158.78289794921875
