0.010498046875,0.95361328125,0.055419921875,-20.6298828125,-18.6767578125,-2.74658203125,-5.175862789154053,78.74801635742188,-22.10454559326172
-0.005859375,0.98828125,0.050048828125,-16.845703125,-23.01025390625,0.0,-5.137064933776856,78.4735336303711,-23.041093826293945
0.00390625,0.98779296875,0.04833984375,-16.78466796875,-26.30615234375,1.89208984375,-5.226420402526856,78.22687530517578,-24.09241104125977
-0.0322265625,1.008056640625,0.0361328125,-18.37158203125,-36.376953125,-11.5966796875,-5.179320335388184,76.14080047607422,-38.0244140625
-0.076171875,0.994873046875,0.029296875,-15.5029296875,-41.19873046875,-13.48876953125,-4.671721935272217,76.13651275634766,-39.803001403808594
-0.05126953125,1.0068359375,0.0595703125,-14.70947265625,-45.7763671875,-13.85498046875,-4.269602298736571,76.09861755371094,-41.75271224975586
-0.064208984375,1.008056640625,0.070068359375,-10.3759765625,-46.142578125,-0.42724609375,-4.144273281097412,76.60828399658203,-49.31321716308594
-0.022216796875,0.97705078125,0.138671875,-8.11767578125,-48.2177734375,-2.86865234375,-4.2566847801208505,76.62039947509766,-51.23712539672852
-0.01513671875,0.983154296875,0.102783203125,-6.591796875,-44.49462890625,-7.32421875,-4.172240734100342,76.76944732666016,-53.0629768371582
-0.040771484375,1.006103515625,0.08203125,-4.94384765625,-39.85595703125,-9.1552734375,-3.883392810821533,77.02117919921875,-54.72741317749024
-0.070556640625,1.025390625,0.10888671875,-6.4697265625,-38.9404296875,-8.30078125,-3.5948386192321777,77.12653350830078,-56.34162139892578
-0.066650390625,0.9853515625,0.119873046875,-9.09423828125,-39.794921875,-6.65283203125,-3.3912904262542725,77.08222198486328,-57.97085189819336
-0.06298828125,0.932861328125,0.123291015625,-9.6435546875,-39.306640625,-4.5166015625,-3.3235285282135014,76.97557830810547,-59.55883407592773
-0.01904296875,0.956787109375,0.09716796875,-8.7890625,-36.43798828125,-5.37109375,-3.261289358139038,76.98094177246094,-61.04644012451172
-0.033935546875,0.9638671875,0.10595703125,-10.3759765625,-32.1044921875,-6.77490234375,-3.0751008987426762,76.891845703125,-62.3759880065918
-0.032958984375,0.966064453125,0.138427734375,-13.12255859375,-28.076171875,-7.01904296875,-2.8629367351531982,76.59320831298828,-63.5450210571289
-0.052978515625,0.95458984375,0.13623046875,-17.333984375,-23.01025390625,-7.8125,-2.535680055618286,76.14093017578125,-64.52541351318361
-0.058837890625,0.98486328125,0.158203125,-20.20263671875,-17.9443359375,-8.4228515625,-2.1486494541168213,75.5383071899414,-65.31361389160156
-0.072265625,1.02197265625,0.14306640625,-25.08544921875,-17.02880859375,-6.9580078125,-1.774585247039795,74.79293060302734,-66.05487060546875
-0.0810546875,1.002197265625,0.140380859375,-34.36279296875,-17.39501953125,-9.09423828125,-1.3602725267410278,73.71210479736328,-66.83464050292969
-0.078369140625,1.001708984375,0.139404296875,-36.19384765625,-16.2353515625,-14.70947265625,-0.7552664875984192,72.59626770019531,-67.63607025146484
-0.082763671875,1.03125,0.13720703125,-33.38623046875,-16.66259765625,-19.53125,0.0035074655897915363,71.61325073242188,-68.51577758789061
-0.09521484375,1.0859375,0.169921875,-28.38134765625,-17.02880859375,-19.95849609375,0.7372457385063171,70.83348083496094,-69.41783142089844
-0.093017578125,1.1025390625,0.166015625,-29.72412109375,-18.61572265625,-14.2822265625,1.1882542371749878,70.03440856933594,-70.30636596679689
-0.06689453125,1.09716796875,0.169677734375,-32.04345703125,-18.24951171875,-6.8359375,1.2959332466125488,69.13642120361328,-71.0788345336914
-0.056884765625,1.02734375,0.198974609375,-32.470703125,-17.4560546875,4.94384765625,0.9336562156677246,68.20494079589844,-71.65103149414062
-0.066162109375,1.0029296875,0.196044921875,-26.4892578125,-15.44189453125,11.77978515625,0.3783642649650574,67.55131530761719,-72.04219055175781
-0.045166015625,1.014892578125,0.171142578125,-19.47021484375,-14.892578125,13.85498046875,-0.34623587131500244,67.27898406982422,-72.37837982177734
0.021484375,1.050537109375,0.112060546875,-12.6953125,-11.5966796875,5.55419921875,-0.7605423927307129,67.41336822509766,-72.72591400146484
0.0078125,1.027587890625,0.13818359375,-12.14599609375,-4.57763671875,-0.8544921875,-0.7862802147865295,67.50348663330078,-72.91594696044922
0.0068359375,1.01318359375,0.146240234375,-13.24462890625,1.64794921875,-4.7607421875,-0.5290027856826782,67.53314208984375,-72.93509674072266
-0.0361328125,0.93408203125,0.205810546875,-19.6533203125,5.43212890625,-11.1083984375,0.06942985951900482,67.13037109375,-72.9085693359375
-0.05078125,0.876220703125,0.228271484375,-21.66748046875,6.4697265625,-16.54052734375,0.9017164707183838,66.57761383056639,-72.92906951904297
-0.062255859375,0.910400390625,0.215087890625,-15.869140625,7.87353515625,-21.30126953125,1.9136160612106323,66.30222320556639,-72.97306060791016
-0.04833984375,0.98876953125,0.21826171875,-9.82666015625,3.60107421875,-25.57373046875,2.939267635345459,66.3277587890625,-73.23487854003906
-0.05322265625,1.052001953125,0.22412109375,-10.92529296875,0.48828125,-25.390625,3.8727967739105225,66.31424713134766,-73.59961700439453
-0.06884765625,1.052978515625,0.260986328125,-12.3291015625,-3.90625,-18.37158203125,4.483091354370117,66.19581604003906,-74.01021575927734
-0.089599609375,1.06298828125,0.25,-11.962890625,-10.92529296875,-5.79833984375,4.530174255371094,66.08277130126953,-74.4734115600586
-0.064453125,1.056884765625,0.19873046875,-14.58740234375,-15.5029296875,-1.220703125,4.285524845123291,65.96439361572266,-75.02159118652344
-0.094482421875,1.025146484375,0.199951171875,-19.8974609375,-17.39501953125,-1.46484375,4.041211128234863,65.66371154785156,-75.64192962646484
-0.070068359375,0.974365234375,0.18798828125,-23.3154296875,-18.310546875,-3.35693359375,3.86517596244812,65.19625854492189,-76.32974243164062
-0.107666015625,0.931640625,0.18017578125,-24.0478515625,-16.66259765625,-4.2724609375,3.847477674484253,64.71918487548828,-76.97273254394531
-0.1435546875,0.859130859375,0.2265625,-20.69091796875,-16.7236328125,-5.0048828125,3.966123104095459,64.23726654052734,-77.6397705078125
-0.141845703125,0.872314453125,0.212646484375,-15.56396484375,-19.71435546875,-8.9111328125,4.146593093872069,64.01182556152344,-78.47623443603516
-0.10107421875,0.890869140625,0.208984375,-12.75634765625,-20.32470703125,-12.75634765625,4.339526653289795,63.92014694213867,-79.39776611328125
-0.10302734375,0.943603515625,0.185546875,-11.65771484375,-16.54052734375,-15.0146484375,4.632339000701903,63.936241149902344,-80.21620178222656
-0.171630859375,0.95556640625,0.22705078125,-15.9912109375,-14.7705078125,-17.76123046875,5.222836494445801,63.7052230834961,-81.02383422851562
-0.18994140625,0.984619140625,0.234130859375,-14.6484375,-19.1650390625,-21.54541015625,5.873910427093506,63.50494766235352,-82.05360412597656
-0.198486328125,1.05810546875,0.205078125,-15.13671875,-26.4892578125,-23.37646484375,6.422415733337402,63.37403869628906,-83.3630142211914
-0.17626953125,1.091064453125,0.1923828125,-22.4609375,-32.77587890625,-21.484375,6.714339733123778,62.9315185546875,-84.85994720458984
-0.161376953125,1.08056640625,0.189697265625,-27.16064453125,-34.1796875,-20.56884765625,6.896787166595459,62.31063461303711,-86.38695526123047
-0.16552734375,1.080078125,0.18994140625,-34.24072265625,-35.21728515625,-20.751953125,7.067819118499756,61.34730529785156,-87.96066284179688
-0.206787109375,0.929931640625,0.277099609375,-35.15625,-37.4755859375,-22.27783203125,7.319537162780763,60.17757797241211,-89.66388702392578
-0.19140625,0.969970703125,0.235595703125,-28.076171875,-42.54150390625,-25.45166015625,7.499123573303223,59.412330627441406,-91.58588409423828
-0.177490234375,1.04833984375,0.220458984375,-17.578125,-44.37255859375,-23.92578125,7.435897827148437,59.37516784667969,-93.4745864868164
-0.107666015625,1.13134765625,0.180908203125,-7.080078125,-38.330078125,-13.24462890625,7.057708740234375,59.715797424316406,-94.9709014892578
-0.1181640625,1.148681640625,0.17822265625,-11.04736328125,-26.0009765625,-5.18798828125,6.686555862426758,59.97512435913086,-95.88107299804688
-0.216552734375,1.091796875,0.198974609375,-16.17431640625,-18.5546875,0.0,6.537676811218263,60.04854202270508,-96.436767578125
-0.248046875,1.05859375,0.17578125,-18.73779296875,-20.5078125,-3.84521484375,6.535110950469972,59.98003005981445,-97.142822265625
-0.2421875,0.98974609375,0.227783203125,-19.8974609375,-22.15576171875,-14.892578125,6.889606475830077,59.70088577270508,-98.14359283447266
-0.212890625,0.96142578125,0.283203125,-20.263671875,-22.88818359375,-24.10888671875,7.462634086608888,59.26364517211914,-99.36797332763672
-0.203125,1.020263671875,0.27294921875,-20.1416015625,-22.88818359375,-27.587890625,8.086112976074219,58.87419509887695,-100.65413665771484
-0.208984375,1.029296875,0.302734375,-24.658203125,-24.0478515625,-28.01513671875,8.668258666992188,58.24377059936523,-101.99470520019531
-0.22119140625,1.01025390625,0.314697265625,-29.84619140625,-26.2451171875,-29.60205078125,9.185291290283203,57.438865661621094,-103.4367446899414
-0.15625,1.0634765625,0.25244140625,-36.7431640625,-23.8037109375,-38.63525390625,9.940211296081543,56.43415832519531,-104.97959899902344
-0.198974609375,1.033203125,0.255126953125,-43.5791015625,-16.17431640625,-46.81396484375,11.17281436920166,55.152427673339844,-106.46070861816406
-0.29736328125,0.973876953125,0.271728515625,-44.7998046875,-13.18359375,-43.39599609375,12.52310848236084,53.7681770324707,-107.7926254272461
-0.28271484375,0.990234375,0.2421875,-38.330078125,-15.2587890625,-34.24072265625,13.409527778625488,52.78484344482422,-108.94944763183594
-0.28662109375,1.018310546875,0.26806640625,-40.34423828125,-13.5498046875,-34.7900390625,14.287872314453125,51.71039581298828,-110.0685043334961
-0.302978515625,0.971435546875,0.3154296875,-48.88916015625,-13.5498046875,-41.015625,15.353105545043945,50.10646057128906,-111.39117431640624
-0.268310546875,0.887939453125,0.33251953125,-58.53271484375,-14.16015625,-49.86572265625,16.539091110229492,48.01585388183594,-112.99555206298828
-0.263427734375,0.84326171875,0.339599609375,-56.57958984375,-10.25390625,-54.19921875,17.86667823791504,45.97893905639648,-114.63296508789062
-0.276611328125,0.8134765625,0.3251953125,-48.9501953125,-1.953125,-54.8095703125,19.464412689208984,44.50716400146485,-115.95726776123048
-0.3330078125,0.903564453125,0.296630859375,-44.00634765625,6.04248046875,-47.36328125,21.021284103393555,43.34728622436523,-116.88148498535156
-0.352783203125,0.89501953125,0.374755859375,-49.37744140625,9.70458984375,-39.55078125,22.39829444885254,41.94038391113281,-117.51459503173828
-0.38916015625,0.810302734375,0.421142578125,-54.38232421875,12.451171875,-36.376953125,23.80584144592285,40.22832489013672,-118.04728698730469
-0.390625,0.802001953125,0.40771484375,-56.70166015625,11.90185546875,-40.71044921875,25.25364875793457,38.4062614440918,-118.74114990234376
-0.374267578125,0.802734375,0.3896484375,-56.5185546875,15.2587890625,-46.875,26.863849639892575,36.606788635253906,-119.5489501953125
-0.424072265625,0.812744140625,0.42724609375,-57.9833984375,18.1884765625,-55.96923828125,28.85976219177246,34.492416381835945,-120.7673568725586
-0.465576171875,0.830322265625,0.4453125,-59.99755859375,18.1884765625,-64.75830078125,30.894390106201172,32.154041290283196,-122.2789077758789
-0.4541015625,0.8203125,0.464599609375,-66.40625,19.287109375,-64.14794921875,32.790393829345696,29.51889228820801,-123.81400299072266
-0.48095703125,0.74169921875,0.488037109375,-76.23291015625,21.42333984375,-59.814453125,34.60870742797852,26.308237075805664,-125.2381362915039
-0.5009765625,0.61962890625,0.506591796875,-79.1015625,26.7333984375,-55.0537109375,36.491554260253906,23.01508712768555,-126.59103393554688
-0.478515625,0.664794921875,0.463623046875,-72.6318359375,30.94482421875,-52.79541015625,38.36068344116211,20.270973205566406,-127.70323181152344
-0.5205078125,0.67822265625,0.55078125,-65.4296875,39.12353515625,-49.31640625,40.42939758300781,18.02489471435547,-128.515625
-0.609619140625,0.687255859375,0.53271484375,-76.59912109375,39.1845703125,-42.29736328125,42.405311584472656,15.329903602600098,-129.16656494140622
-0.5908203125,0.570556640625,0.566650390625,-82.8857421875,34.66796875,-39.6728515625,44.0473518371582,12.136221885681152,-129.98048400878906
-0.6484375,0.5107421875,0.571533203125,-75.439453125,31.06689453125,-39.36767578125,45.57390213012695,9.021424293518066,-131.00076293945312
-0.627197265625,0.482421875,0.55859375,-65.36865234375,26.06201171875,-38.6962890625,46.78722763061523,6.277310848236084,-132.072509765625
-0.612548828125,0.484619140625,0.544677734375,-60.6689453125,25.69580078125,-40.6494140625,47.9155387878418,3.68436336517334,-133.24371337890622
-0.61474609375,0.576171875,0.532470703125,-58.89892578125,20.81298828125,-34.7900390625,48.67875289916992,1.7621235847473145,-133.71351623535156
-0.5400390625,0.519775390625,0.59814453125,-66.95556640625,16.66259765625,-26.79443359375,49.11136245727539,-0.31129133701324463,-133.95875549316406
-0.57373046875,0.38330078125,0.61474609375,-71.10595703125,13.61083984375,-33.38623046875,49.40085220336914,-3.247114658355713,-134.91473388671878
-0.530029296875,0.27783203125,0.624755859375,-65.3076171875,6.65283203125,-54.0771484375,49.06753158569336,-7.361310482025146,-137.81617736816406
-0.546630859375,0.4375,0.555908203125,-50.1708984375,-1.03759765625,-81.72607421875,48.48401641845703,-11.087207794189453,-141.22872924804688
-0.515625,0.514404296875,0.595458984375,-53.89404296875,-7.8125,-74.89013671875,47.49679565429688,-14.166162490844727,-143.81149291992188
-0.4873046875,0.416015625,0.6083984375,-61.82861328125,-3.60107421875,-62.68310546875,46.78675079345703,-17.003545761108402,-145.4991455078125
-0.4921875,0.322998046875,0.57861328125,-51.3916015625,12.451171875,-26.18408203125,46.94925308227539,-18.34793472290039,-145.76470947265625
-0.608154296875,0.296630859375,0.57421875,-37.41455078125,17.08984375,-4.638671875,47.74212265014648,-18.508127212524414,-145.05088806152344
-0.6396484375,0.326904296875,0.591064453125,-31.494140625,9.521484375,-7.01904296875,48.07795715332031,-18.42491912841797,-144.44927978515625
-0.646728515625,0.399658203125,0.58740234375,-29.9072265625,-3.11279296875,-20.01953125,47.96076583862305,-18.413101196289066,-144.02252197265625
-0.603271484375,0.388427734375,0.606689453125,-29.78515625,-6.34765625,-18.61572265625,47.63985061645508,-18.265117645263672,-143.4374542236328
-0.56103515625,0.27392578125,0.631591796875,-25.634765625,-0.6103515625,-14.2822265625,47.58831024169922,-18.012531280517578,-142.94696044921875
-0.720947265625,0.27685546875,0.616943359375,-9.94873046875,11.71875,-6.9580078125,48.19710540771485,-17.29469871520996,-142.3887481689453
-0.80029296875,0.35693359375,0.6162109375,-5.0048828125,5.18798828125,0.79345703125,48.749229431152344,-15.8348388671875,-141.15562438964844
-0.745849609375,0.389892578125,0.616943359375,-9.70458984375,-7.4462890625,-2.5634765625,48.44071960449219,-14.719322204589846,-139.98649597167972
-0.65283203125,0.399169921875,0.6201171875,-18.24951171875,-13.48876953125,-19.83642578125,47.84811401367188,-14.268136024475098,-139.51144409179688
-0.655029296875,0.373046875,0.6181640625,-22.216796875,-15.31982421875,-25.0244140625,47.14934539794922,-14.270094871520994,-139.39476013183594
-0.66064453125,0.333740234375,0.63037109375,-22.5830078125,-16.66259765625,-25.32958984375,46.36035919189453,-14.391995429992676,-139.37191772460938
-0.637451171875,0.312744140625,0.607666015625,-22.03369140625,-15.5029296875,-29.11376953125,45.6341552734375,-14.681665420532227,-139.60734558105472
-0.6494140625,0.3212890625,0.644287109375,-20.81298828125,-18.5546875,-29.23583984375,44.77043914794922,-14.879117965698242,-139.80418395996094
-0.591064453125,0.326416015625,0.633544921875,-19.47021484375,-22.15576171875,-26.4892578125,43.77902603149414,-14.762724876403807,-139.70689392089844
-0.645751953125,0.286376953125,0.630859375,-16.845703125,-14.34326171875,-20.69091796875,43.233394622802734,-14.602601051330565,-139.59512329101562
-0.7119140625,0.218994140625,0.65283203125,-14.22119140625,-10.07080078125,-12.51220703125,42.99161911010742,-14.34075927734375,-139.29901123046878
-0.784423828125,0.189697265625,0.72607421875,-5.4931640625,-10.07080078125,-11.53564453125,42.68201065063477,-13.769654273986815,-139.08448791503906
-0.90673828125,0.257080078125,0.783447265625,7.568359375,-23.98681640625,-1.220703125,42.07861328125,-12.211384773254395,-138.09585571289062
-0.835693359375,0.310546875,0.771240234375,-0.67138671875,-26.2451171875,-2.86865234375,41.32201385498047,-10.938762664794922,-137.13978576660156
-0.875,0.33984375,0.7412109375,-2.9296875,-29.541015625,-10.19287109375,40.35703659057617,-10.10119915008545,-136.64924621582028
-0.8134765625,0.31884765625,0.71142578125,-8.6669921875,-33.87451171875,-19.22607421875,39.29328918457031,-9.727568626403807,-136.57423400878906
-0.78173828125,0.241943359375,0.701171875,-13.427734375,-32.5927734375,-21.17919921875,38.26891708374024,-9.787482261657717,-136.74235534667972
-0.73291015625,0.18701171875,0.66259765625,-10.25390625,-31.18896484375,-23.5595703125,37.358097076416016,-9.924365997314453,-137.28207397460938
-0.72607421875,0.218994140625,0.629638671875,-2.62451171875,-29.72412109375,-32.77587890625,36.47176742553711,-9.909564971923828,-138.06816101074222
-0.635986328125,0.249267578125,0.63232421875,-0.42724609375,-29.96826171875,-35.2783203125,35.452579498291016,-9.715862274169922,-138.89039611816406
-0.621826171875,0.266357421875,0.631591796875,-1.3427734375,-25.08544921875,-33.8134765625,34.77396011352539,-9.41493320465088,-139.59750366210938
-0.613525390625,0.2724609375,0.625,5.126953125,-18.98193359375,-18.73779296875,34.33777618408203,-8.518362045288086,-139.70442199707028
-0.6572265625,0.2412109375,0.64599609375,6.8359375,-11.90185546875,-11.1083984375,34.27576446533203,-7.531502723693848,-139.60090637207028
-0.72314453125,0.233154296875,0.66943359375,9.94873046875,-8.11767578125,-6.65283203125,34.38678359985352,-6.3281922340393075,-139.29397583007812
-0.69287109375,0.286376953125,0.69775390625,6.04248046875,-11.474609375,-7.14111328125,34.328502655029304,-5.274808406829834,-139.0223388671875
-0.71484375,0.282958984375,0.691162109375,-1.15966796875,-11.16943359375,-8.97216796875,34.318790435791016,-4.617203235626222,-138.88154602050778
-0.724365234375,0.240234375,0.682861328125,-8.48388671875,-9.82666015625,-9.21630859375,34.39469528198242,-4.538659572601318,-138.90493774414062
-0.757080078125,0.175537109375,0.665283203125,-7.6904296875,-8.7890625,-9.765625,34.577152252197266,-4.479316234588623,-138.993408203125
-0.748779296875,0.146484375,0.675537109375,-3.662109375,-7.50732421875,-12.26806640625,34.767059326171875,-4.407749652862549,-139.25079345703122
-0.75634765625,0.17529296875,0.6806640625,-2.0751953125,-8.72802734375,-15.13671875,34.874038696289055,-4.318033695220946,-139.5797119140625
-0.71728515625,0.18359375,0.654052734375,-3.7841796875,-10.07080078125,-14.5263671875,34.933582305908196,-4.2004127502441415,-139.87350463867188
-0.708984375,0.189453125,0.66650390625,-5.06591796875,-9.33837890625,-13.48876953125,34.99045181274414,-4.094476222991943,-140.1126708984375
-0.6455078125,0.224609375,0.657470703125,-7.6904296875,-8.11767578125,-12.14599609375,35.01702880859375,-3.9226930141448975,-140.21163940429688
-0.635009765625,0.239013671875,0.670654296875,-13.61083984375,-4.57763671875,-13.00048828125,35.13590621948242,-3.9928150177001953,-140.35127258300778
-0.62841796875,0.2158203125,0.686279296875,-18.1884765625,-0.79345703125,-12.3291015625,35.365211486816406,-4.297417163848877,-140.5068359375
-0.659912109375,0.213623046875,0.684326171875,-23.86474609375,5.0048828125,-8.544921875,35.95576858520508,-4.747609615325928,-140.39042663574222
-0.707275390625,0.199462890625,0.71240234375,-25.5126953125,10.55908203125,2.01416015625,36.73833084106445,-5.020383834838867,-139.91445922851562
-0.712646484375,0.221435546875,0.742919921875,-26.55029296875,10.009765625,6.77490234375,37.45079803466797,-5.126326560974121,-139.1524658203125
-0.72705078125,0.243896484375,0.743896484375,-30.76171875,10.68115234375,8.11767578125,38.13611221313477,-5.3665971755981445,-138.26307678222656
-0.718017578125,0.24560546875,0.77783203125,-39.73388671875,13.18359375,5.43212890625,38.88139724731445,-5.9692955017089835,-137.52426147460938
-0.8125,0.21826171875,0.805419921875,-38.51318359375,15.869140625,15.31982421875,39.84466552734375,-6.298030376434326,-136.3411865234375
-0.787841796875,0.1962890625,0.816650390625,-37.9638671875,17.333984375,29.23583984375,40.91697692871094,-6.1232099533081055,-134.38522338867188
-0.89453125,0.18115234375,0.834716796875,-37.841796875,15.9912109375,33.447265625,41.94184875488281,-5.851254463195801,-132.25741577148438
-0.809814453125,0.202392578125,0.81298828125,-38.02490234375,11.3525390625,32.71484375,42.65387725830078,-5.467370510101318,-130.04495239257812
-0.734130859375,0.239990234375,0.777099609375,-38.4521484375,13.5498046875,25.81787109375,43.36155319213867,-5.120829582214356,-128.13116455078122
-0.652099609375,0.32421875,0.7412109375,-37.109375,16.7236328125,22.03369140625,44.05656433105469,-4.632232666015625,-126.17372131347656
-0.642578125,0.366455078125,0.7353515625,-42.96875,20.56884765625,19.775390625,44.8607177734375,-4.332009792327882,-124.24372863769531
-0.66162109375,0.351806640625,0.7607421875,-53.40576171875,21.66748046875,16.05224609375,45.68741226196289,-4.830308437347412,-122.56389617919922
-0.680908203125,0.284423828125,0.72412109375,-65.97900390625,18.310546875,17.02880859375,46.41453170776367,-5.727420330047607,-120.88976287841795
-0.6962890625,0.19384765625,0.71337890625,-65.0634765625,16.4794921875,18.85986328125,47.09275436401367,-6.728425025939941,-119.26253509521484
-0.701171875,0.19970703125,0.673095703125,-60.85205078125,15.68603515625,21.97265625,47.85857009887695,-7.1816725730896,-117.27965545654295
-0.735107421875,0.209716796875,0.662841796875,-53.89404296875,13.7939453125,28.86962890625,48.587806701660156,-7.133406162261963,-114.91934967041016
-0.777587890625,0.19189453125,0.70166015625,-50.59814453125,9.70458984375,27.89306640625,49.11448287963867,-7.026466369628906,-112.61702728271484
-0.777587890625,0.19775390625,0.742431640625,-47.36328125,4.57763671875,24.35302734375,49.23536682128906,-7.006053447723389,-110.55665588378906
-0.745361328125,0.212158203125,0.737548828125,-52.18505859375,-0.48828125,22.216796875,49.20944595336914,-7.0719661712646475,-108.44449615478516
-0.7333984375,0.159423828125,0.708251953125,-54.87060546875,-1.3427734375,20.3857421875,49.16349792480469,-7.476838111877441,-106.55458068847656
-0.769287109375,0.1298828125,0.69384765625,-52.978515625,-1.3427734375,19.6533203125,49.11722183227539,-7.952156066894531,-104.86153411865234
-0.725830078125,0.11865234375,0.676513671875,-46.38671875,-4.8828125,14.34326171875,48.95093536376953,-8.374069213867188,-103.38622283935548
-0.72314453125,0.14892578125,0.6689453125,-44.86083984375,-5.92041015625,9.09423828125,48.74319458007813,-8.853716850280762,-102.13324737548828
-0.70458984375,0.15576171875,0.677734375,-45.47119140625,-5.859375,7.62939453125,48.49116516113281,-9.445456504821776,-101.00843048095705
-0.6884765625,0.112548828125,0.690185546875,-44.0673828125,-6.103515625,3.7841796875,48.17581558227539,-10.19820499420166,-100.12454223632812
-0.720947265625,0.1044921875,0.674560546875,-41.44287109375,-5.126953125,-0.42724609375,47.961631774902344,-11.058402061462402,-99.5159149169922
-0.7138671875,0.095947265625,0.66748046875,-39.55078125,-5.9814453125,1.8310546875,47.74911880493164,-11.64283847808838,-98.71208953857422
-0.673828125,0.07275390625,0.674560546875,-35.0341796875,-5.0048828125,4.45556640625,47.51994323730469,-12.063440322875975,-97.83926391601562
-0.731689453125,0.03369140625,0.710205078125,-29.96826171875,-3.0517578125,-0.42724609375,47.3575668334961,-12.643149375915527,-97.37562561035156
-0.73046875,0.070068359375,0.680419921875,-23.25439453125,-5.0048828125,-4.8828125,47.09105682373047,-12.963550567626953,-97.14238739013672
-0.687744140625,0.101318359375,0.67431640625,-20.6298828125,-7.2021484375,-11.41357421875,46.70601272583008,-13.327239990234375,-97.05949401855469
-0.654296875,0.087646484375,0.68017578125,-19.71435546875,-7.99560546875,-12.02392578125,46.23018264770508,-13.677837371826172,-97.007080078125
-0.620849609375,0.059326171875,0.6630859375,-17.39501953125,-7.568359375,-6.7138671875,45.78984451293945,-13.794931411743164,-96.72342681884766
-0.575439453125,0.005615234375,0.675537109375,-12.51220703125,-6.04248046875,-6.53076171875,45.30867385864258,-13.87814998626709,-96.55806732177734
-0.552978515625,-0.001708984375,0.68017578125,-8.1787109375,-3.72314453125,-4.82177734375,44.89784622192383,-13.757826805114744,-96.34365844726562
-0.567626953125,0.026123046875,0.65087890625,-2.25830078125,2.197265625,0.3662109375,44.99467849731445,-13.011197090148926,-95.7153549194336
-0.66162109375,0.032470703125,0.6708984375,2.3193359375,4.8828125,15.80810546875,45.32929992675781,-11.708333015441895,-94.44603729248048
-0.67529296875,-0.028564453125,0.68896484375,4.94384765625,7.14111328125,29.6630859375,45.793724060058594,-9.995567321777344,-92.5809097290039
-0.68994140625,-0.014404296875,0.661865234375,15.31982421875,10.92529296875,38.2080078125,46.5020751953125,-7.279465198516847,-90.14273834228516
-0.734619140625,0.01513671875,0.69775390625,26.42822265625,12.3291015625,47.36328125,47.16653442382813,-3.9221515655517583,-87.1968002319336
-0.71923828125,0.091552734375,0.65185546875,30.57861328125,13.3056640625,52.42919921875,47.78233337402344,0.03703856095671654,-83.76107025146484
-0.70068359375,0.154052734375,0.66455078125,30.76171875,16.4794921875,54.26025390625,48.36926651000977,4.296121120452882,-79.96806335449219
-0.75146484375,0.271484375,0.65625,23.13232421875,16.7236328125,50.84228515625,48.76786804199219,8.330798149108888,-76.23456573486328
-0.768798828125,0.27880859375,0.6318359375,11.90185546875,14.6484375,49.25537109375,48.98745346069336,11.764179229736328,-72.64888763427734
-0.737060546875,0.2021484375,0.577880859375,6.9580078125,11.3525390625,50.6591796875,48.99874496459961,14.665388107299805,-69.30772399902344
-0.738037109375,0.177490234375,0.597412109375,17.27294921875,11.5966796875,51.69677734375,48.88061141967773,17.855976104736328,-66.02161407470703
-0.729248046875,0.203857421875,0.63671875,24.96337890625,15.0146484375,54.8095703125,48.63764572143555,21.429126739501953,-62.58065795898438
-0.7646484375,0.237548828125,0.6259765625,26.4892578125,18.9208984375,61.34033203125,48.34571075439453,25.49083709716797,-58.47780990600586
-0.77587890625,0.286865234375,0.588134765625,22.88818359375,20.69091796875,80.13916015625,47.62917709350586,30.002544403076172,-53.63653564453125
-0.739501953125,0.260986328125,0.60009765625,20.99609375,19.47021484375,93.505859375,46.3271484375,34.42694854736328,-48.5688591003418
-0.7197265625,0.276123046875,0.572509765625,23.49853515625,25.08544921875,104.43115234375,44.68656539916992,39.260520935058594,-42.94153594970703
-0.7373046875,0.2900390625,0.548583984375,28.38134765625,30.82275390625,122.98583984375,42.55349349975586,44.28050994873047,-37.01225280761719
-0.739990234375,0.30322265625,0.536376953125,34.11865234375,35.09521484375,139.58740234375,39.778587341308594,49.39417266845703,-30.90608787536621
-0.71826171875,0.34228515625,0.51025390625,39.73388671875,37.841796875,153.80859375,36.12417221069336,54.53413009643555,-24.75452423095703
-0.61669921875,0.42431640625,0.480224609375,45.47119140625,42.54150390625,165.1611328125,31.85756683349609,59.29821395874024,-18.96084213256836
-0.589111328125,0.4794921875,0.457763671875,44.86083984375,45.22705078125,175.6591796875,26.97552299499512,63.44622039794922,-13.520659446716307
-0.53173828125,0.48974609375,0.416015625,41.748046875,52.42919921875,186.5234375,21.574045181274414,66.92913818359375,-8.051626205444336
-0.492919921875,0.5078125,0.3671875,44.5556640625,62.56103515625,204.04052734375,15.576087951660154,70.07776641845703,-2.614706039428711
-0.41064453125,0.52880859375,0.382568359375,42.41943359375,72.20458984375,207.58056640625,9.324604034423828,72.41741180419922,2.747623443603516
-0.338623046875,0.57421875,0.36376953125,38.75732421875,81.11572265625,200.13427734375,3.4793932437896733,73.9065170288086,8.154754638671875
-0.311767578125,0.604736328125,0.354736328125,24.10888671875,90.63720703125,182.9833984375,-1.7678053379058838,74.42445373535156,13.580072402954102
-0.294677734375,0.538330078125,0.3564453125,16.7236328125,93.75,168.9453125,-6.2452454566955575,74.0572738647461,19.025564193725586
-0.22265625,0.52783203125,0.3583984375,16.7236328125,92.34619140625,153.25927734375,-10.01007843017578,73.40699005126953,24.34752655029297
-0.1162109375,0.582763671875,0.297119140625,16.6015625,101.25732421875,120.7275390625,-12.673174858093262,72.58145904541016,29.78866195678711
-0.1240234375,0.646240234375,0.29248046875,12.51220703125,107.36083984375,101.9287109375,-14.364415168762207,71.50333404541016,35.32428359985352
-0.068115234375,0.694580078125,0.299560546875,11.04736328125,110.595703125,93.75,-15.704565048217773,70.26458740234375,41.04258728027344
-0.001953125,0.871337890625,0.301513671875,19.775390625,118.34716796875,88.5009765625,-16.78607177734375,69.41380310058594,46.92291259765625
0.0224609375,0.99560546875,0.298583984375,9.3994140625,125.48828125,87.5244140625,-17.634260177612305,68.09214782714844,53.088340759277344
0.067626953125,1.078857421875,0.22705078125,-6.103515625,133.48388671875,89.90478515625,-18.28097915649414,65.92515563964844,59.74496459960938
0.00341796875,1.07568359375,0.2236328125,-19.1650390625,143.4326171875,93.44482421875,-18.532440185546875,63.40060424804688,66.71237182617189
-0.00341796875,1.060302734375,0.237548828125,-16.05224609375,141.7236328125,100.2197265625,-18.74554252624512,61.00457382202149,73.77079772949219
0.051513671875,1.126708984375,0.222900390625,-4.7607421875,135.6201171875,104.06494140625,-19.14716911315918,59.31729125976562,80.5982437133789
0.18212890625,1.19921875,0.215087890625,1.708984375,132.6904296875,92.7734375,-19.197969436645508,57.95664978027344,87.15960693359375
0.199462890625,1.2119140625,0.235595703125,0.244140625,129.0283203125,73.18115234375,-18.55158233642578,56.7769660949707,93.13746643066406
0.22314453125,1.271240234375,0.2119140625,3.35693359375,128.0517578125,48.828125,-16.821218490600586,56.15831756591797,98.33873748779295
0.2578125,1.349365234375,0.24560546875,10.68115234375,130.7373046875,30.2734375,-14.738648414611815,56.07972717285156,103.28772735595705
0.2470703125,1.470458984375,0.228759765625,9.521484375,137.3291015625,32.71484375,-12.624321937561035,56.13610076904297,108.48627471923828
0.22802734375,1.488525390625,0.236572265625,-1.953125,139.46533203125,39.85595703125,-10.709983825683594,55.67529296875,113.96365356445312
0.194091796875,1.36767578125,0.263671875,-17.9443359375,140.31982421875,41.32080078125,-8.817437171936035,54.89799880981445,119.43284606933594
0.14501953125,1.29736328125,0.258544921875,-19.53125,139.2822265625,46.69189453125,-7.05798864364624,54.242958068847656,124.96878051757812
0.18115234375,1.307861328125,0.21435546875,-11.71875,139.0380859375,53.77197265625,-5.6564087867736825,54.28814315795898,130.6683349609375
0.201416015625,1.2685546875,0.234619140625,-2.50244140625,146.42333984375,55.5419921875,-4.2277774810791025,54.61270523071289,136.65223693847656
0.1748046875,1.250732421875,0.20556640625,-1.89208984375,155.21240234375,47.05810546875,-2.3794407844543457,55.1595458984375,142.7498016357422
0.05810546875,1.268798828125,0.1474609375,-5.92041015625,158.38623046875,31.6162109375,0.28027042746543884,55.79111099243164,148.47430419921875
0.0283203125,1.2099609375,0.155029296875,-15.2587890625,151.55029296875,9.033203125,3.2750985622406006,56.36140441894531,153.71669006347656
0.056396484375,1.15234375,0.143310546875,-18.73779296875,147.3388671875,-0.48828125,6.2747535705566415,57.03137588500977,158.7105255126953
0.090576171875,1.131591796875,0.09423828125,-20.6298828125,147.76611328125,-2.74658203125,9.117319107055664,57.88063430786133,163.8523406982422
0.080078125,1.078369140625,0.086669921875,-20.263671875,152.34375,2.25830078125,11.711143493652346,59.09061050415039,169.3512420654297
0.005859375,1.083251953125,0.07470703125,-17.7001953125,152.03857421875,6.7138671875,14.075732231140135,60.66667556762695,-184.9010467529297
-0.015869140625,1.0771484375,0.069091796875,-18.1884765625,146.3623046875,3.72314453125,16.287275314331055,62.26325225830078,-179.39093017578125
-0.087890625,1.022216796875,0.113037109375,-25.634765625,131.4697265625,-6.4697265625,18.47820854187012,63.5247688293457,-174.36497497558594
-0.052001953125,0.96533203125,0.1220703125,-29.78515625,118.0419921875,-14.09912109375,20.461261749267575,64.53155517578125,-169.87115478515625
-0.056396484375,0.9384765625,0.10400390625,-30.6396484375,111.51123046875,-17.63916015625,22.28575897216797,65.60102081298828,-165.614990234375
-0.0908203125,0.95556640625,0.052490234375,-25.5126953125,102.23388671875,-12.3291015625,23.753252029418945,66.96805572509766,-161.4253692626953
-0.103515625,1.0107421875,0.044189453125,-24.7802734375,92.28515625,-9.1552734375,24.82876396179199,68.31444549560547,-157.48422241210938
-0.083740234375,0.983154296875,0.068115234375,-30.57861328125,84.8388671875,-10.1318359375,25.69821357727051,69.13809204101561,-153.88546752929688
-0.141357421875,0.9130859375,0.131103515625,-38.14697265625,81.0546875,-11.29150390625,26.601524353027344,69.56513214111328,-150.44235229492188
-0.220703125,0.93115234375,0.152099609375,-29.96826171875,68.90869140625,-2.44140625,27.11465263366699,70.12925720214844,-147.36563110351562
-0.21923828125,1.05712890625,0.106201171875,-18.85986328125,51.08642578125,10.498046875,26.59268569946289,70.9559555053711,-144.94967651367188
-0.152587890625,1.169921875,0.049072265625,-19.04296875,35.0341796875,22.4609375,25.47570991516113,71.68975067138672,-142.83822631835938
-0.154541015625,1.1826171875,0.03515625,-29.47998046875,29.23583984375,26.0009765625,24.18281555175781,71.87444305419922,-140.9557342529297
-0.167236328125,1.104248046875,0.035888671875,-38.75732421875,22.39990234375,30.029296875,22.63479804992676,71.43768310546875,-139.43849182128906
-0.149169921875,1.0078125,0.009765625,-42.48046875,16.7236328125,37.4755859375,20.913896560668945,70.92420959472656,-137.95149230957028
-0.112548828125,0.920166015625,0.020751953125,-38.87939453125,18.49365234375,39.61181640625,19.150392532348636,70.53912353515625,-136.39376831054688
-0.102294921875,0.87451171875,0.05029296875,-31.982421875,24.71923828125,33.8134765625,17.89808464050293,70.47142028808594,-134.69078063964844
-0.1376953125,0.857177734375,0.056884765625,-22.76611328125,30.94482421875,16.41845703125,17.361793518066403,70.62860107421875,-133.04327392578122
-0.18603515625,0.912841796875,0.06396484375,-20.6298828125,28.9306640625,3.60107421875,17.391103744506836,70.76730346679688,-131.66575622558594
-0.2041015625,0.939697265625,0.07080078125,-18.98193359375,20.1416015625,-4.2724609375,17.630592346191406,70.72373962402344,-130.91485595703122
-0.1416015625,0.931884765625,0.061279296875,-21.66748046875,7.87353515625,-5.126953125,17.59222412109375,70.54882049560547,-130.48370361328122
-0.119384765625,0.928955078125,0.065185546875,-21.484375,8.11767578125,-0.1220703125,17.319231033325195,70.40284729003906,-129.97515869140622
-0.132568359375,0.920654296875,0.087158203125,-14.95361328125,12.51220703125,7.080078125,16.7994384765625,70.67755889892578,-129.12249755859378
-0.109130859375,0.95849609375,0.098388671875,-4.39453125,15.93017578125,17.4560546875,15.952383041381836,71.27999114990234,-128.10455322265622
-0.12646484375,1.005615234375,0.100830078125,1.0986328125,17.63916015625,18.49365234375,15.134034156799315,72.08761596679688,-127.0292739868164
-0.09814453125,1.03125,0.132568359375,0.91552734375,17.333984375,16.41845703125,14.39055633544922,72.74205780029297,-126.04542541503906
-0.07861328125,1.014892578125,0.1513671875,-5.43212890625,18.1884765625,12.02392578125,13.751395225524902,73.07745361328125,-125.09791564941406
-0.061279296875,1.0,0.15869140625,-8.4228515625,22.5830078125,11.04736328125,13.183804512023926,73.28571319580078,-124.00393676757812
-0.085205078125,0.959228515625,0.177978515625,-9.94873046875,25.93994140625,11.77978515625,12.699552536010742,73.46751403808594,-122.7587890625
-0.0888671875,0.941650390625,0.18896484375,-4.69970703125,29.541015625,12.451171875,12.258111000061035,73.7571029663086,-121.41094207763672
-0.0751953125,0.9375,0.229248046875,-3.2958984375,31.73828125,11.29150390625,11.862622261047365,73.99967956542969,-120.01699829101562
-0.045654296875,0.9189453125,0.27099609375,-4.08935546875,35.09521484375,9.27734375,11.550732612609865,74.15084838867188,-118.49629974365234
-0.041748046875,0.9560546875,0.27099609375,-5.126953125,41.19873046875,5.37109375,11.423383712768555,74.26689147949219,-116.81958770751952
-0.04248046875,0.951171875,0.274658203125,-9.21630859375,45.47119140625,3.11279296875,11.434326171875,74.23017883300781,-115.00254821777344
-0.06689453125,0.973388671875,0.28076171875,-12.87841796875,47.66845703125,1.40380859375,11.56759262084961,74.00874328613281,-113.10614013671876
-0.059326171875,0.99072265625,0.28857421875,-18.37158203125,46.93603515625,2.62451171875,11.653274536132812,73.6271743774414,-111.2369613647461
-0.042236328125,1.0244140625,0.270263671875,-22.15576171875,50.048828125,3.5400390625,11.709065437316895,73.19794464111328,-109.2222671508789
-0.037109375,1.06787109375,0.256591796875,-28.86962890625,53.7109375,3.2958984375,11.826498031616213,72.52069091796875,-106.99278259277344
-0.0771484375,1.041259765625,0.2978515625,-35.94970703125,56.396484375,4.150390625,12.045783996582033,71.5970230102539,-104.73211669921876
-0.0849609375,1.00341796875,0.4033203125,-29.541015625,53.8330078125,11.5966796875,11.993735313415527,70.72770690917969,-102.52409362792969
-0.068603515625,1.11669921875,0.37353515625,-18.24951171875,51.33056640625,20.69091796875,11.50055980682373,70.64321899414062,-100.22019958496094
-0.06494140625,1.217041015625,0.265869140625,-15.80810546875,46.630859375,21.3623046875,10.970830917358398,70.68755340576172,-98.08309173583984
-0.030517578125,1.2314453125,0.203369140625,-25.2685546875,35.64453125,15.80810546875,10.47260284423828,70.35841369628906,-96.42485809326172
0.0537109375,1.119873046875,0.130859375,-29.4189453125,28.80859375,14.83154296875,9.719403266906738,69.80875396728516,-95.0066375732422
0.105224609375,1.0224609375,0.10009765625,-34.72900390625,33.50830078125,23.3154296875,8.71192741394043,69.24385833740234,-93.30470275878906
0.0986328125,0.864990234375,0.130126953125,-36.2548828125,47.30224609375,30.70068359375,7.654236316680907,68.58342742919922,-90.99984741210938
0.010009765625,0.726806640625,0.19970703125,-27.9541015625,59.5703125,36.19384765625,6.876284599304199,68.22364807128906,-88.12078094482422
0.00244140625,0.733642578125,0.2470703125,-8.056640625,61.279296875,31.43310546875,6.32790470123291,68.33200073242189,-85.3471908569336
0.0693359375,0.792236328125,0.27001953125,2.197265625,62.43896484375,17.63916015625,6.138175010681152,68.80143737792969,-82.7381591796875
0.04931640625,0.92138671875,0.245361328125,7.6904296875,66.5283203125,-0.79345703125,7.007524967193604,69.66779327392578,-80.25631713867188
-0.005615234375,1.00634765625,0.1962890625,5.615234375,66.34521484375,-23.0712890625,8.502220153808594,70.5464859008789,-78.00679016113281
-0.06396484375,1.088134765625,0.134521484375,1.46484375,55.7861328125,-30.21240234375,10.161476135253906,71.36824798583984,-76.19213104248047
-0.070068359375,1.081787109375,0.1513671875,-5.9814453125,40.10009765625,-26.18408203125,11.218029022216797,71.70140075683594,-75.06607818603516
-0.03271484375,0.971923828125,0.176025390625,-11.5966796875,22.8271484375,-7.32421875,11.41287326812744,71.70305633544922,-74.21211242675781
0.01708984375,0.910400390625,0.19140625,-14.404296875,19.34814453125,9.94873046875,10.786908149719238,71.54207611083984,-73.28514099121094
0.05615234375,0.865966796875,0.18408203125,-11.53564453125,22.39990234375,21.66748046875,9.675683975219727,71.63229370117188,-72.00166320800781
0.013671875,0.84326171875,0.192138671875,-4.33349609375,27.7099609375,22.03369140625,8.765735626220701,71.88301849365234,-70.62178802490234
0.01171875,0.847900390625,0.2041015625,3.173828125,26.79443359375,15.2587890625,8.133838653564451,72.35877990722656,-69.37639617919922
-0.042236328125,0.928955078125,0.169677734375,7.2021484375,24.10888671875,4.69970703125,8.121157646179201,73.05111694335938,-68.47073364257811
-0.09912109375,0.9716796875,0.1591796875,3.23486328125,15.0146484375,-7.01904296875,8.466691017150879,73.54228973388672,-67.92843627929689
-0.09765625,0.9794921875,0.155029296875,-2.0751953125,9.33837890625,-9.8876953125,8.837381362915039,73.77986907958984,-67.63479614257811
-0.087890625,0.926025390625,0.18310546875,-6.16455078125,6.2255859375,-6.7138671875,8.956258773803711,73.72882080078125,-67.47019195556639
-0.08447265625,0.9267578125,0.179443359375,-1.8310546875,3.60107421875,-0.8544921875,8.87610912322998,73.87368774414062,-67.30833435058594
-0.107666015625,0.983154296875,0.176025390625,3.7841796875,2.01416015625,0.30517578125,8.778428077697754,74.26100158691406,-67.19184112548828
-0.162109375,1.0732421875,0.174072265625,6.591796875,-2.38037109375,-0.06103515625,8.727925300598145,74.69629669189453,-67.37400817871094
-0.1630859375,1.099609375,0.169677734375,1.953125,-12.0849609375,-3.23486328125,8.712966918945312,74.9419937133789,-67.84298706054689
-0.151611328125,1.11181640625,0.13818359375,-4.82177734375,-18.798828125,-3.72314453125,8.62581729888916,74.93441772460938,-68.57074737548828
-0.14794921875,1.0478515625,0.176025390625,-8.9111328125,-21.78955078125,-3.7841796875,8.453403472900389,74.63751220703125,-69.48697662353516
-0.17041015625,1.087158203125,0.13671875,-4.69970703125,-28.80859375,2.01416015625,8.092134475708008,74.6004409790039,-70.54377746582031
-0.179443359375,1.10400390625,0.10498046875,-1.708984375,-35.5224609375,4.638671875,7.5904479026794425,74.7281265258789,-71.82588195800781
-0.19384765625,1.089599609375,0.1162109375,1.28173828125,-42.90771484375,9.033203125,6.799087047576903,74.96720886230469,-73.4725112915039
-0.133056640625,1.1015625,0.081787109375,0.30517578125,-54.931640625,14.0380859375,5.706844806671143,75.17345428466797,-75.41728210449219
-0.05419921875,1.11572265625,0.032958984375,-5.92041015625,-56.396484375,11.29150390625,4.593332767486572,75.25509643554688,-77.44387817382812
-0.055419921875,1.051025390625,-0.003173828125,-13.916015625,-52.79541015625,2.99072265625,4.023362636566162,75.021484375,-79.36782836914062
-0.08447265625,0.929443359375,0.0419921875,-20.44677734375,-46.20361328125,-8.85009765625,3.935790300369263,74.54725646972656,-81.21590423583984
-0.113037109375,0.873779296875,0.080810546875,-14.58740234375,-44.61669921875,-14.0380859375,4.138755798339844,74.21733856201172,-83.06440734863281
-0.142578125,0.87548828125,0.0654296875,-6.7138671875,-45.0439453125,-16.29638671875,4.506128311157227,74.38894653320312,-84.97669982910156
-0.119140625,0.92041015625,0.06591796875,4.94384765625,-49.49951171875,-15.80810546875,4.712928295135498,74.85688018798828,-87.0250015258789
-0.09326171875,0.9580078125,0.090576171875,6.89697265625,-51.20849609375,-14.2822265625,4.779118537902832,75.32550048828125,-89.12779235839844
-0.103271484375,0.969482421875,0.098388671875,4.08935546875,-51.6357421875,-11.1083984375,4.6831703186035165,75.60131072998047,-91.18302917480469
-0.0849609375,0.9560546875,0.105224609375,0.3662109375,-49.98779296875,-2.99072265625,4.3278183937072745,75.76690673828125,-93.13209533691406
-0.068359375,0.927734375,0.10986328125,2.13623046875,-47.05810546875,2.62451171875,3.7697842121124263,76.00640106201172,-94.91682434082031
-0.083251953125,0.921630859375,0.15771484375,3.90625,-43.02978515625,4.0283203125,3.2949733734130864,76.2391586303711,-96.49201202392578
-0.101806640625,0.941162109375,0.180908203125,4.08935546875,-38.330078125,-1.15966796875,3.092946529388428,76.41764068603516,-97.9905014038086
-0.127685546875,0.94873046875,0.220458984375,2.0751953125,-37.78076171875,-7.26318359375,3.1985166072845463,76.420654296875,-99.53047943115234
-0.128662109375,0.97021484375,0.213134765625,-2.8076171875,-38.14697265625,-11.41357421875,3.4521126747131348,76.17249298095703,-101.15807342529295
-0.115966796875,0.991455078125,0.188232421875,-10.009765625,-38.51318359375,-12.26806640625,3.6824431419372563,75.77832794189453,-102.76866149902344
-0.08984375,0.972412109375,0.176025390625,-14.09912109375,-36.43798828125,-8.9111328125,3.727735757827759,75.2594223022461,-104.26343536376952
-0.078857421875,0.957763671875,0.1962890625,-17.7001953125,-32.77587890625,-3.2958984375,3.515465259552002,74.52743530273438,-105.46378326416016
-0.098388671875,0.95751953125,0.207763671875,-22.52197265625,-24.7802734375,2.13623046875,3.2536137104034424,73.68522644042969,-106.39041137695312
-0.088623046875,0.93359375,0.22802734375,-25.7568359375,-18.73779296875,2.5634765625,3.021484851837158,72.70588684082031,-107.07622528076172
-0.1044921875,0.859375,0.27734375,-26.9775390625,-11.23046875,0.244140625,3.0888729095458984,71.5765151977539,-107.41819763183594
-0.118408203125,0.88330078125,0.279541015625,-22.705078125,-1.03759765625,-4.57763671875,3.4142322540283203,70.68309783935547,-107.51712036132812
-0.135498046875,0.9697265625,0.25244140625,-17.822265625,3.90625,-8.7890625,3.966045379638672,70.14458465576172,-107.47753143310548
-0.149169921875,1.079345703125,0.231689453125,-16.845703125,9.70458984375,-12.451171875,4.790474891662598,69.78380584716797,-107.20402526855469
-0.166748046875,1.0966796875,0.31103515625,-16.05224609375,12.63427734375,-12.6953125,5.579320907592773,69.32778167724611,-106.89226531982422
-0.164794921875,1.16455078125,0.307373046875,-12.26806640625,10.19287109375,-5.55419921875,6.017337322235107,69.08641815185547,-106.5664291381836
-0.162841796875,1.225341796875,0.252197265625,-14.7705078125,3.90625,0.9765625,5.9944281578063965,68.78731536865234,-106.48037719726562
-0.083740234375,1.256103515625,0.158203125,-17.76123046875,-10.31494140625,6.16455078125,5.53535795211792,68.58719635009766,-106.7208023071289
0.002685546875,1.2099609375,0.090087890625,-22.03369140625,-12.8173828125,7.14111328125,4.868842124938965,68.33328247070311,-107.03057861328124
0.080322265625,1.07080078125,0.0634765625,-22.216796875,-8.85009765625,12.3291015625,3.8844597339630127,68.12425994873047,-106.97814178466795
0.103759765625,0.97802734375,0.031494140625,-23.37646484375,8.11767578125,21.1181640625,2.839411735534668,67.98950958251953,-106.30870056152344
0.0361328125,0.861572265625,0.070556640625,-25.08544921875,26.9775390625,25.0244140625,2.1140329837799072,67.71148681640625,-104.89805603027344
-0.0625,0.6953125,0.16162109375,-23.3154296875,35.94970703125,25.93994140625,1.8948523998260496,67.24724578857422,-103.11321258544922
-0.076904296875,0.6796875,0.200927734375,-12.6953125,35.58349609375,14.09912109375,2.093721866607666,67.02735900878906,-101.5747299194336
-0.0634765625,0.761474609375,0.19970703125,-2.74658203125,32.5927734375,-1.52587890625,2.750619649887085,67.28014373779297,-100.38284301757812
-0.05224609375,0.937255859375,0.197265625,5.55419921875,28.13720703125,-17.2119140625,3.977259635925293,67.99295806884766,-99.710205078125
-0.11279296875,1.03515625,0.177978515625,2.3193359375,14.6484375,-31.43310546875,5.445052623748778,68.56036376953125,-99.59376525878906
-0.12158203125,1.067626953125,0.1455078125,-7.26318359375,-3.2958984375,-31.6162109375,6.617093563079834,68.73277282714844,-100.12669372558594
-0.0546875,1.072265625,0.064208984375,-14.6484375,-16.17431640625,-25.5126953125,7.008471012115479,68.64341735839844,-101.0693588256836
-0.0087890625,1.010498046875,0.056640625,-16.6015625,-23.3154296875,-7.50732421875,6.705985069274902,68.56264495849611,-101.96762084960938
0.009765625,0.919921875,0.08642578125,-12.75634765625,-21.6064453125,8.23974609375,5.807454586029053,68.59849548339844,-102.58421325683594
-0.024169921875,0.87744140625,0.113525390625,-5.615234375,-16.9677734375,20.08056640625,4.574720859527588,68.96082305908203,-102.82630920410156
-0.06787109375,0.866455078125,0.15185546875,1.5869140625,-15.869140625,19.6533203125,3.6145193576812735,69.42572784423828,-103.11026763916016
-0.09423828125,0.891357421875,0.15478515625,3.41796875,-18.85986328125,7.26318359375,3.178006887435913,69.93444061279297,-103.69356536865234
-0.10498046875,0.8984375,0.1396484375,3.0517578125,-22.15576171875,-7.32421875,3.4052906036376958,70.42312622070312,-104.68087005615234
-0.0908203125,0.91455078125,0.130615234375,4.8828125,-25.390625,-18.5546875,3.862213611602783,70.9783935546875,-105.85967254638672
-0.08447265625,0.943603515625,0.1455078125,7.99560546875,-26.611328125,-19.1650390625,4.298372268676759,71.59855651855469,-107.0891342163086
-0.09326171875,0.965576171875,0.159423828125,11.53564453125,-26.06201171875,-14.0380859375,4.491799354553223,72.34686279296875,-108.18600463867188
-0.10400390625,1.00048828125,0.15673828125,11.53564453125,-24.7802734375,-6.8359375,4.517006874084473,73.05776977539062,-109.19071197509766
-0.12255859375,0.993408203125,0.184814453125,6.89697265625,-26.06201171875,-4.69970703125,4.496107578277588,73.48848724365234,-110.2279052734375
-0.1611328125,0.960693359375,0.173828125,1.52587890625,-28.99169921875,-5.43212890625,4.594600200653076,73.62869262695312,-111.47314453125
-0.16748046875,0.9521484375,0.181884765625,-2.01416015625,-34.11865234375,-11.5966796875,4.865585803985597,73.6319351196289,-112.90227508544922
-0.16943359375,0.966064453125,0.170166015625,-2.38037109375,-37.59765625,-16.4794921875,5.274311542510986,73.62736511230469,-114.5171890258789
-0.175048828125,0.970947265625,0.16015625,-3.662109375,-38.87939453125,-17.9443359375,5.71408224105835,73.621826171875,-116.21636199951172
-0.192626953125,0.951171875,0.143310546875,-2.86865234375,-45.10498046875,-14.404296875,5.986758708953857,73.60284423828125,-118.09120178222656
-0.195068359375,0.972412109375,0.1474609375,-3.60107421875,-51.20849609375,-10.68115234375,6.032462120056152,73.52783966064453,-120.15916442871094
-0.16015625,0.979736328125,0.155517578125,-6.77490234375,-57.06787109375,-8.544921875,5.857551574707031,73.25827026367188,-122.49504089355469
-0.139404296875,1.006591796875,0.1611328125,-9.21630859375,-61.34033203125,-11.29150390625,5.6626458168029785,72.92645263671875,-124.9581527709961
-0.1796875,0.9775390625,0.24853515625,-4.39453125,-62.255859375,-12.939453125,5.603143692016602,72.59613037109375,-127.49424743652344
-0.259033203125,1.07666015625,0.228515625,9.21630859375,-71.77734375,-9.8876953125,5.358404636383057,73.016357421875,-130.50900268554688
-0.237060546875,1.226318359375,0.139892578125,16.11328125,-91.6748046875,-5.2490234375,4.745431900024414,73.73710632324219,-134.06063842773438
-0.16552734375,1.252685546875,0.08349609375,3.41796875,-102.1728515625,0.0,3.741355657577514,74.05494689941406,-137.96072387695312
-0.1142578125,1.1123046875,0.020263671875,-12.14599609375,-108.0322265625,8.60595703125,2.2123794555664062,73.82572174072266,-141.93051147460938
-0.088134765625,1.00341796875,-0.005615234375,-18.06640625,-104.4921875,20.81298828125,0.3761478662490845,73.64796447753906,-145.69142150878906
-0.07470703125,0.92626953125,-0.007080078125,-13.36669921875,-98.7548828125,25.634765625,-1.528419852256775,73.79131317138672,-149.19725036621094
-0.06494140625,0.85302734375,0.032958984375,-4.94384765625,-92.95654296875,20.99609375,-2.9512856006622314,74.39064025878906,-152.53192138671875
-0.039794921875,0.859130859375,0.083251953125,4.0283203125,-86.181640625,4.638671875,-3.8018057346344,75.12955474853516,-155.8365936279297
-0.03125,0.889404296875,0.1279296875,6.7138671875,-81.787109375,-8.85009765625,-4.0365257263183585,75.87249755859375,-159.11680603027344
-0.06005859375,0.973388671875,0.08740234375,6.34765625,-78.61328125,-18.73779296875,-3.634242534637451,76.65792083740234,-162.3784942626953
-0.095703125,1.04345703125,0.07568359375,0.732421875,-78.9794921875,-23.74267578125,-3.0634448528289795,77.22891998291016,-165.69613647460938
-0.128173828125,1.04150390625,0.061767578125,-4.2724609375,-82.58056640625,-21.17919921875,-2.549572467803955,77.58012390136719,-169.1264190673828
-0.09521484375,0.988037109375,0.068359375,-5.126953125,-85.63232421875,-16.54052734375,-2.40869402885437,77.82473754882812,-172.65599060058594
-0.0673828125,0.98828125,0.066162109375,-0.3662109375,-85.26611328125,-4.150390625,-2.6907808780670166,78.27579498291016,-176.0443878173828
-0.010986328125,0.999267578125,0.048583984375,6.28662109375,-79.65087890625,7.14111328125,-3.453587293624878,79.0315933227539,-179.13414001464844
-0.00146484375,1.038330078125,0.040283203125,11.16943359375,-70.98388671875,14.16015625,-4.354447841644287,80.03514862060547,-181.65919494628903
-0.023681640625,1.049560546875,0.04443359375,10.009765625,-58.77685546875,12.63427734375,-5.008428573608398,80.90391540527344,-183.9250640869141
-0.04541015625,1.017333984375,0.074462890625,3.2958984375,-53.5888671875,5.43212890625,-5.2448081970214835,81.40373992919922,-186.03521728515625
-0.041015625,0.9345703125,0.09423828125,-1.8310546875,-47.54638671875,-3.84521484375,-4.932997226715088,81.51192474365234,-187.88619995117188
-0.052978515625,0.876953125,0.1083984375,-2.38037109375,-37.841796875,-14.0380859375,-4.264343738555908,81.58646392822266,170.52561950683594
-0.0927734375,0.8583984375,0.13525390625,5.55419921875,-32.3486328125,-16.41845703125,-3.3882169723510738,81.86415100097656,169.1515655517578
-0.135986328125,0.946533203125,0.11328125,13.916015625,-31.55517578125,-18.12744140625,-2.33225417137146,82.57601165771484,167.7509002685547
-0.138427734375,1.012451171875,0.123046875,15.44189453125,-36.4990234375,-21.6064453125,-1.2542767524719238,83.2466049194336,166.19796752929688
-0.129638671875,1.039306640625,0.113037109375,14.0380859375,-41.44287109375,-20.01953125,-0.311766117811203,83.83808135986328,164.46327209472656
-0.091552734375,1.042724609375,0.093994140625,9.82666015625,-42.724609375,-14.34326171875,0.17248952388763428,84.17009735107422,162.722412109375
-0.092041015625,1.047119140625,0.074462890625,5.55419921875,-41.68701171875,0.732421875,0.175990030169487,84.44173431396484,161.06549072265625
-0.076171875,1.0146484375,0.077392578125,5.18798828125,-41.3818359375,11.1083984375,-0.2530643343925476,84.68244171142578,159.45779418945312
-0.037353515625,0.9814453125,0.097900390625,4.57763671875,-40.22216796875,14.58740234375,-0.8358525037765503,84.83248901367188,157.93466186523438
-0.055908203125,0.958740234375,0.113525390625,2.50244140625,-35.82763671875,8.60595703125,-1.136411428451538,84.87840270996094,156.53713989257812
-0.0546875,0.955810546875,0.10595703125,2.25830078125,-32.89794921875,2.86865234375,-1.1882884502410889,84.93202209472656,155.2363739013672
-0.05322265625,0.953125,0.106201171875,3.11279296875,-31.1279296875,-1.46484375,-1.0322090387344358,85.0527114868164,154.0160369873047
-0.065673828125,0.986328125,0.10107421875,5.126953125,-27.64892578125,-2.5634765625,-0.8289450407028198,85.2246322631836,152.90585327148438
-0.068115234375,1.0009765625,0.0927734375,4.2724609375,-26.67236328125,-0.06103515625,-0.7235360145568848,85.37397766113281,151.84213256835938
-0.077392578125,1.006591796875,0.09521484375,2.8076171875,-25.2685546875,5.31005859375,-0.8095527887344359,85.45335388183594,150.85060119628906
-0.056640625,1.009521484375,0.093994140625,2.0751953125,-23.8037109375,10.07080078125,-1.1225037574768066,85.50579833984375,149.931640625
-0.04296875,1.012451171875,0.103271484375,0.9765625,-20.08056640625,12.5732421875,-1.541895031929016,85.49435424804688,149.16912841796875
-0.04931640625,0.983642578125,0.099609375,1.3427734375,-16.54052734375,10.8642578125,-1.848908543586731,85.50055694580078,148.54295349121094
-0.04052734375,0.984375,0.10986328125,2.44140625,-13.18359375,6.8359375,-1.993709206581116,85.5255126953125,148.0396728515625
-0.03955078125,0.999267578125,0.109375,3.47900390625,-8.36181640625,1.64794921875,-1.9153890609741209,85.59004211425781,147.71331787109375
-0.06787109375,0.99853515625,0.110595703125,3.5400390625,-3.35693359375,-0.91552734375,-1.6596543788909912,85.64472961425781,147.5790557861328
-0.080078125,1.010498046875,0.0986328125,2.0751953125,-2.0751953125,1.15966796875,-1.4671945571899414,85.66617584228516,147.50067138671875
-0.078857421875,1.021240234375,0.092041015625,1.46484375,-2.0751953125,2.99072265625,-1.359473466873169,85.6788330078125,147.4269561767578
-0.09765625,1.0263671875,0.111328125,-2.50244140625,-2.9296875,3.96728515625,-1.2577441930770874,85.49176025390625,147.322509765625
-0.067138671875,1.044921875,0.09814453125,-4.45556640625,-2.86865234375,1.708984375,-1.1392598152160645,85.26642608642578,147.21340942382812
-0.0556640625,1.024169921875,0.101806640625,-7.38525390625,-1.0986328125,0.48828125,-0.9941423535346984,84.91905212402344,147.1711883544922
-0.079345703125,1.037109375,0.075927734375,-8.7890625,1.52587890625,1.64794921875,-0.8416744470596313,84.58671569824219,147.23609924316406
-0.082275390625,1.03076171875,0.1064453125,-10.009765625,1.46484375,2.44140625,-0.7195763587951659,84.15106201171875,147.30267333984375
-0.09423828125,1.02392578125,0.087158203125,-12.26806640625,-0.1220703125,1.15966796875,-0.5298449993133545,83.68424224853516,147.30050659179688
-0.086669921875,0.99609375,0.08984375,-14.58740234375,-1.77001953125,-0.1220703125,-0.3157210350036621,83.13227844238281,147.2275390625
-0.077880859375,0.984375,0.06005859375,-15.56396484375,-1.0986328125,0.48828125,-0.14899210631847382,82.62869262695312,147.1841278076172
-0.087158203125,0.976318359375,0.068603515625,-13.61083984375,-0.48828125,2.0751953125,-0.02615213207900524,82.20198059082031,147.17364501953125
-0.115966796875,0.974609375,0.059814453125,-10.92529296875,-1.64794921875,3.23486328125,0.10613648593425752,81.91908264160156,147.1241455078125
-0.114990234375,0.981201171875,0.06982421875,-11.5966796875,-5.4931640625,3.11279296875,0.21215564012527466,81.59799194335938,146.92266845703125
-0.067626953125,0.960205078125,0.0810546875,-12.51220703125,-7.6904296875,2.01416015625,0.23854757845401764,81.2231674194336,146.6295928955078
-0.0595703125,0.947265625,0.0732421875,-12.51220703125,-4.638671875,1.46484375,0.2854844629764557,80.8797836303711,146.45492553710938
-0.06640625,0.949462890625,0.08056640625,-9.46044921875,-2.25830078125,2.74658203125,0.3099108338356018,80.65533447265625,146.3829803466797
-0.099365234375,0.969970703125,0.064697265625,-6.34765625,-1.708984375,4.8828125,0.3256202936172485,80.60460662841797,146.34693908691406
-0.07666015625,0.978515625,0.07080078125,-6.16455078125,-3.0517578125,5.43212890625,0.2564269006252289,80.55066680908203,146.26177978515625
-0.0625,0.999755859375,0.083740234375,-6.8359375,-2.44140625,3.90625,0.21810589730739596,80.44673156738281,146.1908721923828
-0.07275390625,0.983154296875,0.075439453125,-8.544921875,-2.5634765625,2.685546875,0.2542431056499481,80.29418182373047,146.10733032226562
-0.087646484375,0.979248046875,0.08447265625,-8.48388671875,-2.01416015625,2.9296875,0.3173874914646149,80.12849426269531,146.04727172851562
-0.08154296875,0.989501953125,0.08154296875,-7.32421875,-2.62451171875,3.662109375,0.3291785418987274,80.02433776855469,145.96888732910156
-0.080322265625,0.981201171875,0.08544921875,-5.31005859375,-2.99072265625,4.5166015625,0.3030599653720856,79.9942855834961,145.88218688964844
