-0.04638671875,0.984619140625,0.04052734375,-8.23974609375,-4.82177734375,2.0751953125,-1.7469437122344968,79.59394836425781,-185.65728759765625
-0.02392578125,0.982177734375,0.047119140625,-7.99560546875,-4.0283203125,2.01416015625,-1.7303563356399536,79.56729125976562,-185.8109130859375
-0.034912109375,0.980712890625,0.06787109375,-7.9345703125,-4.5166015625,1.89208984375,-1.687733769416809,79.49669647216797,-185.9831695556641
0.085693359375,1.037841796875,0.068115234375,-6.28662109375,-3.662109375,1.0986328125,-1.0799758434295654,79.45156860351562,167.81851196289062
0.0927734375,1.014404296875,0.12158203125,-8.97216796875,38.02490234375,1.46484375,-1.0243321657180786,79.19711303710938,169.32334899902344
-0.146484375,0.99609375,0.003662109375,-8.60595703125,39.48974609375,1.28173828125,-0.41496634483337397,79.23302459716797,170.8771514892578
-0.2265625,0.986328125,-0.01171875,-8.72802734375,61.82861328125,1.3427734375,2.79604172706604,79.32328796386719,-172.03472900390625
-0.097900390625,1.00439453125,-0.05126953125,-6.40869140625,16.29638671875,-2.197265625,3.1108744144439697,79.61866760253906,-171.38304138183594
-0.063232421875,0.96728515625,0.02978515625,-2.685546875,4.39453125,-8.7890625,3.512173175811768,79.84378051757812,-171.25355529785156
-0.115966796875,0.995849609375,-0.045654296875,-4.08935546875,-5.37109375,-4.57763671875,3.7819650173187256,80.1515121459961,-171.4670867919922
-0.011962890625,1.000732421875,0.125,-1.3427734375,-17.27294921875,-10.1318359375,3.941153526306152,80.14057922363281,-172.21131896972656
-0.310546875,1.04052734375,0.083740234375,5.67626953125,-11.90185546875,-29.72412109375,5.5287766456604,80.49818420410156,-172.8663330078125
-0.33544921875,0.93994140625,0.141845703125,11.41357421875,-38.330078125,-39.4287109375,7.382019996643066,80.7735824584961,-174.6408233642578
-0.3525390625,1.11279296875,0.109619140625,35.400390625,-56.5185546875,0.42724609375,7.434171676635742,82.02082824707031,-176.87432861328125
-0.207763671875,1.314208984375,0.06005859375,28.13720703125,-64.697265625,34.36279296875,5.810364246368407,83.06425476074219,-179.25721740722656
0.3095703125,1.37890625,-0.010009765625,8.48388671875,-53.64990234375,31.06689453125,3.6177690029144287,83.51020812988281,-181.227294921875
0.0126953125,1.193115234375,-0.05859375,-14.5263671875,14.892578125,16.4794921875,2.864793062210083,83.32131958007812,-180.53759765625
-0.084228515625,1.2099609375,-0.009765625,-1.89208984375,38.9404296875,38.51318359375,1.5555205345153809,83.5799789428711,-178.80458068847656
-0.20458984375,1.241943359375,0.015869140625,0.8544921875,42.236328125,55.72509765625,-0.1661972999572754,83.84526062011719,-176.88294982910156
-0.338623046875,1.241455078125,0.10009765625,-1.15966796875,32.16552734375,55.2978515625,-1.622667908668518,83.81973266601562,-175.37539672851562
-0.257080078125,1.22900390625,0.09521484375,-3.41796875,3.662109375,59.326171875,-3.4322185516357417,83.71857452392578,-174.98353576660156
-0.1103515625,1.18017578125,0.06982421875,-13.36669921875,-15.44189453125,56.94580078125,-5.409168720245361,83.31168365478516,-175.35731506347656
-0.07373046875,1.061767578125,0.07958984375,-35.5224609375,-13.3056640625,33.50830078125,-6.429463863372803,82.00972747802734,-175.7337188720703
-0.14599609375,0.895263671875,0.13623046875,-33.02001953125,-9.033203125,17.333984375,-6.553609848022461,80.67831420898438,-175.9953155517578
-0.078125,0.83984375,0.1904296875,-3.96728515625,-26.2451171875,19.775390625,-7.03663444519043,80.47538757324219,-176.8959503173828
-0.020263671875,0.989013671875,0.09521484375,25.146484375,-41.32080078125,32.65380859375,-8.246551513671875,81.81898498535156,-178.36122131347656
-0.049072265625,0.976806640625,0.041259765625,21.97265625,-37.17041015625,24.90234375,-8.98218059539795,83.11685180664062,-179.75148010253906
-0.081298828125,0.888916015625,-0.0068359375,-15.80810546875,-31.43310546875,-72.265625,-1.5373151302337646,85.53742980957031,-185.1943359375
-0.0634765625,0.88037109375,-0.040283203125,-15.9912109375,-38.87939453125,-76.416015625,1.6025301218032837,85.16217803955078,-186.99012756347656
-0.040283203125,0.898193359375,-0.00732421875,-10.31494140625,-41.6259765625,-66.5283203125,4.144440650939941,84.8502197265625,171.13150024414062
0.0625,0.972900390625,-0.12744140625,42.8466796875,-8.85009765625,18.24951171875,1.8466931581497192,89.92264556884766,165.8328094482422
0.001953125,0.982177734375,-0.066650390625,35.58349609375,-6.7138671875,21.728515625,0.906998097896576,91.48130798339844,165.554443359375
-0.018798828125,0.91015625,-0.070556640625,39.6728515625,-13.00048828125,30.1513671875,-0.2601558864116669,93.16724395751952,164.98377990722656
-0.0205078125,1.042236328125,-0.153076171875,50.537109375,-17.4560546875,36.9873046875,-1.6209161281585691,95.39341735839844,164.17237854003906
0.02978515625,1.14208984375,-0.23291015625,17.02880859375,-13.427734375,28.62548828125,-2.6930432319641118,96.3282470703125,163.51063537597656
0.046630859375,1.030029296875,-0.225341796875,-3.35693359375,-12.26806640625,25.45166015625,-3.6387205123901367,96.45149230957031,162.89495849609375
0.072265625,0.949951171875,-0.224365234375,-3.96728515625,-13.97705078125,29.23583984375,-4.755102634429932,96.5998077392578,162.18479919433594
0.171630859375,0.955810546875,-0.25146484375,7.4462890625,-3.72314453125,45.34912109375,-6.733429431915282,97.23961639404295,161.78477478027344
0.135009765625,0.91552734375,-0.207763671875,11.77978515625,7.8125,52.3681640625,-8.901412963867188,97.91159057617188,161.7871856689453
0.0341796875,0.827880859375,-0.162353515625,20.01953125,11.23046875,48.88916015625,-10.63355827331543,98.7978973388672,161.9265899658203
0.056640625,0.8330078125,-0.195068359375,48.2177734375,-1.03759765625,46.44775390625,-12.177032470703125,100.96153259277344,161.52777099609375
0.1669921875,0.947509765625,-0.25537109375,60.72998046875,-2.685546875,46.38671875,-13.857439041137695,103.65829467773438,160.9781951904297
0.16552734375,0.936279296875,-0.26171875,51.025390625,0.91552734375,41.6259765625,-15.30160427093506,105.86575317382812,160.55821228027344
0.11083984375,0.84033203125,-0.263671875,45.83740234375,1.5869140625,29.4189453125,-16.117534637451172,107.8272933959961,160.2549591064453
0.09130859375,0.822998046875,-0.249755859375,59.50927734375,-4.21142578125,31.67724609375,-16.855230331420902,110.3236846923828,159.67604064941406
0.271484375,0.931396484375,-0.30224609375,71.35009765625,-9.21630859375,41.44287109375,-18.193754196166992,113.37492370605469,158.69866943359375
0.252685546875,0.99560546875,-0.41015625,44.0673828125,-4.8828125,37.109375,-19.25871086120605,115.35283660888672,157.8800811767578
0.1845703125,0.886962890625,-0.388916015625,15.80810546875,-0.1220703125,23.3154296875,-19.756423950195312,116.04669189453124,157.47242736816406
0.156494140625,0.763916015625,-0.335205078125,10.25390625,-5.859375,19.10400390625,-19.97183990478516,116.54335021972656,156.9257049560547
0.2705078125,0.73779296875,-0.35400390625,26.30615234375,-13.7939453125,20.5078125,-20.37652587890625,117.8652572631836,156.01966857910156
0.30078125,0.69775390625,-0.3935546875,35.58349609375,-6.53076171875,15.31982421875,-20.791749954223636,119.53638458251952,155.44224548339844
0.26513671875,0.70458984375,-0.417236328125,46.56982421875,-1.89208984375,10.07080078125,-20.983354568481445,121.53545379638672,155.14340209960938
0.26953125,0.7529296875,-0.428466796875,55.60302734375,-2.50244140625,6.65283203125,-21.004581451416016,123.75891876220705,154.93421936035156
0.226806640625,0.75927734375,-0.44091796875,59.14306640625,-1.40380859375,10.25390625,-21.049388885498047,126.0721206665039,154.69593811035156
0.2998046875,0.799560546875,-0.497802734375,58.53271484375,1.40380859375,10.6201171875,-21.287084579467773,128.31651306152344,154.53558349609375
0.276611328125,0.7939453125,-0.510498046875,52.001953125,11.90185546875,11.53564453125,-21.750675201416016,130.12686157226562,154.70729064941406
0.26708984375,0.76220703125,-0.468017578125,52.42919921875,16.2353515625,14.2822265625,-22.4111270904541,131.81401062011722,154.96803283691406
0.241943359375,0.732666015625,-0.499755859375,61.21826171875,15.625,18.49365234375,-23.09902572631836,133.9591064453125,155.0452117919922
0.256591796875,0.810791015625,-0.57958984375,55.48095703125,7.4462890625,17.333984375,-23.4642333984375,135.93696594238278,154.88804626464844
0.2509765625,0.81689453125,-0.60498046875,32.28759765625,5.67626953125,7.14111328125,-23.456453323364254,136.84368896484378,154.997314453125
0.22998046875,0.743896484375,-0.54150390625,18.12744140625,10.009765625,-0.42724609375,-23.37881851196289,136.98023986816406,155.4932403564453
0.293212890625,0.684326171875,-0.522216796875,33.26416015625,15.93017578125,12.939453125,-24.02592849731445,137.88307189941406,155.70855712890625
0.3173828125,0.67822265625,-0.554443359375,50.29296875,19.287109375,21.484375,-25.01515769958496,139.59530639648438,155.7059326171875
0.281494140625,0.720703125,-0.61572265625,56.33544921875,19.71435546875,22.27783203125,-25.862735748291016,141.5467987060547,155.66754150390625
0.261474609375,0.832763671875,-0.6455078125,40.83251953125,22.76611328125,14.2822265625,-26.4859619140625,142.5270538330078,156.05264282226562
0.30908203125,0.7666015625,-0.590087890625,24.47509765625,21.78955078125,15.9912109375,-27.24815368652344,142.85643005371094,156.35809326171875
0.27587890625,0.607666015625,-0.535888671875,23.193359375,21.05712890625,17.9443359375,-28.03314971923828,143.32498168945312,156.50648498535156
0.3232421875,0.693115234375,-0.618408203125,39.97802734375,17.02880859375,12.75634765625,-28.55231666564941,144.42849731445312,156.73199462890625
0.331298828125,0.74755859375,-0.59033203125,37.29248046875,24.2919921875,13.97705078125,-29.33488655090332,145.1678009033203,157.18231201171875
0.28564453125,0.706787109375,-0.54736328125,35.5224609375,25.81787109375,22.39990234375,-30.27848815917969,145.91610717773438,157.3770294189453
0.289306640625,0.658935546875,-0.591552734375,33.203125,15.7470703125,24.0478515625,-30.88265991210937,146.89202880859375,157.1656494140625
0.32861328125,0.700439453125,-0.630859375,26.42822265625,10.19287109375,17.333984375,-31.174835205078125,147.51144409179688,157.08070373535156
0.36083984375,0.671142578125,-0.61083984375,16.90673828125,10.80322265625,11.8408203125,-31.453161239624023,147.62841796875,157.22535705566406
0.33349609375,0.604248046875,-0.582763671875,15.68603515625,9.58251953125,12.39013671875,-31.682334899902344,147.78823852539062,157.28578186035156
0.301513671875,0.614013671875,-0.58642578125,20.81298828125,6.16455078125,10.3759765625,-31.66434097290039,148.1302947998047,157.35580444335938
0.3134765625,0.657958984375,-0.6103515625,22.705078125,0.244140625,9.1552734375,-31.41423988342285,148.55007934570312,157.3527374267578
0.3955078125,0.59814453125,-0.66357421875,20.263671875,-0.42724609375,14.70947265625,-31.421735763549805,149.2168426513672,156.99203491210938
0.392333984375,0.557373046875,-0.677734375,22.64404296875,7.26318359375,16.41845703125,-31.72314071655273,150.00502014160156,156.69686889648438
0.3388671875,0.573974609375,-0.64990234375,26.611328125,8.30078125,15.31982421875,-31.923583984375,150.79258728027344,156.5309295654297
0.304443359375,0.584228515625,-0.658447265625,31.55517578125,-0.244140625,10.986328125,-31.64574813842773,151.74368286132812,156.3688201904297
0.38671875,0.569091796875,-0.696533203125,39.48974609375,-0.30517578125,12.14599609375,-31.548282623291016,153.11619567871094,156.1111602783203
0.44580078125,0.578857421875,-0.712646484375,44.25048828125,8.23974609375,17.88330078125,-31.95774078369141,154.6790313720703,155.79971313476562
0.393798828125,0.56298828125,-0.716064453125,45.10498046875,12.451171875,23.01025390625,-32.47884750366211,156.32571411132812,155.3529510498047
0.362548828125,0.605712890625,-0.73486328125,38.02490234375,5.79833984375,19.83642578125,-32.586380004882805,157.55859375,154.97360229492188
0.3623046875,0.54248046875,-0.677734375,24.0478515625,-1.5869140625,14.22119140625,-32.393630981445305,158.16616821289062,154.7028350830078
0.417236328125,0.523193359375,-0.6572265625,19.22607421875,-2.50244140625,12.26806640625,-32.28955841064453,158.54541015625,154.49659729003906
0.378173828125,0.510986328125,-0.67236328125,20.751953125,0.0,12.5732421875,-32.188892364501946,158.99420166015625,154.30555725097656
0.389404296875,0.486328125,-0.68798828125,22.52197265625,-1.220703125,15.2587890625,-32.099082946777344,159.65652465820312,153.9371337890625
0.435302734375,0.476318359375,-0.741455078125,20.56884765625,-0.91552734375,13.3056640625,-32.040969848632805,160.27830505371094,153.6116943359375
0.39501953125,0.462158203125,-0.716552734375,17.02880859375,-0.54931640625,9.3994140625,-31.88879776000977,160.6253204345703,153.48361206054688
0.37109375,0.495361328125,-0.720458984375,17.63916015625,-2.13623046875,8.85009765625,-31.610654830932614,160.9031982421875,153.40301513671875
0.405029296875,0.4443359375,-0.7421875,14.16015625,-4.94384765625,12.75634765625,-31.352638244628906,161.3031768798828,153.02610778808594
0.425537109375,0.429443359375,-0.72900390625,14.95361328125,-5.67626953125,11.71875,-31.12337875366211,161.72169494628906,152.67991638183594
0.400634765625,0.43310546875,-0.7392578125,13.916015625,-6.28662109375,8.1787109375,-30.769376754760746,162.00108337402344,152.4912872314453
0.43310546875,0.448974609375,-0.75537109375,14.7705078125,-2.99072265625,12.3291015625,-30.65163230895996,162.3633575439453,152.17446899414062
0.41845703125,0.47802734375,-0.75244140625,14.70947265625,0.91552734375,18.5546875,-30.723918914794922,162.74790954589844,151.6796875
0.388671875,0.40869140625,-0.723876953125,7.32421875,-0.1220703125,19.8974609375,-30.75048446655273,162.9808807373047,151.05580139160156
0.39990234375,0.396728515625,-0.7529296875,4.5166015625,-5.79833984375,10.19287109375,-30.44427299499512,162.97802734375,150.7563934326172
0.423583984375,0.40576171875,-0.740966796875,5.43212890625,-5.859375,7.4462890625,-30.17686462402344,162.91693115234375,150.59275817871094
0.394775390625,0.433837890625,-0.725341796875,6.34765625,-5.126953125,12.75634765625,-29.95557403564453,162.91177368164062,150.24937438964844
0.429931640625,0.384765625,-0.7607421875,2.9296875,-5.7373046875,12.0849609375,-29.76513481140137,162.93011474609375,149.8401641845703
0.442138671875,0.348876953125,-0.776611328125,5.31005859375,-3.90625,7.01904296875,-29.61286926269531,163.02757263183594,149.62484741210938
0.4267578125,0.35595703125,-0.769775390625,7.6904296875,-0.42724609375,5.9814453125,-29.559255599975586,163.1425323486328,149.5169677734375
0.405029296875,0.39208984375,-0.7353515625,13.671875,-1.3427734375,9.8876953125,-29.49541091918945,163.44888305664062,149.29351806640625
0.386962890625,0.404052734375,-0.736083984375,10.55908203125,-6.16455078125,8.7890625,-29.19277191162109,163.5912322998047,149.07772827148438
0.416259765625,0.39501953125,-0.758544921875,4.5166015625,-10.43701171875,3.47900390625,-28.722427368164066,163.45323181152344,149.01341247558594
0.442626953125,0.346435546875,-0.778076171875,9.21630859375,-4.5166015625,2.685546875,-28.53777503967285,163.60166931152344,148.98451232910156
0.431884765625,0.366943359375,-0.778564453125,8.1787109375,-3.35693359375,8.6669921875,-28.44215965270996,163.7687530517578,148.73602294921875
0.405517578125,0.3408203125,-0.7822265625,4.21142578125,-5.859375,8.85009765625,-28.203264236450195,163.8527374267578,148.4202423095703
0.4013671875,0.367431640625,-0.794189453125,-3.96728515625,-14.58740234375,-4.33349609375,-27.465709686279297,163.3317413330078,148.59207153320312
0.4423828125,0.403564453125,-0.781005859375,-6.65283203125,-11.41357421875,-5.79833984375,-26.948211669921875,162.5874481201172,148.89004516601562
0.455810546875,0.376953125,-0.785888671875,-7.75146484375,-4.7607421875,2.44140625,-26.831432342529297,162.02215576171875,148.87071228027344
0.415771484375,0.32568359375,-0.80322265625,-4.21142578125,-5.55419921875,8.23974609375,-26.67622184753418,161.87635803222656,148.51927185058594
0.377685546875,0.35986328125,-0.8125,-5.06591796875,-10.1318359375,4.0283203125,-26.20209884643555,161.57106018066406,148.3146514892578
0.42919921875,0.340087890625,-0.8115234375,-7.01904296875,-7.75146484375,0.8544921875,-25.91411399841309,161.17601013183594,148.24697875976562
0.4453125,0.346923828125,-0.803955078125,0.244140625,-0.1220703125,2.0751953125,-25.979820251464844,161.0402069091797,148.23841857910156
0.390625,0.333740234375,-0.7841796875,-0.54931640625,-0.732421875,3.35693359375,-25.943470001220703,160.91351318359375,148.16131591796875
0.38330078125,0.35791015625,-0.797607421875,-0.91552734375,-5.859375,2.62451171875,-25.66991233825684,160.7499542236328,148.05833435058594
0.457275390625,0.334716796875,-0.806640625,-0.54931640625,-6.16455078125,1.28173828125,-25.53392219543457,160.6555938720703,147.9729461669922
0.4677734375,0.32763671875,-0.80859375,2.50244140625,-0.18310546875,3.23486328125,-25.675878524780273,160.70428466796875,147.88284301757812
0.42431640625,0.354248046875,-0.7998046875,4.45556640625,5.2490234375,5.859375,-25.960491180419922,160.76771545410156,147.79534912109375
0.3759765625,0.32275390625,-0.77978515625,1.64794921875,-0.6103515625,6.04248046875,-25.93991279602051,160.81146240234375,147.5926055908203
0.4228515625,0.342041015625,-0.812744140625,2.50244140625,-6.53076171875,4.150390625,-25.73673820495605,160.8787384033203,147.38926696777344
0.453125,0.34814453125,-0.799072265625,5.79833984375,-4.2724609375,3.0517578125,-25.686397552490234,161.0146484375,147.2771759033203
0.43701171875,0.302490234375,-0.781005859375,4.57763671875,0.06103515625,3.7841796875,-25.81188201904297,161.17572021484375,147.15855407714844
0.41552734375,0.33740234375,-0.7958984375,2.9296875,-0.732421875,2.685546875,-25.814979553222656,161.1754913330078,147.10964965820312
0.4150390625,0.32177734375,-0.805419921875,0.8544921875,-3.96728515625,4.08935546875,-25.70876121520996,161.1859130859375,146.93470764160156
0.423095703125,0.337890625,-0.789306640625,1.953125,-3.60107421875,4.39453125,-25.652135848999023,161.18798828125,146.77609252929688
0.4443359375,0.295654296875,-0.764892578125,6.591796875,-0.91552734375,5.615234375,-25.800600051879886,161.46527099609375,146.5680694580078
0.428466796875,0.330322265625,-0.78759765625,5.615234375,-1.5869140625,4.638671875,-25.83440971374512,161.61297607421875,146.4252471923828
0.40478515625,0.3173828125,-0.75390625,-1.03759765625,-5.31005859375,3.23486328125,-25.69614028930664,161.48089599609375,146.29380798339844
0.44140625,0.293701171875,-0.78564453125,-2.38037109375,-7.26318359375,2.86865234375,-25.539958953857425,161.39920043945312,146.10693359375
0.43359375,0.2802734375,-0.811767578125,-3.35693359375,-5.06591796875,2.62451171875,-25.43110656738281,161.3201141357422,145.93511962890625
0.416748046875,0.28515625,-0.78857421875,1.28173828125,-2.99072265625,4.08935546875,-25.409381866455078,161.4108428955078,145.743896484375
0.41748046875,0.29345703125,-0.782470703125,-0.67138671875,-5.37109375,4.57763671875,-25.309648513793945,161.41578674316406,145.5118865966797
0.414306640625,0.283203125,-0.788330078125,-2.685546875,-7.9345703125,2.50244140625,-25.08148002624512,161.34873962402344,145.31759643554688
0.453369140625,0.27978515625,-0.8212890625,-4.2724609375,-6.53076171875,1.0986328125,-24.948081970214844,161.22439575195312,145.1845703125
0.45166015625,0.28955078125,-0.80712890625,-1.5869140625,-2.25830078125,3.84521484375,-25.02405548095703,161.19969177246094,145.00994873046875
0.41943359375,0.30810546875,-0.80029296875,-1.77001953125,-1.0986328125,6.16455078125,-25.10310935974121,161.1500701904297,144.77659606933594
0.404541015625,0.286376953125,-0.798828125,-3.0517578125,-5.79833984375,5.859375,-24.974538803100586,161.1268310546875,144.4661102294922
0.4296875,0.2685546875,-0.82763671875,-2.685546875,-7.32421875,2.8076171875,-24.78588485717773,161.14291381835938,144.2321319580078
0.45703125,0.28515625,-0.815185546875,-1.8310546875,-3.96728515625,1.3427734375,-24.77631378173828,161.09490966796875,144.12905883789062
0.416259765625,0.314453125,-0.788818359375,-5.126953125,-1.708984375,4.39453125,-24.822498321533203,160.8590087890625,143.97068786621094
0.3818359375,0.27294921875,-0.765625,-10.31494140625,-6.8359375,5.06591796875,-24.644853591918945,160.55084228515625,143.67111206054688
0.39794921875,0.2412109375,-0.8095703125,-10.7421875,-11.5966796875,0.79345703125,-24.24359893798828,160.31275939941406,143.42311096191406
0.465087890625,0.2412109375,-0.8212890625,-4.82177734375,-9.3994140625,-4.2724609375,-24.00429534912109,160.22616577148438,143.41110229492188
0.443603515625,0.290771484375,-0.804931640625,-2.62451171875,-2.0751953125,-1.5869140625,-24.039506912231445,160.09744262695312,143.4497833251953
0.421630859375,0.296630859375,-0.779052734375,-4.45556640625,-1.28173828125,3.173828125,-24.14521789550781,159.9374237060547,143.31744384765625
0.416015625,0.2685546875,-0.790283203125,-9.3994140625,-7.26318359375,2.13623046875,-23.995952606201172,159.6863555908203,143.1019287109375
0.43798828125,0.273681640625,-0.830322265625,-10.25390625,-8.36181640625,0.54931640625,-23.79524803161621,159.41128540039062,142.92176818847656
0.44921875,0.28955078125,-0.8291015625,-7.38525390625,-5.92041015625,0.8544921875,-23.717140197753906,159.2122344970703,142.7774200439453
0.444091796875,0.274658203125,-0.819091796875,-3.84521484375,-1.89208984375,0.67138671875,-23.7948055267334,159.1625518798828,142.68814086914062
0.394287109375,0.2900390625,-0.789306640625,-7.75146484375,-3.84521484375,1.708984375,-23.728309631347656,158.92431640625,142.55039978027344
0.416259765625,0.2763671875,-0.82666015625,-9.09423828125,-7.8125,0.54931640625,-23.5176944732666,158.714111328125,142.3667755126953
0.45703125,0.271240234375,-0.830810546875,-9.33837890625,-6.40869140625,-1.0986328125,-23.42716217041016,158.4801025390625,142.26333618164062
0.447509765625,0.267578125,-0.8388671875,-7.32421875,-1.77001953125,1.953125,-23.530975341796875,158.37208557128906,142.09938049316406
0.38623046875,0.26513671875,-0.8125,-4.45556640625,-1.28173828125,2.25830078125,-23.54891395568848,158.37391662597656,141.9332275390625
0.408203125,0.30126953125,-0.802490234375,-6.8359375,-6.34765625,2.13623046875,-23.42105865478516,158.21054077148438,141.73062133789062
0.45361328125,0.27099609375,-0.826904296875,-10.31494140625,-6.53076171875,2.0751953125,-23.37467384338379,158.0072021484375,141.4878387451172
0.4462890625,0.271240234375,-0.812744140625,-7.38525390625,-2.44140625,2.0751953125,-23.48080825805664,157.89093017578125,141.312744140625
0.42529296875,0.258056640625,-0.796142578125,-7.38525390625,-0.91552734375,3.90625,-23.64458656311035,157.81961059570312,141.07809448242188
0.427001953125,0.26513671875,-0.81982421875,-6.103515625,-2.685546875,2.197265625,-23.68811416625977,157.78895568847656,140.88092041015625
0.436767578125,0.245361328125,-0.828125,-8.11767578125,-6.04248046875,-0.91552734375,-23.57954216003418,157.70455932617188,140.73202514648438
0.46826171875,0.302978515625,-0.844970703125,-6.04248046875,-1.0986328125,-1.5869140625,-23.6731071472168,157.53668212890625,140.7411651611328
0.423828125,0.297119140625,-0.802001953125,-3.2958984375,2.685546875,2.197265625,-23.91226959228516,157.4995880126953,140.66624450683594
0.3974609375,0.26513671875,-0.788330078125,-4.21142578125,-0.67138671875,1.77001953125,-23.980640411376953,157.51280212402344,140.52345275878906
0.4228515625,0.298828125,-0.81005859375,-6.591796875,-5.859375,-1.15966796875,-23.831356048583984,157.35086059570312,140.43937683105472
0.43896484375,0.29541015625,-0.8203125,-7.01904296875,-5.0048828125,1.28173828125,-23.7823543548584,157.22918701171875,140.26145935058594
0.422607421875,0.2607421875,-0.7958984375,-7.50732421875,-1.8310546875,3.96728515625,-23.89726638793945,157.18028259277344,140.00030517578122
0.41650390625,0.25048828125,-0.810302734375,-7.9345703125,-5.79833984375,4.638671875,-23.84879493713379,157.1934814453125,139.62808227539062
0.43603515625,0.250244140625,-0.821533203125,-7.14111328125,-7.9345703125,1.89208984375,-23.71191215515137,157.21456909179688,139.32827758789062
0.443603515625,0.271240234375,-0.826904296875,-4.150390625,-6.34765625,-0.3662109375,-23.60600280761719,157.25897216796875,139.16658020019528
0.43896484375,0.298095703125,-0.81396484375,-2.197265625,-2.99072265625,2.74658203125,-23.66756248474121,157.33181762695312,138.96728515625
0.408203125,0.292724609375,-0.800048828125,-6.8359375,-3.90625,4.82177734375,-23.675048828125,157.25767517089844,138.66920471191406
0.3994140625,0.26416015625,-0.7919921875,-7.01904296875,-6.9580078125,2.74658203125,-23.538484573364254,157.23106384277344,138.37612915039062
0.43115234375,0.2626953125,-0.8349609375,-8.23974609375,-9.3994140625,-0.54931640625,-23.29424476623535,157.1560516357422,138.16000366210938
0.45263671875,0.26318359375,-0.83203125,-5.4931640625,-6.16455078125,0.06103515625,-23.23516082763672,157.1761016845703,137.97572326660156
0.43994140625,0.28173828125,-0.83203125,-4.57763671875,-3.72314453125,2.8076171875,-23.276811599731445,157.2161102294922,137.73980712890622
0.42138671875,0.268310546875,-0.822265625,-6.34765625,-6.34765625,3.90625,-23.212871551513672,157.24429321289062,137.40608215332028
0.420654296875,0.284912109375,-0.813232421875,-5.43212890625,-7.38525390625,1.5869140625,-23.07828140258789,157.2292022705078,137.16801452636722
0.428466796875,0.286376953125,-0.8173828125,-5.615234375,-6.65283203125,1.64794921875,-22.98888397216797,157.20254516601562,136.94015502929688
0.44677734375,0.25634765625,-0.816162109375,-4.21142578125,-3.5400390625,2.0751953125,-23.07557487487793,157.28993225097656,136.71965026855472
0.417236328125,0.265625,-0.78173828125,-2.197265625,-3.0517578125,3.41796875,-23.16539192199707,157.42327880859375,136.47383117675778
0.409423828125,0.271484375,-0.81640625,-5.0048828125,-7.2021484375,4.94384765625,-23.06778907775879,157.50656127929688,136.09330749511722
0.44775390625,0.266845703125,-0.82275390625,-4.8828125,-6.103515625,4.2724609375,-23.08039665222168,157.58685302734375,135.75460815429688
0.442626953125,0.27978515625,-0.837646484375,-4.150390625,-3.2958984375,4.94384765625,-23.17552757263184,157.6676788330078,135.44364929199222
0.43115234375,0.255615234375,-0.8173828125,-5.9814453125,-2.86865234375,5.9814453125,-23.303207397460934,157.7291717529297,135.0819091796875
0.4189453125,0.238525390625,-0.803955078125,-4.33349609375,-5.67626953125,4.2724609375,-23.2901554107666,157.87901306152344,134.73031616210938
0.4267578125,0.26318359375,-0.81103515625,-2.01416015625,-5.4931640625,2.3193359375,-23.254356384277344,158.02650451660156,134.48580932617188
0.433349609375,0.25,-0.816650390625,-3.173828125,-4.57763671875,2.5634765625,-23.27041244506836,158.15621948242188,134.23463439941406
0.426513671875,0.27783203125,-0.811767578125,-5.126953125,-3.47900390625,4.33349609375,-23.33193206787109,158.15171813964844,133.960205078125
0.412353515625,0.24755859375,-0.816650390625,-8.9111328125,-5.06591796875,4.82177734375,-23.31621551513672,158.09414672851562,133.60838317871094
0.44482421875,0.21630859375,-0.84130859375,-6.28662109375,-6.65283203125,2.99072265625,-23.27128791809082,158.21669006347656,133.26785278320312
0.449462890625,0.2265625,-0.816162109375,-1.77001953125,-4.94384765625,0.54931640625,-23.286176681518555,158.4213104248047,133.07354736328122
0.4287109375,0.267333984375,-0.814697265625,-2.5634765625,-4.0283203125,2.25830078125,-23.3008975982666,158.5075225830078,132.86772155761722
0.414794921875,0.27294921875,-0.80615234375,-1.52587890625,-1.64794921875,5.06591796875,-23.4202938079834,158.6421661376953,132.59507751464844
0.40576171875,0.266357421875,-0.80517578125,-8.60595703125,-5.0048828125,4.2724609375,-23.38269805908203,158.51217651367188,132.2969970703125
0.4228515625,0.24169921875,-0.819580078125,-10.498046875,-8.056640625,0.48828125,-23.21103096008301,158.34152221679688,132.07310485839844
0.424072265625,0.23291015625,-0.828857421875,-7.8125,-6.77490234375,-0.6103515625,-23.07465934753418,158.2878875732422,131.90034484863278
0.419677734375,0.257568359375,-0.8291015625,-3.11279296875,-1.708984375,2.5634765625,-23.15900802612305,158.38319396972656,131.70346069335938
0.404052734375,0.25146484375,-0.794189453125,-3.35693359375,-2.3193359375,6.04248046875,-23.27064323425293,158.51309204101562,131.3616943359375
0.403564453125,0.252685546875,-0.79833984375,-4.7607421875,-5.615234375,4.638671875,-23.228946685791016,158.58045959472656,131.02603149414062
0.430908203125,0.255615234375,-0.832275390625,-8.544921875,-7.14111328125,0.54931640625,-23.0971794128418,158.454833984375,130.8262939453125
0.448974609375,0.21875,-0.84619140625,-9.1552734375,-5.37109375,0.79345703125,-23.077659606933594,158.4003448486328,130.6046142578125
0.439697265625,0.208251953125,-0.818603515625,-7.080078125,-2.9296875,1.8310546875,-23.17738151550293,158.4405517578125,130.37577819824222
0.40625,0.228271484375,-0.820068359375,-5.126953125,-3.0517578125,2.685546875,-23.200035095214844,158.5272216796875,130.12814331054688
0.409423828125,0.263671875,-0.813720703125,-2.62451171875,-3.662109375,2.8076171875,-23.200422286987305,158.6224365234375,129.90426635742188
0.419921875,0.25390625,-0.810791015625,-5.859375,-3.47900390625,2.38037109375,-23.230510711669922,158.59735107421875,129.69390869140622
0.416259765625,0.252197265625,-0.82373046875,-7.568359375,-3.5400390625,4.150390625,-23.26293754577637,158.54861450195312,129.40431213378906
0.424560546875,0.216552734375,-0.819580078125,-9.46044921875,-5.7373046875,3.41796875,-23.23748207092285,158.5132598876953,129.07510375976562
0.434814453125,0.220947265625,-0.827880859375,-7.99560546875,-5.126953125,0.91552734375,-23.211076736450195,158.4874267578125,128.85910034179688
0.435791015625,0.24169921875,-0.8388671875,-5.06591796875,-3.23486328125,1.708984375,-23.25074005126953,158.53790283203125,128.65757751464844
0.437744140625,0.234130859375,-0.837158203125,-4.33349609375,-0.91552734375,3.0517578125,-23.40266227722168,158.6401824951172,128.43217468261722
0.42431640625,0.242919921875,-0.83544921875,-3.84521484375,-0.91552734375,4.0283203125,-23.53253936767578,158.75308227539062,128.17634582519528
0.413818359375,0.23193359375,-0.79345703125,-7.50732421875,-4.69970703125,3.60107421875,-23.534048080444336,158.72813415527344,127.881103515625
0.429931640625,0.233642578125,-0.812744140625,-6.8359375,-6.16455078125,1.15966796875,-23.46040916442871,158.7095489501953,127.65806579589844
0.44677734375,0.23583984375,-0.804443359375,-8.72802734375,-6.8359375,1.28173828125,-23.410259246826172,158.60816955566406,127.4248504638672
0.44140625,0.23388671875,-0.821044921875,-10.07080078125,-3.96728515625,2.3193359375,-23.456144332885746,158.4735870361328,127.18601989746094
0.43115234375,0.22705078125,-0.83251953125,-9.8876953125,-2.5634765625,2.38037109375,-23.52308654785156,158.37045288085938,126.95396423339844
0.4365234375,0.23974609375,-0.802734375,-8.97216796875,-2.99072265625,2.44140625,-23.60971069335937,158.2572479248047,126.73240661621094
0.43212890625,0.238037109375,-0.81494140625,-9.09423828125,-3.84521484375,0.79345703125,-23.61610412597656,158.13674926757812,126.55587768554688
0.414306640625,0.261962890625,-0.81005859375,-12.20703125,-5.18798828125,0.79345703125,-23.5305233001709,157.8426055908203,126.38006591796876
0.424560546875,0.2265625,-0.803955078125,-18.98193359375,-7.9345703125,-0.42724609375,-23.372243881225586,157.369873046875,126.1697235107422
0.435302734375,0.236572265625,-0.81982421875,-15.31982421875,-6.4697265625,-1.953125,-23.2546501159668,157.01419067382812,126.04222106933594
0.43505859375,0.21875,-0.852294921875,-17.822265625,-6.53076171875,-1.64794921875,-23.11966896057129,156.6448516845703,125.8682098388672
0.40185546875,0.2412109375,-0.832275390625,-19.04296875,-6.40869140625,-3.23486328125,-22.91029357910156,156.15048217773438,125.77801513671876
0.42333984375,0.276611328125,-0.822509765625,-18.12744140625,-6.89697265625,-4.45556640625,-22.71307182312012,155.6000518798828,125.7564697265625
0.42138671875,0.265869140625,-0.78271484375,-14.6484375,-6.77490234375,-2.50244140625,-22.60047912597656,155.23228454589844,125.65286254882812
0.431884765625,0.252685546875,-0.822265625,-9.8876953125,-8.11767578125,0.0,-22.47431945800781,155.1824951171875,125.39492797851562
0.439208984375,0.2666015625,-0.842529296875,-8.85009765625,-7.8125,0.42724609375,-22.36139297485352,155.1622772216797,125.13235473632812
0.45361328125,0.21630859375,-0.853515625,-9.765625,-5.615234375,-1.28173828125,-22.34363555908203,155.1897735595703,124.92962646484376
0.42578125,0.246826171875,-0.849853515625,-9.033203125,-3.2958984375,-1.77001953125,-22.336109161376953,155.151611328125,124.81535339355469
0.4228515625,0.256103515625,-0.8212890625,-5.31005859375,-2.197265625,0.3662109375,-22.421215057373047,155.24447631835938,124.65318298339844
0.410888671875,0.255615234375,-0.808837890625,-6.16455078125,-3.60107421875,1.03759765625,-22.44972419738769,155.31207275390625,124.443115234375
0.43115234375,0.2783203125,-0.80224609375,-9.033203125,-5.2490234375,0.42724609375,-22.447492599487305,155.20010375976562,124.2528076171875
0.4140625,0.262939453125,-0.801513671875,-11.8408203125,-3.662109375,-0.42724609375,-22.459747314453125,154.99513244628906,124.10792541503906
0.40966796875,0.267333984375,-0.8212890625,-12.87841796875,-6.28662109375,0.1220703125,-22.35610580444336,154.7899169921875,123.88722229003906
0.42724609375,0.28173828125,-0.842529296875,-14.0380859375,-7.99560546875,-0.54931640625,-22.195783615112305,154.52923583984375,123.66514587402344
0.43603515625,0.249755859375,-0.81103515625,-14.46533203125,-5.67626953125,0.6103515625,-22.20838928222656,154.3114776611328,123.41827392578124
0.42529296875,0.247802734375,-0.82177734375,-11.71875,-2.74658203125,1.5869140625,-22.310701370239254,154.22152709960938,123.1782684326172
0.401611328125,0.2919921875,-0.823486328125,-8.97216796875,-2.44140625,1.64794921875,-22.35007667541504,154.14207458496094,122.97808837890624
0.411376953125,0.2744140625,-0.81787109375,-4.69970703125,-5.06591796875,2.99072265625,-22.350372314453125,154.31265258789062,122.66096496582031
0.440673828125,0.29833984375,-0.8232421875,-1.5869140625,-3.47900390625,3.47900390625,-22.46131706237793,154.54183959960938,122.37825012207031
0.43603515625,0.287841796875,-0.8310546875,-0.79345703125,0.8544921875,5.615234375,-22.746694564819336,154.82861328125,122.08235168457031
0.429931640625,0.25146484375,-0.81298828125,-1.89208984375,2.25830078125,7.99560546875,-23.1303653717041,155.16238403320312,121.6916961669922
0.38720703125,0.258056640625,-0.8271484375,1.28173828125,0.91552734375,6.103515625,-23.30817985534668,155.5946044921875,121.35214233398438
0.422119140625,0.26220703125,-0.8271484375,-0.6103515625,-3.96728515625,4.45556640625,-23.34600257873535,155.9290771484375,121.00140380859376
0.440673828125,0.265625,-0.81005859375,-2.5634765625,-4.150390625,3.84521484375,-23.41881561279297,156.13919067382812,120.68682861328124
0.441650390625,0.27685546875,-0.82470703125,-5.126953125,-1.77001953125,4.39453125,-23.56643295288086,156.2159423828125,120.40113830566406
0.41650390625,0.246826171875,-0.8203125,-6.8359375,-2.0751953125,6.04248046875,-23.686628341674805,156.32345581054688,120.01547241210938
0.415771484375,0.244384765625,-0.828857421875,-6.2255859375,-5.615234375,3.84521484375,-23.62826728820801,156.45391845703125,119.65193176269531
0.41943359375,0.2412109375,-0.83154296875,-7.14111328125,-6.28662109375,2.99072265625,-23.54001235961914,156.54225158691406,119.31005096435548
0.451416015625,0.260498046875,-0.8349609375,-4.57763671875,-3.173828125,1.5869140625,-23.602148056030273,156.6374053955078,119.09955596923828
0.436767578125,0.25634765625,-0.82861328125,-4.08935546875,-0.42724609375,3.60107421875,-23.771202087402344,156.76889038085938,118.85406494140624
0.426025390625,0.255126953125,-0.807861328125,-3.23486328125,1.220703125,3.84521484375,-23.99565124511719,156.91021728515625,118.63307189941406
0.414306640625,0.274658203125,-0.800048828125,-5.4931640625,-1.3427734375,4.0283203125,-24.09420394897461,156.92251586914062,118.38409423828124
0.41455078125,0.252685546875,-0.80810546875,-5.67626953125,-6.9580078125,2.5634765625,-23.961515426635746,157.0044708251953,118.07283020019531
0.458740234375,0.247314453125,-0.821044921875,-4.638671875,-7.6904296875,1.46484375,-23.872089385986328,157.1298828125,117.78824615478516
0.469482421875,0.228515625,-0.8076171875,-6.9580078125,-3.47900390625,2.01416015625,-23.99311447143555,157.1714324951172,117.54178619384766
0.419677734375,0.232421875,-0.813232421875,-9.033203125,-2.38037109375,4.33349609375,-24.0731143951416,157.16075134277344,117.21957397460938
0.42333984375,0.244384765625,-0.80859375,-6.8359375,-4.08935546875,3.23486328125,-24.07783317565918,157.19827270507812,116.92615509033205
0.420166015625,0.242919921875,-0.80810546875,-5.79833984375,-5.31005859375,2.5634765625,-24.02115631103516,157.27684020996094,116.63846588134766
0.433837890625,0.2333984375,-0.822265625,-5.126953125,-4.39453125,2.8076171875,-24.022464752197266,157.4100799560547,116.34454345703124
0.45458984375,0.222900390625,-0.818603515625,-5.859375,-5.06591796875,2.13623046875,-24.0396671295166,157.52272033691406,116.06063079833984
0.428955078125,0.248291015625,-0.809326171875,-5.18798828125,-3.84521484375,2.0751953125,-24.04513740539551,157.58106994628906,115.8288803100586
0.4267578125,0.262451171875,-0.817138671875,-8.056640625,-5.92041015625,3.41796875,-23.97607040405273,157.5296173095703,115.52086639404295
0.41650390625,0.25,-0.817138671875,-8.11767578125,-6.7138671875,2.01416015625,-23.84246635437012,157.491455078125,115.24290466308594
0.4326171875,0.23095703125,-0.819580078125,-8.60595703125,-6.8359375,1.89208984375,-23.74748039245605,157.48110961914062,114.94864654541016
0.450439453125,0.224609375,-0.831298828125,-6.2255859375,-2.685546875,0.1220703125,-23.81005668640137,157.53140258789062,114.78662109375
0.427490234375,0.2509765625,-0.818359375,-7.8125,-2.685546875,3.0517578125,-23.86903381347656,157.4920654296875,114.53569793701172
0.429443359375,0.227783203125,-0.8369140625,-8.4228515625,-4.82177734375,3.41796875,-23.847543716430664,157.5219268798828,114.20455169677734
0.433837890625,0.25146484375,-0.835205078125,-6.16455078125,-4.0283203125,1.64794921875,-23.830829620361328,157.5467071533203,113.98309326171876
0.445556640625,0.257568359375,-0.82666015625,-4.57763671875,-3.41796875,3.41796875,-23.89423942565918,157.6364288330078,113.70980072021484
0.443359375,0.21826171875,-0.816162109375,-7.9345703125,-2.5634765625,3.173828125,-24.00461769104004,157.66799926757812,113.4256362915039
0.419189453125,0.220703125,-0.804443359375,-8.9111328125,-2.0751953125,2.99072265625,-24.08526611328125,157.6416473388672,113.16152954101562
0.412353515625,0.217529296875,-0.8095703125,-7.4462890625,-4.08935546875,2.5634765625,-24.0631046295166,157.69496154785156,112.87513732910156
0.447998046875,0.205322265625,-0.812744140625,-7.99560546875,-6.04248046875,1.03759765625,-24.02468681335449,157.73995971679688,112.60807800292969
0.440185546875,0.224609375,-0.788330078125,-12.87841796875,-3.96728515625,1.64794921875,-24.07541656494141,157.5167236328125,112.37869262695312
0.429443359375,0.2197265625,-0.7744140625,-15.869140625,-3.7841796875,1.15966796875,-24.118343353271484,157.17584228515625,112.16677856445312
0.440673828125,0.228271484375,-0.754638671875,-18.310546875,-4.638671875,-0.8544921875,-24.141216278076172,156.68228149414062,112.03208923339844
0.431396484375,0.230712890625,-0.7392578125,-23.86474609375,-5.615234375,-0.8544921875,-24.12476348876953,155.9732666015625,111.87863159179688
0.414306640625,0.232666015625,-0.747314453125,-30.57861328125,-8.6669921875,-2.86865234375,-23.91876792907715,155.0170440673828,111.73418426513672
0.41064453125,0.22412109375,-0.769775390625,-34.60693359375,-11.29150390625,-5.9814453125,-23.547565460205078,153.95114135742188,111.62533569335938
0.41650390625,0.231201171875,-0.78173828125,-38.6962890625,-15.5029296875,-7.2021484375,-23.01858329772949,152.7698516845703,111.46128845214844
0.41162109375,0.28369140625,-0.765625,-43.212890625,-16.845703125,-8.36181640625,-22.424409866333008,151.30332946777344,111.34147644042969
0.412841796875,0.287109375,-0.76904296875,-46.69189453125,-17.63916015625,-9.33837890625,-21.8082275390625,149.74697875976562,111.20451354980469
0.4091796875,0.28271484375,-0.784423828125,-49.31640625,-17.822265625,-11.29150390625,-21.153749465942386,148.1529083251953,111.0842056274414
0.42919921875,0.304931640625,-0.782470703125,-53.466796875,-18.61572265625,-12.14599609375,-20.516801834106445,146.39642333984375,110.9558563232422
0.42724609375,0.33935546875,-0.763916015625,-60.1806640625,-17.2119140625,-13.427734375,-19.920270919799805,144.3181915283203,110.89263916015624
0.38427734375,0.33349609375,-0.790283203125,-66.46728515625,-21.66748046875,-17.333984375,-19.00250244140625,142.12112426757812,110.77359771728516
0.398681640625,0.3701171875,-0.794189453125,-68.4814453125,-25.146484375,-18.49365234375,-17.995805740356445,139.87396240234378,110.56407928466795
0.421630859375,0.40478515625,-0.751220703125,-72.20458984375,-25.45166015625,-16.41845703125,-17.145811080932614,137.46469116210938,110.25425720214844
0.392333984375,0.395263671875,-0.74267578125,-80.322265625,-26.2451171875,-16.357421875,-16.27298355102539,134.85273742675778,109.84234619140624
0.38037109375,0.406982421875,-0.766845703125,-83.740234375,-30.517578125,-19.59228515625,-15.190526962280273,132.22555541992188,109.31851196289062
0.38037109375,0.4658203125,-0.76611328125,-84.65576171875,-31.25,-23.74267578125,-13.99337387084961,129.521484375,108.83838653564452
0.354248046875,0.526123046875,-0.71923828125,-89.90478515625,-33.0810546875,-20.6298828125,-12.854731559753418,126.57292938232422,108.17578887939452
0.3056640625,0.56201171875,-0.742431640625,-95.8251953125,-35.70556640625,-20.56884765625,-11.597765922546387,123.49618530273438,107.33785247802734
0.326171875,0.53076171875,-0.76416015625,-99.9755859375,-42.17529296875,-24.0478515625,-10.231637954711914,120.4694595336914,106.25377655029295
0.362060546875,0.556396484375,-0.759521484375,-100.9521484375,-43.212890625,-29.541015625,-8.825533866882324,117.42682647705078,105.16974639892578
0.382080078125,0.626220703125,-0.7265625,-104.18701171875,-37.90283203125,-29.35791015625,-7.646211624145508,114.1622314453125,104.20882415771484
0.319580078125,0.6103515625,-0.681640625,-113.1591796875,-32.8369140625,-31.494140625,-6.470215797424316,110.59241485595705,103.37458801269531
0.240234375,0.670166015625,-0.6962890625,-114.92919921875,-37.353515625,-35.82763671875,-4.958991050720215,107.03272247314452,102.32849884033205
0.21826171875,0.7685546875,-0.686279296875,-124.93896484375,-44.5556640625,-37.17041015625,-3.3609657287597656,103.05453491210938,100.92820739746094
0.257080078125,0.798828125,-0.63330078125,-134.21630859375,-49.49951171875,-34.60693359375,-2.0694212913513184,98.70095825195312,99.2136001586914
0.259033203125,0.741943359375,-0.597900390625,-139.2822265625,-48.27880859375,-33.8134765625,-1.0358726978302002,94.2713851928711,97.43641662597656
0.24853515625,0.88330078125,-0.678466796875,-139.95361328125,-45.0439453125,-33.447265625,-0.0951053500175476,89.90171813964844,95.68801879882812
0.154296875,1.022705078125,-0.68505859375,-169.3115234375,-42.05322265625,-30.517578125,0.7617959976196289,84.3741226196289,93.96543884277344
0.1455078125,0.8486328125,-0.581787109375,-197.20458984375,-51.33056640625,-18.9208984375,0.8590914011001587,77.90898895263672,91.86466979980469
0.183837890625,0.751220703125,-0.527099609375,-195.1904296875,-62.01171875,-22.03369140625,0.6004263758659363,71.70989990234375,89.29612731933594
0.239501953125,0.687744140625,-0.507568359375,-180.2978515625,-58.59375,-28.38134765625,0.20296625792980194,66.27533721923828,86.75574493408203
0.285888671875,0.72314453125,-0.433837890625,-138.7939453125,-42.3583984375,-18.85986328125,-0.5764666795730591,62.49103164672852,84.93571472167969
0.216552734375,0.74658203125,-0.35107421875,-114.6240234375,-24.2919921875,-9.70458984375,-1.2658815383911133,59.67245864868164,83.89532470703125
0.144775390625,0.776611328125,-0.2724609375,-98.9990234375,-20.263671875,-3.41796875,-1.9301457405090328,57.439170837402344,83.10183715820312
0.12255859375,0.83056640625,-0.2587890625,-85.87646484375,-24.35302734375,-6.40869140625,-2.516700267791748,55.76238632202149,82.0925521850586
0.1259765625,0.849853515625,-0.227783203125,-81.72607421875,-20.1416015625,-11.16943359375,-2.8674619197845463,54.2418098449707,81.10416412353516
0.122314453125,0.8154296875,-0.181884765625,-74.951171875,-19.59228515625,-7.8125,-3.331813097000122,52.9673843383789,80.20541381835938
0.154541015625,0.79443359375,-0.173583984375,-62.1337890625,-16.17431640625,-3.60107421875,-3.946167469024658,52.21374893188477,79.50636291503906
0.1259765625,0.791015625,-0.161865234375,-53.77197265625,-8.4228515625,-8.36181640625,-4.136778831481934,51.799217224121094,78.917724609375
0.202392578125,0.80322265625,-0.135986328125,-46.630859375,0.79345703125,-11.41357421875,-4.197615146636963,51.58613204956055,78.54351043701172
0.1494140625,0.7373046875,-0.101318359375,-24.7802734375,12.939453125,-2.13623046875,-4.1443305015563965,52.17563247680664,78.78077697753906
0.155517578125,0.69921875,-0.101318359375,-3.2958984375,16.6015625,-0.3662109375,-4.1080055236816415,53.60143661499024,79.18413543701172
0.107421875,0.8447265625,-0.1484375,11.77978515625,18.1884765625,-1.5869140625,-3.805273294448853,55.66074752807617,79.6231918334961
0.11279296875,0.955322265625,-0.13427734375,-2.5634765625,31.73828125,-8.056640625,-2.989445924758911,57.01907730102539,80.40296173095703
0.02880859375,0.883544921875,-0.0224609375,-9.82666015625,46.9970703125,-0.244140625,-1.9522110223770144,57.83459091186523,81.91915893554688
-0.018798828125,0.7314453125,0.048095703125,13.00048828125,39.85595703125,19.71435546875,-1.6732535362243652,59.36786651611328,83.65643310546875
0.072021484375,0.933837890625,-0.12841796875,41.259765625,10.92529296875,28.01513671875,-2.558959722518921,62.3822135925293,84.53758239746094
0.117431640625,1.169189453125,-0.204345703125,0.30517578125,11.23046875,14.70947265625,-3.022831439971924,63.73165512084961,85.1416015625
0.10009765625,0.9990234375,-0.094482421875,27.40478515625,7.01904296875,18.6767578125,-0.7210190892219543,64.60623168945311,90.33042907714844
0.067138671875,1.163330078125,-0.103515625,-22.76611328125,43.701171875,-10.31494140625,0.2849197089672089,64.83194732666016,91.7238311767578
-0.096923828125,0.9580078125,0.036865234375,-43.9453125,52.91748046875,-26.67236328125,2.368374824523926,63.98017883300781,93.17975616455078
-0.1611328125,0.71630859375,0.056396484375,-14.16015625,27.28271484375,-21.3623046875,4.018109321594238,64.25154876708984,93.82634735107422
0.140869140625,1.212158203125,-0.15234375,21.6064453125,16.2353515625,-13.671875,4.3880701065063485,66.35986328125,94.27106475830078
0.05712890625,1.46337890625,-0.111083984375,-27.587890625,56.0302734375,-30.21240234375,6.138112545013428,66.46184539794922,95.93609619140624
0.0234375,1.251220703125,0.066162109375,-79.28466796875,68.9697265625,-37.841796875,8.378602027893066,64.3253173828125,97.92716979980469
-0.29833984375,0.947998046875,0.112060546875,-76.11083984375,46.142578125,-40.52734375,11.016584396362305,62.14272689819336,98.95953369140624
-0.059814453125,0.775390625,0.1220703125,-23.5595703125,25.634765625,-32.2265625,12.387057304382324,62.00188827514648,99.4160385131836
0.016357421875,0.973876953125,0.040771484375,20.6298828125,30.76171875,-23.92578125,13.309036254882812,63.97009658813477,100.30673217773438
-0.1923828125,1.308349609375,0.09619140625,20.5078125,34.423828125,-25.45166015625,14.641305923461914,65.8406982421875,101.34605407714844
-0.25,1.283203125,0.0595703125,-6.04248046875,10.80322265625,-26.18408203125,15.66116428375244,66.42581939697266,101.53211212158205
-0.123291015625,1.10595703125,-0.019287109375,-15.625,-8.6669921875,-31.1279296875,16.347614288330078,66.53370666503906,100.95068359375
0.025634765625,1.21484375,-0.116943359375,-11.41357421875,1.3427734375,-32.2265625,16.941064834594727,67.07723999023439,100.79711151123048
-0.050048828125,1.285888671875,-0.03759765625,-34.5458984375,29.35791015625,-24.23095703125,17.765283584594727,66.895751953125,101.82646942138672
-0.071044921875,1.1650390625,0.05517578125,-50.9033203125,33.02001953125,-8.85009765625,18.091766357421875,66.02948760986328,103.21073150634766
-0.142578125,0.9130859375,0.10205078125,-36.7431640625,28.74755859375,-5.37109375,18.416757583618164,65.58261871337889,104.4469223022461
-0.204833984375,0.97509765625,0.094970703125,-8.7890625,15.9912109375,-1.3427734375,18.495601654052734,66.16377258300781,105.27658081054688
-0.1162109375,1.045654296875,0.06591796875,-2.74658203125,6.34765625,-3.72314453125,18.291454315185547,66.92242431640625,105.7175750732422
-0.117431640625,0.981689453125,0.04931640625,-7.14111328125,1.953125,-18.49365234375,18.588529586791992,67.37321472167969,105.74774169921876
-0.133544921875,0.991455078125,0.01806640625,1.77001953125,-3.60107421875,-19.47021484375,18.868432998657227,68.15962982177734,105.5726547241211
-0.025390625,1.071044921875,-0.01123046875,3.41796875,-4.150390625,-2.25830078125,18.25806427001953,69.13536834716797,105.6650390625
-0.0283203125,1.04052734375,-0.036865234375,-10.68115234375,12.0849609375,1.28173828125,17.775339126586914,69.77938842773439,106.44806671142578
-0.114990234375,0.992919921875,-0.010986328125,-12.0849609375,18.73779296875,-8.85009765625,17.96025276184082,70.31620788574219,107.31812286376952
-0.20849609375,1.048583984375,0.03759765625,-6.16455078125,14.95361328125,-15.380859375,18.496501922607425,70.88680267333984,107.91587829589844
-0.148193359375,1.1533203125,0.001953125,-15.869140625,1.953125,-5.55419921875,18.325714111328125,71.01482391357422,108.1618194580078
-0.05126953125,1.081298828125,0.004150390625,-30.3955078125,4.69970703125,-0.42724609375,17.825971603393555,70.6139144897461,108.58601379394531
-0.10546875,1.0927734375,0.009765625,-36.1328125,9.21630859375,-5.37109375,17.7001953125,70.01593780517578,109.11245727539062
-0.113037109375,1.1904296875,0.029296875,-31.79931640625,4.82177734375,4.57763671875,17.144643783569336,69.56558227539061,109.59839630126952
-0.07421875,0.96533203125,0.040283203125,-27.89306640625,0.1220703125,20.751953125,15.900075912475586,69.25874328613281,110.12088012695312
-0.02197265625,0.93505859375,0.021728515625,-23.01025390625,0.732421875,21.3623046875,14.57431697845459,69.20067596435547,110.67499542236328
-0.03564453125,0.88720703125,0.048095703125,-14.22119140625,9.46044921875,13.18359375,13.754358291625975,69.46870422363281,111.40835571289062
-0.130859375,0.953125,0.1240234375,-4.57763671875,5.859375,11.1083984375,13.192476272583008,69.88718414306639,111.91416931152344
-0.0927734375,1.183837890625,0.050048828125,3.5400390625,-2.685546875,20.1416015625,12.0763521194458,70.7591781616211,112.2433624267578
-0.03125,1.005615234375,-0.021728515625,-13.5498046875,-4.57763671875,10.8642578125,11.228827476501463,71.01022338867188,112.37884521484376
-0.053466796875,0.970703125,0.09423828125,-13.97705078125,-4.82177734375,2.9296875,10.746683120727539,70.94760131835938,112.33511352539062
