0.068115234375,0.959228515625,0.1142578125,-7.8125,14.0380859375,1.46484375,-3.633854389190674,79.07865142822266,-2.1067032814025883
-0.040283203125,0.98046875,0.038818359375,-8.48388671875,21.6064453125,1.708984375,-3.3041560649871826,79.01522827148438,-1.2651152610778809
-0.102294921875,0.980712890625,0.028564453125,-7.9345703125,15.0146484375,1.708984375,-2.8948123455047607,79.01779174804688,-0.6830849647521973
0.070068359375,1.019775390625,0.10888671875,-16.41845703125,2.38037109375,6.28662109375,-2.954871416091919,78.63741302490234,-0.3021574020385742
0.071533203125,0.954833984375,0.107666015625,-27.7099609375,10.68115234375,12.87841796875,-3.4233171939849854,77.68087005615234,0.2123699188232422
0.026123046875,1.111083984375,0.122314453125,-9.33837890625,23.193359375,10.1318359375,-3.5395731925964355,77.47222137451172,1.1927995681762695
0.192626953125,0.8095703125,0.18212890625,-14.7705078125,-46.20361328125,1.953125,-4.489027500152588,77.85542297363281,-4.8672828674316415
0.061279296875,0.995849609375,0.081298828125,-9.94873046875,-37.353515625,1.28173828125,-4.809311389923097,77.8577651977539,-6.345427513122559
0.0224609375,0.94677734375,0.114013671875,-4.21142578125,-25.32958984375,-3.96728515625,-4.725489139556885,77.97019958496094,-7.389871120452881
0.056396484375,1.047119140625,0.055908203125,-1.52587890625,-19.775390625,-11.962890625,-4.353820323944092,78.31999206542969,-8.292301177978517
0.10205078125,0.992919921875,0.06884765625,3.7841796875,-10.3759765625,-20.3857421875,-3.697619915008545,78.80120086669922,-8.88198471069336
0.064697265625,1.0029296875,0.070556640625,9.033203125,-1.64794921875,-26.79443359375,-2.659989356994629,79.44645690917969,-9.163328170776367
0.0380859375,1.308837890625,0.071533203125,-21.91162109375,-15.380859375,13.671875,-4.793217658996582,79.33048248291016,-11.55672550201416
0.205078125,1.545166015625,0.12255859375,-16.78466796875,0.732421875,-9.6435546875,-4.519092559814453,78.89006805419922,-11.617960929870605
0.10888671875,1.501708984375,0.09765625,-37.53662109375,9.521484375,8.4228515625,-4.757898807525635,77.63191986083984,-11.198156356811523
0.161865234375,1.38916015625,0.078857421875,-42.05322265625,9.46044921875,34.912109375,-6.106752395629883,76.23130798339844,-10.542620658874512
0.272216796875,1.248779296875,0.08837890625,-13.97705078125,14.83154296875,22.52197265625,-7.0847110748291025,75.9441146850586,-9.784745216369627
0.184326171875,1.34326171875,0.074462890625,17.02880859375,21.05712890625,-13.61083984375,-6.394547462463379,76.95713806152344,-9.137775421142578
0.099609375,1.462158203125,0.07666015625,25.0244140625,20.44677734375,-50.78125,-4.147212505340576,78.30667114257812,-8.807356834411621
0.17578125,1.41455078125,-0.000244140625,3.60107421875,10.8642578125,-41.19873046875,-2.571058988571167,78.88973236083984,-8.733858108520508
0.255859375,1.464111328125,-0.001708984375,-15.2587890625,20.1416015625,0.1220703125,-2.714060544967652,78.66402435302734,-7.958733081817628
0.200927734375,1.2255859375,-0.00537109375,-24.2919921875,23.0712890625,28.076171875,-3.8911890983581534,78.06491088867188,-6.848158836364746
0.2587890625,1.106201171875,0.003173828125,-2.8076171875,27.28271484375,29.78515625,-5.203723430633545,78.28771209716797,-5.564486503601074
0.21826171875,1.244384765625,0.002197265625,3.0517578125,33.99658203125,4.45556640625,-5.303149700164795,78.72221374511719,-4.230398178100587
0.083740234375,1.21728515625,0.011474609375,-10.43701171875,39.85595703125,-24.169921875,-3.999216556549072,78.60285186767578,-2.886993885040283
0.072509765625,1.001953125,-0.018310546875,-23.193359375,29.78515625,-5.2490234375,-3.5666892528533936,78.07701110839844,-1.7919774055480957
0.184326171875,1.0341796875,-0.0029296875,-26.123046875,31.494140625,16.66259765625,-4.215203285217285,77.39551544189453,-0.4436740875244141
0.2646484375,1.029052734375,0.017333984375,-27.64892578125,42.236328125,22.39990234375,-5.117795467376709,76.57137298583984,1.3808107376098633
0.012939453125,0.847412109375,0.016845703125,-26.67236328125,50.23193359375,9.1552734375,-4.836650371551514,75.79934692382812,3.383384704589844
-0.019775390625,0.71728515625,0.0263671875,-25.87890625,41.56494140625,0.0,-4.1752753257751465,75.10235595703125,4.957211494445801
-0.0478515625,0.7861328125,0.040771484375,-17.333984375,40.58837890625,-39.00146484375,2.0328950881958012,75.28025817871094,10.212533950805664
-0.083984375,0.621826171875,0.041748046875,-18.12744140625,34.60693359375,-33.87451171875,3.912682056427002,75.0190658569336,11.223363876342773
-0.07275390625,0.65869140625,0.02294921875,-9.8876953125,30.94482421875,-32.470703125,5.575456142425537,75.19139099121094,12.12759017944336
-0.09033203125,0.74267578125,0.0048828125,-2.44140625,32.40966796875,-41.8701171875,7.571808338165282,75.74287414550781,13.028156280517578
-0.2216796875,0.75048828125,0.004150390625,-9.1552734375,23.3154296875,-44.921875,9.89097785949707,75.96621704101562,13.573469161987305
-0.09765625,0.71142578125,0.0205078125,-12.39013671875,17.27294921875,-38.39111328125,11.465986251831055,76.00537872314453,13.965566635131836
-0.04296875,0.784423828125,0.021484375,-11.04736328125,23.74267578125,-47.119140625,13.19414520263672,76.15231323242188,14.549753189086914
-0.17822265625,0.862548828125,0.0322265625,-22.8271484375,27.64892578125,-49.49951171875,15.32046127319336,75.84359741210938,15.274362564086914
-0.227294921875,0.800537109375,0.00244140625,-38.330078125,26.611328125,-41.3818359375,17.217098236083984,75.02755737304688,16.06268310546875
-0.251953125,0.6064453125,0.033203125,-44.25048828125,20.3857421875,-29.23583984375,18.77694320678711,73.85065460205078,16.691112518310547
-0.158447265625,0.658935546875,0.0224609375,-20.93505859375,18.6767578125,-26.9775390625,19.825313568115234,73.7208023071289,17.31875991821289
-0.2138671875,0.841552734375,0.0615234375,-16.17431640625,24.2919921875,-41.32080078125,21.46614646911621,73.73120880126953,17.99163055419922
-0.251220703125,0.831787109375,0.046630859375,-30.70068359375,25.634765625,-53.1005859375,23.61492729187012,73.18038177490234,18.602014541625977
-0.347412109375,0.62158203125,0.05322265625,-31.8603515625,26.7333984375,-64.51416015625,26.614032745361328,72.46717834472656,19.07420539855957
-0.4150390625,0.648193359375,0.00439453125,-17.7001953125,17.333984375,-59.75341796875,29.361351013183594,72.35136413574219,19.29515838623047
-0.380615234375,0.833251953125,0.042724609375,-7.26318359375,7.38525390625,-50.10986328125,31.188364028930664,72.46522521972656,19.22103881835937
-0.358642578125,0.919189453125,0.075927734375,-19.287109375,3.41796875,-56.70166015625,33.01148223876953,71.87986755371094,18.84781265258789
-0.339111328125,0.8466796875,0.083984375,-27.099609375,5.37109375,-64.697265625,35.10024642944336,70.91268157958984,18.4060115814209
-0.391357421875,0.790771484375,0.04150390625,-27.099609375,8.72802734375,-63.5986328125,37.29664993286133,70.13529205322266,18.17323875427246
-0.388427734375,0.831298828125,0.0390625,-21.42333984375,8.23974609375,-45.34912109375,38.67062759399414,69.7939453125,18.25014305114746
-0.4404296875,0.83251953125,0.085693359375,-21.42333984375,8.72802734375,-38.57421875,39.83232879638672,69.39413452148439,18.382343292236328
-0.409423828125,0.806396484375,0.062744140625,-20.44677734375,3.96728515625,-35.0341796875,40.7256965637207,69.00692749023439,18.400672912597656
-0.40771484375,0.877685546875,0.102783203125,-15.380859375,2.44140625,-43.45703125,41.7849006652832,68.58385467529297,18.13134002685547
-0.480712890625,0.87109375,0.123046875,-17.27294921875,0.8544921875,-56.0302734375,43.3824348449707,67.76765441894531,17.46609115600586
-0.455322265625,0.810546875,0.090576171875,-18.798828125,-3.662109375,-59.9365234375,45.01533126831055,66.72509765625,16.511882781982422
-0.457763671875,0.7744140625,0.097900390625,-13.18359375,-0.48828125,-50.537109375,46.32392120361328,66.11306762695311,15.882833480834961
-0.4736328125,0.82373046875,0.10009765625,-12.0849609375,-1.03759765625,-40.83251953125,47.19553756713867,65.705078125,15.463756561279295
-0.495849609375,0.851318359375,0.1181640625,-13.85498046875,-0.6103515625,-34.85107421875,47.82629013061523,65.3023681640625,15.178632736206055
-0.486572265625,0.82861328125,0.12451171875,-16.54052734375,-3.23486328125,-38.818359375,48.53242492675781,64.57998657226561,14.626394271850586
-0.546142578125,0.803466796875,0.099365234375,-16.78466796875,-7.080078125,-43.5791015625,49.46584701538086,63.62879180908203,13.757757186889648
-0.49609375,0.739501953125,0.1171875,-10.8642578125,-12.26806640625,-43.02978515625,50.20911026000977,62.6143798828125,12.540084838867188
-0.47021484375,0.778564453125,0.134033203125,-1.03759765625,-7.26318359375,-57.4951171875,51.40562057495117,61.86133575439453,11.161096572875977
-0.52734375,0.805419921875,0.125732421875,1.40380859375,-4.5166015625,-59.2041015625,52.74547576904297,61.26945877075195,9.870983123779297
-0.561767578125,0.83447265625,0.111083984375,0.732421875,-5.37109375,-53.16162109375,53.84341049194336,60.78508377075195,8.742403030395508
-0.581787109375,0.859619140625,0.09765625,-9.09423828125,-6.65283203125,-44.00634765625,54.57136917114258,60.12657928466797,7.871122360229492
-0.59033203125,0.789794921875,0.1201171875,-16.17431640625,-7.01904296875,-37.29248046875,55.09857177734375,59.19977569580078,7.0788917541503915
-0.603515625,0.71337890625,0.103271484375,-15.44189453125,-7.26318359375,-32.958984375,55.57629013061523,58.39491271972656,6.403777122497559
-0.63818359375,0.714111328125,0.134521484375,-5.79833984375,-7.62939453125,-33.5693359375,56.07196426391602,57.8011589050293,5.568777084350586
-0.60009765625,0.788818359375,0.135498046875,-2.74658203125,-8.36181640625,-35.0341796875,56.42781066894531,57.3734245300293,4.739912033081055
-0.575927734375,0.86767578125,0.157470703125,-7.26318359375,-4.08935546875,-44.189453125,57.02560043334961,56.71144485473633,3.8385047912597656
-0.6904296875,0.751953125,0.1279296875,-21.30126953125,-1.52587890625,-51.81884765625,58.22446823120117,55.19572448730469,2.640777587890625
-0.709716796875,0.619140625,0.11083984375,-19.71435546875,-8.85009765625,-43.9453125,59.1607780456543,53.43690872192383,1.1369037628173828
-0.630859375,0.626953125,0.127685546875,-5.2490234375,-11.53564453125,-35.58349609375,59.5636215209961,52.48060607910156,-0.12182998657226562
-0.644287109375,0.78564453125,0.132568359375,-0.91552734375,-3.5400390625,-38.26904296875,60.046653747558594,52.27040481567383,-0.7869472503662109
-0.69677734375,0.795654296875,0.1357421875,-10.19287109375,-1.89208984375,-40.6494140625,60.68517303466797,51.615966796875,-1.51513671875
-0.70361328125,0.698486328125,0.1328125,-15.9912109375,-2.685546875,-44.5556640625,61.51709747314453,50.32290267944336,-2.659554958343506
-0.741943359375,0.62890625,0.118896484375,-9.82666015625,-5.126953125,-43.0908203125,62.3570671081543,49.04733657836914,-4.027438163757323
-0.7392578125,0.64794921875,0.14013671875,-3.7841796875,-5.92041015625,-39.1845703125,62.96202087402344,48.10904312133789,-5.274882316589356
-0.74951171875,0.667724609375,0.15625,-3.72314453125,-4.82177734375,-36.56005859375,63.45718383789063,47.340087890625,-6.326373100280763
-0.689697265625,0.669189453125,0.15380859375,-5.7373046875,-4.57763671875,-35.2783203125,63.81875228881836,46.66575241088867,-7.201542854309082
-0.744873046875,0.676025390625,0.128173828125,-6.77490234375,-2.13623046875,-40.8935546875,64.48764801025389,45.81430435180664,-8.232922554016112
-0.778564453125,0.62841796875,0.12255859375,-8.72802734375,-5.31005859375,-37.109375,65.03672790527344,44.75494384765625,-9.37621784210205
-0.744873046875,0.631591796875,0.13623046875,-6.28662109375,-7.75146484375,-26.611328125,65.13692474365234,44.30762100219727,-9.956369400024414
-0.72998046875,0.632568359375,0.1337890625,-7.99560546875,-5.67626953125,-23.25439453125,65.18135070800781,44.17909622192383,-10.119420051574707
-0.746337890625,0.66162109375,0.11767578125,-11.04736328125,-2.50244140625,-24.169921875,65.34757995605469,44.18720626831055,-10.018388748168944
-0.787109375,0.63623046875,0.10888671875,-13.916015625,-3.47900390625,-26.42822265625,65.63265228271484,43.78079223632813,-10.227272033691406
-0.80126953125,0.591552734375,0.125244140625,-15.56396484375,-6.53076171875,-27.83203125,65.90438079833984,42.8166389465332,-10.93816375732422
-0.777587890625,0.5869140625,0.10400390625,-13.427734375,-7.080078125,-27.587890625,66.14994812011719,42.05093002319336,-11.547845840454102
-0.779296875,0.607666015625,0.108642578125,-11.8408203125,-4.7607421875,-22.94921875,66.29937744140625,41.86753845214844,-11.598485946655273
-0.797119140625,0.61474609375,0.13427734375,-14.09912109375,-4.150390625,-19.95849609375,66.35636138916016,41.73217391967773,-11.479677200317385
-0.82763671875,0.623779296875,0.131591796875,-16.6015625,-3.7841796875,-22.27783203125,66.50975799560547,41.353118896484375,-11.516143798828125
-0.8515625,0.568115234375,0.138916015625,-19.6533203125,-10.68115234375,-24.59716796875,66.59159088134766,40.034664154052734,-12.409856796264648
-0.7900390625,0.49365234375,0.143798828125,-15.625,-12.51220703125,-24.4140625,66.62059783935547,38.63901138305664,-13.542474746704102
-0.809326171875,0.515380859375,0.1201171875,-7.01904296875,-8.72802734375,-24.84130859375,66.79994201660156,37.964298248291016,-14.292123794555664
-0.852294921875,0.611083984375,0.127197265625,-6.89697265625,-5.615234375,-21.91162109375,66.91755676269531,37.941837310791016,-14.374324798583984
-0.879150390625,0.552001953125,0.1484375,-13.24462890625,-8.23974609375,-17.27294921875,66.89680480957031,37.54375457763672,-14.54052448272705
-0.810546875,0.5,0.15283203125,-14.34326171875,-11.962890625,-12.63427734375,66.63473510742189,37.153465270996094,-14.64101791381836
-0.809326171875,0.513916015625,0.1572265625,-6.65283203125,-7.32421875,-18.9208984375,66.65079498291016,36.91536331176758,-14.917616844177244
-0.87646484375,0.5361328125,0.1640625,-6.4697265625,-7.9345703125,-22.15576171875,66.75405883789061,36.36604690551758,-15.534902572631836
-0.850830078125,0.545654296875,0.140380859375,-8.23974609375,-10.68115234375,-23.74267578125,66.803466796875,35.648681640625,-16.288240432739258
-0.834228515625,0.511474609375,0.153076171875,-8.7890625,-10.43701171875,-26.9775390625,66.92836761474611,34.546253204345696,-17.417333602905273
-0.831787109375,0.474365234375,0.16748046875,-7.75146484375,-7.9345703125,-25.0244140625,67.09316253662111,33.605117797851555,-18.388525009155273
-0.84423828125,0.463623046875,0.16455078125,-5.37109375,-4.5166015625,-18.61572265625,67.24906921386719,33.42698287963867,-18.626644134521484
-0.869384765625,0.5048828125,0.16162109375,-6.8359375,-6.16455078125,-5.37109375,67.03868103027344,34.31005477905273,-17.671009063720703
-0.85302734375,0.503662109375,0.161376953125,-9.3994140625,-4.82177734375,-6.77490234375,66.89208221435547,35.027366638183594,-16.783279418945312
-0.86083984375,0.469970703125,0.157470703125,-10.3759765625,-4.69970703125,-8.4228515625,66.84152221679689,35.4201545715332,-16.181629180908207
-0.85986328125,0.433837890625,0.1708984375,-5.18798828125,-5.67626953125,-8.544921875,66.78269195556639,35.742393493652344,-15.848165512084961
-0.82421875,0.462158203125,0.1494140625,-1.89208984375,-5.7373046875,0.91552734375,66.46766662597656,37.13969039916992,-14.524860382080078
-0.837158203125,0.521728515625,0.167724609375,-1.708984375,-1.5869140625,8.60595703125,65.99943542480469,39.37006759643555,-12.311196327209473
-0.861328125,0.50830078125,0.16650390625,-10.19287109375,-2.25830078125,12.451171875,65.44438171386719,41.246009826660156,-10.084965705871582
-0.845947265625,0.46484375,0.149658203125,-13.73291015625,-3.72314453125,5.0048828125,65.10868072509766,42.19827270507813,-8.691822052001951
-0.854248046875,0.41357421875,0.161376953125,-7.99560546875,-3.72314453125,-2.99072265625,65.05419158935547,42.56732177734375,-8.140596389770508
-0.86572265625,0.45166015625,0.140625,-1.28173828125,-5.06591796875,0.54931640625,64.85416412353516,43.534645080566406,-7.260884761810303
-0.84912109375,0.539306640625,0.1494140625,-2.86865234375,-3.2958984375,7.01904296875,64.37525177001953,45.14353942871094,-5.646798133850098
-0.87353515625,0.5498046875,0.15380859375,-7.62939453125,-1.3427734375,8.6669921875,63.90955352783203,46.64430618286133,-3.924243450164795
-0.856201171875,0.447509765625,0.14453125,-10.68115234375,-2.99072265625,18.6767578125,63.24887084960938,48.11339569091797,-2.0350909233093257
-0.793701171875,0.4267578125,0.145751953125,-5.43212890625,-1.64794921875,26.2451171875,62.36120986938477,50.09811401367188,0.21903038024902344
-0.767822265625,0.44873046875,0.161865234375,-0.06103515625,2.5634765625,31.3720703125,61.3248405456543,52.579673767089844,2.820199012756348
-0.815185546875,0.462158203125,0.15380859375,5.37109375,7.38525390625,39.0625,60.18236923217773,55.63611602783203,5.867434501647949
-0.83251953125,0.476318359375,0.153564453125,6.9580078125,7.50732421875,51.1474609375,58.60485458374024,58.86592483520508,9.098241806030273
-0.79052734375,0.5595703125,0.1337890625,5.859375,7.080078125,65.91796875,56.30752944946289,62.26745986938477,12.590993881225586
-0.759033203125,0.620361328125,0.12158203125,-1.46484375,11.1083984375,76.904296875,53.54457473754883,65.42578125,16.221782684326172
-0.74951171875,0.576416015625,0.09765625,-4.150390625,13.18359375,83.8623046875,50.64366912841797,68.16359710693361,19.612239837646484
-0.709716796875,0.553466796875,0.09765625,1.8310546875,13.7939453125,91.12548828125,47.4855842590332,70.74401092529297,22.67086601257324
-0.741455078125,0.655517578125,0.09228515625,12.3291015625,16.4794921875,96.13037109375,44.07953643798828,73.50944519042969,25.54852294921875
-0.741455078125,0.757568359375,0.087158203125,6.7138671875,12.5732421875,103.1494140625,40.26303482055664,75.58119201660156,27.920528411865234
-0.70654296875,0.77392578125,0.107177734375,-5.0048828125,8.7890625,109.80224609375,36.17295837402344,76.70993041992188,29.82155990600586
-0.662841796875,0.699462890625,0.10400390625,-13.97705078125,5.7373046875,107.97119140625,32.307022094726555,77.1244125366211,31.34635162353516
-0.6357421875,0.674072265625,0.0888671875,-13.48876953125,0.0,110.83984375,28.422954559326172,77.32587432861328,32.551773071289055
-0.552734375,0.69921875,0.0751953125,-6.34765625,-9.70458984375,118.59130859375,24.11224937438965,77.6059341430664,33.358959197998054
-0.503662109375,0.788330078125,0.11181640625,1.46484375,-18.73779296875,109.4970703125,20.0137882232666,77.8856201171875,33.612266540527344
-0.5048828125,0.852294921875,0.0791015625,-1.3427734375,-28.564453125,97.0458984375,16.411859512329098,77.96083068847656,33.354217529296875
-0.476318359375,0.808837890625,0.066162109375,-9.33837890625,-39.0625,88.5009765625,13.190574645996096,77.62648010253906,32.601879119873054
-0.440185546875,0.72021484375,0.0361328125,-7.080078125,-46.38671875,78.30810546875,10.46163558959961,77.41844177246094,31.49892807006836
-0.40576171875,0.812255859375,0.0341796875,1.46484375,-57.4951171875,78.2470703125,7.559493064880371,77.57825469970703,29.96281433105469
-0.415771484375,0.875244140625,0.08251953125,2.3193359375,-66.5283203125,73.18115234375,4.842225074768066,77.6954345703125,27.9978141784668
-0.37353515625,0.835693359375,0.05810546875,-0.9765625,-80.50537109375,68.05419921875,2.2673265933990483,77.7845687866211,25.436641693115234
-0.31396484375,0.841796875,0.068115234375,0.9765625,-82.94677734375,60.546875,-0.06801173090934752,78.03913116455078,22.69986724853516
-0.333984375,0.88916015625,0.0361328125,0.9765625,-83.1298828125,57.4951171875,-2.1757848262786865,78.47612762451172,19.90309715270996
-0.321044921875,0.902099609375,0.02197265625,-0.91552734375,-89.7216796875,73.3642578125,-4.891105175018311,78.98606872558594,16.92789077758789
-0.301025390625,0.89111328125,0.013916015625,-0.67138671875,-96.19140625,82.03125,-7.896049499511719,79.68346405029297,13.693710327148438
-0.270263671875,0.963134765625,0.041748046875,0.30517578125,-103.08837890625,81.0546875,-10.864988327026367,80.56451416015625,10.09274673461914
-0.19921875,0.96240234375,0.091552734375,-9.033203125,-108.33740234375,65.7958984375,-13.255839347839355,81.17473602294922,6.109448432922362
-0.154541015625,0.9130859375,0.063232421875,-9.6435546875,-105.3466796875,53.52783203125,-15.085619926452635,81.94624328613281,2.0872955322265625
-0.148193359375,0.91748046875,0.046875,-3.72314453125,-101.07421875,47.9736328125,-16.559146881103516,83.0582275390625,-1.8712363243103027
-0.246826171875,1.015625,0.051513671875,3.41796875,-103.8818359375,57.2509765625,-18.115005493164066,84.5566177368164,-5.980198860168457
-0.231201171875,1.079345703125,0.078857421875,-3.0517578125,-114.6240234375,67.5048828125,-20.01163101196289,85.97505950927734,-10.589855194091797
-0.1318359375,1.028076171875,0.04736328125,-16.357421875,-120.1171875,70.49560546875,-22.03999137878418,87.1459732055664,-15.564592361450195
-0.012451171875,0.90087890625,0.03173828125,-9.765625,-115.41748046875,59.50927734375,-23.674524307250977,88.68701171875,-20.48504638671875
-0.037109375,1.005126953125,0.057373046875,2.685546875,-108.21533203125,42.48046875,-24.38718032836914,90.61994934082031,-25.165128707885746
-0.16162109375,1.04150390625,0.069091796875,0.54931640625,-109.619140625,31.43310546875,-24.262603759765625,92.43293762207031,-29.91482353210449
-0.08984375,0.967529296875,0.0546875,-9.94873046875,-126.64794921875,41.50390625,-24.48933219909668,94.11104583740234,-35.45503234863281
0.058837890625,0.908935546875,0.052978515625,-4.638671875,-124.69482421875,40.0390625,-24.824308395385746,95.93404388427734,-40.92823791503906
0.007080078125,0.953125,0.0478515625,7.9345703125,-111.4501953125,25.08544921875,-24.336091995239254,97.93336486816406,-45.74726104736328
-0.042236328125,1.02197265625,0.065185546875,14.22119140625,-102.96630859375,13.916015625,-23.23433494567871,99.81927490234376,-50.06054306030274
-0.166259765625,1.0341796875,0.064453125,12.20703125,-98.44970703125,10.31494140625,-21.710901260375977,101.36193084716795,-54.0879135131836
-0.2353515625,1.085205078125,0.058837890625,8.85009765625,-111.75537109375,18.24951171875,-20.229263305664066,102.84061431884766,-58.6915168762207
-0.0634765625,1.01904296875,0.063720703125,1.77001953125,-126.220703125,16.05224609375,-18.78144645690918,104.01046752929688,-63.80742263793945
-0.01318359375,0.97509765625,0.04931640625,4.2724609375,-124.1455078125,5.2490234375,-16.997880935668945,105.04308319091795,-68.67437744140625
-0.0068359375,1.057861328125,0.044921875,-15.93017578125,-114.6240234375,25.5126953125,-10.766225814819336,105.4585952758789,-86.79730987548828
0.000732421875,1.0859375,0.07958984375,-26.67236328125,-112.24365234375,17.333984375,-9.864423751831056,104.42096710205078,-91.24024200439452
-0.031005859375,1.032958984375,0.085205078125,-29.23583984375,-114.990234375,3.41796875,-8.450290679931639,103.20669555664062,-95.6649932861328
0.000244140625,0.9541015625,0.0986328125,-25.45166015625,-117.919921875,-11.65771484375,-6.638840675354004,102.01837921142578,-100.08863830566406
-0.05224609375,0.9189453125,0.093994140625,-7.9345703125,-121.88720703125,-29.11376953125,-4.122415542602538,101.41252136230469,-104.55577087402344
-0.014404296875,1.00390625,0.07666015625,5.2490234375,-127.25830078125,-39.794921875,-1.3666014671325684,101.2116928100586,-109.18307495117188
0.021728515625,1.094970703125,0.11474609375,9.3994140625,-127.8076171875,-48.095703125,1.5137288570404053,100.89168548583984,-113.80176544189452
0.061767578125,1.046630859375,0.13427734375,10.07080078125,-121.09375,-50.96435546875,4.223939895629884,100.34606170654295,-118.19708251953124
0.044677734375,1.065673828125,0.136962890625,14.6484375,-112.97607421875,-47.42431640625,6.632861137390138,99.82877349853516,-122.37144470214844
0.05029296875,1.051025390625,0.18505859375,16.7236328125,-101.1962890625,-45.95947265625,8.764164924621582,99.2023696899414,-126.17194366455078
-0.026611328125,1.033935546875,0.1484375,23.49853515625,-93.93310546875,-33.69140625,10.414875984191896,98.84281158447266,-129.81932067871094
0.03466796875,1.08447265625,0.150146484375,24.7802734375,-91.4306640625,-23.74267578125,11.444958686828613,98.47711944580078,-133.47093200683594
0.044921875,1.150390625,0.171630859375,20.32470703125,-85.38818359375,-22.8271484375,12.322583198547365,97.9090576171875,-136.92118835449222
0.00830078125,1.08837890625,0.202880859375,10.8642578125,-74.0966796875,-18.12744140625,12.950973510742188,96.94757080078124,-139.98916625976562
-0.0205078125,1.034912109375,0.263671875,5.7373046875,-63.1103515625,-11.3525390625,13.251429557800293,95.73912048339844,-142.6991729736328
-0.0732421875,0.986572265625,0.296630859375,6.40869140625,-58.10546875,-1.3427734375,13.193636894226074,94.54219818115234,-145.27566528320312
-0.115234375,0.951416015625,0.267333984375,13.36669921875,-60.60791015625,5.43212890625,12.930071830749512,93.6910400390625,-147.95921325683594
-0.06494140625,1.009765625,0.261474609375,20.69091796875,-66.10107421875,2.197265625,12.662750244140625,93.17072296142578,-150.83535766601562
-0.009765625,1.08740234375,0.23779296875,20.751953125,-70.25146484375,-7.4462890625,12.650050163269045,92.73126220703124,-153.8317413330078
0.06884765625,0.990234375,0.196044921875,18.49365234375,-61.6455078125,-17.2119140625,12.81796646118164,92.34310150146484,-156.44561767578125
0.04345703125,1.021240234375,0.194580078125,25.390625,-51.7578125,-13.97705078125,12.880998611450195,92.3438491821289,-158.66143798828125
-0.05029296875,1.064697265625,0.205322265625,22.216796875,-43.3349609375,-10.7421875,12.992642402648926,92.28501892089844,-160.5411376953125
-0.086669921875,1.05419921875,0.195068359375,11.5966796875,-47.66845703125,3.47900390625,12.60757064819336,91.7821044921875,-162.61805725097656
0.016845703125,1.050537109375,0.209228515625,4.94384765625,-48.27880859375,4.57763671875,11.95799732208252,91.01502227783205,-164.71255493164062
0.0380859375,1.052978515625,0.212890625,-1.77001953125,-41.19873046875,-5.126953125,11.64262866973877,90.0824737548828,-166.49464416503906
0.015380859375,0.99462890625,0.215576171875,-8.7890625,-33.203125,-6.65283203125,11.41712760925293,88.94798278808594,-167.9486541748047
0.02783203125,0.962158203125,0.222412109375,-11.23046875,-25.57373046875,2.685546875,10.780077934265137,87.80267333984375,-169.07992553710938
-0.02978515625,0.991455078125,0.212890625,-15.31982421875,-17.2119140625,11.71875,9.927603721618652,86.65412139892578,-169.83074951171875
-0.05078125,1.0029296875,0.203857421875,-23.681640625,-13.48876953125,18.06640625,8.894715309143066,85.2840805053711,-170.38241577148438
-0.03515625,0.970458984375,0.220458984375,-31.06689453125,-12.39013671875,15.625,7.958564758300781,83.63912200927734,-170.8701934814453
-0.0283203125,0.941650390625,0.223388671875,-31.79931640625,-11.41357421875,11.65771484375,7.194312572479247,82.02094268798828,-171.30679321289062
-0.000732421875,0.904296875,0.220458984375,-29.84619140625,-9.70458984375,11.65771484375,6.394405841827393,80.5465087890625,-171.64988708496094
0.018798828125,0.922119140625,0.212158203125,-25.2685546875,-3.84521484375,15.625,5.455873489379883,79.37705993652344,-171.70809936523438
-0.012451171875,0.989501953125,0.23779296875,-24.90234375,-0.06103515625,17.39501953125,4.585700035095215,78.26300811767578,-171.5873565673828
-0.04345703125,0.9892578125,0.24462890625,-33.75244140625,1.89208984375,14.6484375,3.945460081100464,76.82813262939453,-171.3951416015625
0.015625,0.904541015625,0.236083984375,-33.69140625,1.0986328125,18.85986328125,3.0304172039031982,75.42240142822266,-171.17555236816406
0.084716796875,0.884765625,0.232421875,-25.5126953125,7.62939453125,20.08056640625,2.0054292678833012,74.40474700927734,-170.6707305908203
0.04833984375,1.00341796875,0.2197265625,-15.13671875,16.05224609375,15.0146484375,1.4151639938354492,73.93728637695312,-169.88478088378906
0.004638671875,1.0380859375,0.233642578125,-18.310546875,18.00537109375,9.765625,1.1749961376190186,73.34329223632812,-169.08055114746094
0.02099609375,1.0556640625,0.195068359375,-22.8271484375,15.68603515625,7.2021484375,0.98994243144989,72.67509460449219,-168.3909149169922
0.026123046875,0.999755859375,0.190185546875,-21.91162109375,16.11328125,0.244140625,1.0758469104766846,72.05596160888672,-167.76792907714844
0.096435546875,0.947265625,0.1728515625,-11.962890625,18.06640625,-1.77001953125,1.0953644514083862,71.87574768066406,-167.094970703125
0.08642578125,1.01123046875,0.179443359375,2.44140625,24.169921875,-0.06103515625,1.1574738025665283,72.29534912109375,-166.1689453125
0.01513671875,1.060791015625,0.17578125,2.685546875,28.564453125,2.13623046875,1.3370280265808103,72.74136352539062,-165.04608154296875
-0.010986328125,1.06396484375,0.189453125,-1.0986328125,29.23583984375,8.85009765625,1.3094482421875,72.99536895751953,-163.81761169433594
-0.006591796875,1.028076171875,0.166748046875,-0.48828125,28.80859375,17.08984375,0.9488603472709656,73.29591369628906,-162.51063537597656
-0.0234375,0.999267578125,0.152587890625,4.57763671875,32.53173828125,22.5830078125,0.4630847871303558,73.80046844482422,-161.0033721923828
-0.029296875,1.01953125,0.099853515625,10.07080078125,29.96826171875,24.4140625,-0.10605386644601822,74.61188507080078,-159.582763671875
-0.0546875,1.027587890625,0.08251953125,13.0615234375,25.634765625,21.728515625,-0.5592126250267029,75.53850555419922,-158.3702392578125
0.0068359375,1.008544921875,0.09326171875,12.5732421875,22.705078125,16.54052734375,-0.9759723544120787,76.3755874633789,-157.33338928222656
0.02001953125,0.992919921875,0.082763671875,13.427734375,25.45166015625,16.41845703125,-1.3924226760864258,77.22444915771484,-156.19920349121094
0.013427734375,0.984130859375,0.072265625,11.5966796875,28.25927734375,18.5546875,-1.8531264066696167,77.97683715820312,-154.9448699951172
0.004150390625,0.9794921875,0.08154296875,6.7138671875,29.4189453125,19.22607421875,-2.304770946502685,78.47068786621094,-153.64566040039062
-0.010009765625,0.944580078125,0.088134765625,3.47900390625,28.25927734375,16.78466796875,-2.62746524810791,78.7874984741211,-152.4148712158203
0.010009765625,0.94189453125,0.084716796875,1.708984375,27.40478515625,11.90185546875,-2.806657314300537,79.02665710449219,-151.25765991210938
-0.00341796875,0.936279296875,0.072265625,-0.91552734375,28.3203125,4.638671875,-2.659230232238769,79.18089294433594,-150.12115478515625
0.0009765625,0.95849609375,0.0654296875,-3.72314453125,27.64892578125,0.48828125,-2.3728621006011963,79.24348449707031,-149.0418243408203
0.004150390625,0.964599609375,0.072265625,-9.1552734375,28.86962890625,-5.37109375,-1.8656901121139529,79.07872009277344,-147.9563751220703
0.02197265625,0.915283203125,0.076904296875,-17.76123046875,32.16552734375,-8.97216796875,-1.2506389617919922,78.56426239013672,-146.76898193359375
0.03857421875,0.900634765625,0.070068359375,-18.6767578125,35.46142578125,-6.89697265625,-0.7469760179519653,78.05661010742188,-145.4392547607422
0.00537109375,0.967041015625,0.089599609375,-22.0947265625,39.6728515625,-8.9111328125,-0.051769867539405816,77.41182708740234,-143.96554565429688
0.000244140625,0.95068359375,0.101318359375,-31.73828125,42.29736328125,-12.26806640625,0.802997350692749,76.39652252197266,-142.42640686035156
0.00341796875,0.83935546875,0.099365234375,-28.99169921875,46.08154296875,-8.97216796875,1.5490459203720093,75.52972412109375,-140.71841430664062
0.051025390625,0.86279296875,0.12060546875,-18.06640625,51.20849609375,-4.150390625,2.0677192211151123,75.14482116699219,-138.76734924316406
-0.001220703125,1.037109375,0.168212890625,-15.7470703125,58.41064453125,-8.97216796875,2.930098533630371,74.81961822509766,-136.59078979492188
-0.015869140625,1.023681640625,0.153564453125,-21.78955078125,58.65478515625,-11.962890625,3.923726081848145,74.32645416259766,-134.43595886230472
0.030029296875,0.956298828125,0.1650390625,-20.8740234375,60.6689453125,-12.3291015625,4.8264994621276855,73.88005828857422,-132.21058654785156
0.0302734375,0.970947265625,0.1640625,-7.8125,63.96484375,-12.02392578125,5.724222183227539,74.02821350097656,-129.84999084472656
0.011474609375,0.996826171875,0.216796875,4.57763671875,63.17138671875,-13.12255859375,6.648660659790039,74.59307861328125,-127.529296875
0.052734375,1.0166015625,0.20458984375,16.357421875,59.14306640625,-20.08056640625,7.640742301940918,75.71884155273438,-125.40568542480469
0.0439453125,1.101318359375,0.1796875,33.5693359375,58.53271484375,-33.69140625,9.08888053894043,77.53583526611328,-123.3927001953125
-0.015869140625,1.248046875,0.161865234375,32.2265625,57.4951171875,-37.841796875,10.687975883483887,79.35325622558594,-121.38125610351562
-0.04248046875,1.200439453125,0.150390625,14.6484375,55.419921875,-30.2734375,11.912446022033693,80.4598159790039,-119.3453369140625
0.0439453125,0.978759765625,0.065673828125,10.8642578125,55.2978515625,-2.01416015625,11.760848999023438,81.56560516357422,-117.08349609375
0.0771484375,0.977294921875,0.0224609375,25.81787109375,63.232421875,13.24462890625,10.923139572143556,83.38634490966797,-114.40888214111328
0.025634765625,1.10302734375,0.01708984375,31.005859375,67.07763671875,13.61083984375,10.222342491149902,85.30473327636719,-111.6129913330078
-0.068359375,1.08203125,0.093994140625,15.9912109375,62.19482421875,0.1220703125,10.125295639038086,86.36414337158203,-109.09765625
-0.076171875,0.93505859375,0.120361328125,7.87353515625,58.04443359375,-2.3193359375,10.126391410827637,86.92853546142578,-106.7773895263672
-0.056640625,0.900634765625,0.127685546875,12.26806640625,57.18994140625,5.615234375,9.743986129760742,87.60530090332031,-104.48623657226562
-0.046142578125,0.961669921875,0.111328125,20.5078125,54.443359375,12.75634765625,9.022653579711914,88.60389709472656,-102.29767608642578
-0.084716796875,1.078857421875,0.12255859375,15.380859375,50.78125,9.33837890625,8.499775886535645,89.31432342529297,-100.27228546142578
-0.083984375,1.041259765625,0.141357421875,0.18310546875,44.86083984375,5.06591796875,8.149097442626951,89.32051086425781,-98.49585723876952
-0.056396484375,0.97021484375,0.13623046875,-9.765625,38.9404296875,7.9345703125,7.661637306213379,88.83975982666016,-96.96175384521484
-0.0419921875,0.947021484375,0.142822265625,-16.845703125,38.87939453125,4.2724609375,7.325273036956787,88.05990600585938,-95.42928314208984
-0.04345703125,0.93408203125,0.1142578125,-19.71435546875,35.64453125,2.38037109375,7.098252773284912,87.2358627319336,-94.01541137695312
0.022705078125,0.938720703125,0.1083984375,-20.8740234375,32.16552734375,1.953125,6.751766681671143,86.38986206054688,-92.73432159423828
0.01318359375,0.9560546875,0.120361328125,-23.98681640625,34.1796875,-2.197265625,6.633188247680664,85.43267059326172,-91.38214111328124
0.00244140625,0.96435546875,0.127197265625,-29.9072265625,36.0107421875,-2.50244140625,6.592783451080322,84.24897766113281,-89.96054077148438
0.016845703125,0.904541015625,0.147705078125,-33.87451171875,39.9169921875,8.1787109375,6.137806415557861,82.92017364501953,-88.34139251708984
-0.018798828125,0.91943359375,0.127197265625,-31.18896484375,42.6025390625,14.2822265625,5.594948768615723,81.80803680419922,-86.571044921875
-0.043701171875,0.992919921875,0.115234375,-30.1513671875,38.63525390625,12.451171875,5.208534717559815,80.80216217041016,-84.95584106445312
-0.03076171875,1.04931640625,0.103515625,-30.82275390625,26.91650390625,1.5869140625,5.182723522186278,79.79495239257812,-83.86580657958984
0.006591796875,0.996826171875,0.114990234375,-31.73828125,21.17919921875,-7.080078125,5.394356727600098,78.7282943725586,-83.06694030761719
0.052978515625,0.96044921875,0.114990234375,-22.5830078125,20.69091796875,-8.11767578125,5.50529670715332,78.11538696289062,-82.29248809814453
0.069580078125,1.104248046875,0.0693359375,-7.32421875,24.0478515625,-7.9345703125,5.649894237518311,78.22341918945312,-81.3790054321289
0.033935546875,1.268798828125,0.060546875,-9.8876953125,23.4375,-11.04736328125,5.986588001251222,78.25760650634766,-80.50990295410156
0.001953125,1.23388671875,0.0537109375,-27.89306640625,15.625,-8.056640625,6.191086769104004,77.55427551269531,-79.92243194580078
0.079833984375,1.0,0.063232421875,-33.14208984375,12.6953125,7.14111328125,5.603449821472168,76.62336730957031,-79.32003021240234
0.067138671875,0.96142578125,0.08935546875,-17.88330078125,18.5546875,15.2587890625,4.805800437927246,76.2929458618164,-78.42111206054688
-0.013427734375,1.0322265625,0.06591796875,-6.4697265625,20.44677734375,16.845703125,4.22191858291626,76.48628997802734,-77.4343490600586
-0.065673828125,1.022705078125,0.086181640625,-1.89208984375,16.78466796875,11.71875,3.8983423709869385,76.79475402832031,-76.64749145507812
-0.027099609375,0.989501953125,0.042724609375,5.43212890625,16.2353515625,7.6904296875,3.6507534980773926,77.4682388305664,-75.91710662841797
-0.033203125,0.821533203125,0.017578125,-4.21142578125,30.09033203125,-5.67626953125,2.5787785053253174,83.40947723388672,-64.68333435058594
-0.06005859375,0.84375,0.026611328125,-3.35693359375,33.02001953125,-5.615234375,3.005808591842652,83.51273345947266,-63.38623046875
-0.06396484375,0.880126953125,0.001708984375,-2.9296875,31.73828125,-11.8408203125,3.6575911045074463,83.70401000976562,-62.16082382202149
-0.07861328125,0.9560546875,-0.019775390625,-4.0283203125,30.517578125,-20.01953125,4.5808372497558585,83.90585327148438,-61.00963973999024
-0.07421875,1.03662109375,-0.031005859375,-11.962890625,24.0478515625,-26.2451171875,5.702425956726074,83.79879760742188,-60.13467788696289
-0.030517578125,1.022705078125,-0.013427734375,-18.1884765625,23.01025390625,-21.17919921875,6.4832282066345215,83.42169189453125,-59.27919006347656
-0.017333984375,1.106201171875,0.038330078125,-33.99658203125,38.57421875,-7.9345703125,7.079751491546631,80.35697174072266,-53.56464767456055
0.00048828125,1.040283203125,0.054931640625,-27.89306640625,38.39111328125,-13.85498046875,7.603750705718994,79.67513275146484,-52.100379943847656
0.054443359375,1.039794921875,0.077392578125,-18.9208984375,44.61669921875,-9.94873046875,7.893834114074707,79.37652587890625,-50.36713409423828
0.017822265625,1.118408203125,0.111083984375,-12.6953125,54.5654296875,-6.16455078125,8.252158164978027,79.38897705078125,-48.21282958984375
-0.096435546875,1.139892578125,0.10205078125,-17.822265625,58.2275390625,3.11279296875,8.417102813720701,79.22085571289062,-45.84538269042969
-0.067138671875,1.084228515625,0.07177734375,-20.751953125,53.7109375,10.3759765625,8.216044425964355,78.97706604003906,-43.59413528442383
-0.032470703125,1.00048828125,0.054443359375,-13.97705078125,46.0205078125,15.80810546875,6.817595958709718,80.24176788330078,-35.75432205200195
0.001708984375,0.833251953125,0.077880859375,-11.3525390625,41.8701171875,33.50830078125,5.5047101974487305,80.15267181396484,-33.848220825195305
0.00830078125,0.84228515625,0.08935546875,-1.03759765625,40.10009765625,31.25,4.300321578979491,80.40135192871094,-32.039634704589844
-0.015869140625,0.879150390625,0.091064453125,6.9580078125,35.21728515625,18.98193359375,3.6757402420043945,80.96504211425781,-30.51141357421875
-0.0517578125,0.9150390625,0.070556640625,14.58740234375,23.86474609375,9.3994140625,3.426665067672729,81.7793197631836,-29.49930763244629
-0.03857421875,0.900146484375,0.0771484375,13.61083984375,16.66259765625,8.6669921875,3.133653163909912,82.48119354248047,-28.784404754638672
-0.013427734375,0.9013671875,0.085693359375,10.92529296875,13.427734375,8.056640625,2.78371524810791,83.03031158447266,-28.206647872924805
-0.013671875,0.913330078125,0.083251953125,1.52587890625,13.24462890625,12.87841796875,2.2584919929504395,83.17215728759766,-27.61693000793457
-0.023193359375,0.87890625,0.083984375,-3.2958984375,12.75634765625,21.728515625,1.427008867263794,83.09925079345703,-27.00718688964844
0.03125,0.910888671875,0.076416015625,-4.5166015625,11.474609375,29.6630859375,0.1754157394170761,83.0033950805664,-26.40932273864746
0.018798828125,0.967529296875,0.100830078125,-7.14111328125,11.8408203125,19.71435546875,-0.5986103415489197,82.74209594726562,-25.84358787536621
0.005859375,0.98828125,0.1123046875,-11.474609375,10.31494140625,5.92041015625,-0.7701001167297363,82.29356384277344,-25.40449142456055
0.013671875,0.989990234375,0.119384765625,-15.625,7.2021484375,-6.04248046875,-0.4651120901107788,81.65128326416016,-25.152080535888672
0.0078125,0.916748046875,0.124267578125,-11.962890625,3.0517578125,-6.89697265625,-0.17602740228176114,81.18234252929688,-25.071651458740234
0.033935546875,0.960693359375,0.107177734375,-5.4931640625,2.9296875,-1.708984375,-0.16371741890907288,81.04458618164062,-24.966066360473636
0.04833984375,1.073974609375,0.079833984375,-1.52587890625,2.99072265625,-5.79833984375,0.006803610362112522,81.17935180664062,-24.88327789306641
0.051513671875,1.187744140625,0.01513671875,-10.25390625,1.8310546875,-18.310546875,0.6406552195549011,81.07456970214844,-24.92097091674805
0.06689453125,1.147705078125,0.003173828125,-20.20263671875,-0.8544921875,-25.5126953125,1.4824445247650146,80.59527587890625,-25.10901641845703
0.068115234375,1.04638671875,0.015625,-21.3623046875,-1.15966796875,-23.193359375,2.146252155303955,80.08634185791016,-25.296464920043945
0.08837890625,1.058837890625,-0.0009765625,-12.451171875,3.7841796875,-16.05224609375,2.529426097869873,79.96903991699219,-25.240896224975586
0.00732421875,1.119140625,-0.01025390625,-10.1318359375,7.50732421875,-12.939453125,2.97478461265564,79.97731018066406,-25.01493835449219
-0.114990234375,1.139892578125,-0.0009765625,-14.46533203125,2.38037109375,-4.82177734375,3.3134286403656006,79.81275177001953,-24.93349647521973
-0.07421875,1.088623046875,0.001953125,-19.775390625,-12.5732421875,0.732421875,3.220635175704956,79.37838745117188,-25.40192604064941
-0.021484375,1.017822265625,0.006103515625,-13.916015625,-18.4326171875,2.0751953125,2.9267303943634038,79.1761245727539,-26.090118408203125
0.035400390625,1.0341796875,-0.0205078125,-4.69970703125,-19.6533203125,8.544921875,2.279037475585937,79.47527313232422,-26.77489280700684
-0.060302734375,1.043212890625,-0.09326171875,7.32421875,-19.71435546875,21.78955078125,1.3313544988632202,80.34761047363281,-27.378061294555664
-0.135498046875,1.097412109375,-0.100830078125,6.591796875,-28.6865234375,29.052734375,0.234234020113945,81.1658706665039,-28.31428337097168
-0.10205078125,1.113525390625,-0.115966796875,-0.8544921875,-45.34912109375,26.30615234375,-0.9346105456352234,81.68212127685547,-29.95287704467773
-0.019775390625,0.94873046875,-0.100830078125,-7.50732421875,-49.560546875,8.6669921875,-1.4678536653518677,81.97377014160156,-31.877296447753906
-0.04248046875,0.36474609375,-0.263671875,33.0810546875,-1.0986328125,1.40380859375,-1.2716244459152222,84.86102294921875,-31.94932746887207
0.21826171875,1.126220703125,-0.00390625,5.859375,-57.373046875,6.28662109375,-1.7827281951904297,85.7977523803711,-34.23273468017578
-0.11669921875,0.9267578125,-0.10546875,15.2587890625,-71.59423828125,6.7138671875,-1.8701629638671875,86.90420532226562,-37.08631134033203
-0.06494140625,0.871337890625,-0.1083984375,6.89697265625,-80.9326171875,11.29150390625,-2.220348596572876,87.68269348144531,-40.31371688842773
0.15966796875,0.765380859375,-0.114990234375,-3.2958984375,-75.5615234375,2.685546875,-3.1636033058166504,88.1290512084961,-43.3508186340332
0.28759765625,0.935791015625,-0.117919921875,11.41357421875,-36.1328125,3.0517578125,-3.8590316772460938,89.00357818603516,-44.81628799438477
0.037353515625,0.9765625,-0.089111328125,-0.18310546875,-30.09033203125,53.40576171875,-5.934763431549072,89.32892608642578,-46.01580810546875
0.0458984375,0.8369140625,-0.02197265625,-11.65771484375,-28.38134765625,80.38330078125,-8.94796085357666,89.05625915527344,-47.13208770751953
-0.028564453125,0.8671875,-0.001708984375,-16.78466796875,-41.1376953125,57.861328125,-10.851819038391113,88.69271850585938,-48.77104949951172
0.149658203125,0.7880859375,-0.00439453125,-18.798828125,-45.41015625,26.30615234375,-11.93520736694336,88.35166931152344,-50.60883331298828
0.31591796875,1.019775390625,-0.125732421875,-14.58740234375,-31.79931640625,-20.3857421875,-10.044437408447266,88.30487823486328,-51.98849868774414
-0.379638671875,1.139404296875,-0.06103515625,-34.60693359375,-40.4052734375,-34.11865234375,-7.658586025238037,87.35054779052734,-53.71254348754883
-0.119140625,1.030517578125,-0.200439453125,-41.44287109375,-49.01123046875,-32.28759765625,-5.924370765686035,86.46052551269531,-55.8259391784668
0.014404296875,1.14501953125,-0.041015625,-37.65869140625,-7.080078125,-33.447265625,0.8255252838134766,83.41984558105469,-60.012451171875
-0.01708984375,1.030029296875,0.023193359375,-36.7431640625,5.126953125,-25.08544921875,1.8479424715042116,82.14765167236328,-59.9288444519043
-0.150634765625,1.13232421875,0.034423828125,-33.69140625,2.38037109375,-21.05712890625,2.919332265853882,81.02513122558594,-59.95076370239258
-0.09228515625,1.116943359375,0.046142578125,-33.5693359375,-7.75146484375,-17.63916015625,3.688098430633545,79.87529754638672,-60.36268997192383
-0.037109375,1.0810546875,0.13330078125,-33.38623046875,-18.9208984375,-17.15087890625,4.152452468872069,78.58906555175781,-61.2265739440918
0.02490234375,1.018310546875,0.16748046875,-25.57373046875,-27.40478515625,-17.02880859375,4.374932765960693,77.5438232421875,-62.43408966064453
