-0.04833984375,0.992431640625,0.119384765625,-9.21630859375,-11.53564453125,0.6103515625,-1.3180389404296875,73.92684936523438,-54.65937423706055
-0.047119140625,0.98046875,0.1279296875,-10.19287109375,-12.8173828125,1.03759765625,-1.3381190299987793,73.85768127441406,-55.14932632446289
-0.034912109375,0.9931640625,0.11279296875,-10.80322265625,-13.671875,3.2958984375,-1.4827815294265747,73.80534362792969,-55.64802169799805
-0.034912109375,1.00927734375,0.111572265625,-10.009765625,-13.7939453125,3.5400390625,-1.6339266300201416,73.7950668334961,-56.14973068237305
-0.051025390625,1.00830078125,0.09814453125,-10.07080078125,-14.58740234375,2.0751953125,-1.695698380470276,73.81407165527344,-56.70011520385742
-0.040283203125,1.00390625,0.122314453125,-10.92529296875,-15.625,0.1220703125,-1.71544086933136,73.74623107910156,-57.31075668334961
-0.03173828125,0.972412109375,0.137939453125,-11.29150390625,-13.48876953125,0.42724609375,-1.7403496503829956,73.61968994140625,-57.83446884155274
-0.028076171875,0.990478515625,0.103759765625,-8.60595703125,-11.41357421875,2.5634765625,-1.83306884765625,73.6849365234375,-58.25708389282226
-0.050537109375,0.989990234375,0.125244140625,-3.90625,-11.474609375,2.44140625,-1.86614727973938,73.88750457763672,-58.682861328125
-0.04248046875,1.00341796875,0.123291015625,-2.9296875,-11.8408203125,-1.708984375,-1.7604814767837524,74.13117218017578,-59.16894912719727
-0.050048828125,1.0205078125,0.11865234375,-4.08935546875,-12.939453125,-6.591796875,-1.4661799669265747,74.33464813232422,-59.74964904785156
-0.0498046875,1.034912109375,0.1083984375,-7.14111328125,-13.24462890625,-8.85009765625,-1.1003501415252686,74.43133544921875,-60.36455154418945
-0.0673828125,1.02685546875,0.119873046875,-8.48388671875,-13.24462890625,-6.40869140625,-0.8029670715332031,74.43954467773438,-60.9505500793457
-0.078125,1.002197265625,0.112548828125,-8.30078125,-15.380859375,-3.47900390625,-0.6247544884681702,74.46224975585938,-61.58622741699219
-0.05810546875,1.003173828125,0.1357421875,-6.103515625,-19.1650390625,-0.8544921875,-0.6389774680137634,74.52173614501953,-62.33831405639648
-0.063720703125,0.99609375,0.130615234375,-5.4931640625,-21.1181640625,-2.3193359375,-0.6022416949272156,74.61320495605469,-63.18154525756836
-0.062744140625,1.019287109375,0.135498046875,-6.53076171875,-23.4375,-5.18798828125,-0.4851053357124329,74.6558837890625,-64.14427185058594
-0.0810546875,1.0107421875,0.1396484375,-4.45556640625,-25.87890625,-8.9111328125,-0.2118608802556992,74.76531982421875,-65.2393798828125
-0.1083984375,1.02880859375,0.126953125,-3.11279296875,-27.64892578125,-9.521484375,0.11519132554531095,74.9505615234375,-66.40766906738281
-0.11865234375,1.032470703125,0.159423828125,-0.48828125,-31.982421875,-7.75146484375,0.34129977226257324,75.15850067138672,-67.72359466552734
-0.10546875,1.0712890625,0.1728515625,0.9765625,-38.57421875,-4.0283203125,0.317378431558609,75.39834594726562,-69.25653076171875
-0.10791015625,1.0859375,0.166015625,2.50244140625,-40.52734375,-4.21142578125,0.29197031259536743,75.70860290527344,-70.86799621582031
-0.1220703125,1.127197265625,0.164306640625,3.96728515625,-43.15185546875,-5.43212890625,0.3191288411617279,76.0799331665039,-72.59441375732422
-0.124267578125,1.1650390625,0.16748046875,-2.13623046875,-42.96875,-9.1552734375,0.4948025345802307,76.19380187988281,-74.35025787353516
-0.116943359375,1.132568359375,0.17138671875,-10.92529296875,-41.748046875,-12.26806640625,0.7856050133705139,75.92833709716797,-76.08846282958984
-0.18017578125,1.060302734375,0.1767578125,-16.9677734375,-44.86083984375,-14.892578125,1.2690393924713137,75.38216400146484,-77.97470092773438
-0.204345703125,1.027099609375,0.174560546875,-8.4228515625,-54.3212890625,-17.63916015625,1.794223427772522,75.16365051269531,-80.25361633300781
-0.166015625,1.109130859375,0.132568359375,0.0,-56.57958984375,-21.484375,2.320940971374512,75.3770523071289,-82.65219116210938
-0.163818359375,1.2001953125,0.126953125,-4.57763671875,-52.06298828125,-22.5830078125,2.8908278942108154,75.41423034667969,-84.88356018066406
-0.200927734375,1.1123046875,0.17822265625,-25.87890625,-47.05810546875,-19.59228515625,3.4501054286956787,74.46754455566406,-86.89998626708984
-0.23193359375,0.9833984375,0.18212890625,-37.109375,-47.54638671875,-16.78466796875,3.947886466979981,73.03455352783203,-88.91230773925781
-0.218505859375,0.89501953125,0.173095703125,-33.69140625,-49.74365234375,-12.14599609375,4.19303560256958,71.76071166992188,-90.95145416259766
-0.1630859375,0.89013671875,0.125732421875,-20.3857421875,-45.654296875,-11.5966796875,4.302295684814453,71.19003295898438,-92.80963897705078
-0.212646484375,0.911376953125,0.130126953125,-16.357421875,-38.330078125,-14.70947265625,4.710522651672363,70.80525207519531,-94.42789459228516
-0.247314453125,0.873779296875,0.185302734375,-16.54052734375,-36.4990234375,-15.7470703125,5.247997283935547,70.26852416992189,-96.00154113769531
-0.267578125,0.816162109375,0.176513671875,-13.73291015625,-39.48974609375,-14.46533203125,5.751609325408936,69.82862854003906,-97.66996002197266
-0.262939453125,0.797119140625,0.190185546875,-13.12255859375,-38.4521484375,-14.5263671875,6.239517211914063,69.37317657470703,-99.3020477294922
-0.222900390625,0.808349609375,0.1728515625,-13.00048828125,-36.07177734375,-16.7236328125,6.707609176635742,68.98813629150389,-100.8661117553711
-0.242431640625,0.77685546875,0.179443359375,-11.29150390625,-31.31103515625,-17.333984375,7.308919906616211,68.65342712402344,-102.26272583007812
-0.2216796875,0.792724609375,0.195556640625,-9.3994140625,-30.82275390625,-14.09912109375,7.698483943939209,68.37356567382811,-103.59461212158205
-0.238525390625,0.794677734375,0.1865234375,-7.080078125,-30.33447265625,-10.6201171875,7.989593505859375,68.22193908691406,-104.85132598876952
-0.234619140625,0.8623046875,0.157470703125,-4.150390625,-28.25927734375,-5.9814453125,8.078876495361326,68.32143402099611,-105.94293212890624
-0.242919921875,0.904052734375,0.176025390625,-2.685546875,-24.90234375,-1.28173828125,8.032441139221191,68.47730255126953,-106.8427505493164
-0.23828125,0.87841796875,0.21826171875,-4.33349609375,-23.92578125,4.2724609375,7.793604373931885,68.46760559082031,-107.64161682128906
-0.2197265625,0.88916015625,0.22021484375,-6.16455078125,-22.705078125,10.1318359375,7.3142337799072275,68.41091156005861,-108.3080825805664
-0.207763671875,0.93505859375,0.201171875,-7.26318359375,-16.17431640625,12.0849609375,6.8282880783081055,68.42153930664061,-108.6926498413086
-0.20947265625,0.986572265625,0.1923828125,-7.2021484375,-9.94873046875,16.17431640625,6.2822203636169425,68.51497650146484,-108.7816925048828
-0.232177734375,1.05126953125,0.2353515625,-10.498046875,-4.8828125,17.76123046875,5.786497592926025,68.43492126464844,-108.66907501220705
-0.28125,1.05029296875,0.250732421875,-18.85986328125,-3.96728515625,10.92529296875,5.672811031341553,67.98237609863281,-108.6277084350586
-0.27783203125,1.088623046875,0.216064453125,-25.0244140625,-5.859375,5.55419921875,5.713829517364503,67.37100219726561,-108.72461700439452
-0.243896484375,1.111328125,0.260498046875,-24.4140625,-4.2724609375,0.91552734375,5.867444515228272,66.73390197753906,-108.83563232421876
-0.178466796875,1.155029296875,0.285400390625,-21.8505859375,-3.35693359375,-3.7841796875,6.060435771942139,66.19676971435547,-108.98426055908205
-0.2099609375,1.18017578125,0.31396484375,-23.0712890625,1.28173828125,-10.6201171875,6.616182327270508,65.59616088867189,-109.07608795166016
-0.236572265625,1.266357421875,0.29638671875,-26.0009765625,-4.21142578125,-11.3525390625,7.108066082000732,64.94129943847656,-109.37252044677734
-0.20654296875,1.264892578125,0.258056640625,-39.1845703125,-7.4462890625,-10.07080078125,7.428370475769043,63.83543395996094,-109.75495910644531
-0.18408203125,1.180419921875,0.24072265625,-49.8046875,-7.75146484375,-9.765625,7.695625305175781,62.34563827514648,-110.13968658447266
-0.1201171875,1.099365234375,0.169921875,-49.4384765625,-2.13623046875,-6.04248046875,7.822742938995361,61.07119369506836,-110.23226165771484
-0.082763671875,1.087646484375,0.14013671875,-43.701171875,5.126953125,-1.46484375,7.855158805847168,60.17735290527344,-109.96533966064452
-0.05078125,1.069091796875,0.102294921875,-38.4521484375,13.00048828125,-4.2724609375,8.083810806274414,59.62779235839844,-109.46636199951172
-0.109619140625,1.013427734375,0.2265625,-35.94970703125,19.6533203125,-19.83642578125,9.095293045043944,58.91900253295898,-109.09201049804688
-0.14208984375,0.98974609375,0.3173828125,-41.9921875,15.13671875,-34.97314453125,10.555342674255373,57.71775436401367,-109.22795867919922
-0.124755859375,0.94482421875,0.36865234375,-48.9501953125,4.2724609375,-50.72021484375,12.20978546142578,55.99407577514648,-110.12728881835938
-0.117431640625,0.94775390625,0.3037109375,-54.50439453125,-4.21142578125,-67.87109375,14.136462211608887,54.0573616027832,-111.72151184082031
-0.14892578125,0.990478515625,0.29345703125,-56.09130859375,-9.3994140625,-69.64111328125,15.931177139282227,52.05193710327149,-113.56827545166016
-0.121337890625,0.97998046875,0.309326171875,-58.349609375,-12.8173828125,-63.78173828125,17.266544342041016,49.93756103515625,-115.4236297607422
-0.20166015625,0.90625,0.306884765625,-63.4765625,-12.3291015625,-47.05810546875,18.19265937805176,47.72810745239258,-116.85694122314452
-0.237548828125,0.8486328125,0.309814453125,-59.87548828125,-13.7939453125,-31.25,18.6401424407959,45.78532791137695,-117.90795135498048
-0.196533203125,0.81005859375,0.328369140625,-50.10986328125,-16.2353515625,-21.30126953125,18.601360321044922,44.30041885375977,-118.74429321289062
-0.1611328125,0.8408203125,0.3544921875,-46.0205078125,-16.41845703125,-27.9541015625,18.614938735961914,42.94657897949219,-119.78033447265624
-0.196533203125,0.797607421875,0.38916015625,-48.27880859375,-14.892578125,-39.48974609375,19.037975311279297,41.3171272277832,-121.16796875
-0.248779296875,0.74267578125,0.427001953125,-45.95947265625,-15.19775390625,-47.42431640625,19.731090545654297,39.57165145874024,-122.8719711303711
-0.232421875,0.778076171875,0.41552734375,-36.4990234375,-18.00537109375,-50.96435546875,20.31009101867676,38.25172424316406,-124.73939514160156
-0.259521484375,0.782470703125,0.41845703125,-36.92626953125,-15.869140625,-51.69677734375,20.97316169738769,36.93975830078125,-126.57808685302734
-0.24267578125,0.7734375,0.4296875,-41.748046875,-13.85498046875,-50.537109375,21.56472587585449,35.460182189941406,-128.33425903320312
-0.322265625,0.741943359375,0.426513671875,-37.29248046875,-11.3525390625,-44.98291015625,22.253173828125,34.22100830078125,-129.85418701171878
-0.396728515625,0.7724609375,0.409423828125,-33.0810546875,-11.77978515625,-37.78076171875,22.87557029724121,33.3070068359375,-131.10357666015622
-0.393310546875,0.777587890625,0.433349609375,-34.66796875,-13.97705078125,-31.92138671875,23.22663879394531,32.37327194213867,-132.194580078125
-0.393310546875,0.722900390625,0.47607421875,-34.66796875,-16.845703125,-32.8369140625,23.465919494628906,31.27160453796387,-133.434326171875
-0.356689453125,0.721923828125,0.483642578125,-32.89794921875,-16.78466796875,-40.52734375,23.748476028442386,30.158018112182614,-134.94552612304688
-0.413330078125,0.7197265625,0.51904296875,-34.11865234375,-14.95361328125,-48.52294921875,24.30305099487305,28.82135009765625,-136.75006103515622
-0.48291015625,0.68310546875,0.541259765625,-40.34423828125,-20.8740234375,-52.978515625,24.80756187438965,27.01334381103516,-138.8963623046875
-0.434326171875,0.652587890625,0.53369140625,-43.39599609375,-23.86474609375,-55.84716796875,25.10099220275879,25.040157318115234,-141.20103454589844
-0.447265625,0.65283203125,0.598388671875,-43.27392578125,-21.66748046875,-60.05859375,25.42067909240723,22.9593563079834,-143.65847778320312
-0.5146484375,0.708740234375,0.572509765625,-54.01611328125,-22.64404296875,-55.35888671875,25.66735649108887,20.686229705810547,-145.87278747558594
-0.56005859375,0.599853515625,0.617919921875,-56.0302734375,-24.7802734375,-43.8232421875,25.68105697631836,18.33056640625,-147.7185516357422
-0.51318359375,0.572509765625,0.55859375,-48.40087890625,-26.3671875,-35.2783203125,25.47040939331055,16.571525573730472,-149.14620971679688
-0.550048828125,0.569091796875,0.511474609375,-30.517578125,-23.4375,-29.60205078125,25.41945838928223,15.74952793121338,-150.23983764648438
-0.5546875,0.629638671875,0.521728515625,-15.380859375,-20.20263671875,-24.2919921875,25.38850212097168,15.763505935668945,-151.01022338867188
-0.5595703125,0.73681640625,0.50732421875,-13.18359375,-15.625,-21.05712890625,25.46576690673828,16.129194259643555,-151.50929260253906
-0.59033203125,0.7294921875,0.513427734375,-23.8037109375,-15.869140625,-23.0712890625,25.60366058349609,15.981600761413574,-152.1205291748047
-0.59228515625,0.675537109375,0.5126953125,-32.53173828125,-20.56884765625,-32.40966796875,25.68760108947754,15.210464477539062,-153.2188262939453
-0.5859375,0.592041015625,0.532958984375,-33.02001953125,-25.57373046875,-40.6494140625,25.655630111694336,14.104581832885742,-154.7808837890625
-0.51416015625,0.53759765625,0.51611328125,-29.296875,-24.96337890625,-51.45263671875,25.64412879943848,12.958075523376465,-156.7879180908203
-0.525634765625,0.52001953125,0.519775390625,-22.76611328125,-19.59228515625,-44.49462890625,25.77883720397949,12.214762687683105,-158.4370880126953
-0.5205078125,0.571533203125,0.5205078125,-17.51708984375,-15.07568359375,-28.6865234375,25.90188789367676,12.122307777404785,-159.2947540283203
-0.544677734375,0.576416015625,0.595703125,-23.98681640625,-9.8876953125,-20.20263671875,26.095916748046875,11.85190200805664,-159.77735900878906
-0.5693359375,0.52783203125,0.603271484375,-30.70068359375,-9.46044921875,-22.03369140625,26.36777687072754,11.170243263244627,-160.38160705566406
-0.602294921875,0.51611328125,0.592529296875,-27.89306640625,-14.09912109375,-22.0947265625,26.520421981811523,10.57078456878662,-161.02650451660156
-0.5615234375,0.505859375,0.58349609375,-24.35302734375,-15.380859375,-23.681640625,26.568878173828125,10.111983299255373,-161.72914123535156
-0.562744140625,0.499755859375,0.640380859375,-24.35302734375,-16.7236328125,-28.25927734375,26.51741600036621,9.497346878051758,-162.66722106933594
-0.53173828125,0.4951171875,0.62646484375,-24.658203125,-15.0146484375,-31.3720703125,26.50857162475586,8.86194896697998,-163.70521545410156
-0.59326171875,0.518798828125,0.61181640625,-29.6630859375,-11.5966796875,-26.79443359375,26.717870712280273,8.173368453979492,-164.49423217773438
-0.58984375,0.461181640625,0.64697265625,-35.33935546875,-13.671875,-21.728515625,26.77015686035156,7.224820613861084,-165.12278747558594
-0.56201171875,0.401123046875,0.6611328125,-38.818359375,-14.95361328125,-22.216796875,26.712804794311523,6.030292510986327,-165.81521606445312
-0.54248046875,0.35546875,0.64892578125,-37.90283203125,-15.380859375,-28.1982421875,26.64434242248535,4.712499618530273,-166.78536987304688
-0.510009765625,0.400146484375,0.6181640625,-30.029296875,-13.48876953125,-30.94482421875,26.61447334289551,3.8602261543273926,-167.769775390625
-0.50048828125,0.494140625,0.6513671875,-26.42822265625,-7.9345703125,-31.1279296875,26.7071590423584,3.3601391315460205,-168.6479034423828
-0.51611328125,0.5390625,0.6669921875,-37.78076171875,-1.40380859375,-24.0478515625,27.032289505004886,2.631277561187744,-169.15652465820312
-0.56884765625,0.4697265625,0.682373046875,-44.49462890625,1.46484375,-14.404296875,27.530893325805664,1.6714558601379397,-169.29637145996094
-0.662109375,0.337646484375,0.72607421875,-45.5322265625,3.96728515625,-4.94384765625,28.227813720703125,0.5325810313224792,-169.15805053710938
-0.705078125,0.29736328125,0.750732421875,-34.3017578125,6.34765625,7.2021484375,29.033395767211914,0.02308214269578457,-168.49620056152344
-0.6884765625,0.380126953125,0.71630859375,-23.193359375,10.25390625,12.87841796875,29.973711013793945,0.32373082637786865,-167.44387817382812
-0.672607421875,0.463623046875,0.740234375,-19.4091796875,13.97705078125,12.14599609375,30.94989585876465,0.9392166733741759,-166.3156280517578
-0.75,0.51806640625,0.83740234375,-20.08056640625,13.7939453125,10.7421875,31.86062240600586,1.4921469688415527,-165.23348999023438
-0.7451171875,0.459716796875,0.876708984375,-27.83203125,11.962890625,11.3525390625,32.615089416503906,1.6229504346847534,-164.17648315429688
-0.7646484375,0.397705078125,0.880615234375,-27.28271484375,9.8876953125,9.94873046875,33.28912734985352,1.6182764768600464,-163.24354553222656
-0.714599609375,0.38427734375,0.833740234375,-21.240234375,7.6904296875,6.9580078125,33.838180541992195,1.8071683645248413,-162.4296417236328
-0.65380859375,0.454345703125,0.776611328125,-16.78466796875,7.87353515625,2.50244140625,34.346630096435554,2.2735183238983154,-161.69822692871094
-0.56103515625,0.496826171875,0.7470703125,-21.728515625,6.65283203125,-6.65283203125,34.678821563720696,2.448111057281494,-161.31504821777344
-0.512451171875,0.430908203125,0.710205078125,-34.7900390625,4.7607421875,-27.03857421875,34.91737747192383,1.4465795755386353,-161.97508239746094
-0.526123046875,0.393798828125,0.735107421875,-37.353515625,-2.99072265625,-35.0341796875,34.825138092041016,0.03148368373513222,-163.07974243164062
-0.45263671875,0.406982421875,0.740478515625,-33.87451171875,-9.1552734375,-34.72900390625,34.323028564453125,-1.1038955450057983,-164.08926391601562
-0.42724609375,0.442626953125,0.6953125,-29.1748046875,-3.173828125,-20.3857421875,34.088382720947266,-1.46921706199646,-164.3040008544922
-0.462890625,0.412353515625,0.6845703125,-23.92578125,5.18798828125,-3.2958984375,34.29618453979492,-1.2366987466812134,-163.7455291748047
-0.56298828125,0.35009765625,0.731689453125,-15.7470703125,8.544921875,9.6435546875,34.76179885864258,-0.5812308192253113,-162.7014923095703
-0.617431640625,0.335205078125,0.74853515625,-13.97705078125,3.173828125,10.3759765625,35.060131072998054,0.07688597589731216,-161.66134643554688
-0.587158203125,0.373779296875,0.741943359375,-17.822265625,-2.99072265625,4.7607421875,35.04962539672852,0.5166064500808716,-160.83888244628906
-0.601318359375,0.382568359375,0.73828125,-19.6533203125,-3.84521484375,4.21142578125,35.030349731445305,0.8666270971298218,-160.04525756835938
-0.5400390625,0.383056640625,0.70947265625,-17.02880859375,-4.08935546875,7.32421875,34.923927307128906,1.4530209302902222,-159.0751190185547
-0.51123046875,0.40869140625,0.713134765625,-13.85498046875,-3.35693359375,-1.77001953125,34.7930908203125,1.963620662689209,-158.52169799804688
-0.55615234375,0.4052734375,0.74072265625,-17.51708984375,-3.35693359375,-12.87841796875,34.727184295654304,1.941673755645752,-158.55738830566406
-0.562255859375,0.364990234375,0.740966796875,-27.34375,-5.859375,-16.6015625,34.581348419189446,1.3250765800476074,-158.83506774902344
-0.556884765625,0.298095703125,0.75341796875,-27.52685546875,-7.8125,-16.6015625,34.336837768554695,0.553402841091156,-159.1983642578125
-0.508056640625,0.29345703125,0.755126953125,-23.8037109375,-7.8125,-18.12744140625,34.00296401977539,-0.06762932240962982,-159.60984802246094
-0.554931640625,0.29833984375,0.719970703125,-18.798828125,-4.39453125,-15.19775390625,33.95412826538086,-0.3704620003700256,-159.86007690429688
-0.583740234375,0.31982421875,0.7470703125,-18.4326171875,-1.5869140625,-12.39013671875,34.032737731933594,-0.5513226389884949,-159.95745849609375
-0.58935546875,0.35986328125,0.74462890625,-18.49365234375,-2.13623046875,-11.16943359375,34.0987548828125,-0.5995821356773376,-159.9366912841797
-0.611572265625,0.3564453125,0.76123046875,-22.4609375,-5.06591796875,-14.46533203125,34.060096740722656,-0.9232507348060608,-160.08909606933594
-0.641845703125,0.3251953125,0.780517578125,-25.69580078125,-5.55419921875,-23.8037109375,34.01937484741211,-1.7154780626296997,-160.7414093017578
-0.67333984375,0.26318359375,0.785888671875,-24.7802734375,-7.50732421875,-28.3203125,33.93202590942383,-2.723998785018921,-161.68118286132812
-0.71240234375,0.249755859375,0.779541015625,-19.04296875,-10.80322265625,-29.4189453125,33.7724609375,-3.5340309143066406,-162.66461181640625
-0.69921875,0.27880859375,0.8046875,-16.29638671875,-12.6953125,-28.86962890625,33.481231689453125,-4.115703582763672,-163.55470275878906
-0.654052734375,0.295166015625,0.83056640625,-17.7001953125,-17.27294921875,-33.14208984375,32.89364242553711,-4.774984359741211,-164.58460998535156
-0.6884765625,0.23046875,0.8828125,-15.19775390625,-17.7001953125,-30.21240234375,32.29742813110352,-5.395037651062012,-165.54873657226562
-0.64892578125,0.216064453125,0.832275390625,-16.2353515625,-12.87841796875,-15.625,31.96474838256836,-5.6698970794677725,-165.83078002929688
-0.66943359375,0.204345703125,0.807861328125,-15.56396484375,-11.65771484375,-14.95361328125,31.75957679748535,-5.921081066131593,-166.0975341796875
-0.66748046875,0.178466796875,0.816650390625,-11.8408203125,-15.9912109375,-19.8974609375,31.352149963378906,-6.184205532073975,-166.60089111328125
-0.69921875,0.18505859375,0.823486328125,-9.82666015625,-16.05224609375,-17.9443359375,31.006465911865234,-6.303362846374513,-167.0060272216797
-0.682373046875,0.25048828125,0.791748046875,-10.19287109375,-15.2587890625,-11.71875,30.751840591430664,-6.119525909423827,-167.04005432128906
-0.556640625,0.30224609375,0.75830078125,-16.90673828125,-15.7470703125,-11.5966796875,30.32180595397949,-6.008157253265381,-166.9724578857422
-0.530029296875,0.310546875,0.72412109375,-24.169921875,-15.80810546875,-20.8740234375,29.863540649414066,-6.349303245544434,-167.31190490722656
-0.506591796875,0.28369140625,0.731689453125,-28.80859375,-15.31982421875,-25.146484375,29.36127281188965,-7.0090675354003915,-167.86990356445312
-0.52490234375,0.1904296875,0.747802734375,-28.62548828125,-10.25390625,-9.27734375,29.158300399780273,-7.543892860412598,-167.8455352783203
-0.569580078125,0.160888671875,0.72412109375,-21.484375,-3.7841796875,9.21630859375,29.4322509765625,-7.472639560699463,-167.05296325683594
-0.627197265625,0.192626953125,0.767822265625,-13.671875,0.244140625,19.04296875,29.940977096557614,-6.831593990325928,-165.80642700195312
-0.623046875,0.262939453125,0.7783203125,-14.09912109375,-2.99072265625,22.39990234375,30.28514671325684,-5.965281009674072,-164.30242919921875
-0.613037109375,0.26953125,0.79052734375,-20.01953125,-3.23486328125,21.484375,30.55353927612305,-5.360373497009277,-162.83851623535156
-0.62744140625,0.268798828125,0.794921875,-26.3671875,-1.953125,20.3857421875,30.86748695373535,-5.060195446014403,-161.44024658203125
-0.6376953125,0.239501953125,0.797607421875,-33.5693359375,-4.2724609375,19.53125,31.085140228271484,-5.139733791351318,-160.10894775390625
-0.609375,0.209716796875,0.79296875,-38.57421875,-6.40869140625,20.93505859375,31.17530632019043,-5.431027412414551,-158.7271270751953
-0.5703125,0.181396484375,0.7958984375,-37.841796875,-7.14111328125,26.7333984375,31.184240341186523,-5.594970226287842,-157.09262084960938
-0.5263671875,0.215576171875,0.780029296875,-40.0390625,-4.39453125,32.71484375,31.268291473388672,-5.589886665344238,-155.12939453125
-0.557373046875,0.204833984375,0.789794921875,-41.19873046875,0.8544921875,37.59765625,31.62037849426269,-5.560487747192383,-152.9799346923828
-0.581298828125,0.1806640625,0.800537109375,-42.48046875,5.2490234375,43.0908203125,32.180648803710945,-5.511411666870117,-150.61769104003906
-0.59814453125,0.192138671875,0.819580078125,-44.0673828125,5.43212890625,44.189453125,32.73507308959961,-5.45518970489502,-148.17526245117188
-0.57275390625,0.218017578125,0.833984375,-47.66845703125,5.2490234375,46.44775390625,33.20619583129883,-5.38982629776001,-145.56744384765625
-0.56689453125,0.200439453125,0.796875,-54.01611328125,8.48388671875,50.78125,33.839649200439446,-5.472921848297119,-142.76309204101562
-0.564208984375,0.18798828125,0.7958984375,-57.31201171875,13.18359375,56.09130859375,34.653518676757805,-5.540681838989258,-139.70997619628906
-0.529541015625,0.233154296875,0.8203125,-58.10546875,13.916015625,60.11962890625,35.387454986572266,-5.352636337280273,-136.35348510742188
-0.525146484375,0.252197265625,0.828857421875,-62.43896484375,17.51708984375,65.4296875,36.22875213623047,-5.094927787780762,-132.68290710449222
-0.58935546875,0.218017578125,0.826416015625,-72.6318359375,23.74267578125,76.171875,37.427711486816406,-4.979301452636719,-128.51551818847656
-0.634521484375,0.18212890625,0.792236328125,-75.74462890625,24.5361328125,81.23779296875,38.74106216430664,-4.819738864898682,-124.07211303710938
-0.65185546875,0.188232421875,0.779052734375,-75.62255859375,22.76611328125,80.2001953125,39.96501541137695,-4.545777797698975,-119.57070922851562
-0.599853515625,0.248779296875,0.796875,-76.2939453125,22.27783203125,76.35498046875,40.98367309570313,-4.133894920349121,-115.06143188476562
-0.595703125,0.280029296875,0.8134765625,-83.3740234375,25.146484375,76.904296875,42.0319709777832,-3.8142764568328857,-110.39881896972656
-0.545654296875,0.268798828125,0.797119140625,-91.552734375,28.13720703125,77.94189453125,43.07974624633789,-3.677544593811035,-105.59813690185548
-0.525634765625,0.275634765625,0.776123046875,-97.83935546875,33.3251953125,79.40673828125,44.28239822387695,-3.575757503509521,-100.60106658935548
-0.563232421875,0.2626953125,0.809814453125,-100.40283203125,37.9638671875,86.5478515625,45.64786148071289,-3.219815492630005,-95.13855743408205
-0.720703125,0.197998046875,0.885498046875,-92.6513671875,41.32080078125,104.736328125,47.22151184082031,-1.871777057647705,-88.64922332763672
-0.7158203125,0.160888671875,0.906982421875,-87.7685546875,41.259765625,122.6806640625,48.55542373657226,0.6038631796836853,-80.93443298339844
-0.70361328125,0.244384765625,0.87451171875,-84.47265625,41.44287109375,119.873046875,49.62637710571289,3.558109998703003,-72.97288513183594
-0.672119140625,0.326904296875,0.900634765625,-85.5712890625,37.9638671875,115.6005859375,50.1831169128418,6.599706172943115,-64.9755859375
-0.53955078125,0.37744140625,0.88525390625,-96.923828125,34.66796875,100.03662109375,50.25274658203125,8.605762481689451,-57.800498962402344
-0.52392578125,0.36865234375,0.84716796875,-105.77392578125,35.15625,89.7216796875,50.29353713989258,9.72974967956543,-51.275245666503906
-0.535888671875,0.239501953125,0.8076171875,-113.22021484375,33.935546875,91.73583984375,50.289527893066406,10.221468925476074,-44.95671081542969
-0.489501953125,0.159423828125,0.8134765625,-107.84912109375,34.1796875,110.77880859375,50.01220703125,11.501676559448242,-37.71435546875
-0.468505859375,0.243408203125,0.777099609375,-97.412109375,37.841796875,122.00927734375,49.6174201965332,13.964970588684082,-29.57451057434082
-0.513916015625,0.3759765625,0.76416015625,-92.10205078125,41.32080078125,125.48828125,49.15118789672852,17.08096694946289,-20.979507446289066
-0.548828125,0.394287109375,0.76318359375,-100.2197265625,39.61181640625,128.2958984375,48.38455581665039,19.731693267822266,-12.436527252197266
-0.563720703125,0.345703125,0.7802734375,-103.515625,37.2314453125,124.1455078125,47.42660140991211,21.54017448425293,-4.56171464920044
-0.55810546875,0.35546875,0.772705078125,-101.6845703125,36.62109375,118.2861328125,46.4209976196289,22.92119407653809,2.7809934616088867
-0.609130859375,0.4111328125,0.81591796875,-104.30908203125,34.85107421875,116.39404296875,45.33428955078125,23.92502021789551,9.85011100769043
-0.550048828125,0.40625,0.798828125,-110.16845703125,30.517578125,116.02783203125,43.995216369628906,24.361431121826172,16.613950729370114
-0.529541015625,0.35791015625,0.791015625,-112.548828125,29.96826171875,113.4033203125,42.71081161499024,24.248062133789066,22.982219696044922
-0.522216796875,0.338134765625,0.78662109375,-111.328125,30.6396484375,112.48779296875,41.53316879272461,23.93627166748047,29.16832733154297
-0.51171875,0.35498046875,0.781494140625,-107.5439453125,32.5927734375,110.04638671875,40.51383590698242,23.636430740356445,35.22306823730469
-0.5283203125,0.381591796875,0.784423828125,-103.69873046875,35.46142578125,113.28125,39.61739730834961,23.576374053955078,41.46001815795898
-0.60986328125,0.376953125,0.79931640625,-105.52978515625,37.29248046875,119.0185546875,38.87019729614258,23.493343353271484,47.91175842285156
-0.638671875,0.3271484375,0.802734375,-107.7880859375,33.87451171875,118.95751953125,38.12163162231445,23.045917510986328,54.14725875854492
-0.630126953125,0.30810546875,0.79736328125,-104.8583984375,31.79931640625,114.74609375,37.43724822998047,22.45085906982422,60.076942443847656
-0.61083984375,0.317138671875,0.80029296875,-99.30419921875,30.2734375,103.6376953125,36.904090881347656,21.71607208251953,65.44910430908203
-0.602783203125,0.34326171875,0.7890625,-95.88623046875,28.50341796875,97.7783203125,36.453521728515625,20.988040924072266,70.55365753173828
-0.59912109375,0.3212890625,0.798095703125,-96.8017578125,27.7099609375,97.22900390625,36.04866790771485,20.122133255004886,75.57543182373047
-0.646484375,0.2646484375,0.79833984375,-94.3603515625,27.52685546875,98.08349609375,35.80976486206055,19.235979080200195,80.55416107177734
-0.630615234375,0.260986328125,0.798583984375,-92.1630859375,25.20751953125,95.64208984375,35.56108093261719,18.350948333740234,85.38688659667969
-0.6015625,0.283203125,0.7666015625,-91.24755859375,23.92578125,87.5244140625,35.41692352294922,17.373098373413086,89.88453674316406
-0.58349609375,0.286376953125,0.7568359375,-86.5478515625,23.92578125,80.99365234375,35.39351272583008,16.45523452758789,94.1072235107422
-0.61279296875,0.274658203125,0.736328125,-85.205078125,23.49853515625,75.62255859375,35.555458068847656,15.467330932617188,98.08567810058594
-0.61376953125,0.24609375,0.738525390625,-84.53369140625,18.85986328125,69.4580078125,35.66706848144531,14.271402359008787,101.6931381225586
-0.5947265625,0.201171875,0.714111328125,-79.65087890625,14.70947265625,67.5048828125,35.70783615112305,13.135019302368164,105.1272964477539
-0.67333984375,0.14013671875,0.738525390625,-68.42041015625,13.3056640625,76.66015625,35.77605438232422,12.55648708343506,108.90595245361328
-0.65234375,0.143310546875,0.765869140625,-58.41064453125,11.71875,83.19091796875,35.66328430175781,12.563687324523926,112.9915771484375
-0.64013671875,0.2373046875,0.813232421875,-55.2978515625,11.8408203125,66.650390625,35.59491729736328,12.441658973693848,116.40692138671876
-0.655517578125,0.355224609375,0.78369140625,-55.908203125,12.3291015625,55.7861328125,35.67684936523437,12.310589790344238,119.49099731445312
-0.70263671875,0.38134765625,0.759765625,-61.09619140625,11.474609375,59.63134765625,35.79435348510742,12.156213760375975,122.79904174804688
-0.749755859375,0.275146484375,0.694091796875,-61.6455078125,13.427734375,69.03076171875,36.108158111572266,12.064056396484375,126.46783447265624
-0.787353515625,0.219970703125,0.73779296875,-49.13330078125,13.00048828125,65.673828125,36.42997360229492,12.225958824157715,129.88494873046878
-0.781005859375,0.300537109375,0.753173828125,-38.02490234375,8.60595703125,57.373046875,36.56635665893555,12.760138511657715,132.97085571289062
-0.7470703125,0.427001953125,0.7724609375,-45.0439453125,5.9814453125,47.36328125,36.55229187011719,12.973896980285645,135.70002746582028
-0.734375,0.4091796875,0.722900390625,-59.14306640625,3.7841796875,44.0673828125,36.53810501098633,12.51681137084961,138.24404907226562
-0.7626953125,0.3212890625,0.6923828125,-61.6455078125,3.173828125,44.0673828125,36.63684844970703,11.785112380981445,140.67939758300778
-0.692626953125,0.22412109375,0.6728515625,-53.89404296875,4.638671875,46.875,36.74282836914063,11.26546859741211,143.15731811523438
-0.700439453125,0.257080078125,0.680419921875,-47.79052734375,4.8828125,41.93115234375,36.89676284790039,10.953948974609377,145.46270751953125
-0.651123046875,0.2802734375,0.690185546875,-43.02978515625,3.90625,39.1845703125,36.930763244628906,10.828987121582033,147.67608642578125
-0.63232421875,0.341552734375,0.69189453125,-47.30224609375,4.7607421875,40.8935546875,36.93347930908203,10.761898040771484,150.08694458007812
-0.628173828125,0.31591796875,0.709716796875,-51.1474609375,4.5166015625,41.93115234375,36.8994255065918,10.49090576171875,152.49813842773438
-0.615234375,0.22802734375,0.713623046875,-53.3447265625,8.36181640625,46.0205078125,36.99589538574219,10.047134399414062,155.00804138183594
-0.6396484375,0.202392578125,0.68896484375,-43.5791015625,14.16015625,51.8798828125,37.36771774291992,10.169316291809082,157.84255981445312
-0.660400390625,0.233642578125,0.689208984375,-35.46142578125,14.70947265625,52.24609375,37.75606155395508,10.734185218811037,160.76756286621094
-0.699951171875,0.270751953125,0.697998046875,-33.75244140625,14.892578125,49.13330078125,38.17633438110352,11.36573314666748,163.6000213623047
-0.66748046875,0.253173828125,0.688232421875,-36.19384765625,9.70458984375,46.93603515625,38.34259796142578,11.762645721435547,166.2495880126953
-0.658935546875,0.21826171875,0.697265625,-33.447265625,8.056640625,44.0673828125,38.432899475097656,12.058167457580565,168.66928100585938
-0.638671875,0.228759765625,0.694091796875,-30.517578125,7.568359375,42.66357421875,38.46751022338867,12.450794219970705,171.03060913085938
-0.597412109375,0.19873046875,0.68701171875,-27.52685546875,9.1552734375,44.98291015625,38.47425079345703,12.954066276550293,-186.5323028564453
-0.587158203125,0.138427734375,0.662841796875,-23.92578125,10.7421875,52.67333984375,38.49225997924805,13.663586616516113,-183.81114196777344
-0.5283203125,0.074951171875,0.61474609375,-13.5498046875,12.02392578125,64.02587890625,38.40016174316406,14.929564476013185,-180.64816284179688
-0.52197265625,0.140869140625,0.617919921875,10.92529296875,21.8505859375,77.45361328125,38.39472579956055,17.83363914489746,-176.586181640625
-0.554931640625,0.258544921875,0.6650390625,19.6533203125,28.1982421875,86.3037109375,38.25498962402344,21.61978912353516,-171.8700408935547
-0.604736328125,0.350341796875,0.673583984375,14.0380859375,30.8837890625,94.17724609375,37.87932968139648,25.49844741821289,-166.70909118652344
-0.61767578125,0.31640625,0.63330078125,6.9580078125,24.658203125,106.75048828125,36.91280364990234,29.06194305419922,-161.33322143554688
-0.54931640625,0.2607421875,0.638427734375,17.9443359375,23.86474609375,108.70361328125,35.56812286376953,32.6070556640625,-156.25619506835938
-0.557861328125,0.321533203125,0.6015625,33.69140625,27.9541015625,104.3701171875,34.25798797607422,36.62189102172852,-151.3881072998047
-0.539306640625,0.536865234375,0.5869140625,44.98291015625,33.02001953125,109.31396484375,32.51587677001953,41.42423629760742,-146.20169067382812
-0.621826171875,0.60498046875,0.652587890625,37.65869140625,33.203125,120.42236328125,30.246612548828125,45.66239929199219,-141.01846313476562
-0.676513671875,0.544921875,0.71484375,22.15576171875,26.0009765625,132.9345703125,27.32893180847168,48.64719009399414,-136.18281555175778
-0.572509765625,0.3466796875,0.726806640625,22.39990234375,24.0478515625,136.8408203125,24.16644287109375,50.78923416137695,-131.82199096679688
-0.621826171875,0.39599609375,0.686767578125,47.9736328125,32.470703125,134.6435546875,21.297344207763672,53.82294082641602,-127.42213439941406
-0.602783203125,0.587890625,0.67138671875,73.1201171875,36.1328125,140.13671875,17.99237060546875,57.85099792480469,-122.97147369384766
-0.497314453125,0.774169921875,0.6337890625,74.70703125,40.1611328125,150.08544921875,13.951692581176758,61.8223991394043,-118.4829330444336
-0.43310546875,0.75634765625,0.575927734375,63.1103515625,41.3818359375,153.50341796875,9.634113311767578,64.88215637207031,-114.25260162353516
-0.347900390625,0.677734375,0.527099609375,59.14306640625,43.0908203125,147.88818359375,5.429200172424316,67.2890625,-110.33605194091795
-0.3056640625,0.708740234375,0.422607421875,70.4345703125,50.96435546875,127.01416015625,2.028120756149292,70.03347778320311,-106.61471557617188
-0.309814453125,0.834228515625,0.365234375,74.0966796875,48.27880859375,115.6005859375,-1.0829547643661501,72.86913299560547,-103.3193130493164
-0.295654296875,0.9462890625,0.357666015625,57.06787109375,40.6494140625,105.65185546875,-4.0076632499694815,74.87667846679688,-100.58180236816406
-0.26318359375,0.79052734375,0.31005859375,29.052734375,19.59228515625,93.1396484375,-6.581735610961914,75.62550354003906,-98.85942840576172
-0.201904296875,0.663818359375,0.276611328125,32.1044921875,10.3759765625,72.998046875,-8.450282096862793,76.43035125732422,-97.7099151611328
-0.21337890625,0.7158203125,0.242431640625,49.072265625,3.90625,51.8798828125,-9.504104614257812,78.08036804199219,-97.0569305419922
-0.162353515625,0.8876953125,0.239013671875,55.5419921875,-2.197265625,41.1376953125,-10.371197700500488,80.11876678466797,-96.79973602294922
-0.099853515625,0.975830078125,0.203125,42.05322265625,-1.8310546875,40.283203125,-11.33812427520752,81.67268371582031,-96.59626770019531
-0.105712890625,0.9580078125,0.190673828125,25.08544921875,2.5634765625,38.9404296875,-12.178030014038086,82.47552490234375,-96.24947357177734
-0.18896484375,0.7900390625,0.184326171875,22.88818359375,0.79345703125,44.98291015625,-12.98420524597168,83.09554290771484,-95.93958282470705
-0.146484375,0.800048828125,0.158447265625,34.66796875,-3.47900390625,50.59814453125,-14.110673904418945,84.2717514038086,-95.81112670898438
-0.09228515625,0.874755859375,0.128173828125,44.7998046875,-5.43212890625,50.1708984375,-15.339771270751953,85.95039367675781,-95.82622528076172
-0.098876953125,1.059814453125,0.141845703125,37.17041015625,-4.69970703125,42.8466796875,-16.25340461730957,87.29657745361328,-95.87224578857422
-0.1142578125,1.05859375,0.15478515625,22.94921875,-9.09423828125,37.841796875,-16.910228729248047,88.05633544921875,-96.12054443359376
-0.107177734375,0.97802734375,0.174072265625,13.427734375,-15.44189453125,33.0810546875,-17.359855651855472,88.4200210571289,-96.6265106201172
-0.0830078125,0.925048828125,0.1455078125,15.869140625,-20.8740234375,30.6396484375,-17.732816696166992,88.98902893066406,-97.37999725341795
-0.046875,0.970458984375,0.12109375,21.97265625,-18.98193359375,29.60205078125,-18.12525177001953,89.83899688720703,-98.08377075195312
-0.12158203125,1.079345703125,0.10595703125,22.5830078125,-20.6298828125,29.72412109375,-18.35968589782715,90.77326202392578,-98.8833465576172
-0.102783203125,1.07080078125,0.149169921875,11.77978515625,-29.9072265625,26.91650390625,-18.495380401611328,91.27204132080078,-100.04798889160156
-0.078369140625,0.996337890625,0.121337890625,8.4228515625,-35.09521484375,19.287109375,-18.341447830200195,91.72618865966795,-101.43679809570312
-0.026611328125,1.0,0.10546875,13.73291015625,-37.04833984375,12.3291015625,-18.00684928894043,92.4291534423828,-102.90687561035156
0.00537109375,1.08251953125,0.08447265625,22.5830078125,-31.6162109375,6.2255859375,-17.496713638305664,93.43738555908205,-104.14911651611328
-0.086181640625,1.16748046875,0.08837890625,23.86474609375,-26.18408203125,5.4931640625,-16.804412841796875,94.38141632080078,-105.15289306640624
-0.1689453125,1.2236328125,0.176025390625,17.333984375,-32.3486328125,11.90185546875,-16.237028121948242,94.94168090820312,-106.38532257080078
-0.101318359375,1.2197265625,0.1240234375,3.35693359375,-43.3349609375,23.8037109375,-16.220487594604492,95.1480484008789,-108.14713287353516
-0.09130859375,1.13232421875,0.08837890625,-2.44140625,-43.5791015625,26.2451171875,-16.298267364501953,95.17538452148438,-109.94474792480469
-0.091796875,1.118408203125,0.08935546875,8.60595703125,-43.02978515625,27.03857421875,-16.396556854248047,95.63688659667969,-111.7223129272461
-0.17431640625,1.19091796875,0.11474609375,19.95849609375,-47.66845703125,26.4892578125,-16.29952049255371,96.55557250976562,-113.68115997314452
-0.14306640625,1.230712890625,0.07470703125,20.5078125,-56.57958984375,25.390625,-16.140914916992188,97.64065551757812,-116.0280532836914
-0.069091796875,1.272705078125,0.0439453125,18.73779296875,-61.09619140625,22.15576171875,-15.918980598449707,98.7116241455078,-118.55879974365234
0.012939453125,1.2158203125,0.0693359375,9.6435546875,-52.42919921875,21.17919921875,-15.831948280334473,99.218505859375,-120.71150207519531
-0.025634765625,1.14404296875,0.05419921875,5.4931640625,-43.8232421875,18.1884765625,-15.600147247314453,99.45442962646484,-122.49527740478516
-0.097900390625,1.11328125,0.046142578125,3.60107421875,-40.1611328125,9.58251953125,-14.916892051696776,99.5512466430664,-124.07125091552734
-0.156982421875,1.08154296875,0.08203125,2.62451171875,-43.5791015625,-6.103515625,-13.504290580749512,99.50869750976562,-125.65603637695312
-0.137939453125,1.065185546875,0.08642578125,1.46484375,-51.33056640625,-13.97705078125,-11.815946578979492,99.42115020751952,-127.50122833251952
-0.066650390625,1.0576171875,0.06982421875,-0.18310546875,-55.60302734375,-16.29638671875,-10.214004516601562,99.27674865722656,-129.51620483398438
-0.001953125,1.07177734375,0.037109375,-2.01416015625,-48.40087890625,-12.75634765625,-8.997655868530273,99.03948211669922,-131.28849792480472
-0.04931640625,1.052734375,0.041748046875,-6.34765625,-43.0908203125,-7.9345703125,-7.961692810058594,98.56575012207031,-132.88955688476562
-0.064208984375,1.019287109375,0.077880859375,-10.6201171875,-41.8701171875,-4.39453125,-7.09592342376709,97.8281707763672,-134.46575927734378
-0.06787109375,0.90966796875,0.104248046875,-11.77978515625,-39.24560546875,-5.92041015625,-6.215656280517577,96.95181274414062,-135.93331909179688
-0.078857421875,0.903076171875,0.096923828125,-7.9345703125,-36.19384765625,-9.58251953125,-5.229863166809082,96.24220275878906,-137.27883911132812
-0.061767578125,0.96044921875,0.08349609375,-5.37109375,-32.71484375,-14.34326171875,-4.173461437225342,95.6708526611328,-138.48347473144528
-0.12939453125,0.98779296875,0.1005859375,-9.521484375,-29.296875,-18.798828125,-2.8617658615112305,94.8916244506836,-139.55082702636722
-0.119140625,0.95166015625,0.10791015625,-14.22119140625,-30.21240234375,-17.76123046875,-1.6685268878936768,93.90726470947266,-140.680908203125
-0.1123046875,0.91455078125,0.11376953125,-14.95361328125,-27.7099609375,-11.77978515625,-0.7905965447425842,92.88453674316406,-141.7489013671875
-0.11279296875,0.9091796875,0.093994140625,-8.4228515625,-20.93505859375,1.8310546875,-0.5139749646186829,92.19567108154295,-142.58677673339844
-0.09814453125,0.97607421875,0.091552734375,-7.9345703125,-15.2587890625,6.40869140625,-0.5006750822067261,91.57020568847656,-143.2053985595703
-0.1416015625,0.989013671875,0.1064453125,-15.44189453125,-9.33837890625,3.7841796875,-0.30315926671028137,90.63695526123048,-143.58340454101562
-0.1806640625,0.902099609375,0.13720703125,-26.06201171875,-7.6904296875,-1.0986328125,0.19501474499702454,89.2183837890625,-143.8960723876953
-0.1611328125,0.854736328125,0.12646484375,-23.74267578125,-6.103515625,-1.03759765625,0.6406067609786987,87.95380401611328,-144.1480255126953
-0.12255859375,0.923583984375,0.072265625,-17.822265625,-1.28173828125,-1.64794921875,0.9773702025413512,87.1290512084961,-144.2060089111328
-0.14501953125,1.0810546875,0.067138671875,-24.5361328125,4.94384765625,-12.02392578125,1.7302333116531372,86.10943603515625,-144.0392303466797
-0.162109375,1.065185546875,0.11376953125,-36.1328125,2.44140625,-20.263671875,2.8152015209198,84.56343078613281,-144.01272583007812
-0.1650390625,0.98828125,0.10888671875,-39.794921875,-1.64794921875,-26.3671875,4.11440372467041,82.9123764038086,-144.19715881347656
-0.13818359375,1.031494140625,0.092041015625,-23.98681640625,-6.34765625,-23.62060546875,5.153600215911865,81.9861068725586,-144.5681915283203
-0.116943359375,1.094970703125,0.091552734375,-17.51708984375,-6.40869140625,-17.08984375,5.828007221221924,81.36502838134766,-144.91036987304688
-0.11279296875,1.117919921875,0.119384765625,-14.46533203125,-5.06591796875,-4.8828125,5.985267639160156,80.84859466552734,-145.13267517089844
-0.141357421875,1.08544921875,0.11669921875,-15.0146484375,-10.8642578125,5.859375,5.739956378936768,80.31244659423828,-145.51560974121094
-0.0927734375,1.05419921875,0.071533203125,-16.11328125,-17.333984375,5.126953125,5.393218994140625,79.82077026367188,-146.1454620361328
-0.01953125,0.99267578125,0.008056640625,-11.90185546875,-18.37158203125,2.86865234375,4.9857521057128915,79.6518325805664,-146.81600952148438
-0.057373046875,0.9453125,0.03857421875,-0.1220703125,-14.16015625,2.0751953125,4.74683952331543,79.90384674072266,-147.33474731445312
-0.052001953125,0.970703125,0.0849609375,4.21142578125,-17.333984375,3.662109375,4.4187445640563965,80.20674896240234,-147.97975158691406
-0.027587890625,0.965576171875,0.109619140625,3.60107421875,-18.798828125,1.77001953125,4.11438512802124,80.41299438476562,-148.70252990722656
-0.0078125,0.95849609375,0.08984375,1.708984375,-19.10400390625,-5.43212890625,4.059992790222168,80.57808685302734,-149.4824676513672
-0.0361328125,0.99658203125,0.087890625,4.21142578125,-22.0947265625,-12.5732421875,4.336415767669679,80.83544921875,-150.4258270263672
-0.0771484375,1.02490234375,0.09228515625,4.82177734375,-26.67236328125,-17.51708984375,4.860546588897705,81.0789794921875,-151.58056640625
-0.109130859375,1.0400390625,0.108642578125,-2.01416015625,-37.78076171875,-13.7939453125,5.216923236846924,80.96105194091797,-153.15589904785156
-0.0478515625,1.017822265625,0.086181640625,-5.18798828125,-44.73876953125,-4.7607421875,5.025963306427002,80.74430084228516,-154.94595336914062
-0.017822265625,0.99072265625,0.05810546875,-4.57763671875,-44.25048828125,6.2255859375,4.343366146087647,80.64075469970703,-156.63978576660156
-0.02099609375,0.998779296875,0.044921875,-1.953125,-41.68701171875,15.44189453125,3.3479104042053223,80.71295166015625,-158.17178344726562
-0.048583984375,0.954345703125,0.085205078125,-4.150390625,-41.259765625,14.892578125,2.4826064109802246,80.61988830566406,-159.69949340820312
-0.034423828125,0.9091796875,0.104248046875,-4.0283203125,-42.54150390625,10.55908203125,1.781221628189087,80.49652862548828,-161.3077850341797
-0.017578125,0.8818359375,0.09228515625,0.9765625,-40.83251953125,0.6103515625,1.4696915149688718,80.61504364013672,-162.91249084472656
-0.007080078125,0.92724609375,0.091064453125,6.103515625,-39.00146484375,-5.79833984375,1.4129304885864258,80.95433044433594,-164.4865264892578
-0.01416015625,0.998291015625,0.0732421875,9.033203125,-37.2314453125,-9.58251953125,1.5446398258209229,81.45327758789062,-166.0124053955078
-0.076904296875,1.009521484375,0.108154296875,3.84521484375,-40.10009765625,-11.8408203125,1.89237642288208,81.63842010498047,-167.6664276123047
-0.089599609375,0.970458984375,0.12939453125,-1.0986328125,-45.71533203125,-11.23046875,2.2069103717803955,81.54232788085938,-169.54156494140625
-0.071044921875,0.9267578125,0.125,-0.244140625,-48.88916015625,-8.11767578125,2.3302218914031982,81.46936798095703,-171.52462768554688
-0.047119140625,0.945556640625,0.1337890625,7.2021484375,-48.40087890625,-4.7607421875,2.261047840118408,81.68289184570312,-173.46923828125
-0.080322265625,0.96533203125,0.118408203125,7.26318359375,-47.54638671875,-5.55419921875,2.313701868057251,81.93385314941406,-175.38348388671875
-0.141357421875,0.98291015625,0.125732421875,4.5166015625,-51.6357421875,-6.28662109375,2.511317014694214,82.04190826416016,-177.46548461914062
-0.12939453125,1.01708984375,0.13232421875,-3.11279296875,-64.0869140625,-9.521484375,2.7219722270965576,81.80493927001953,-180.05996704101562
-0.054931640625,0.992431640625,0.126220703125,-8.85009765625,-68.4814453125,-12.6953125,2.8480257987976074,81.33760833740234,-182.8455352783203
-0.056396484375,0.967041015625,0.11328125,-10.25390625,-66.10107421875,-13.671875,3.0057287216186523,80.85283660888672,-185.5419158935547
-0.114501953125,0.978271484375,0.10302734375,-5.9814453125,-65.73486328125,-7.26318359375,3.0212736129760738,80.58294677734375,-188.1824951171875
-0.180908203125,0.955810546875,0.16943359375,-4.08935546875,-70.1904296875,-0.3662109375,2.8761277198791504,80.2363052368164,169.03802490234375
-0.167236328125,1.019775390625,0.1689453125,-0.1220703125,-79.2236328125,3.47900390625,2.459802627563477,80.08548736572266,165.93338012695312
-0.097412109375,1.123779296875,0.06884765625,-5.18798828125,-90.14892578125,-4.638671875,2.1304161548614498,79.97273254394531,162.35646057128906
-0.02783203125,1.15576171875,-0.02685546875,-7.2021484375,-93.1396484375,-10.986328125,1.899574637413025,79.98692321777344,158.62583923339844
-0.047607421875,1.119873046875,-0.005859375,-9.8876953125,-85.5712890625,-11.53564453125,1.7894933223724363,79.87345123291016,155.1868133544922
-0.14697265625,0.997802734375,0.0380859375,-11.1083984375,-81.787109375,2.44140625,1.3853684663772583,79.636962890625,151.99009704589844
-0.177490234375,0.943115234375,0.01953125,-5.859375,-83.43505859375,13.85498046875,0.6222336888313293,79.68913269042969,148.81016540527344
-0.11669921875,1.01025390625,-0.01318359375,0.79345703125,-86.24267578125,16.66259765625,-0.3864913880825043,80.13350677490234,145.53211975097656
-0.04052734375,1.062255859375,0.019775390625,-0.3662109375,-80.26123046875,5.9814453125,-1.0475939512252808,80.49183654785156,142.40345764160156
-0.026611328125,1.035888671875,0.043212890625,-7.14111328125,-72.20458984375,-0.9765625,-1.3743537664413452,80.5344009399414,139.5416259765625
-0.0478515625,0.9833984375,0.04833984375,-8.48388671875,-65.12451171875,-0.67138671875,-1.6023603677749634,80.51082611083984,136.95945739746094
-0.085205078125,0.96044921875,0.0361328125,-5.4931640625,-57.43408203125,4.0283203125,-1.8648415803909304,80.6340103149414,134.70867919921878
-0.1064453125,0.952880859375,0.03466796875,-0.8544921875,-53.40576171875,3.96728515625,-2.0296187400817867,80.94313049316406,132.61367797851562
-0.12353515625,0.9736328125,0.04638671875,1.708984375,-53.03955078125,1.15966796875,-2.0292088985443115,81.31996154785156,130.51393127441406
-0.131591796875,0.991943359375,0.0380859375,0.0,-53.16162109375,-1.5869140625,-1.8958003520965576,81.63262939453125,128.39094543457028
-0.09423828125,0.958984375,0.057373046875,0.54931640625,-51.45263671875,0.48828125,-1.90552031993866,81.90266418457031,126.34860229492188
-0.06005859375,0.96337890625,0.046142578125,2.01416015625,-46.630859375,5.126953125,-2.1417429447174072,82.24481201171875,124.52027893066406
-0.090087890625,0.96533203125,0.01904296875,3.60107421875,-38.63525390625,7.01904296875,-2.3207640647888184,82.69401550292969,123.01325988769531
-0.102783203125,0.9658203125,0.02880859375,1.8310546875,-34.85107421875,4.7607421875,-2.345669984817505,83.02882385253906,121.6428680419922
-0.0986328125,0.95947265625,0.0263671875,1.5869140625,-32.28759765625,0.67138671875,-2.196199893951416,83.34136962890625,120.35379028320312
-0.0908203125,0.931884765625,0.037109375,2.38037109375,-28.6865234375,-2.8076171875,-1.9035902023315432,83.63621520996094,119.19390106201172
-0.0791015625,0.922607421875,0.04443359375,4.39453125,-23.13232421875,-4.33349609375,-1.5587382316589355,83.9682388305664,118.2507553100586
-0.09228515625,0.932373046875,0.0478515625,6.04248046875,-14.2822265625,-4.638671875,-1.145389199256897,84.33110046386719,117.66082000732422
-0.1318359375,0.958740234375,0.091552734375,8.60595703125,-9.21630859375,-2.74658203125,-0.7171316742897034,84.67463684082031,117.2835464477539
-0.130126953125,1.001953125,0.0859375,8.056640625,-9.6435546875,-3.7841796875,-0.2801336944103241,85.00173950195312,116.88594818115234
-0.09033203125,1.02001953125,0.083740234375,8.85009765625,-8.7890625,-5.7373046875,0.13061638176441193,85.35289001464844,116.5169677734375
-0.0908203125,1.0615234375,0.04052734375,8.97216796875,-5.92041015625,-5.4931640625,0.5202397108078003,85.79255676269531,116.26485443115234
-0.117431640625,1.0546875,0.03857421875,7.080078125,-4.69970703125,-0.91552734375,0.7751551866531372,86.14187622070312,116.07537078857422
-0.108154296875,1.03076171875,0.060302734375,4.2724609375,-5.67626953125,5.43212890625,0.7511560916900635,86.31476593017578,115.86199188232422
-0.106689453125,0.96630859375,0.064208984375,-2.5634765625,-7.01904296875,9.82666015625,0.5618864893913269,86.18939208984375,115.6048812866211
-0.08447265625,0.93994140625,0.07275390625,-3.90625,-7.8125,6.89697265625,0.44802945852279663,85.9908218383789,115.30958557128906
-0.066162109375,0.922607421875,0.08642578125,-2.5634765625,-7.080078125,3.2958984375,0.4419942796230316,85.81744384765625,115.03475189208984
-0.0693359375,0.963134765625,0.08056640625,-0.54931640625,-3.2958984375,-1.5869140625,0.6409081220626831,85.75506591796875,114.89791107177734
-0.099609375,1.002685546875,0.06005859375,-0.8544921875,-2.9296875,-2.13623046875,0.9164743423461914,85.73624420166016,114.77445220947266
-0.12646484375,1.03125,0.0595703125,-3.35693359375,-5.615234375,0.06103515625,1.1381082534790041,85.6205062866211,114.54985809326172
-0.115478515625,1.05029296875,0.0341796875,-8.30078125,-9.27734375,5.18798828125,1.1075162887573242,85.36588287353516,114.19589233398438
-0.086669921875,1.0361328125,0.018798828125,-9.82666015625,-9.09423828125,8.97216796875,0.8677205443382263,85.09441375732422,113.86351013183594
-0.080322265625,1.02978515625,0.032470703125,-10.92529296875,-7.50732421875,11.04736328125,0.5325981974601746,84.82554626464844,113.6034698486328
-0.096923828125,1.0263671875,0.027099609375,-10.07080078125,-5.43212890625,10.55908203125,0.286678284406662,84.55134582519531,113.42481994628906
-0.076416015625,1.00244140625,0.023193359375,-10.19287109375,-4.638671875,8.36181640625,0.09877131134271623,84.2913818359375,113.27131652832031
-0.060302734375,0.9677734375,0.034912109375,-11.65771484375,-1.64794921875,6.8359375,-0.04163825511932373,83.95441436767578,113.23217010498048
-0.07470703125,0.95654296875,0.02783203125,-10.498046875,4.08935546875,2.197265625,0.06677255034446716,83.69293212890625,113.4028778076172
-0.1083984375,0.953125,0.03076171875,-7.4462890625,6.04248046875,-1.46484375,0.4048110246658325,83.55702209472656,113.63590240478516
-0.131591796875,0.964111328125,0.0185546875,-5.2490234375,4.150390625,-5.4931640625,0.9104744791984558,83.48152160644531,113.7767105102539
-0.127685546875,0.98583984375,0.031982421875,-4.45556640625,1.708984375,-8.48388671875,1.5099115371704102,83.4724349975586,113.80904388427734
-0.112060546875,0.998291015625,0.03271484375,-4.638671875,0.18310546875,-6.7138671875,1.970427632331848,83.45470428466797,113.79041290283205
-0.11572265625,1.00244140625,0.034912109375,-4.82177734375,-0.732421875,-2.38037109375,2.244117259979248,83.42497253417969,113.75572967529295
-0.112548828125,1.011474609375,0.05078125,-6.4697265625,-1.46484375,5.2490234375,2.1919012069702153,83.29607391357422,113.7254867553711
-0.092041015625,0.990234375,0.05712890625,-8.9111328125,-3.662109375,6.77490234375,2.0298168659210205,83.05501556396484,113.61510467529295
-0.078369140625,0.9765625,0.048095703125,-10.6201171875,-5.43212890625,6.16455078125,1.8721145391464236,82.77579498291016,113.4336166381836
-0.080078125,0.990966796875,0.0517578125,-9.21630859375,-5.55419921875,3.96728515625,1.7962193489074707,82.55337524414062,113.23723602294922
-0.074462890625,1.0087890625,0.042724609375,-7.8125,-4.8828125,4.150390625,1.703324556350708,82.41957092285156,113.06993865966795
-0.1103515625,1.034912109375,0.042236328125,-7.8125,-4.82177734375,4.69970703125,1.6662684679031372,82.29448699951172,112.90796661376952
-0.106689453125,1.016357421875,0.05078125,-13.12255859375,-9.033203125,5.2490234375,1.5818872451782229,81.93685150146484,112.58189392089844
-0.10302734375,0.972412109375,0.06103515625,-14.0380859375,-8.544921875,6.04248046875,1.4719021320343018,81.52899169921875,112.28058624267578
-0.066650390625,0.9560546875,0.047607421875,-12.39013671875,-6.2255859375,7.26318359375,1.2864651679992676,81.22086334228516,112.08092498779295
-0.07470703125,0.9677734375,0.0458984375,-7.32421875,-3.5400390625,4.45556640625,1.213500738143921,81.15042114257812,111.97219848632812
-0.09521484375,0.9833984375,0.060791015625,-7.14111328125,-4.57763671875,1.708984375,1.28910231590271,81.05601501464844,111.80494689941406
-0.0947265625,0.987548828125,0.063720703125,-7.9345703125,-4.82177734375,0.06103515625,1.4227454662322998,80.9267578125,111.61827850341795
-0.087890625,1.012939453125,0.052490234375,-9.6435546875,-6.04248046875,1.3427734375,1.4723608493804932,80.76191711425781,111.39280700683594
-0.052490234375,1.01220703125,0.04248046875,-9.8876953125,-5.37109375,2.62451171875,1.3945326805114746,80.61756134033203,111.2035903930664
-0.0771484375,1.0029296875,0.055908203125,-8.72802734375,-3.84521484375,3.90625,1.2942532300949097,80.52345275878906,111.0827865600586
-0.09423828125,0.99658203125,0.055908203125,-7.32421875,-3.23486328125,3.11279296875,1.3133913278579712,80.46067810058594,110.9798812866211
-0.0927734375,1.0087890625,0.06787109375,-8.85009765625,-4.08935546875,0.9765625,1.4040768146514893,80.31317901611328,110.8289794921875
-0.08544921875,0.997314453125,0.059814453125,-10.25390625,-4.08935546875,0.6103515625,1.4910916090011597,80.13152313232422,110.6767349243164
-0.091552734375,0.97998046875,0.0595703125,-9.21630859375,-3.5400390625,1.953125,1.5425493717193604,79.99713897705078,110.55587768554688
-0.088134765625,0.982177734375,0.052978515625,-8.056640625,-3.7841796875,2.3193359375,1.5675697326660156,79.92962646484375,110.4289779663086
-0.0849609375,0.9951171875,0.0537109375,-8.36181640625,-4.7607421875,1.220703125,1.6535024642944336,79.82231903076172,110.2554168701172
-0.0869140625,0.990478515625,0.062744140625,-9.82666015625,-6.65283203125,0.06103515625,1.7376834154129028,79.66568756103516,110.0001449584961
-0.077880859375,0.99169921875,0.049072265625,-10.3759765625,-7.14111328125,1.0986328125,1.7532501220703125,79.5240707397461,109.73477935791016
-0.070556640625,0.9794921875,0.055419921875,-10.009765625,-5.9814453125,2.01416015625,1.7324994802474976,79.36665344238281,109.52099609375
-0.07861328125,0.990966796875,0.04345703125,-10.31494140625,-5.55419921875,2.50244140625,1.7053618431091309,79.25421905517578,109.32952117919922
-0.08935546875,1.003173828125,0.05908203125,-9.8876953125,-6.103515625,2.25830078125,1.7061058282852173,79.12870788574219,109.11376953125
-0.086181640625,0.977783203125,0.051025390625,-9.6435546875,-7.4462890625,1.220703125,1.7542041540145874,79.01480102539062,108.83782958984376
-0.08544921875,0.968994140625,0.0595703125,-9.21630859375,-8.544921875,0.06103515625,1.817792892456055,78.91586303710938,108.510498046875
