-0.18017578125,1.043212890625,-0.157958984375,-18.9208984375,-34.85107421875,-3.41796875,-2.103045701980591,87.11958312988281,55.554847717285156
-0.176025390625,1.02490234375,-0.16162109375,-21.1181640625,-41.9921875,1.3427734375,-1.7787184715270996,86.77928924560547,53.85968017578125
-0.139404296875,1.029296875,-0.19189453125,-20.263671875,-45.71533203125,0.6103515625,-1.5344982147216797,86.54633331298828,52.0162124633789
-0.141357421875,1.05517578125,-0.187744140625,-19.53125,-50.537109375,-5.615234375,-1.072987675666809,86.32698822021484,49.96898651123047
-0.161376953125,1.046142578125,-0.178466796875,-21.54541015625,-52.91748046875,-13.12255859375,-0.30178606510162354,85.99773406982422,47.81144332885742
-0.17041015625,1.021728515625,-0.148681640625,-21.240234375,-57.12890625,-9.46044921875,0.29759812355041504,85.61256408691406,45.500770568847656
-0.171142578125,0.97802734375,-0.14892578125,-15.5029296875,-59.9365234375,5.37109375,0.2823893129825592,85.47278594970703,43.12705612182617
-0.122314453125,1.0263671875,-0.13818359375,-9.765625,-58.349609375,11.29150390625,-0.08495070785284042,85.5420913696289,40.83540725708008
-0.125732421875,1.0283203125,-0.1064453125,-9.6435546875,-57.2509765625,10.19287109375,-0.3815974295139313,85.55830383300781,38.58073425292969
-0.12646484375,1.017578125,-0.10546875,-10.1318359375,-56.5185546875,-2.13623046875,-0.1697380393743515,85.55616760253906,36.3165283203125
-0.149658203125,1.002197265625,-0.101318359375,-8.4228515625,-59.63134765625,-12.26806640625,0.4833763837814331,85.59781646728516,33.899791717529304
-0.127685546875,1.0556640625,-0.08203125,-7.4462890625,-63.720703125,-19.10400390625,1.3098721504211426,85.59259033203125,31.303874969482425
-0.15185546875,1.075927734375,-0.092529296875,-7.38525390625,-67.9931640625,-19.4091796875,2.147437334060669,85.56459045410156,28.54074478149414
-0.078369140625,1.15234375,-0.09716796875,-14.7705078125,-66.83349609375,-16.78466796875,2.6787092685699463,85.210205078125,25.834491729736328
-0.098388671875,1.097412109375,-0.081298828125,-25.634765625,-63.1103515625,-12.02392578125,3.0343329906463623,84.3990249633789,23.2900505065918
-0.110107421875,1.02783203125,-0.052978515625,-25.146484375,-61.34033203125,-5.126953125,3.112733125686645,83.5835189819336,20.84098625183105
-0.061767578125,1.090087890625,-0.044677734375,-23.4375,-62.01171875,-7.14111328125,3.117751359939575,82.84257507324219,18.358896255493164
-0.0478515625,1.11572265625,-0.05029296875,-30.76171875,-59.326171875,-16.2353515625,3.4272861480712886,81.84393310546875,15.938596725463867
-0.0556640625,1.121826171875,-0.050048828125,-41.68701171875,-56.396484375,-33.26416015625,4.37762975692749,80.42024230957031,13.52765655517578
-0.10400390625,1.06884765625,-0.03173828125,-47.66845703125,-54.8095703125,-37.7197265625,5.518947124481201,78.73460388183594,11.125812530517578
-0.108154296875,1.077392578125,-0.03369140625,-48.40087890625,-52.79541015625,-32.3486328125,6.359824180603027,77.05696868896484,8.828376770019531
-0.0859375,1.022216796875,-0.010498046875,-57.4951171875,-40.46630859375,-25.81787109375,6.9211792945861825,75.06714630126953,7.057746887207031
-0.072509765625,0.947509765625,-0.011962890625,-57.6171875,-29.96826171875,-19.53125,7.2569169998168945,73.19791412353516,5.7569923400878915
-0.0869140625,1.052978515625,-0.005615234375,-58.10546875,-19.59228515625,-26.18408203125,7.928925037384032,71.39399719238281,4.770581245422363
-0.16552734375,1.1005859375,0.01953125,-68.54248046875,-10.31494140625,-35.7666015625,9.17440700531006,69.19882202148439,3.986762046813965
-0.193359375,1.0498046875,0.036376953125,-75.5615234375,-8.23974609375,-35.58349609375,10.43779468536377,66.75450897216797,3.2527570724487305
-0.21728515625,0.981201171875,0.052001953125,-78.79638671875,-6.9580078125,-32.16552734375,11.597369194030762,64.22173309326172,2.591769218444824
-0.192626953125,0.98388671875,0.060546875,-75.5615234375,-2.01416015625,-30.029296875,12.642552375793455,61.92319107055664,2.137218475341797
-0.16455078125,0.98828125,0.115478515625,-75.68359375,5.615234375,-31.92138671875,13.768983840942385,59.62952041625977,1.886802673339844
-0.204833984375,0.96435546875,0.113525390625,-75.25634765625,10.68115234375,-35.888671875,15.18374252319336,57.43450164794922,1.7121438980102541
-0.281005859375,0.962158203125,0.134033203125,-70.25146484375,13.427734375,-42.96875,16.997621536254886,55.41929244995117,1.4386949539184568
-0.293212890625,0.9931640625,0.139892578125,-68.66455078125,8.48388671875,-46.38671875,18.740062713623047,53.432823181152344,0.8974208831787109
-0.29833984375,0.962158203125,0.17919921875,-71.71630859375,7.4462890625,-49.25537109375,20.478485107421875,51.22592163085938,0.19855499267578125
-0.2880859375,0.906494140625,0.1953125,-70.4345703125,2.99072265625,-46.08154296875,21.92109680175781,49.02288055419922,-0.6019439697265625
-0.2734375,0.869140625,0.220947265625,-70.4345703125,4.08935546875,-51.513671875,23.447664260864254,46.73442840576172,-1.5667662620544434
-0.33837890625,0.769775390625,0.27880859375,-63.65966796875,5.37109375,-58.2275390625,25.2874813079834,44.42778015136719,-2.821693420410156
-0.352783203125,0.82763671875,0.321044921875,-49.072265625,2.38037109375,-62.255859375,27.004350662231445,42.57465744018555,-4.3423190116882315
-0.338134765625,0.9208984375,0.340087890625,-44.12841796875,-3.72314453125,-59.14306640625,28.25819969177246,40.93585205078125,-5.937692642211914
-0.287353515625,0.939208984375,0.345458984375,-50.84228515625,-5.615234375,-54.0771484375,29.12466049194336,39.11709213256836,-7.412400722503662
-0.28759765625,0.7138671875,0.37939453125,-57.0068359375,0.732421875,-48.9501953125,30.05821418762207,36.92759323120117,-8.691629409790039
-0.314697265625,0.5771484375,0.402099609375,-38.75732421875,7.6904296875,-42.48046875,31.119659423828125,35.42135238647461,-9.694058418273926
-0.349609375,0.6943359375,0.385498046875,-15.44189453125,12.0849609375,-36.31591796875,32.157482147216804,35.29098129272461,-10.210335731506348
-0.395751953125,0.81298828125,0.412841796875,-17.76123046875,10.498046875,-34.5458984375,33.07138442993164,35.15814208984375,-10.64663028717041
-0.385009765625,0.736328125,0.41455078125,-28.86962890625,0.3662109375,-36.2548828125,33.674156188964844,34.28333282470703,-11.47991180419922
-0.38818359375,0.65576171875,0.42333984375,-31.982421875,-6.8359375,-46.44775390625,34.272594451904304,32.80718231201172,-12.998598098754885
-0.39501953125,0.68359375,0.40185546875,-22.705078125,-11.65771484375,-61.21826171875,34.991565704345696,31.40113639831543,-15.192363739013672
-0.385498046875,0.738525390625,0.39013671875,-22.88818359375,-12.14599609375,-66.83349609375,35.70070266723633,29.967721939086914,-17.56927490234375
-0.45263671875,0.713134765625,0.38623046875,-26.0009765625,-13.0615234375,-59.814453125,36.32583236694336,28.50433349609375,-19.714847564697266
-0.466064453125,0.68408203125,0.44970703125,-24.90234375,-16.05224609375,-41.9921875,36.41813278198242,27.34672927856445,-21.245296478271484
-0.448974609375,0.672119140625,0.51513671875,-25.69580078125,-13.3056640625,-36.80419921875,36.38227462768555,26.229909896850586,-22.545063018798828
-0.44482421875,0.71240234375,0.47314453125,-32.65380859375,-14.892578125,-37.59765625,36.30543899536133,24.99091720581055,-23.80062866210937
-0.4921875,0.62744140625,0.42919921875,-38.26904296875,-20.20263671875,-44.49462890625,36.32062530517578,23.226985931396484,-25.513858795166016
-0.46337890625,0.62109375,0.443359375,-30.70068359375,-24.10888671875,-39.6728515625,36.00743865966797,21.9024658203125,-27.04867172241211
-0.493408203125,0.638671875,0.480224609375,-26.06201171875,-19.83642578125,-34.5458984375,35.76548767089844,20.950899124145508,-28.2684383392334
-0.528564453125,0.637939453125,0.52587890625,-29.296875,-16.7236328125,-29.96826171875,35.57548141479492,19.962942123413086,-29.26064109802246
-0.56396484375,0.6064453125,0.546875,-31.67724609375,-18.6767578125,-26.0009765625,35.304901123046875,18.89415740966797,-30.14509582519531
-0.550537109375,0.627685546875,0.549560546875,-29.9072265625,-22.52197265625,-26.3671875,34.85369873046875,17.946727752685547,-31.04962730407715
-0.5205078125,0.575927734375,0.5361328125,-27.34375,-30.6396484375,-42.29736328125,34.27057266235352,16.605316162109375,-32.81640243530273
-0.561767578125,0.582763671875,0.4892578125,-23.3154296875,-28.25927734375,-51.20849609375,34.00479507446289,15.33678150177002,-34.891624450683594
-0.60595703125,0.616455078125,0.516845703125,-16.17431640625,-19.95849609375,-49.37744140625,34.038318634033196,14.502643585205078,-36.74858856201172
-0.62158203125,0.680419921875,0.5478515625,-15.31982421875,-13.427734375,-32.53173828125,34.09597396850586,14.278799057006836,-37.68266296386719
-0.648193359375,0.662353515625,0.592529296875,-19.59228515625,-13.7939453125,-21.728515625,34.02260971069336,14.068368911743164,-38.16812133789063
-0.580810546875,0.61083984375,0.59375,-23.25439453125,-15.13671875,-20.751953125,33.796737670898445,13.687053680419922,-38.64701843261719
-0.572021484375,0.51318359375,0.567626953125,-27.4658203125,-13.0615234375,-33.5693359375,33.831253051757805,12.672791481018065,-39.78628540039063
-0.61767578125,0.514892578125,0.551513671875,-22.216796875,-10.009765625,-47.36328125,34.184314727783196,11.544170379638672,-41.53014755249024
-0.7255859375,0.553955078125,0.5888671875,-11.71875,-8.48388671875,-48.64501953125,34.64879608154297,10.883477210998537,-43.27102279663086
-0.708251953125,0.648193359375,0.631591796875,-16.17431640625,-13.61083984375,-31.6162109375,34.66057586669922,10.54834270477295,-44.19678497314453
-0.70849609375,0.54931640625,0.650146484375,-29.23583984375,-18.06640625,-24.96337890625,34.454124450683594,9.66248893737793,-44.94943237304688
-0.611572265625,0.491943359375,0.589111328125,-32.28759765625,-19.83642578125,-33.99658203125,34.235401153564446,8.427752494812013,-46.13028335571289
-0.5771484375,0.57080078125,0.53515625,-32.2265625,-20.56884765625,-54.8095703125,34.02484893798828,6.960482597351074,-48.11994171142578
-0.71044921875,0.49951171875,0.5576171875,-29.60205078125,-17.333984375,-52.6123046875,34.102794647216804,5.445295333862305,-50.10694885253906
-0.720947265625,0.578125,0.59375,-26.611328125,-17.822265625,-32.65380859375,33.971363067626946,4.797144412994385,-51.00276184082031
-0.709716796875,0.561767578125,0.6201171875,-33.69140625,-16.54052734375,-21.42333984375,33.82495880126953,4.109875679016113,-51.38456344604492
-0.68017578125,0.504638671875,0.5927734375,-38.4521484375,-19.53125,-26.30615234375,33.584484100341804,3.0571184158325195,-52.02944564819336
-0.642578125,0.50146484375,0.579345703125,-43.15185546875,-22.52197265625,-36.07177734375,33.2132568359375,1.6206276416778564,-53.10481262207031
-0.7294921875,0.32080078125,0.626708984375,-42.41943359375,-20.44677734375,-37.78076171875,33.000411987304695,-0.2589338719844818,-54.48677444458008
-0.645263671875,0.39404296875,0.613525390625,-18.98193359375,-20.8740234375,-17.27294921875,32.641414642333984,-0.3586418330669403,-54.69999694824219
-0.582763671875,0.517333984375,0.57373046875,-11.962890625,-11.16943359375,-9.3994140625,32.603382110595696,0.4251518249511719,-54.3267936706543
-0.63037109375,0.493896484375,0.526611328125,-17.333984375,-3.2958984375,-11.29150390625,33.04694366455078,0.8235901594161987,-54.11299133300781
-0.654296875,0.418212890625,0.570556640625,-21.728515625,-6.77490234375,-17.9443359375,33.328941345214844,0.6381507515907288,-54.34191513061523
-0.66552734375,0.42041015625,0.62890625,-22.3388671875,-7.2021484375,-26.7333984375,33.48748016357422,0.12891997396945953,-55.02485656738281
-0.70166015625,0.4013671875,0.66796875,-23.0712890625,-7.32421875,-22.15576171875,33.654918670654304,-0.3403022587299347,-55.51229858398438
-0.637939453125,0.481689453125,0.60888671875,-22.216796875,-8.85009765625,-9.27734375,33.731632232666016,-0.15463745594024658,-55.21896362304688
-0.5947265625,0.462890625,0.59326171875,-28.9306640625,-6.4697265625,-4.57763671875,33.90050506591797,-0.12999972701072693,-54.70977783203125
-0.633056640625,0.399658203125,0.601806640625,-34.1796875,-4.57763671875,-2.0751953125,34.15919876098633,-0.4048348665237427,-54.16625595092773
-0.6328125,0.372314453125,0.61572265625,-35.58349609375,-2.13623046875,-0.30517578125,34.4908447265625,-0.7507227659225464,-53.56874084472656
-0.706298828125,0.310302734375,0.63916015625,-35.400390625,4.08935546875,4.45556640625,35.20732879638672,-1.1924906969070437,-52.87231063842773
-0.6884765625,0.407958984375,0.610107421875,-24.5361328125,4.39453125,20.263671875,35.866458892822266,-0.424186497926712,-51.19475555419922
-0.671875,0.39892578125,0.667724609375,-28.99169921875,4.94384765625,20.08056640625,36.39528274536133,0.11361563205718996,-49.5432014465332
-0.6630859375,0.3466796875,0.662353515625,-34.36279296875,0.9765625,16.90673828125,36.76219177246094,0.2680711150169373,-48.08710861206055
-0.599853515625,0.35791015625,0.63330078125,-34.60693359375,2.74658203125,13.73291015625,37.099910736083984,0.3733915686607361,-46.7507209777832
-0.6015625,0.38525390625,0.655029296875,-37.65869140625,9.94873046875,19.287109375,37.67273712158203,0.5887657999992371,-45.08929061889648
-0.6748046875,0.394775390625,0.65380859375,-39.4287109375,13.85498046875,23.3154296875,38.513858795166016,0.8013021349906921,-43.24724960327149
-0.681640625,0.400634765625,0.673095703125,-37.59765625,8.72802734375,30.8837890625,39.06594467163086,1.4021952152252195,-40.958309173583984
-0.645751953125,0.304931640625,0.69287109375,-39.61181640625,7.14111328125,34.7900390625,39.435401916503906,1.8170732259750368,-38.60746765136719
-0.615234375,0.296630859375,0.668212890625,-33.75244140625,9.33837890625,40.71044921875,39.79067993164063,2.7342708110809326,-35.89297103881836
-0.66748046875,0.359130859375,0.654052734375,-32.40966796875,22.705078125,43.9453125,40.763275146484375,3.951694250106812,-32.88647079467773
-0.731689453125,0.366455078125,0.67578125,-31.18896484375,25.81787109375,47.9736328125,41.82196044921875,5.376478672027588,-29.619728088378906
-0.6708984375,0.410400390625,0.64599609375,-31.6162109375,23.4375,49.072265625,42.61747360229492,6.958179950714111,-26.18276596069336
-0.69921875,0.3662109375,0.622314453125,-32.71484375,15.93017578125,43.15185546875,43.14990615844727,8.213207244873049,-23.117395401000977
-0.6533203125,0.393798828125,0.62158203125,-32.53173828125,10.80322265625,35.58349609375,43.38208770751953,9.257649421691896,-20.43163108825684
-0.655029296875,0.4306640625,0.617431640625,-37.9638671875,12.63427734375,35.5224609375,43.64797592163086,10.142240524291992,-17.694351196289062
-0.67578125,0.45361328125,0.64013671875,-41.44287109375,18.798828125,40.283203125,44.06558609008789,11.16348648071289,-14.5914306640625
-0.688720703125,0.472900390625,0.66064453125,-46.5087890625,21.05712890625,36.07177734375,44.5409049987793,11.85758113861084,-11.671785354614258
-0.7138671875,0.45166015625,0.6220703125,-47.607421875,16.90673828125,33.87451171875,44.87628555297852,12.42379379272461,-8.887385368347168
-0.6787109375,0.43310546875,0.612060546875,-52.490234375,16.05224609375,26.91650390625,45.23994827270508,12.450918197631836,-6.539647102355957
-0.713134765625,0.41845703125,0.62548828125,-53.8330078125,17.333984375,22.88818359375,45.71466827392578,12.222219467163086,-4.435811519622803
-0.758056640625,0.456298828125,0.6669921875,-56.7626953125,20.6298828125,19.83642578125,46.35834884643555,11.816137313842773,-2.436453342437744
-0.80322265625,0.43896484375,0.69677734375,-63.232421875,17.822265625,21.66748046875,46.85988998413086,11.17218017578125,-0.3863229751586914
-0.799072265625,0.36474609375,0.694091796875,-62.43896484375,12.20703125,25.20751953125,47.13068389892578,10.511526107788086,1.6944198608398438
-0.705322265625,0.36376953125,0.676513671875,-59.14306640625,8.48388671875,27.64892578125,47.09432601928711,10.083657264709473,3.8977642059326167
-0.66162109375,0.34521484375,0.6513671875,-55.7861328125,10.92529296875,33.14208984375,47.13069534301758,10.111896514892578,6.496674537658691
-0.6826171875,0.31103515625,0.653564453125,-54.6875,15.68603515625,41.9921875,47.32185745239258,10.48711109161377,9.57917022705078
-0.724365234375,0.278564453125,0.682861328125,-47.54638671875,19.34814453125,50.35400390625,47.54645538330078,11.383905410766602,13.081111907958984
-0.685546875,0.32373046875,0.6611328125,-37.29248046875,19.53125,56.57958984375,47.66554641723633,13.130010604858398,17.081901550292972
-0.654296875,0.357666015625,0.6796875,-28.9306640625,18.98193359375,61.21826171875,47.52942276000977,15.42706298828125,21.366552352905273
-0.605224609375,0.430908203125,0.651123046875,-26.06201171875,21.78955078125,59.814453125,47.311866760253906,17.93586540222168,25.70878982543945
-0.614990234375,0.411376953125,0.649658203125,-25.7568359375,26.06201171875,54.0771484375,47.26662063598633,20.13889503479004,29.70853042602539
-0.6259765625,0.39111328125,0.69189453125,-25.2685546875,26.67236328125,50.048828125,47.1817855834961,21.98639678955078,33.3402099609375
-0.6337890625,0.39794921875,0.696044921875,-26.3671875,26.4892578125,47.91259765625,47.073280334472656,23.59322166442871,36.77594375610352
-0.59765625,0.350830078125,0.6640625,-22.216796875,25.0244140625,56.5185546875,46.69109725952149,25.534242630004886,40.53407669067383
-0.53125,0.34912109375,0.66064453125,-15.2587890625,26.42822265625,59.814453125,46.10223770141602,27.7675838470459,44.39566421508789
-0.500732421875,0.42236328125,0.599609375,-7.568359375,26.42822265625,62.6220703125,45.29109191894531,30.66229057312012,48.57308959960938
-0.505859375,0.4755859375,0.55322265625,3.35693359375,31.3720703125,64.697265625,44.546142578125,34.09029769897461,52.92499923706055
-0.4833984375,0.487060546875,0.54248046875,14.2822265625,35.15625,75.86669921875,43.44976043701172,38.16833877563477,57.71997833251953
-0.43798828125,0.56884765625,0.509765625,16.41845703125,48.828125,80.2001953125,42.37968444824219,42.620792388916016,63.0176773071289
-0.631591796875,0.489501953125,0.560791015625,16.78466796875,63.53759765625,83.740234375,41.72209167480469,46.98226547241211,68.58580780029297
-0.62109375,0.4775390625,0.587890625,22.52197265625,61.4013671875,90.2099609375,40.50806427001953,51.235801696777344,73.96360778808594
-0.5615234375,0.4775390625,0.537109375,25.7568359375,62.1337890625,87.646484375,39.05585861206055,55.3525276184082,79.07135009765625
-0.57373046875,0.5322265625,0.40576171875,27.40478515625,59.26513671875,84.41162109375,37.54183578491211,59.35326385498047,83.8638687133789
-0.549072265625,0.559814453125,0.392578125,30.8837890625,56.0302734375,86.24267578125,35.640037536621094,63.1011734008789,88.263916015625
-0.52490234375,0.63916015625,0.363037109375,33.99658203125,53.22265625,86.73095703125,33.338207244873054,66.75453186035156,92.3528060913086
-0.546630859375,0.69580078125,0.3740234375,33.75244140625,50.23193359375,87.890625,30.86730766296387,69.88617706298828,95.96776580810548
-0.473876953125,0.71630859375,0.364013671875,30.57861328125,47.4853515625,91.796875,27.997011184692386,72.51060485839844,99.2337646484375
-0.53173828125,0.6494140625,0.359619140625,24.47509765625,49.74365234375,86.5478515625,25.6331844329834,74.50989532470703,102.25821685791016
-0.562744140625,0.6484375,0.329345703125,27.40478515625,49.74365234375,85.63232421875,23.30807876586914,76.47138214111328,105.13753509521484
-0.552734375,0.6474609375,0.3466796875,31.005859375,47.54638671875,91.00341796875,20.734861373901367,78.27782440185547,107.7904052734375
-0.51220703125,0.61328125,0.345947265625,32.5927734375,41.015625,91.24755859375,18.12837791442871,79.8759994506836,110.04180145263672
-0.477783203125,0.74072265625,0.302734375,43.3349609375,30.70068359375,80.4443359375,15.667981147766113,81.69279479980469,111.70433807373048
-0.442626953125,0.8173828125,0.29052734375,41.50390625,31.43310546875,75.25634765625,13.30950927734375,83.35416412353516,113.27653503417969
-0.5234375,0.767822265625,0.26123046875,33.935546875,32.2265625,80.810546875,10.990727424621582,84.68685913085938,114.8410415649414
-0.45751953125,0.774169921875,0.239013671875,41.93115234375,25.08544921875,91.30859375,8.167178153991701,86.15579986572266,116.0634994506836
-0.482666015625,0.78125,0.299072265625,48.583984375,18.12744140625,91.552734375,5.416834354400635,87.61214447021484,116.90324401855469
-0.47998046875,0.936767578125,0.237548828125,56.57958984375,12.63427734375,105.28564453125,1.8457394838333132,89.58967590332031,117.47566986083984
-0.29931640625,1.04931640625,0.20458984375,39.48974609375,23.4375,117.919921875,-2.314982652664185,90.74562072753906,118.37278747558594
-0.375,0.95166015625,0.138916015625,27.77099609375,23.13232421875,122.61962890625,-6.310362339019775,91.4440689086914,119.20591735839844
-0.322021484375,0.916015625,0.100830078125,24.7802734375,10.43701171875,116.63818359375,-9.993057250976562,92.16878509521484,119.49061584472656
-0.291259765625,0.8740234375,0.069580078125,20.01953125,-12.87841796875,88.623046875,-12.417360305786133,92.82936096191406,118.84632110595705
-0.28466796875,0.82958984375,0.065185546875,24.23095703125,-27.77099609375,71.83837890625,-14.02842903137207,93.80097198486328,117.5968246459961
-0.235595703125,0.8544921875,0.07470703125,29.11376953125,-38.87939453125,63.29345703125,-15.373878479003904,95.07005310058594,115.87703704833984
-0.082763671875,0.97900390625,0.0302734375,21.240234375,-38.75732421875,56.21337890625,-16.665138244628903,96.12920379638672,114.11966705322266
-0.02294921875,0.953369140625,-0.0068359375,1.5869140625,-31.43310546875,52.001953125,-17.880409240722656,96.39981842041016,112.63814544677734
-0.1162109375,0.797119140625,-0.066650390625,-0.48828125,-35.09521484375,56.0302734375,-18.92609977722168,96.93810272216795,110.88617706298828
-0.175048828125,0.712890625,-0.11328125,25.93994140625,-54.0771484375,64.453125,-19.937950134277344,98.9259262084961,108.22364044189452
-0.0390625,0.902587890625,-0.136474609375,49.49951171875,-66.46728515625,70.9228515625,-21.35447120666504,102.05377960205078,104.9020004272461
0.086669921875,1.0439453125,-0.14892578125,44.189453125,-65.00244140625,72.32666015625,-22.94670104980469,104.9446258544922,101.51527404785156
0.177734375,1.024658203125,-0.168212890625,16.6015625,-54.62646484375,73.91357421875,-24.66002082824707,106.6375732421875,98.43544006347656
0.170654296875,0.952392578125,-0.2138671875,-0.3662109375,-50.23193359375,64.02587890625,-25.91882705688477,107.70257568359376,95.55046081542969
0.08251953125,0.882568359375,-0.2421875,0.30517578125,-54.931640625,45.41015625,-26.130210876464844,108.9468994140625,92.62523651123048
0.088134765625,0.85205078125,-0.22119140625,29.35791015625,-61.8896484375,21.78955078125,-25.299251556396484,111.17693328857422,89.8182144165039
0.094482421875,0.961181640625,-0.17236328125,52.734375,-56.2744140625,31.982421875,-24.85778617858887,113.99473571777344,87.20867919921875
0.1376953125,1.078369140625,-0.15625,61.09619140625,-47.2412109375,64.63623046875,-25.72195053100586,117.08456420898438,84.3905258178711
0.1123046875,1.063720703125,-0.162353515625,53.1005859375,-37.841796875,108.09326171875,-28.056671142578125,120.11534118652344,80.94294738769531
0.1484375,1.053955078125,-0.1845703125,47.30224609375,-39.73388671875,116.02783203125,-30.43560218811035,123.2238540649414,77.03544616699219
0.15576171875,1.029052734375,-0.15673828125,45.71533203125,-42.3583984375,98.08349609375,-31.94842529296875,126.13177490234376,73.37399291992188
0.177001953125,1.066162109375,-0.118896484375,45.8984375,-41.9921875,72.32666015625,-32.50843048095703,128.58296203613278,70.43769836425781
0.181640625,1.101318359375,-0.0966796875,44.5556640625,-41.19873046875,69.3359375,-32.893672943115234,130.8265380859375,67.63748168945311
0.19091796875,1.079833984375,-0.0791015625,42.90771484375,-37.29248046875,75.13427734375,-33.486827850341804,132.99362182617188,64.78446960449219
0.232666015625,1.119384765625,-0.12353515625,45.34912109375,-34.423828125,72.81494140625,-34.01869583129883,135.20852661132812,62.05790710449219
0.274169921875,1.172119140625,-0.133056640625,42.41943359375,-31.8603515625,51.81884765625,-34.00343704223633,136.82341003417972,60.14185333251953
0.275390625,1.20556640625,-0.130859375,35.09521484375,-28.564453125,25.08544921875,-33.33450698852539,137.46842956542972,59.316856384277344
0.26171875,1.230712890625,-0.103759765625,25.634765625,-21.78955078125,-3.35693359375,-32.09777069091797,137.00059509277344,59.725852966308594
0.281982421875,1.226806640625,-0.109375,17.51708984375,-11.65771484375,-16.845703125,-30.84570121765137,135.84259033203122,60.8521728515625
0.25146484375,1.17578125,-0.1123046875,9.8876953125,2.5634765625,-25.390625,-29.72895812988281,134.09246826171878,62.62446594238281
0.1884765625,1.135009765625,-0.11083984375,5.0048828125,25.0244140625,-29.541015625,-28.988624572753906,131.80030822753906,65.18350982666016
0.14013671875,1.162109375,-0.076904296875,2.8076171875,37.2314453125,-29.84619140625,-28.41490173339844,129.25944519042972,68.12194061279297
0.1220703125,1.192138671875,-0.065185546875,-1.3427734375,43.02978515625,-33.447265625,-27.73532867431641,126.5055923461914,71.30582427978516
0.1142578125,1.217041015625,-0.097900390625,-11.1083984375,42.05322265625,-47.9736328125,-26.41524887084961,123.42971801757812,74.70463562011719
0.13427734375,1.2568359375,-0.1455078125,-17.7001953125,37.9638671875,-65.5517578125,-24.30929183959961,120.3046875,78.15836334228516
0.165771484375,1.289794921875,-0.2158203125,-25.69580078125,34.7900390625,-85.51025390625,-21.413028717041016,117.19336700439452,81.6166763305664
0.1796875,1.2587890625,-0.26708984375,-37.90283203125,39.0625,-99.67041015625,-18.004779815673828,113.90809631347656,85.16812133789062
0.12109375,1.215087890625,-0.2666015625,-40.52734375,46.142578125,-92.8955078125,-14.812923431396484,110.87644958496094,88.56680297851562
0.104736328125,1.195556640625,-0.26416015625,-40.58837890625,54.38232421875,-75.68359375,-12.311482429504395,108.13561248779295,91.80709838867188
0.078857421875,1.121826171875,-0.219482421875,-36.07177734375,65.0634765625,-43.76220703125,-11.07938003540039,105.76766967773438,94.92919921875
0.058837890625,1.115966796875,-0.212890625,-32.40966796875,68.7255859375,-25.634765625,-10.476119995117188,103.69692993164062,97.93611907958984
0.061767578125,1.120849609375,-0.205322265625,-31.55517578125,67.44384765625,-22.0947265625,-9.92260456085205,101.8249282836914,100.82038116455078
0.0625,1.021240234375,-0.22705078125,-34.24072265625,63.5986328125,-31.73828125,-8.910966873168945,100.01255798339844,103.5908660888672
0.086669921875,0.9306640625,-0.220947265625,-35.5224609375,63.90380859375,-34.7900390625,-7.8083720207214355,98.3049774169922,106.346923828125
0.0966796875,0.847412109375,-0.18310546875,-37.65869140625,67.5048828125,-31.31103515625,-6.901461601257324,96.58406829833984,109.19105529785156
0.085205078125,0.7666015625,-0.137451171875,-29.11376953125,72.1435546875,-21.97265625,-6.309237003326416,95.20225524902344,112.15711975097656
0.1025390625,0.79931640625,-0.122802734375,-22.3388671875,71.2890625,-20.44677734375,-5.7739081382751465,94.12425994873048,115.07006072998048
0.12744140625,0.8330078125,-0.12841796875,-18.37158203125,66.40625,-30.33447265625,-4.84421968460083,93.29199981689452,117.79910278320312
0.10546875,0.890869140625,-0.122314453125,-13.61083984375,52.734375,-53.77197265625,-2.89562726020813,92.76075744628906,120.01719665527344
0.122802734375,0.955810546875,-0.151611328125,-9.8876953125,39.73388671875,-71.35009765625,-0.30607888102531433,92.5481414794922,121.73570251464844
0.1220703125,1.023681640625,-0.176513671875,-9.3994140625,26.79443359375,-86.73095703125,2.8101465702056885,92.5533218383789,122.97122192382812
0.1171875,1.056640625,-0.245361328125,-15.93017578125,16.845703125,-91.12548828125,6.053070545196532,92.3814468383789,123.83721923828124
0.101318359375,1.01171875,-0.23681640625,-23.8037109375,13.916015625,-76.66015625,8.628170967102049,91.93048095703124,124.57183837890624
0.11279296875,0.918701171875,-0.247314453125,-27.34375,14.70947265625,-51.1474609375,10.07907485961914,91.4379653930664,125.31451416015624
0.103515625,0.79541015625,-0.2021484375,-26.611328125,22.8271484375,-9.33837890625,9.76245403289795,91.03076171875,126.34225463867188
0.092529296875,0.766845703125,-0.166259765625,-23.681640625,29.96826171875,22.39990234375,8.208735466003418,90.70246124267578,127.61599731445312
0.080322265625,0.705810546875,-0.138427734375,-17.822265625,36.07177734375,46.875,5.771178245544434,90.48281860351562,129.09169006347656
0.0595703125,0.7353515625,-0.11962890625,-9.8876953125,34.72900390625,63.3544921875,2.82311749458313,90.5223388671875,130.48797607421878
0.0478515625,0.73974609375,-0.09423828125,-6.16455078125,29.47998046875,60.6689453125,0.13333772122859955,90.55760192871094,131.64924621582028
0.0380859375,0.72314453125,-0.0712890625,-2.38037109375,21.3623046875,54.443359375,-2.154965877532959,90.66227722167969,132.47380065917972
0.027099609375,0.76953125,-0.0693359375,7.26318359375,8.85009765625,47.4853515625,-4.04818058013916,91.09829711914062,132.78640747070312
0.05615234375,0.833251953125,-0.083251953125,10.92529296875,-1.64794921875,39.12353515625,-5.596717834472656,91.7122039794922,132.66456604003906
0.107666015625,0.897216796875,-0.164794921875,13.3056640625,-10.498046875,28.50341796875,-6.780997276306152,92.63726806640624,132.16134643554688
0.153564453125,1.00634765625,-0.237548828125,12.5732421875,-16.05224609375,14.0380859375,-7.371810436248778,93.62931060791016,131.43418884277344
0.145263671875,1.0419921875,-0.2451171875,11.77978515625,-14.09912109375,9.70458984375,-7.732373714447021,94.54508972167969,130.79046630859378
0.0927734375,1.05078125,-0.27783203125,11.77978515625,-8.97216796875,14.16015625,-8.144254684448242,95.4827117919922,130.32301330566406
0.03857421875,1.08642578125,-0.284912109375,12.451171875,-0.1220703125,27.52685546875,-8.99240493774414,96.35301971435548,130.15023803710938
-0.025634765625,1.12109375,-0.23779296875,12.14599609375,4.45556640625,39.85595703125,-10.18528652191162,97.05189514160156,130.10350036621094
-0.0771484375,1.116455078125,-0.21240234375,10.8642578125,5.615234375,48.7060546875,-11.530112266540527,97.62397003173828,130.04771423339844
-0.14208984375,1.118408203125,-0.172607421875,8.48388671875,-1.953125,50.47607421875,-12.780760765075685,98.07095336914062,129.67375183105472
-0.149169921875,1.115234375,-0.188720703125,8.4228515625,-12.3291015625,43.212890625,-13.620184898376465,98.62876892089844,128.8997802734375
-0.108154296875,1.133544921875,-0.2314453125,8.97216796875,-22.5830078125,29.23583984375,-13.86572265625,99.3799285888672,127.7613525390625
-0.0859375,1.121826171875,-0.282958984375,6.40869140625,-30.029296875,5.37109375,-13.162383079528807,100.11013793945312,126.46531677246094
-0.075927734375,1.107421875,-0.280029296875,8.23974609375,-31.494140625,-4.82177734375,-12.076239585876465,100.86095428466795,125.20109558105469
-0.072265625,1.041015625,-0.263671875,9.8876953125,-26.85546875,-5.0048828125,-11.049074172973633,101.5768051147461,124.14508056640624
-0.085205078125,0.990234375,-0.2099609375,14.95361328125,-16.66259765625,4.7607421875,-10.472015380859377,102.30772399902344,123.44285583496094
-0.0966796875,1.001708984375,-0.176025390625,14.70947265625,-12.75634765625,11.29150390625,-10.174189567565918,102.89581298828124,122.85653686523438
-0.1181640625,0.96484375,-0.119873046875,13.24462890625,-12.14599609375,15.2587890625,-10.019879341125488,103.2659683227539,122.281494140625
-0.073486328125,0.96142578125,-0.0947265625,12.39013671875,-17.88330078125,18.73779296875,-10.01637077331543,103.59393310546876,121.45217895507812
-0.03955078125,0.9873046875,-0.064697265625,8.4228515625,-24.658203125,13.97705078125,-9.842576026916504,103.71188354492188,120.41458129882812
0.00634765625,0.999755859375,-0.072021484375,2.9296875,-34.0576171875,5.615234375,-9.357430458068848,103.6732406616211,119.08399963378906
