0.000732421875,0.954345703125,0.039306640625,-10.009765625,-5.9814453125,2.13623046875,-3.0246920585632324,79.4729232788086,118.27676391601562
-0.068603515625,1.01513671875,-0.008544921875,-6.77490234375,-9.6435546875,1.708984375,-2.8891050815582275,79.64108276367188,117.88607788085938
-0.099853515625,1.003173828125,0.006103515625,-8.97216796875,-18.49365234375,4.33349609375,-2.8889598846435547,79.72277069091797,116.95557403564452
-0.115234375,0.991943359375,0.000244140625,-10.25390625,-39.1845703125,2.99072265625,-2.9050083160400386,79.77886962890625,115.41056060791016
-0.0751953125,0.997314453125,0.0205078125,-9.70458984375,-55.7861328125,4.39453125,-3.1791384220123287,79.84886932373047,113.22246551513672
0.00146484375,0.981201171875,0.003662109375,-9.09423828125,-63.8427734375,4.150390625,-3.632756948471069,79.95762634277344,110.64588928222656
0.030517578125,1.010986328125,0.042236328125,-6.65283203125,-65.49072265625,-8.056640625,-5.92780876159668,82.45310974121094,80.7447509765625
0.07177734375,1.000244140625,0.05810546875,-5.92041015625,-50.59814453125,-13.00048828125,-5.596823215484619,82.57923126220703,78.64482879638672
0.06689453125,1.009521484375,0.075927734375,-4.94384765625,-31.1279296875,-18.06640625,-4.833412170410156,82.62596130371094,77.5526123046875
-0.09326171875,1.02587890625,-0.090087890625,45.2880859375,29.11376953125,-36.43798828125,1.065693736076355,87.43174743652344,78.55258178710938
-0.16748046875,1.225830078125,-0.078369140625,50.1708984375,41.07666015625,-35.0341796875,2.761740207672119,89.7220458984375,80.17424011230469
-0.2255859375,1.444091796875,-0.06103515625,24.71923828125,43.212890625,-16.357421875,3.282965421676636,90.40841674804688,81.87954711914062
-0.165771484375,1.260498046875,0.013671875,-23.37646484375,36.07177734375,17.02880859375,2.7668581008911133,89.49374389648438,83.31744384765625
-0.411865234375,1.27490234375,-0.018310546875,-22.705078125,11.41357421875,31.31103515625,2.1179032325744633,88.641357421875,83.78577423095703
-0.200927734375,1.096435546875,-0.016357421875,-26.91650390625,-10.7421875,58.10546875,0.10110832750797273,87.66162109375,83.44945526123047
-0.128662109375,1.087646484375,-0.067626953125,-17.9443359375,-14.83154296875,43.76220703125,-1.403645396232605,87.16754913330078,82.92813873291016
-0.1015625,1.121826171875,-0.07861328125,-10.07080078125,-5.859375,40.34423828125,-2.761215686798096,87.02613067626953,82.76272583007812
-0.070556640625,1.142333984375,-0.0546875,-12.451171875,8.4228515625,38.26904296875,-4.064851760864259,86.57449340820312,83.4350357055664
-0.087890625,1.133056640625,-0.0341796875,-26.9775390625,30.09033203125,42.66357421875,-5.347816467285156,85.57691192626953,84.73383331298828
-0.124755859375,1.07373046875,-0.03125,-36.68212890625,38.818359375,39.36767578125,-6.306729316711426,84.16475677490234,86.39613342285156
-0.144287109375,1.0400390625,0.02490234375,-40.771484375,44.37255859375,37.90283203125,-7.0139360427856445,82.50947570800781,88.38056182861328
-0.14208984375,0.97216796875,0.029541015625,-28.076171875,47.119140625,33.14208984375,-7.465220928192139,81.33920288085938,90.41130828857422
-0.1318359375,1.006591796875,0.026611328125,-14.58740234375,40.52734375,26.55029296875,-7.681652545928955,80.7897720336914,92.15061950683594
-0.09521484375,1.06689453125,0.012939453125,-12.75634765625,34.48486328125,18.6767578125,-7.634883403778076,80.32164001464844,93.50851440429688
-0.083251953125,0.986328125,0.030029296875,-18.9208984375,25.5126953125,12.51220703125,-7.465424060821532,79.72168731689453,94.56441497802734
-0.125732421875,1.00732421875,0.0419921875,-19.04296875,4.33349609375,-0.30517578125,-6.8523311614990225,79.2378158569336,94.69084167480469
-0.070068359375,1.023681640625,0.024658203125,-13.61083984375,-2.13623046875,-4.94384765625,-6.251893043518066,79.17456817626953,94.47254943847656
-0.06689453125,1.009765625,0.01953125,0.0,-9.765625,-2.01416015625,-5.849497318267822,79.58792114257812,94.03108978271484
-0.065673828125,1.025634765625,0.004638671875,13.7939453125,-14.22119140625,-2.50244140625,-5.473424911499023,80.5846176147461,93.4129867553711
-0.04052734375,1.0927734375,-0.005859375,15.0146484375,-19.53125,-8.60595703125,-4.801711559295653,81.57159423828125,92.53023529052734
0.116943359375,1.13623046875,-0.0791015625,-1.64794921875,-59.14306640625,26.4892578125,-4.497553825378418,79.7344970703125,75.439208984375
0.12158203125,1.1005859375,-0.08349609375,-13.48876953125,-47.54638671875,27.4658203125,-5.980294704437256,79.90886688232422,73.7059326171875
0.1337890625,1.052490234375,-0.05517578125,-29.23583984375,-34.1796875,22.705078125,-7.053380012512207,79.05689239501953,72.59010314941406
0.1201171875,0.978515625,-0.0556640625,-45.41015625,-22.94921875,14.7705078125,-7.815629959106445,77.88835906982422,71.73247528076172
0.11572265625,0.91650390625,-0.0458984375,-27.52685546875,-16.4794921875,20.32470703125,-8.730189323425293,77.43294525146484,71.17530059814453
0.159423828125,0.944580078125,-0.0625,4.638671875,-10.8642578125,32.77587890625,-10.325746536254883,78.66206359863281,71.00102233886719
0.1533203125,1.048095703125,-0.06494140625,34.3017578125,-1.708984375,50.4150390625,-12.24488925933838,80.54969787597656,71.1937026977539
0.178466796875,1.0849609375,-0.044677734375,26.79443359375,1.03759765625,56.5185546875,-14.35719394683838,81.98751831054688,71.48407745361328
0.151611328125,1.058349609375,-0.03759765625,2.8076171875,5.2490234375,55.5419921875,-16.156259536743164,82.05552673339844,71.89769744873047
0.21337890625,1.0185546875,-0.05908203125,-23.0712890625,6.4697265625,44.37255859375,-17.708345413208008,81.41767120361328,72.30136108398438
0.24462890625,0.96630859375,-0.04150390625,-34.24072265625,15.2587890625,41.8701171875,-19.13251304626465,80.18871307373047,73.0797119140625
0.21337890625,0.89208984375,0.012939453125,-29.9072265625,17.2119140625,35.33935546875,-20.01556968688965,79.16132354736328,73.9053955078125
0.224609375,0.89404296875,0.004150390625,-14.16015625,16.05224609375,18.798828125,-20.406164169311523,78.72661590576172,74.58369445800781
0.23291015625,0.93212890625,0.0078125,-5.2490234375,14.46533203125,6.8359375,-20.320283889770508,78.71149444580078,75.0958023071289
0.240966796875,0.91845703125,-0.03759765625,-1.220703125,14.58740234375,-2.44140625,-19.806411743164066,79.06195068359375,75.51737213134766
0.261474609375,0.8701171875,-0.06298828125,7.26318359375,20.44677734375,-11.1083984375,-19.120384216308594,79.6837158203125,76.08580017089844
0.300048828125,0.885498046875,-0.096923828125,13.97705078125,30.029296875,-7.32421875,-18.63501739501953,80.48979949951172,77.0759506225586
0.237060546875,0.94091796875,-0.087646484375,10.986328125,45.654296875,-1.5869140625,-18.124244689941406,80.6507797241211,79.07382202148438
0.189697265625,0.959716796875,-0.0634765625,-3.96728515625,66.95556640625,3.5400390625,-17.567707061767578,80.15013885498047,81.71060943603516
0.087890625,0.9296875,-0.003173828125,-9.1552734375,72.20458984375,2.197265625,-16.679466247558597,79.30136108398438,84.57644653320312
0.07470703125,0.938720703125,0.0126953125,-12.8173828125,63.1103515625,0.42724609375,-15.861075401306152,78.43341827392578,86.8927993774414
0.112060546875,0.9560546875,-0.001220703125,-18.12744140625,49.8046875,11.5966796875,-15.556431770324707,77.59175109863281,88.88763427734375
0.11279296875,0.921630859375,0.036376953125,-18.06640625,47.54638671875,24.47509765625,-15.760684967041016,76.68698120117188,90.9267120361328
0.07568359375,0.94287109375,0.065185546875,-13.00048828125,39.97802734375,32.958984375,-16.300207138061527,76.11279296875,92.59017181396484
0.1015625,1.0185546875,0.0126953125,-15.0146484375,25.2685546875,39.24560546875,-17.171682357788086,75.6268539428711,93.85861206054688
0.139404296875,1.00439453125,0.032470703125,-28.076171875,22.94921875,45.71533203125,-18.349365234375,74.56853485107422,95.12627410888672
0.186767578125,0.934326171875,0.029541015625,-40.22216796875,25.45166015625,58.41064453125,-20.16403579711914,72.82408142089844,96.77964782714844
0.16015625,0.870849609375,0.0732421875,-40.4052734375,26.79443359375,70.1904296875,-22.127479553222656,70.97834777832031,98.61830139160156
0.20751953125,0.836181640625,0.091796875,-33.3251953125,20.8740234375,70.556640625,-24.188077926635746,69.41767883300781,100.30355834960938
0.24951171875,0.8427734375,0.103271484375,-32.53173828125,15.68603515625,70.9228515625,-26.353384017944336,67.87539672851561,101.83417510986328
0.275390625,0.788818359375,0.10888671875,-34.7900390625,13.7939453125,70.3125,-28.46303558349609,66.2352294921875,103.36875915527344
0.306884765625,0.76318359375,0.105224609375,-31.73828125,11.77978515625,65.3076171875,-30.40943717956543,64.76397705078125,104.7818832397461
0.34130859375,0.794189453125,0.088134765625,-25.45166015625,13.24462890625,56.640625,-31.89401817321777,63.66561508178711,106.05585479736328
0.373779296875,0.82861328125,0.0869140625,-26.0009765625,15.19775390625,51.20849609375,-33.20248031616211,62.53131866455078,107.34271240234376
0.376953125,0.826416015625,0.09375,-30.029296875,16.17431640625,53.8330078125,-34.51734161376953,61.14759826660156,108.75923919677734
0.35498046875,0.79833984375,0.1279296875,-32.65380859375,18.37158203125,54.87060546875,-35.65827560424805,59.44940567016602,110.39110565185548
0.352294921875,0.809326171875,0.146240234375,-33.14208984375,18.00537109375,51.7578125,-36.6324462890625,57.7759895324707,111.9572982788086
0.365478515625,0.827880859375,0.161376953125,-34.97314453125,17.578125,50.537109375,-37.50453567504883,56.03546142578125,113.50745391845705
0.418701171875,0.832275390625,0.15185546875,-39.55078125,17.9443359375,54.01611328125,-38.55830383300781,53.9620475769043,115.23766326904295
0.437255859375,0.81298828125,0.173828125,-49.37744140625,21.30126953125,57.9833984375,-39.56890487670898,51.34196472167969,117.25856018066406
0.432373046875,0.7578125,0.223876953125,-55.11474609375,25.93994140625,55.419921875,-40.26229476928711,48.25622940063477,119.52420043945312
0.41845703125,0.71875,0.280029296875,-51.94091796875,25.5126953125,49.6826171875,-40.61857223510742,45.5477294921875,121.57791137695312
0.4013671875,0.76953125,0.2861328125,-38.26904296875,19.4091796875,44.677734375,-40.864200592041016,43.54644393920898,123.25543212890624
0.443359375,0.806884765625,0.27392578125,-36.92626953125,14.6484375,48.583984375,-41.37520980834961,41.71360397338867,124.86087036132812
0.47021484375,0.794189453125,0.253662109375,-44.73876953125,12.939453125,53.466796875,-42.16256713867188,39.305362701416016,126.6638641357422
0.487548828125,0.74560546875,0.278564453125,-55.11474609375,11.474609375,56.45751953125,-42.94832229614258,36.52952194213867,128.57040405273438
0.486083984375,0.720703125,0.294189453125,-53.64990234375,10.498046875,52.3681640625,-43.57594680786133,33.91965484619141,130.31059265136722
0.480712890625,0.71337890625,0.319091796875,-52.79541015625,10.1318359375,47.30224609375,-44.008975982666016,31.550546646118164,131.7376708984375
0.515625,0.703857421875,0.310546875,-50.29296875,7.26318359375,44.12841796875,-44.486854553222656,29.41214942932129,133.02159118652344
0.52197265625,0.66943359375,0.350830078125,-46.38671875,7.14111328125,46.2646484375,-44.93639373779297,27.240631103515625,134.49824523925778
0.50927734375,0.69921875,0.343017578125,-43.88427734375,5.615234375,48.15673828125,-45.44939422607422,25.249046325683594,135.89068603515622
0.510986328125,0.748779296875,0.3515625,-54.26025390625,-0.18310546875,48.4619140625,-46.02892303466797,23.034748077392575,137.155517578125
0.536376953125,0.713623046875,0.36865234375,-66.95556640625,-5.0048828125,51.57470703125,-46.81007766723633,20.17278861999512,138.56527709960938
0.5595703125,0.61865234375,0.39599609375,-69.51904296875,-6.4697265625,53.5888671875,-47.62231063842773,17.000408172607422,140.20310974121094
0.588134765625,0.582763671875,0.415283203125,-58.4716796875,-6.89697265625,48.095703125,-48.35286331176758,14.290714263916016,141.67623901367188
0.569091796875,0.582275390625,0.434326171875,-48.03466796875,-7.01904296875,42.8466796875,-48.91082382202149,12.257204055786133,142.82371520996094
0.654296875,0.578125,0.434814453125,-36.9873046875,-5.859375,40.0390625,-49.4688949584961,10.845210075378418,143.87132263183594
0.6201171875,0.58349609375,0.455078125,-25.0244140625,-2.50244140625,36.4990234375,-49.7754135131836,9.946203231811523,144.71054077148438
0.636962890625,0.583984375,0.439208984375,-17.02880859375,-0.244140625,31.3720703125,-49.99593734741211,9.613168716430664,145.23562622070312
0.616455078125,0.66162109375,0.451904296875,-13.5498046875,1.15966796875,28.3203125,-50.093177795410156,9.723950386047363,145.35337829589844
0.629150390625,0.67529296875,0.451171875,-30.94482421875,-3.96728515625,28.62548828125,-50.37255859375,9.201899528503418,145.50497436523438
0.662353515625,0.6201171875,0.443115234375,-47.91259765625,-8.97216796875,32.40966796875,-50.9336929321289,7.711830615997314,145.95809936523438
0.66943359375,0.5595703125,0.45361328125,-53.40576171875,-9.3994140625,33.50830078125,-51.51090621948242,5.7930965423583975,146.57583618164062
0.6826171875,0.5263671875,0.48486328125,-48.828125,-8.1787109375,28.564453125,-51.943763732910156,4.200533866882323,146.98330688476562
0.662841796875,0.5517578125,0.481201171875,-40.22216796875,-7.9345703125,23.01025390625,-52.30855941772461,3.3743300437927246,146.9152374267578
0.71533203125,0.598388671875,0.49365234375,-40.8935546875,-10.55908203125,24.47509765625,-52.8368034362793,2.33262038230896,146.9868621826172
0.72412109375,0.595947265625,0.490234375,-54.87060546875,-9.09423828125,29.4189453125,-53.287376403808594,0.6538521647453308,147.27960205078125
0.716796875,0.53271484375,0.507568359375,-60.60791015625,-5.31005859375,30.09033203125,-53.52933120727539,-1.4258933067321775,147.7252197265625
0.680908203125,0.50634765625,0.512451171875,-56.94580078125,-3.41796875,28.9306640625,-53.61384582519531,-3.148940086364746,148.05213928222656
0.68603515625,0.530029296875,0.52099609375,-48.33984375,-5.2490234375,29.35791015625,-53.767578125,-4.568761348724365,148.33956909179688
0.692138671875,0.518798828125,0.508544921875,-47.7294921875,-8.6669921875,32.77587890625,-54.06342697143555,-6.160305500030518,148.87294006347656
0.71435546875,0.46923828125,0.499755859375,-50.10986328125,-10.498046875,35.888671875,-54.40669631958008,-8.199751853942871,149.7579345703125
0.69921875,0.43994140625,0.52880859375,-53.64990234375,-10.498046875,36.9873046875,-54.65791702270508,-10.44117259979248,150.72775268554688
0.70947265625,0.416015625,0.51513671875,-55.6640625,-11.41357421875,35.21728515625,-54.96088027954102,-12.703639030456545,151.6121826171875
0.721923828125,0.3701171875,0.52734375,-54.13818359375,-11.29150390625,32.958984375,-55.19927597045898,-14.753194808959961,152.3339080810547
0.7275390625,0.34716796875,0.5244140625,-48.4619140625,-9.21630859375,27.89306640625,-55.41919708251953,-16.427091598510742,152.78775024414062
0.727294921875,0.346435546875,0.52978515625,-42.6025390625,-8.1787109375,22.88818359375,-55.63375854492188,-17.524608612060547,152.83734130859375
0.735107421875,0.3671875,0.522705078125,-39.48974609375,-7.4462890625,19.71435546875,-55.873329162597656,-18.21878433227539,152.59068298339844
0.72998046875,0.37646484375,0.517333984375,-40.71044921875,-6.4697265625,20.69091796875,-56.079627990722656,-18.94331169128418,152.32395935058594
0.742919921875,0.37060546875,0.527099609375,-42.29736328125,-4.57763671875,22.4609375,-56.17932891845703,-19.81023979187012,152.1418914794922
0.75244140625,0.29150390625,0.558837890625,-41.44287109375,-3.47900390625,22.88818359375,-56.15612411499024,-20.785982131958008,152.13067626953125
0.742431640625,0.291259765625,0.55322265625,-31.92138671875,-6.591796875,19.1650390625,-56.27824020385742,-21.285137176513672,151.93031311035156
0.773193359375,0.313720703125,0.55029296875,-28.076171875,-7.01904296875,15.56396484375,-56.518798828125,-21.39630889892578,151.4597625732422
0.76708984375,0.3212890625,0.552734375,-27.03857421875,-4.69970703125,12.451171875,-56.67483520507813,-21.266794204711914,150.71566772460938
0.767822265625,0.318359375,0.546142578125,-28.564453125,-5.4931640625,14.2822265625,-56.86857223510742,-21.262439727783203,150.08499145507812
0.762939453125,0.331298828125,0.55322265625,-30.3955078125,-5.7373046875,17.08984375,-57.01420593261719,-21.443042755126953,149.6038055419922
0.77490234375,0.30615234375,0.557861328125,-31.005859375,-4.2724609375,18.12744140625,-57.03836059570313,-21.80363273620605,149.2791290283203
0.761962890625,0.29833984375,0.5615234375,-27.40478515625,-3.5400390625,18.61572265625,-57.03924942016602,-21.986278533935547,148.90908813476562
0.763427734375,0.3125,0.560791015625,-27.099609375,-4.39453125,18.5546875,-57.08532333374024,-22.1230583190918,148.5160369873047
0.772705078125,0.287841796875,0.568603515625,-29.47998046875,-4.57763671875,19.83642578125,-57.07127380371094,-22.523128509521484,148.26397705078125
0.76171875,0.264404296875,0.581787109375,-28.74755859375,-5.615234375,20.263671875,-57.06290054321289,-22.98114585876465,148.13047790527344
0.784912109375,0.257080078125,0.560302734375,-26.55029296875,-7.26318359375,20.69091796875,-57.16826248168945,-23.471858978271484,148.12142944335938
0.795166015625,0.234130859375,0.557861328125,-25.146484375,-8.1787109375,20.32470703125,-57.31435012817383,-24.043487548828125,148.18553161621094
0.7939453125,0.23388671875,0.578857421875,-28.076171875,-3.5400390625,17.578125,-57.28666687011719,-24.365427017211914,147.88218688964844
0.77001953125,0.225830078125,0.597412109375,-28.564453125,-1.5869140625,15.68603515625,-57.1556396484375,-24.51909255981445,147.36480712890625
0.771240234375,0.201904296875,0.597412109375,-26.9775390625,-2.685546875,15.9912109375,-57.055908203125,-24.69759559631348,146.9794158935547
0.771240234375,0.199462890625,0.58984375,-20.01953125,-5.31005859375,15.31982421875,-57.0681037902832,-24.67438125610352,146.63095092773438
0.766845703125,0.200927734375,0.5859375,-18.98193359375,-8.30078125,13.7939453125,-57.21538162231445,-24.59233093261719,146.26499938964844
0.7919921875,0.19140625,0.567138671875,-19.47021484375,-7.6904296875,11.5966796875,-57.42805862426758,-24.40107536315918,145.71499633789062
0.786376953125,0.173583984375,0.5703125,-15.56396484375,-4.638671875,7.080078125,-57.56720352172852,-23.84162139892578,144.88906860351562
0.800537109375,0.186767578125,0.573486328125,-10.19287109375,-3.11279296875,4.21142578125,-57.70551681518555,-22.84568214416504,143.8014373779297
0.78564453125,0.178955078125,0.586669921875,-9.82666015625,-0.67138671875,4.5166015625,-57.68423461914063,-21.824562072753906,142.68502807617188
0.78466796875,0.18017578125,0.590087890625,-10.3759765625,-1.77001953125,4.0283203125,-57.69941711425781,-20.852739334106445,141.5949249267578
0.8193359375,0.17431640625,0.5869140625,-10.07080078125,-0.9765625,1.953125,-57.74566268920898,-19.826276779174805,140.42118835449222
0.77001953125,0.1982421875,0.578125,-9.1552734375,1.03759765625,0.91552734375,-57.71772003173828,-18.46470642089844,138.95677185058594
0.780517578125,0.209716796875,0.591552734375,-7.4462890625,1.220703125,-1.8310546875,-57.66588592529297,-16.971351623535153,137.3824462890625
0.787109375,0.226806640625,0.614990234375,-5.43212890625,0.9765625,-0.48828125,-57.56494522094727,-15.483461380004885,135.91114807128906
0.787109375,0.212890625,0.625244140625,-9.033203125,-0.6103515625,2.25830078125,-57.47847366333008,-14.529166221618652,134.82513427734378
0.78173828125,0.21630859375,0.587158203125,-13.73291015625,-2.44140625,5.43212890625,-57.46960067749024,-13.927220344543455,133.97099304199222
0.783447265625,0.19287109375,0.61083984375,-14.5263671875,-4.638671875,7.2021484375,-57.47375869750977,-13.607559204101562,133.37835693359378
0.78564453125,0.1943359375,0.6171875,-13.916015625,-5.79833984375,6.8359375,-57.51161193847656,-13.276937484741213,132.8017578125
0.77734375,0.191162109375,0.615478515625,-13.427734375,-4.69970703125,5.79833984375,-57.508689880371094,-12.851492881774902,132.12623596191406
0.78759765625,0.184326171875,0.608642578125,-12.939453125,-5.0048828125,4.21142578125,-57.55077743530274,-12.366060256958008,131.38420104980472
0.79296875,0.17578125,0.617431640625,-11.5966796875,-4.94384765625,5.06591796875,-57.56326293945313,-11.912343978881836,130.77581787109378
0.7998046875,0.18408203125,0.607177734375,-11.23046875,-5.126953125,6.89697265625,-57.59836196899414,-11.573171615600586,130.27073669433594
0.77880859375,0.174072265625,0.59716796875,-12.87841796875,-4.45556640625,8.85009765625,-57.57682800292969,-11.445760726928713,129.92723083496094
0.774169921875,0.170654296875,0.59130859375,-13.48876953125,-3.90625,7.62939453125,-57.541358947753906,-11.197463035583496,129.412109375
0.766357421875,0.1611328125,0.595458984375,-11.474609375,-2.44140625,2.86865234375,-57.46891784667969,-10.675031661987305,128.6468505859375
0.78955078125,0.1474609375,0.600341796875,-7.6904296875,-1.3427734375,-1.03759765625,-57.39613723754883,-9.84540557861328,127.66262817382812
0.78369140625,0.166259765625,0.59814453125,-6.04248046875,-1.953125,-1.52587890625,-57.34397506713867,-8.914207458496094,126.68540954589844
0.78076171875,0.1669921875,0.595703125,-6.04248046875,-2.3193359375,2.25830078125,-57.28274917602539,-8.22223949432373,125.94703674316406
0.767822265625,0.161865234375,0.608154296875,-5.79833984375,-2.38037109375,4.2724609375,-57.16994857788086,-7.6860084533691415,125.39236450195312
0.75634765625,0.140380859375,0.585693359375,-5.615234375,-3.11279296875,1.8310546875,-57.12409591674805,-6.9950218200683585,124.63905334472656
0.756103515625,0.1689453125,0.5986328125,-3.47900390625,-2.5634765625,-6.16455078125,-57.06573867797852,-5.738463401794434,123.33006286621094
0.771728515625,0.151611328125,0.60400390625,-0.18310546875,-2.44140625,-11.1083984375,-57.01351928710938,-4.180760860443115,121.7698211669922
0.800537109375,0.189697265625,0.57275390625,4.45556640625,-3.23486328125,-11.41357421875,-57.08942413330078,-2.3489584922790527,120.16281127929688
0.805419921875,0.166015625,0.564453125,5.92041015625,-1.89208984375,-9.1552734375,-57.08324432373047,-0.7537379264831543,118.81340026855469
0.809814453125,0.180419921875,0.5615234375,6.4697265625,1.40380859375,-9.3994140625,-56.93865585327149,0.8691613078117371,117.45269012451172
0.780517578125,0.167236328125,0.578857421875,9.58251953125,4.94384765625,-13.97705078125,-56.50663757324219,2.866665363311768,115.7688980102539
0.7705078125,0.197265625,0.60009765625,13.24462890625,8.1787109375,-21.05712890625,-55.91254425048828,5.298829078674316,113.71914672851562
0.7705078125,0.200439453125,0.580810546875,17.4560546875,9.58251953125,-25.32958984375,-55.25237274169922,7.992488384246826,111.51441192626952
0.7666015625,0.218994140625,0.57421875,21.8505859375,13.73291015625,-28.13720703125,-54.32461166381836,10.905290603637695,109.28167724609376
0.7431640625,0.238525390625,0.569091796875,24.90234375,18.98193359375,-30.82275390625,-53.17108154296875,13.816591262817385,107.10750579833984
0.728515625,0.24072265625,0.58642578125,24.96337890625,20.3857421875,-35.888671875,-51.84288787841797,16.69247817993164,104.8949966430664
0.717041015625,0.276123046875,0.6005859375,21.42333984375,20.8740234375,-38.0859375,-50.39077758789063,19.30307388305664,102.76679229736328
0.719482421875,0.265380859375,0.600830078125,20.8740234375,20.56884765625,-31.982421875,-49.060218811035156,21.39214515686035,101.2146453857422
0.73193359375,0.265869140625,0.619384765625,32.89794921875,23.3154296875,-30.76171875,-47.65485382080078,23.64513397216797,99.9927978515625
0.677001953125,0.32421875,0.585693359375,43.0908203125,26.3671875,-34.0576171875,-45.96681594848633,26.509992599487305,98.68376922607422
0.661376953125,0.36572265625,0.57275390625,48.15673828125,27.587890625,-38.330078125,-44.20404052734375,29.49959754943848,97.33537292480469
0.65673828125,0.38232421875,0.596923828125,45.83740234375,27.28271484375,-39.794921875,-42.3937873840332,32.20129776000977,96.15052795410156
0.6416015625,0.36181640625,0.595458984375,42.8466796875,26.0009765625,-38.330078125,-40.7485580444336,34.503002166748054,95.22127532958984
0.662353515625,0.365234375,0.599365234375,44.73876953125,21.97265625,-36.80419921875,-39.27886199951172,36.7339096069336,94.41352081298828
0.656982421875,0.3408203125,0.583251953125,53.1005859375,21.1181640625,-35.7666015625,-37.934120178222656,39.09577560424805,93.78907775878906
0.63671875,0.366943359375,0.5625,62.31689453125,25.20751953125,-36.31591796875,-36.382057189941406,41.80032348632813,93.35189056396484
0.593994140625,0.404541015625,0.571533203125,69.2138671875,31.43310546875,-41.3818359375,-34.49874496459961,44.55588912963867,93.08041381835938
0.560791015625,0.391357421875,0.552734375,73.18115234375,32.77587890625,-45.95947265625,-32.48818588256836,47.34968185424805,92.87948608398438
0.572021484375,0.45703125,0.53076171875,78.18603515625,34.912109375,-53.28369140625,-30.17189598083496,50.51787948608398,92.55026245117188
0.57275390625,0.486083984375,0.514892578125,79.04052734375,36.865234375,-57.4951171875,-27.81454658508301,53.550758361816406,92.39578247070312
0.51904296875,0.44970703125,0.52783203125,83.251953125,36.376953125,-55.23681640625,-25.558609008789066,56.43975448608398,92.53417205810548
0.475341796875,0.453125,0.510009765625,97.0458984375,35.2783203125,-52.3681640625,-23.52261734008789,59.85832214355469,92.87506866455078
0.460693359375,0.5,0.480712890625,106.62841796875,36.07177734375,-48.64501953125,-21.55669593811035,63.47533798217773,93.44635009765624
0.43505859375,0.526123046875,0.456787109375,103.515625,37.04833984375,-49.74365234375,-19.57546615600586,66.89369964599611,94.18186950683594
0.3896484375,0.497802734375,0.4306640625,98.7548828125,36.68212890625,-50.29296875,-17.66653823852539,69.95697021484375,95.04104614257812
0.3623046875,0.487548828125,0.422607421875,98.57177734375,33.26416015625,-46.56982421875,-15.989646911621096,72.94259643554688,95.9648666381836
0.38916015625,0.537109375,0.366943359375,98.6328125,34.48486328125,-47.119140625,-14.426534652709961,76.04708862304688,96.98268127441406
0.396728515625,0.56689453125,0.36328125,94.7265625,42.236328125,-45.2880859375,-13.013556480407715,78.77274322509766,98.57553100585938
0.36279296875,0.55859375,0.39404296875,90.39306640625,52.18505859375,-30.45654296875,-12.08885383605957,81.12589263916016,100.649658203125
0.214599609375,0.582275390625,0.3486328125,91.796875,51.025390625,-5.92041015625,-11.842195510864258,83.52468872070312,102.86006927490234
0.22119140625,0.634765625,0.31884765625,92.71240234375,38.4521484375,14.70947265625,-12.58181095123291,86.12194061279297,104.474609375
0.13037109375,0.713623046875,0.2724609375,87.34130859375,20.263671875,5.31005859375,-12.668537139892578,88.74073028564453,105.46592712402344
0.1328125,0.678466796875,0.27294921875,85.9375,4.8828125,-15.07568359375,-12.008831024169922,91.30899810791016,105.85108184814452
0.091552734375,0.724609375,0.23388671875,94.23828125,-18.6767578125,-42.66357421875,-10.097055435180664,94.4332275390625,105.3500747680664
0.1767578125,0.745849609375,0.17431640625,96.0693359375,-38.330078125,-55.2978515625,-7.875173091888428,97.7868194580078,104.17240142822266
0.230712890625,0.8310546875,0.1328125,91.00341796875,-49.4384765625,-62.80517578125,-5.390223503112793,100.95113372802734,102.71298217773438
0.250732421875,0.925048828125,0.067138671875,79.7119140625,-51.69677734375,-64.208984375,-2.83447813987732,103.49620819091795,101.27204132080078
0.26806640625,0.978759765625,0.02685546875,60.60791015625,-51.513671875,-57.55615234375,-0.592066764831543,105.37811279296876,99.88201904296876
0.214599609375,0.98876953125,0.017822265625,40.4052734375,-52.24609375,-47.42431640625,1.3397437334060671,106.34114074707031,98.40255737304688
0.18603515625,0.88623046875,0.008544921875,24.7802734375,-58.59375,-46.69189453125,3.2744824886322017,106.5987319946289,96.67639923095705
0.207763671875,0.854248046875,0.00830078125,31.494140625,-62.5,-53.3447265625,5.378621578216553,107.05379486083984,94.86663055419922
0.177001953125,0.94384765625,-0.0302734375,34.7900390625,-65.5517578125,-57.373046875,7.726454257965088,107.62946319580078,92.98794555664062
0.27978515625,0.944580078125,-0.039794921875,28.4423828125,-62.31689453125,-55.17578125,9.66158390045166,107.9121551513672,91.19831848144531
0.21435546875,0.939697265625,-0.03076171875,30.94482421875,-47.18017578125,-43.9453125,11.058433532714844,108.28272247314452,89.82986450195312
0.21630859375,0.97509765625,-0.056640625,36.07177734375,-36.80419921875,-39.1845703125,12.11552906036377,108.940673828125,88.80486297607422
0.220947265625,1.079345703125,-0.075927734375,25.0244140625,-32.2265625,-36.376953125,13.009016036987305,109.17122650146484,87.92303466796875
0.16552734375,1.04248046875,-0.0771484375,5.67626953125,-32.3486328125,-27.34375,13.622357368469238,108.5801773071289,86.90223693847656
0.105712890625,0.962890625,-0.047119140625,1.0986328125,-26.91650390625,-20.69091796875,13.988118171691895,107.78694915771484,85.97303009033203
0.14599609375,0.91455078125,-0.06103515625,13.0615234375,-24.5361328125,-24.2919921875,14.333237648010256,107.57180786132812,85.18189239501953
0.114501953125,1.010498046875,-0.083984375,19.10400390625,-33.87451171875,-26.4892578125,14.95605182647705,107.54647064208984,84.05169677734375
0.1416015625,1.078125,-0.09130859375,12.14599609375,-33.87451171875,-5.7373046875,14.725666046142578,107.1772689819336,82.65499114990234
0.211181640625,1.025390625,-0.045166015625,-15.56396484375,-9.58251953125,42.54150390625,12.216222763061525,105.75624084472656,81.6398696899414
0.0615234375,1.10888671875,-0.078125,-26.9775390625,-0.9765625,30.517578125,10.456003189086914,104.119140625,81.18367767333984
0.0751953125,1.260498046875,-0.094482421875,-40.71044921875,-16.29638671875,0.6103515625,10.040274620056152,101.96498107910156,80.47069549560547
0.196044921875,1.15966796875,-0.078369140625,-65.185546875,-13.671875,13.18359375,8.862719535827637,98.91788482666016,79.79167175292969
0.1943359375,0.9169921875,-0.026611328125,-65.0634765625,1.64794921875,29.6630859375,6.87460994720459,96.00586700439452,79.67527770996094
0.09716796875,0.6884765625,0.0380859375,-40.22216796875,8.97216796875,13.0615234375,5.740843772888184,94.0549087524414,79.95357513427734
0.0224609375,0.911376953125,0.036376953125,12.87841796875,-4.39453125,-36.2548828125,6.912571430206299,94.29326629638672,79.86172485351562
0.0810546875,1.250732421875,-0.018310546875,13.73291015625,-20.6298828125,-54.8095703125,8.737427711486816,94.59882354736328,79.19234466552734
0.080810546875,1.341064453125,-0.010986328125,-20.751953125,-28.62548828125,-43.9453125,10.087631225585938,93.41829681396484,78.14447021484375
0.05126953125,1.145751953125,-0.024169921875,-66.83349609375,-27.77099609375,-28.13720703125,10.749869346618652,90.44497680664062,77.05498504638672
-0.06591796875,1.1875,0.02783203125,-14.34326171875,-6.4697265625,-11.474609375,14.645909309387207,83.99534606933594,67.66858673095703
-0.075927734375,1.14306640625,0.02978515625,-15.07568359375,-7.75146484375,-13.427734375,14.71713161468506,83.46625518798828,67.33753204345703
-0.103759765625,1.145751953125,0.062744140625,0.1220703125,-18.310546875,-14.46533203125,14.830524444580078,83.38489532470703,66.55115509033203
-0.082275390625,1.196044921875,0.042236328125,6.77490234375,-28.3203125,-10.68115234375,14.698609352111815,83.51803588867188,65.38300323486328
-0.053466796875,1.170166015625,0.01416015625,1.708984375,-34.3017578125,-7.9345703125,14.38719081878662,83.44429779052734,63.99616241455078
-0.056640625,1.108154296875,-0.004150390625,-4.638671875,-37.2314453125,-8.60595703125,14.109415054321287,83.13394165039062,62.497032165527344
-0.048583984375,1.109375,-0.0146484375,-10.80322265625,-32.71484375,-8.36181640625,13.828922271728516,82.6644287109375,61.19258117675781
-0.049560546875,1.078369140625,-0.02197265625,-18.49365234375,-22.52197265625,-9.521484375,13.650983810424805,82.02595520019531,60.30549621582031
-0.112548828125,1.03076171875,-0.00927734375,-13.73291015625,-15.68603515625,-8.23974609375,13.599679946899414,81.6438217163086,59.698890686035156
-0.1201171875,1.046142578125,-0.017578125,-9.21630859375,-15.2587890625,-8.11767578125,13.558294296264648,81.47987365722656,59.11628723144531
-0.12939453125,1.0400390625,0.003173828125,-12.02392578125,-14.22119140625,-11.23046875,13.664775848388672,81.16895294189453,58.54661560058594
-0.118896484375,1.065673828125,-0.019775390625,-16.11328125,-14.7705078125,-15.2587890625,13.89200496673584,80.74380493164062,57.942298889160156
-0.173583984375,1.292236328125,0.03955078125,34.60693359375,-4.08935546875,33.26416015625,8.286852836608888,83.06651306152344,58.145179748535156
0.034912109375,1.0,-0.011474609375,-13.73291015625,0.1220703125,31.982421875,6.617743492126465,82.82704162597656,58.34806823730469
-0.05029296875,0.923095703125,-0.035888671875,-30.1513671875,-2.86865234375,16.54052734375,5.812912940979004,81.97794342041016,58.36241149902344
-0.06494140625,0.92626953125,-0.0185546875,-20.56884765625,-7.01904296875,19.34814453125,4.9404873847961435,81.48907470703125,58.22842407226562
-0.1416015625,0.953125,-0.016357421875,-13.61083984375,-12.8173828125,24.5361328125,4.038950443267821,81.27434539794922,57.89418029785156
-0.079345703125,0.986328125,-0.0029296875,-11.65771484375,-15.07568359375,35.09521484375,2.5892326831817627,81.12273406982422,57.53118133544922
0.03076171875,0.992919921875,0.01806640625,-6.40869140625,-4.7607421875,-1.46484375,0.2667853534221649,80.63746643066406,56.34573364257813
0.05126953125,0.9697265625,0.050048828125,-7.080078125,-4.0283203125,-2.3193359375,0.20210838317871094,80.59245300292969,56.17344665527344
0.07861328125,1.015380859375,0.011962890625,-8.72802734375,12.39013671875,3.11279296875,-0.0245676226913929,80.57432556152344,56.684425354003906
-0.109375,1.008544921875,0.006103515625,-8.6669921875,14.22119140625,2.74658203125,0.2043374925851822,80.57133483886719,57.26254272460938
-0.1728515625,1.015869140625,-0.005126953125,-9.765625,-1.40380859375,5.79833984375,0.3406794965267181,80.54547119140625,57.24437713623047
-0.05517578125,1.017822265625,-0.017333984375,-10.31494140625,-5.2490234375,7.080078125,0.13809098303318024,80.52952575683594,57.08477783203125
