-0.0166015625,0.9912109375,-0.0595703125,-9.33837890625,-4.82177734375,2.0751953125,-1.6459302902221682,83.63290405273438,-176.6453399658203
-0.02880859375,0.99169921875,-0.039306640625,-8.85009765625,-4.33349609375,2.8076171875,-1.6451733112335205,83.61066436767578,-176.81553649902344
-0.0234375,1.003173828125,-0.055908203125,-8.60595703125,-4.57763671875,2.25830078125,-1.6367799043655396,83.63570404052734,-176.998779296875
-0.002685546875,0.998291015625,-0.057373046875,-7.99560546875,-4.21142578125,2.13623046875,-1.8582510948181152,83.54828643798828,-183.9053649902344
-0.034423828125,0.984375,-0.051513671875,-8.36181640625,-4.33349609375,1.89208984375,-1.7998385429382324,83.57804870605469,-184.08169555664062
-0.017822265625,0.9931640625,-0.04833984375,-8.60595703125,-4.2724609375,2.197265625,-1.7939668893814087,83.58860778808594,-184.25352478027344
-0.019775390625,0.989013671875,-0.05078125,-7.62939453125,-4.82177734375,2.0751953125,-1.7720888853073118,83.67205810546875,-184.9906311035156
-0.023681640625,1.004150390625,-0.060546875,-9.033203125,-4.8828125,2.62451171875,-1.7739096879959106,83.6885986328125,-185.18565368652344
-0.012451171875,0.97900390625,-0.04931640625,-8.97216796875,-4.57763671875,2.5634765625,-1.7964272499084473,83.684326171875,-185.36805725097656
-0.01123046875,0.989501953125,-0.048583984375,-8.97216796875,-5.06591796875,2.44140625,-1.8184010982513428,83.67805480957031,-185.5704498291016
-0.023681640625,0.994140625,-0.048583984375,-8.30078125,-4.57763671875,2.25830078125,-1.8018977642059328,83.69770812988281,-185.75440979003903
-0.01708984375,0.994384765625,-0.055419921875,-8.60595703125,-4.638671875,2.3193359375,-1.8037731647491453,83.71987915039062,-185.9408721923828
-0.0361328125,0.97802734375,-0.056396484375,-8.23974609375,-5.126953125,2.44140625,-1.82603657245636,83.79948425292969,-187.92059326171875
-0.07470703125,0.988525390625,-0.046630859375,-9.33837890625,-9.3994140625,3.173828125,-1.7486246824264526,83.77404022216797,-188.2929992675781
-0.1181640625,0.986572265625,-0.0654296875,-9.33837890625,-18.00537109375,3.7841796875,-1.636396050453186,83.80024719238281,170.99366760253906
-0.16259765625,1.00537109375,-0.11083984375,-9.70458984375,-35.7666015625,5.0048828125,-1.5588886737823486,83.9238510131836,169.57643127441406
-0.07373046875,0.969482421875,-0.091796875,-8.48388671875,-55.84716796875,6.53076171875,-1.8108316659927368,84.08696746826172,167.3673095703125
0.046630859375,0.998291015625,-0.1279296875,-10.1318359375,-53.89404296875,6.4697265625,-2.313272476196289,84.26425170898438,165.23023986816406
0.052978515625,1.037353515625,-0.1171875,-11.53564453125,-43.3349609375,6.40869140625,-2.758375883102417,84.34477996826172,163.50904846191406
0.000732421875,0.884765625,-0.12744140625,-5.67626953125,-37.29248046875,5.18798828125,-2.995922565460205,84.72376251220703,162.01524353027344
0.15869140625,0.86376953125,-0.16455078125,-14.892578125,7.6904296875,2.62451171875,-3.3634986877441406,84.71826934814453,162.30055236816406
-0.1123046875,0.93408203125,-0.16064453125,1.5869140625,39.6728515625,-4.39453125,-2.660563707351685,85.2728042602539,163.83595275878906
-0.249755859375,0.72021484375,0.093017578125,-7.4462890625,14.58740234375,0.0,-1.7741775512695312,84.83922576904297,164.41712951660156
-0.06982421875,0.96875,-0.11572265625,-9.09423828125,-4.21142578125,2.74658203125,-1.6666152477264404,84.93712615966797,164.2438507080078
-0.0126953125,1.116455078125,-0.0576171875,-12.20703125,-11.962890625,15.869140625,-2.202982187271118,84.5754623413086,163.11293029785156
0.038818359375,1.02197265625,-0.08251953125,-15.5029296875,-20.32470703125,37.53662109375,-3.767704486846924,84.37303924560547,162.42738342285156
0.02490234375,1.499755859375,-0.109130859375,-19.59228515625,-35.94970703125,48.2177734375,-5.70987606048584,84.06610107421875,161.1546173095703
0.0205078125,1.505615234375,-0.10693359375,-25.93994140625,-61.09619140625,14.58740234375,-6.347593307495117,83.66249084472656,158.7318878173828
0.06103515625,1.399658203125,-0.091796875,-12.20703125,-61.8896484375,-19.71435546875,-5.676337718963622,83.82975769042969,156.13003540039062
0.1015625,1.37646484375,-0.066650390625,24.47509765625,-52.42919921875,-21.54541015625,-4.954408645629883,85.35063934326172,153.92105102539062
0.06884765625,1.431640625,-0.060546875,39.12353515625,-54.38232421875,-5.31005859375,-4.786293983459473,87.36791229248047,151.70767211914062
0.03173828125,1.432861328125,-0.061767578125,37.841796875,-58.349609375,6.65283203125,-4.971920967102051,89.26844024658203,149.35955810546875
-0.031005859375,1.41162109375,-0.0556640625,20.263671875,-75.5615234375,-10.3759765625,-4.308586120605469,90.42901611328124,146.32089233398438
0.033203125,1.30810546875,-0.02001953125,7.4462890625,-84.89990234375,-33.50830078125,-2.807342529296875,90.94005584716795,142.94052124023438
0.075439453125,1.4833984375,-0.010498046875,2.44140625,-71.71630859375,-32.04345703125,-1.4732792377471924,91.10772705078124,140.10035705566406
0.054443359375,1.14892578125,-0.046630859375,-8.056640625,-72.509765625,-35.64453125,-0.042313963174819946,90.85658264160156,137.22984313964844
-0.06640625,1.09130859375,-0.099853515625,11.8408203125,-65.00244140625,-34.85107421875,1.5469214916229248,91.45476531982422,134.6639404296875
-0.031005859375,1.08251953125,-0.134765625,24.4140625,-73.66943359375,-21.3623046875,2.513296365737915,92.5369110107422,131.75668334960938
-0.005859375,1.171875,-0.087890625,10.31494140625,-92.041015625,-9.765625,2.9974985122680664,92.82723999023438,128.09878540039062
-0.0703125,1.116943359375,-0.060302734375,-14.0380859375,-99.853515625,-23.74267578125,4.1479477882385245,92.01304626464844,124.14569091796876
-0.073974609375,1.03125,-0.036865234375,-33.38623046875,-103.02734375,-35.7666015625,5.667954921722412,90.31085968017578,120.04588317871094
-0.052734375,0.983642578125,-0.02001953125,-44.37255859375,-96.25244140625,-28.13720703125,6.646742343902588,88.13675689697266,116.16824340820312
-0.08984375,0.900390625,-0.017333984375,-46.0205078125,-87.5244140625,-17.08984375,7.121633052825928,85.97167205810547,112.62703704833984
-0.116943359375,0.908203125,-0.083984375,-45.71533203125,-86.5478515625,-14.16015625,7.406350612640381,84.05044555664062,109.1466064453125
-0.098876953125,0.920166015625,-0.066650390625,-45.8984375,-99.609375,-26.0009765625,7.921463012695312,82.05059814453125,105.08353424072266
-0.07861328125,0.8837890625,-0.02587890625,-38.02490234375,-96.61865234375,-26.3671875,8.274791717529299,80.33121490478516,101.11884307861328
-0.1337890625,0.8564453125,0.008544921875,-24.90234375,-83.0078125,-16.7236328125,8.380843162536621,79.18336486816406,97.74689483642578
-0.15380859375,0.8994140625,-0.009521484375,-7.38525390625,-71.6552734375,-6.8359375,8.172737121582031,78.90508270263672,94.91358184814452
-0.180419921875,0.924072265625,-0.005615234375,-5.126953125,-71.96044921875,-16.17431640625,8.37708854675293,78.70368957519531,91.99532318115234
-0.17822265625,0.85888671875,0.015869140625,-5.06591796875,-70.3125,-23.0712890625,8.869389533996582,78.4403305053711,89.07949829101562
-0.175048828125,0.972900390625,-0.00390625,-11.474609375,-68.29833984375,-29.11376953125,9.516976356506348,77.9578857421875,86.2007064819336
-0.169921875,1.018310546875,0.046875,-23.62060546875,-68.29833984375,-28.9306640625,10.06058406829834,76.86669921875,83.3007583618164
-0.15673828125,0.857177734375,0.0107421875,-30.517578125,-66.71142578125,-15.380859375,10.05324649810791,75.63465118408203,80.60298919677734
-0.2333984375,0.87158203125,0.010986328125,-25.634765625,-53.40576171875,-10.009765625,10.107110977172852,74.73651123046875,78.48860168457031
-0.29248046875,0.874267578125,0.066162109375,-23.8037109375,-54.8095703125,-15.93017578125,10.46833610534668,73.77157592773438,76.23542022705078
-0.251953125,0.838134765625,0.090087890625,-21.54541015625,-54.13818359375,-23.5595703125,11.004659652709961,72.83914184570312,73.91526794433594
-0.20361328125,0.8173828125,0.056396484375,-15.56396484375,-43.212890625,-28.62548828125,11.710428237915039,72.3165054321289,71.98037719726562
-0.2138671875,0.89111328125,0.0859375,-17.76123046875,-36.68212890625,-29.6630859375,12.46570110321045,71.69192504882812,70.27443695068361
-0.250732421875,0.886962890625,0.11962890625,-29.4189453125,-46.81396484375,19.83642578125,11.252163887023926,70.59603881835938,68.80605316162111
-0.152099609375,0.86376953125,0.09228515625,-52.490234375,-52.06298828125,60.791015625,8.222760200500487,68.81752014160156,67.77128601074219
-0.201904296875,0.84765625,0.074951171875,-71.71630859375,-58.16650390625,68.7255859375,5.02707576751709,66.42924499511719,66.7305908203125
-0.179931640625,0.8056640625,0.104736328125,-83.3740234375,-54.99267578125,69.27490234375,1.9050450325012207,63.6546516418457,65.93906402587889
0.024169921875,0.77001953125,0.1875,-75.01220703125,-36.9873046875,39.306640625,-0.3069145977497101,61.13569641113281,65.37029266357422
-0.284423828125,0.783447265625,0.109375,-60.9130859375,-23.3154296875,-9.033203125,0.32656800746917725,59.45514297485352,64.363037109375
-0.251953125,0.673095703125,0.173828125,-42.78564453125,-32.40966796875,-34.912109375,1.6171259880065918,58.29506301879883,62.5263900756836
-0.213623046875,0.761474609375,0.247802734375,-15.31982421875,-35.5224609375,-46.9970703125,2.993493795394897,58.101829528808594,60.34123229980469
-0.160888671875,0.795166015625,0.26123046875,-8.544921875,-31.73828125,-36.19384765625,3.8703105449676514,58.16747665405274,58.52371215820313
-0.13134765625,0.857177734375,0.2216796875,-14.0380859375,-25.81787109375,-18.310546875,4.138292312622069,58.17805480957031,57.30150604248047
-0.21484375,0.87060546875,0.229248046875,-32.65380859375,-30.2734375,-17.51708984375,4.462881565093994,57.40799331665039,55.94227600097656
-0.2607421875,0.83251953125,0.2421875,-31.494140625,-31.31103515625,-21.54541015625,4.9973716735839835,56.62841033935547,54.46012878417969
-0.292724609375,0.822998046875,0.236572265625,-15.9912109375,-24.5361328125,-18.9208984375,5.643683910369872,56.50687789916992,53.27235412597656
-0.29541015625,0.893798828125,0.29443359375,-7.01904296875,-17.9443359375,-25.0244140625,6.555080890655518,56.66509628295898,52.17168807983398
-0.292236328125,0.8759765625,0.3125,-12.939453125,-13.916015625,-32.470703125,7.767410755157472,56.50489044189453,51.04101943969727
-0.30419921875,0.92041015625,0.28564453125,-25.634765625,-5.37109375,-37.2314453125,9.279295921325684,55.93107223510742,50.1050910949707
-0.314697265625,0.930908203125,0.287109375,-57.373046875,1.03759765625,-57.4951171875,11.537890434265135,54.03120422363281,48.89862060546875
-0.328369140625,0.827880859375,0.27880859375,-67.87109375,2.685546875,-67.7490234375,14.134377479553224,51.60550308227539,47.43307113647461
-0.322998046875,0.793212890625,0.311279296875,-59.87548828125,1.8310546875,-63.53759765625,16.422758102416992,49.41932678222656,45.971153259277344
-0.336669921875,0.817138671875,0.33154296875,-42.724609375,-4.150390625,-45.5322265625,17.886707305908203,47.99712753295898,44.780517578125
-0.362060546875,0.825927734375,0.33447265625,-32.958984375,-4.638671875,-32.958984375,18.93670463562012,47.08464050292969,43.928897857666016
-0.341796875,0.830322265625,0.31787109375,-25.0244140625,-4.33349609375,-25.5126953125,19.69151306152344,46.62626266479492,43.32736587524414
-0.3486328125,0.86083984375,0.314208984375,-24.47509765625,-6.4697265625,-26.7333984375,20.387149810791016,46.19505310058594,42.6436882019043
-0.36865234375,0.861328125,0.341064453125,-32.2265625,-7.8125,-26.55029296875,21.03399658203125,45.38498306274414,41.90799331665039
-0.40771484375,0.816162109375,0.326904296875,-35.0341796875,-9.033203125,-26.611328125,21.73685073852539,44.43666458129883,41.12907409667969
-0.406005859375,0.805908203125,0.351806640625,-33.5693359375,-6.28662109375,-26.79443359375,22.47293472290039,43.53398895263672,40.41429901123047
-0.40771484375,0.826416015625,0.3564453125,-34.11865234375,-5.55419921875,-27.7099609375,23.20302963256836,42.63801574707031,39.70658874511719
-0.434814453125,0.810791015625,0.385498046875,-33.14208984375,-5.4931640625,-26.30615234375,23.90582656860352,41.732521057128906,39.02079391479492
-0.431640625,0.83349609375,0.388427734375,-35.94970703125,-2.13623046875,-27.28271484375,24.674013137817386,40.78313446044922,38.4189453125
-0.442626953125,0.789306640625,0.36083984375,-41.50390625,-1.3427734375,-33.75244140625,25.66983413696289,39.54666519165039,37.627845764160156
-0.454345703125,0.784912109375,0.37109375,-44.3115234375,-2.8076171875,-36.865234375,26.66388320922852,38.12096786499024,36.6800422668457
-0.440185546875,0.777587890625,0.345458984375,-35.5224609375,-6.103515625,-28.62548828125,27.29948234558105,37.21614837646485,35.97006225585937
-0.474609375,0.73779296875,0.379638671875,-23.62060546875,-8.48388671875,-18.49365234375,27.65509033203125,36.80891799926758,35.51175308227539
-0.471435546875,0.74951171875,0.410400390625,-18.24951171875,-12.02392578125,-13.12255859375,27.71007537841797,36.629615783691406,35.14164352416992
-0.471923828125,0.796142578125,0.4033203125,-25.32958984375,-12.87841796875,-13.7939453125,27.723663330078125,36.22734451293945,34.763336181640625
-0.45849609375,0.7861328125,0.391845703125,-30.517578125,-10.19287109375,-15.93017578125,27.86145782470703,35.64474868774414,34.393203735351555
-0.47021484375,0.755126953125,0.382080078125,-36.376953125,-10.19287109375,-26.4892578125,28.287492752075195,34.63507461547852,33.6285400390625
-0.48779296875,0.711669921875,0.457275390625,-43.88427734375,-7.38525390625,-36.56005859375,28.991952896118164,32.98311233520508,32.462215423583984
-0.489501953125,0.6904296875,0.486572265625,-46.81396484375,-4.33349609375,-32.8369140625,29.65285301208496,31.2673454284668,31.48403167724609
-0.5478515625,0.72216796875,0.495849609375,-47.30224609375,-2.197265625,-27.34375,30.30685997009277,29.715293884277344,30.79335784912109
-0.564208984375,0.740966796875,0.468017578125,-48.2177734375,-3.662109375,-28.3203125,30.93528175354004,28.19672775268555,30.08217620849609
-0.56640625,0.708740234375,0.47802734375,-44.86083984375,-6.103515625,-32.71484375,31.53424644470215,26.65861511230469,29.11976623535156
-0.549560546875,0.713134765625,0.499755859375,-34.11865234375,-3.2958984375,-29.78515625,32.085433959960945,25.662797927856445,28.35284805297852
-0.544921875,0.703369140625,0.514404296875,-26.55029296875,0.3662109375,-26.7333984375,32.66820907592773,25.06379699707031,27.78804016113281
-0.561767578125,0.70849609375,0.49462890625,-29.4189453125,0.0,-29.1748046875,33.301586151123054,24.330596923828125,27.13719940185547
-0.57421875,0.663818359375,0.4736328125,-38.02490234375,-2.99072265625,-35.09521484375,33.96334457397461,23.03830909729004,26.14794921875
-0.574462890625,0.663330078125,0.50537109375,-51.1474609375,-1.03759765625,-41.50390625,34.70734405517578,21.04924774169922,24.88876724243164
-0.546875,0.6337890625,0.53515625,-54.99267578125,-2.197265625,-40.22216796875,35.2553825378418,18.883695602416992,23.63900375366211
-0.572021484375,0.5908203125,0.545654296875,-43.9453125,-3.173828125,-31.73828125,35.6613655090332,17.316965103149414,22.73078727722168
-0.56787109375,0.568603515625,0.517578125,-22.4609375,-5.2490234375,-20.20263671875,35.86861038208008,16.953283309936527,22.367530822753906
-0.586181640625,0.626220703125,0.533935546875,-21.1181640625,-6.77490234375,-15.9912109375,35.94153594970703,16.835886001586914,22.237653732299805
-0.588134765625,0.595458984375,0.545654296875,-34.0576171875,-8.1787109375,-20.01953125,36.00475311279297,16.003854751586914,21.853200912475586
-0.62255859375,0.5615234375,0.541259765625,-43.212890625,-6.8359375,-26.0009765625,36.25533676147461,14.588987350463867,21.16572380065918
-0.57373046875,0.52099609375,0.5576171875,-31.25,-7.50732421875,-20.1416015625,36.31312942504883,13.783937454223633,20.74050521850586
-0.58251953125,0.554443359375,0.578125,-16.17431640625,-3.662109375,-11.90185546875,36.409141540527344,13.909092903137207,20.801443099975586
-0.594970703125,0.536865234375,0.54931640625,-15.44189453125,1.3427734375,-8.6669921875,36.73362350463867,14.181413650512695,21.074708938598636
-0.59765625,0.521728515625,0.56298828125,-22.3388671875,0.91552734375,-11.16943359375,37.04533386230469,14.041145324707033,21.18861961364746
-0.610595703125,0.55712890625,0.5927734375,-27.587890625,0.244140625,-10.009765625,37.27450180053711,13.75568962097168,21.376264572143555
-0.61328125,0.489990234375,0.562744140625,-16.66259765625,-3.11279296875,1.15966796875,37.33389663696289,14.110116004943848,22.011343002319336
-0.61181640625,0.49072265625,0.538330078125,-3.47900390625,-2.74658203125,10.6201171875,37.33677673339844,15.296564102172852,23.127973556518555
-0.6259765625,0.5634765625,0.550537109375,-5.615234375,-3.41796875,6.4697265625,37.31254196166992,16.361051559448242,24.08583068847656
-0.634033203125,0.5791015625,0.598876953125,-20.44677734375,-4.8828125,-4.638671875,37.29156494140625,16.419740676879886,24.43552017211914
-0.648681640625,0.562744140625,0.609375,-23.13232421875,-3.173828125,-8.72802734375,37.40004348754883,16.207624435424805,24.57547378540039
-0.634765625,0.57275390625,0.5673828125,-17.27294921875,-1.52587890625,-8.1787109375,37.5908088684082,16.353139877319336,24.824913024902344
-0.643798828125,0.50927734375,0.52783203125,-13.671875,3.2958984375,-9.27734375,38.07392501831055,16.557374954223633,25.03545379638672
-0.623291015625,0.5029296875,0.551513671875,-15.80810546875,0.91552734375,-14.46533203125,38.44036102294922,16.458271026611328,24.93915939331055
-0.60107421875,0.498291015625,0.588134765625,-17.76123046875,-1.46484375,-10.19287109375,38.56412887573242,16.34425163269043,24.993770599365234
-0.6337890625,0.4521484375,0.56591796875,-6.04248046875,-0.1220703125,9.3994140625,38.61995315551758,17.214658737182614,25.97349548339844
-0.63916015625,0.3994140625,0.513427734375,6.103515625,-0.42724609375,17.578125,38.66863632202149,18.71937561035156,27.28771209716797
-0.609375,0.428466796875,0.52587890625,11.90185546875,-0.8544921875,21.05712890625,38.53256607055664,20.571107864379886,28.76673126220703
-0.60302734375,0.475341796875,0.5556640625,16.11328125,0.91552734375,30.6396484375,38.19914245605469,22.88507843017578,30.716907501220703
-0.5869140625,0.47509765625,0.513427734375,24.658203125,-3.47900390625,40.0390625,37.53064346313477,25.70542907714844,32.96303176879883
-0.581298828125,0.4755859375,0.5048828125,41.9921875,-7.080078125,52.91748046875,36.42950439453125,29.349388122558594,35.55488967895508
-0.544921875,0.525634765625,0.47265625,53.7109375,-6.9580078125,62.56103515625,34.96978759765625,33.62444305419922,38.42703247070313
-0.55517578125,0.540283203125,0.481201171875,52.3681640625,-5.06591796875,62.43896484375,33.47056198120117,37.56071472167969,41.05749893188477
-0.566162109375,0.619384765625,0.47119140625,56.45751953125,-4.69970703125,65.49072265625,31.779340744018555,41.59202194213867,43.62578582763672
-0.53173828125,0.6318359375,0.426513671875,64.697265625,-8.6669921875,70.00732421875,29.737606048583984,45.767051696777344,45.98430633544922
-0.52294921875,0.619873046875,0.38916015625,69.3359375,-8.85009765625,73.91357421875,27.5507926940918,49.90952682495117,48.163917541503906
-0.50048828125,0.66845703125,0.428955078125,70.6787109375,-10.25390625,74.03564453125,25.15838432312012,53.74427032470703,49.96781921386719
-0.52978515625,0.77099609375,0.45263671875,68.42041015625,-10.68115234375,75.13427734375,22.660572052001953,57.28132629394531,51.52932357788086
-0.4853515625,0.758056640625,0.415771484375,64.208984375,-16.7236328125,74.70703125,20.02511978149414,60.36237716674805,52.62479782104492
-0.46826171875,0.73779296875,0.37744140625,68.2373046875,-11.962890625,73.2421875,17.591726303100586,63.49545288085938,53.66254806518555
-0.473388671875,0.75146484375,0.38232421875,61.46240234375,-5.2490234375,62.1337890625,15.716965675354006,66.18223571777344,54.55989074707031
-0.44091796875,0.77001953125,0.402587890625,50.048828125,-3.23486328125,52.734375,14.166847229003904,68.21736145019531,55.241004943847656
-0.40576171875,0.757568359375,0.3701171875,44.86083984375,-3.662109375,49.01123046875,12.742183685302734,69.97503662109375,55.77696990966797
-0.402587890625,0.7412109375,0.328369140625,57.861328125,-1.0986328125,54.38232421875,11.211761474609377,72.27455139160156,56.421836853027344
-0.364990234375,0.76513671875,0.31884765625,65.85693359375,-4.0283203125,57.31201171875,9.468912124633787,74.80290222167969,56.88882446289063
-0.3447265625,0.7841796875,0.294189453125,70.73974609375,-2.0751953125,60.97412109375,7.5968146324157715,77.49320983886719,57.36470031738281
-0.29833984375,0.810546875,0.22607421875,73.54736328125,4.150390625,62.744140625,5.641955375671388,80.37800598144531,57.9981689453125
-0.30908203125,0.885986328125,0.216064453125,64.697265625,5.126953125,53.7109375,4.0664281845092765,82.84026336669922,58.50192260742188
-0.284912109375,0.842041015625,0.2060546875,54.01611328125,4.69970703125,45.10498046875,2.8541507720947266,84.75962829589844,58.86699676513672
-0.274169921875,0.85888671875,0.18359375,53.52783203125,16.845703125,53.8330078125,1.3315728902816772,86.6570053100586,59.68720245361328
-0.267822265625,0.885986328125,0.126708984375,57.18994140625,22.76611328125,55.908203125,-0.2605191469192505,88.75589752197266,60.68334197998047
-0.242431640625,0.810546875,0.09912109375,62.01171875,25.57373046875,54.13818359375,-1.7626529932022097,90.98468017578124,61.71536254882813
-0.188720703125,0.919921875,0.0693359375,63.78173828125,33.75244140625,45.654296875,-3.1110227108001713,93.25919342041016,63.00682067871094
-0.192138671875,0.981201171875,0.078857421875,44.25048828125,34.3017578125,30.82275390625,-3.8802487850189213,94.62911224365234,64.31084442138672
-0.167236328125,0.943603515625,0.099853515625,25.7568359375,35.888671875,21.6064453125,-4.3218841552734375,95.13005828857422,65.69760894775389
-0.1728515625,0.9091796875,0.02587890625,31.25,46.2646484375,26.67236328125,-4.972590923309326,95.95822143554688,67.46125793457031
-0.189453125,0.996826171875,0.019775390625,33.99658203125,51.3916015625,26.3671875,-5.636458873748778,96.84571838378906,69.41839599609375
-0.198486328125,0.980712890625,0.006591796875,30.029296875,53.03955078125,20.1416015625,-6.038315296173097,97.543701171875,71.46014404296875
-0.19189453125,0.878662109375,-0.06298828125,30.45654296875,49.6826171875,17.08984375,-6.278017520904541,98.40950012207031,73.35964965820312
-0.147705078125,0.834228515625,-0.09619140625,47.7294921875,53.5888671875,21.484375,-6.83467960357666,100.00311279296876,75.36308288574219
-0.125,0.887451171875,-0.123046875,61.21826171875,56.09130859375,22.88818359375,-7.584146499633789,102.09554290771484,77.42134857177734
-0.08544921875,0.95703125,-0.1240234375,51.8798828125,62.98828125,12.6953125,-8.147365570068361,103.64275360107422,79.81472778320312
-0.09814453125,0.958740234375,-0.14111328125,18.6767578125,66.0400390625,-4.2724609375,-8.067985534667969,103.79193878173828,82.4769287109375
-0.147216796875,0.95947265625,-0.148193359375,-26.3671875,61.58447265625,-20.44677734375,-7.18100118637085,102.17684173583984,85.10301208496094
-0.159912109375,0.916748046875,-0.115478515625,-79.1015625,57.6171875,-30.76171875,-5.7304115295410165,98.51946258544922,87.61116027832031
-0.131591796875,0.867919921875,-0.1201171875,-113.58642578125,49.01123046875,-43.9453125,-3.645303010940552,93.76252746582031,89.73722076416016
-0.145751953125,0.919189453125,-0.13232421875,-140.0146484375,43.39599609375,-56.09130859375,-0.9554802775382996,88.25428009033203,91.48291778564452
-0.221923828125,0.7392578125,-0.0634765625,-144.47021484375,32.2265625,-57.06787109375,2.091655731201172,82.73017120361328,92.5554428100586
-0.213134765625,0.7197265625,-0.034912109375,-124.0234375,24.5361328125,-38.6962890625,4.336163520812988,78.18049621582031,93.26168060302734
-0.24755859375,0.73828125,0.017578125,-91.73583984375,15.68603515625,-8.7890625,5.379533290863037,74.93741607666016,93.80447387695312
-0.21484375,0.81005859375,0.085205078125,-43.64013671875,7.6904296875,39.794921875,4.3062357902526855,73.58831787109375,94.55582427978516
-0.197265625,0.931396484375,0.0927734375,-13.85498046875,10.80322265625,68.115234375,2.122856616973877,73.50218963623047,95.76457214355469
-0.20849609375,0.9775390625,0.131103515625,4.2724609375,15.625,74.52392578125,-0.17206767201423645,74.02607727050781,97.20193481445312
-0.103759765625,1.021240234375,0.079345703125,22.216796875,15.80810546875,63.1103515625,-2.200012445449829,75.32608032226562,98.47203063964844
-0.117431640625,0.98681640625,0.0615234375,31.6162109375,20.32470703125,61.70654296875,-4.0449790954589835,76.93537902832031,99.83495330810548
-0.1044921875,0.9658203125,0.060546875,36.0107421875,20.3857421875,76.5380859375,-6.457433223724365,78.60047912597656,101.2557373046875
-0.05224609375,1.052001953125,0.066650390625,24.84130859375,23.3154296875,89.111328125,-9.40873908996582,79.66720581054688,102.8158187866211
-0.060791015625,1.0595703125,0.051025390625,10.498046875,26.67236328125,78.857421875,-11.822920799255373,80.07544708251953,104.39086151123048
-0.069580078125,1.014892578125,0.050537109375,-3.173828125,25.20751953125,69.88525390625,-13.78111743927002,79.8840560913086,105.83973693847656
-0.1181640625,1.014892578125,0.08544921875,-26.55029296875,22.39990234375,59.50927734375,-15.158387184143065,78.68412017822266,107.13912963867188
0.0537109375,1.116455078125,0.06884765625,-33.38623046875,-3.662109375,39.12353515625,-19.38887023925781,73.89350128173828,109.70123291015624
0.0341796875,1.24609375,0.1484375,-31.982421875,-6.2255859375,37.53662109375,-20.206159591674805,72.92578887939453,109.76386260986328
0.02783203125,1.197998046875,0.116943359375,-22.52197265625,14.16015625,31.982421875,-20.53384017944336,72.15330505371094,110.57588958740234
-0.04248046875,1.09033203125,0.1357421875,-22.76611328125,7.568359375,11.90185546875,-20.02395248413086,71.52278137207031,110.87731170654295
-0.002197265625,1.045654296875,0.2099609375,-27.7099609375,-1.5869140625,1.5869140625,-19.32440757751465,70.71756744384766,110.72859954833984
0.01953125,1.130126953125,0.25,-24.0478515625,4.39453125,11.5966796875,-18.98846244812012,69.91787719726561,110.9703598022461
0.055908203125,1.120849609375,0.207763671875,-14.0380859375,11.65771484375,22.216796875,-19.03401756286621,69.48645782470703,111.62629699707031
0.040771484375,1.153076171875,0.158203125,-8.544921875,15.19775390625,20.44677734375,-18.93618392944336,69.36498260498047,112.3590087890625
0.04150390625,1.141845703125,0.153564453125,-23.01025390625,-1.89208984375,4.33349609375,-18.48053741455078,68.97505187988281,112.17308044433594
0.037353515625,1.138671875,0.124755859375,-23.98681640625,-0.91552734375,8.85009765625,-18.193897247314453,68.58392333984375,112.07634735107422
0.056396484375,1.16015625,0.091552734375,-20.44677734375,-6.8359375,13.3056640625,-18.209936141967773,68.46933746337889,111.79491424560548
0.00830078125,1.17724609375,0.098876953125,-37.17041015625,-31.73828125,-5.79833984375,-17.791860580444336,68.07273101806639,110.24675750732422
0.081787109375,1.129638671875,0.177978515625,-54.62646484375,-38.818359375,-19.4091796875,-17.140588760375973,66.95891571044922,108.26485443115234
0.0732421875,1.09814453125,0.1318359375,-51.1474609375,-31.06689453125,-13.00048828125,-16.655258178710938,65.97622680664061,106.65853118896484
0.04736328125,0.992431640625,0.1162109375,-19.1650390625,-21.728515625,-1.64794921875,-16.422966003417972,66.14790344238281,105.60025787353516
0.01953125,1.01416015625,0.1748046875,-1.8310546875,-23.3154296875,-6.2255859375,-15.976459503173828,66.91427612304689,104.44780731201172
0.02685546875,1.06103515625,0.211181640625,6.40869140625,-18.85986328125,-4.57763671875,-15.532394409179688,67.85697174072266,103.5232391357422
0.049072265625,1.119140625,0.232177734375,5.43212890625,-8.23974609375,6.2255859375,-15.376317977905273,68.54525756835939,103.19090270996094
-0.025146484375,1.12841796875,0.18994140625,-1.708984375,-5.4931640625,0.244140625,-14.822918891906738,69.00316619873047,102.85685729980469
-0.032958984375,1.02197265625,0.16357421875,-9.8876953125,-10.92529296875,-13.24462890625,-13.841409683227539,69.23145294189453,102.11986541748048
0.037353515625,0.87841796875,0.12255859375,-5.615234375,-18.1884765625,-8.60595703125,-13.331744194030762,69.70659637451172,101.17372131347656
0.1181640625,0.883056640625,0.1181640625,5.92041015625,-21.91162109375,17.27294921875,-14.054228782653807,70.5822982788086,100.44964599609376
0.162109375,1.041259765625,0.15966796875,14.95361328125,-20.56884765625,38.14697265625,-15.552461624145508,71.6725845336914,100.0483856201172
0.04443359375,0.99755859375,0.144287109375,19.1650390625,-2.9296875,28.6865234375,-16.17112159729004,72.7689208984375,100.18846893310548
0.07275390625,1.016357421875,0.083740234375,18.9208984375,-0.6103515625,17.39501953125,-16.37752914428711,73.9706802368164,100.23333740234376
0.086669921875,1.081787109375,0.095703125,9.3994140625,-12.939453125,6.28662109375,-16.297801971435547,74.90801239013672,99.66154479980469
0.137451171875,1.055908203125,0.09619140625,-6.53076171875,-21.240234375,6.65283203125,-16.423105239868164,75.25780487060547,98.76559448242188
0.09814453125,0.983154296875,0.096435546875,-8.6669921875,-14.83154296875,10.009765625,-16.538572311401367,75.41172790527344,98.1676788330078
0.086669921875,0.98974609375,0.129638671875,-6.8359375,-10.25390625,6.40869140625,-16.43355369567871,75.51551818847656,97.73880767822266
0.05859375,1.01611328125,0.10693359375,-11.8408203125,-9.58251953125,-2.8076171875,-15.906508445739744,75.49262237548828,97.22640991210938
0.059814453125,0.9755859375,0.103515625,-16.2353515625,-20.99609375,-10.1318359375,-15.238295555114744,75.43119049072266,96.18418884277344
0.088623046875,0.945068359375,0.136962890625,-15.56396484375,-22.39990234375,-7.75146484375,-14.770723342895508,75.30682373046875,95.13968658447266
0.093994140625,0.97900390625,0.154541015625,-7.9345703125,-8.4228515625,1.3427734375,-14.537893295288086,75.29009246826172,94.75920867919922
0.052734375,1.009765625,0.14599609375,-2.50244140625,-0.67138671875,2.50244140625,-14.18603801727295,75.4403305053711,94.69422149658205
0.0693359375,1.03564453125,0.123291015625,0.244140625,1.15966796875,1.89208984375,-13.840389251708984,75.73587036132812,94.6851806640625
0.0673828125,1.013671875,0.079345703125,2.74658203125,-1.15966796875,0.06103515625,-13.462284088134766,76.2388687133789,94.54794311523438
0.080078125,1.0234375,0.087890625,3.0517578125,-0.732421875,-0.244140625,-13.107300758361815,76.71208953857422,94.4361801147461
0.43115234375,0.700927734375,0.83203125,31.982421875,23.98681640625,15.380859375,-13.914332389831545,76.41896057128906,95.84320831298828
0.145263671875,1.221435546875,0.044677734375,35.82763671875,5.67626953125,0.3662109375,-13.604201316833494,78.24321746826172,95.96998596191406
0.135986328125,1.180908203125,0.146240234375,4.8828125,0.1220703125,-5.615234375,-13.102931022644045,78.62298583984375,95.88805389404295
0.030029296875,1.060791015625,0.016357421875,-4.7607421875,-1.8310546875,-7.32421875,-12.383763313293455,78.87252807617188,95.66275024414062
0.064208984375,0.97509765625,0.018798828125,-5.37109375,-5.859375,-9.8876953125,-11.705245018005373,79.1124267578125,95.26720428466795
-0.11083984375,0.883056640625,0.08251953125,21.17919921875,-15.2587890625,-13.24462890625,-9.164735794067383,82.55424499511719,94.412109375
-0.080322265625,0.95166015625,0.040771484375,28.50341796875,-24.2919921875,-31.3720703125,-7.482482433319093,84.0406723022461,93.26868438720705
0.049072265625,0.924072265625,0.02978515625,35.15625,-36.43798828125,-41.44287109375,-5.783644199371338,85.78173065185547,91.64728546142578
-0.0009765625,0.958740234375,-0.045654296875,39.12353515625,-38.330078125,-40.8935546875,-4.0061864852905265,87.74666595458984,90.00077819824219
-0.047119140625,0.9716796875,-0.05908203125,44.25048828125,-47.91259765625,-46.875,-1.904095768928528,89.82979583740234,88.03857421875
-0.165283203125,-0.0771484375,0.377197265625,-19.10400390625,-30.2734375,0.732421875,-1.0788156986236572,87.04642486572266,86.87259674072266
-0.08203125,0.925048828125,-0.04541015625,-9.82666015625,-21.240234375,3.96728515625,-1.035381317138672,86.88227081298828,86.02656555175781
-0.112548828125,1.044677734375,-0.094482421875,-9.1552734375,-23.62060546875,4.69970703125,-0.987476408481598,86.84464263916016,85.08580780029297
0.021728515625,1.0126953125,-0.0009765625,-8.6669921875,-26.123046875,3.96728515625,-1.210665583610535,86.63025665283203,84.04882049560547
-0.1708984375,0.9462890625,0.030029296875,-9.94873046875,-37.65869140625,7.14111328125,-1.1312302350997925,86.30855560302734,82.55766296386719
-0.1044921875,0.9072265625,-0.007080078125,-8.97216796875,-52.55126953125,7.080078125,-1.2387566566467283,86.141357421875,80.47277069091797
-0.115478515625,0.900146484375,0.012939453125,-8.72802734375,-62.68310546875,6.591796875,-1.3264254331588743,85.9527587890625,77.98392486572266
-0.009765625,0.959228515625,-0.009521484375,-7.26318359375,-76.66015625,7.87353515625,-1.7702584266662598,85.91281127929688,74.94122314453125
0.047607421875,0.887939453125,-0.033935546875,-8.48388671875,-93.994140625,10.25390625,-2.4830501079559326,85.946044921875,71.20951080322266
0.21630859375,0.9111328125,-0.133544921875,-8.36181640625,-81.6650390625,8.7890625,-3.468921899795532,86.24295806884766,67.94933319091797
0.076171875,1.00634765625,-0.1298828125,-8.30078125,-41.3818359375,5.126953125,-3.8072879314422607,86.439697265625,66.28057098388672
-0.005126953125,0.98974609375,-0.08740234375,-9.033203125,-8.056640625,2.44140625,-3.761868953704834,86.42604064941406,65.94158172607422
-0.03515625,1.00634765625,-0.053955078125,-7.8125,-4.69970703125,1.3427734375,-3.5987536907196045,86.37440490722656,65.73947143554689
-0.014892578125,0.990234375,-0.05908203125,-9.33837890625,-5.06591796875,2.5634765625,-3.4249389171600337,85.91305541992188,64.92244720458984
-0.010498046875,0.9677734375,-0.042724609375,-9.46044921875,-4.45556640625,3.41796875,-3.413205862045288,85.79251861572266,64.73820495605469
-0.0302734375,0.9638671875,-0.056884765625,-8.4228515625,-4.7607421875,1.708984375,-3.2888965606689453,85.75251007080078,64.53488159179689
-0.021240234375,1.003662109375,-0.055419921875,-8.544921875,-4.8828125,2.197265625,-3.0016040802001958,85.39586639404297,63.773353576660156
-0.014404296875,0.9931640625,-0.053466796875,-9.33837890625,-4.69970703125,2.8076171875,-2.9765048027038574,85.32172393798828,63.57853698730469
-0.014892578125,0.998291015625,-0.047119140625,-7.99560546875,-5.0048828125,1.64794921875,-2.9063944816589355,85.28988647460938,63.36883544921875
-0.01904296875,0.99658203125,-0.05322265625,-8.7890625,-3.96728515625,2.197265625,-2.1597111225128174,84.09297180175781,57.98041534423828
-0.013671875,0.97998046875,-0.048828125,-9.09423828125,-4.57763671875,1.89208984375,-2.1363816261291504,84.06794738769531,57.79267120361328
-0.021484375,0.995849609375,-0.0673828125,-8.97216796875,-4.2724609375,2.25830078125,-2.110313415527344,84.08819580078125,57.61714172363281
-0.010498046875,0.973388671875,-0.042724609375,-9.46044921875,-4.7607421875,2.8076171875,-2.1331286430358887,84.03540802001953,57.42658996582031
-0.041259765625,0.983154296875,-0.0673828125,-8.544921875,-4.2724609375,1.46484375,-2.0297379493713383,84.07574462890625,57.247718811035156
-0.01318359375,0.987548828125,-0.045654296875,-9.09423828125,-4.39453125,2.50244140625,-2.0363798141479488,84.0425796508789,57.07079315185547
-0.01708984375,0.990966796875,-0.0478515625,-9.09423828125,-4.94384765625,2.86865234375,-2.0507795810699463,84.01610565185547,56.873252868652344
-0.02099609375,0.98095703125,-0.05615234375,-8.60595703125,-4.7607421875,2.50244140625,-2.04009222984314,84.03009796142578,56.68070983886719
-0.008056640625,0.989990234375,-0.05126953125,-9.6435546875,-4.69970703125,3.23486328125,-2.0886354446411133,83.9897232055664,56.49414825439453
