0.017578125,0.986328125,0.055419921875,-8.72802734375,-4.638671875,2.13623046875,-4.438713073730469,78.06007385253906,112.25027465820312
0.02783203125,0.987548828125,0.041259765625,-9.09423828125,-5.18798828125,2.50244140625,-4.4681396484375,78.0745849609375,112.03827667236328
0.0146484375,0.9912109375,0.0546875,-9.09423828125,-5.37109375,2.8076171875,-4.479069232940674,78.05892944335938,111.82364654541016
0.020263671875,0.980712890625,0.056640625,-8.7890625,-4.82177734375,2.01416015625,-4.470489025115967,78.08123779296875,111.62201690673828
0.009521484375,0.9775390625,0.0615234375,-9.6435546875,-5.06591796875,2.44140625,-4.453003883361816,78.025146484375,111.4177017211914
0.006591796875,0.989501953125,0.057373046875,-9.1552734375,-4.82177734375,1.64794921875,-4.396557807922363,78.00159454345703,111.2156219482422
0.023193359375,0.989501953125,0.048095703125,-8.6669921875,-5.06591796875,1.89208984375,-4.319507122039795,78.12944793701172,109.1009292602539
0.01171875,0.996337890625,0.04443359375,-8.60595703125,-5.0048828125,2.38037109375,-4.3098363876342765,78.153564453125,108.89632415771484
0.015625,0.988037109375,0.058349609375,-9.3994140625,-4.94384765625,2.197265625,-4.301702976226807,78.11233520507812,108.69519805908205
0.00830078125,0.985107421875,0.057861328125,-9.58251953125,-5.31005859375,2.44140625,-4.279335021972656,78.08271789550781,108.48036193847656
0.02294921875,0.98291015625,0.048583984375,-8.9111328125,-4.69970703125,1.8310546875,-4.273619651794434,78.0848159790039,108.28441619873048
0.017822265625,0.9921875,0.044921875,-8.4228515625,-4.57763671875,2.25830078125,-4.271685600280762,78.1151123046875,108.09603881835938
0.023681640625,0.99267578125,0.049072265625,-9.82666015625,-4.94384765625,1.5869140625,-4.1718177795410165,78.2139663696289,106.10771942138672
0.0146484375,0.99072265625,0.0498046875,-8.72802734375,-4.82177734375,1.15966796875,-4.125227451324463,78.21671295166016,105.90245056152344
0.0087890625,0.974609375,0.06201171875,-8.1787109375,-4.5166015625,1.64794921875,-4.0837135314941415,78.20993041992188,105.71553802490234
0.0068359375,0.9765625,0.060791015625,-7.75146484375,-4.5166015625,1.89208984375,-4.080052852630615,78.26675415039062,105.52758026123048
0.015380859375,0.99267578125,0.045166015625,-8.7890625,-4.94384765625,2.0751953125,-4.075334548950194,78.27528381347656,105.3247528076172
0.009521484375,0.9794921875,0.049560546875,-8.97216796875,-4.94384765625,2.25830078125,-4.064755916595459,78.26457214355469,105.12419891357422
0.01708984375,0.99755859375,0.056640625,-9.33837890625,-4.82177734375,2.0751953125,-4.0651025772094735,78.15657043457031,103.66735076904295
0.024658203125,0.98193359375,0.041015625,-8.9111328125,-4.8828125,1.953125,-4.077977180480957,78.1727294921875,103.46542358398438
0.017578125,0.984375,0.052490234375,-8.30078125,-4.39453125,2.38037109375,-4.086306571960448,78.18512725830078,103.2878646850586
0.024169921875,0.981201171875,0.0517578125,-8.7890625,-5.31005859375,2.3193359375,-4.170762538909912,78.1657943725586,102.45093536376952
0.009033203125,0.982666015625,0.045166015625,-9.33837890625,-4.5166015625,2.62451171875,-4.166601657867432,78.1540756225586,102.26869201660156
0.005859375,0.989013671875,0.06689453125,-8.72802734375,-5.43212890625,1.64794921875,-4.1239986419677725,78.12153625488281,102.04613494873048
0.010498046875,0.976318359375,0.056396484375,-8.9111328125,-4.69970703125,2.25830078125,-4.130791187286377,78.09078979492188,101.85686492919922
0.004638671875,0.9892578125,0.051513671875,-8.60595703125,-4.57763671875,1.52587890625,-4.075664043426514,78.09817504882812,101.66446685791016
0.02294921875,0.986083984375,0.05859375,-8.30078125,-4.69970703125,2.13623046875,-4.089366436004639,78.10072326660156,101.47393035888672
0.026611328125,0.98974609375,0.0576171875,-8.30078125,-4.638671875,2.01416015625,-4.097774028778076,78.10641479492188,101.28447723388672
0.01611328125,0.991943359375,0.048095703125,-9.46044921875,-4.8828125,2.44140625,-4.108391284942627,78.08735656738281,101.08728790283205
0.0126953125,0.983154296875,0.05712890625,-9.09423828125,-4.7607421875,1.64794921875,-4.078913688659668,78.06214904785156,100.88986206054688
0.02392578125,0.978271484375,0.062255859375,-9.21630859375,-4.57763671875,2.13623046875,-4.106086254119873,78.02476501464844,100.12417602539062
0.01416015625,0.99560546875,0.057373046875,-8.9111328125,-5.0048828125,2.25830078125,-4.105679988861084,78.01077270507812,99.92205047607422
0.021484375,0.989990234375,0.037109375,-8.544921875,-4.7607421875,2.25830078125,-4.1207356452941895,78.05657958984375,99.72631072998048
0.008544921875,0.989013671875,0.052734375,-8.23974609375,-4.8828125,2.197265625,-4.138202667236328,78.13418579101562,98.89973449707031
0.018798828125,0.98193359375,0.0380859375,-8.85009765625,-4.8828125,2.0751953125,-4.139601707458496,78.16058349609375,98.69776153564452
-0.01318359375,0.989501953125,0.062744140625,-8.36181640625,-5.06591796875,2.50244140625,-4.085007190704347,78.15027618408203,98.49583435058594
0.014892578125,0.983154296875,0.05322265625,-9.1552734375,-5.2490234375,2.38037109375,-4.091397285461427,78.14636993408203,98.2835922241211
0.027587890625,0.985107421875,0.041748046875,-9.21630859375,-4.638671875,2.197265625,-4.117393970489502,78.14861297607422,98.09317016601562
-0.02734375,0.998046875,0.079345703125,-9.6435546875,-16.9677734375,2.197265625,-4.1160149574279785,78.08507537841797,97.4239501953125
0.019287109375,0.983154296875,0.064208984375,-9.27734375,-29.6630859375,1.89208984375,-4.329533576965332,78.14314270019531,96.24919891357422
0.04052734375,1.00244140625,0.045166015625,-9.09423828125,-25.5126953125,2.01416015625,-4.534777641296387,78.2090072631836,95.23596954345705
0.04345703125,0.98779296875,0.04248046875,-9.82666015625,-14.404296875,2.13623046875,-4.655213832855225,78.21526336669922,94.65851593017578
0.003662109375,0.97216796875,0.054931640625,-8.7890625,-5.18798828125,2.3193359375,-4.635718822479248,78.21626281738281,94.44525146484376
0.01318359375,0.978759765625,0.0537109375,-8.60595703125,-4.33349609375,1.89208984375,-4.592497825622559,78.21307373046875,94.26299285888672
0.01416015625,0.990478515625,0.056396484375,-8.6669921875,-5.126953125,1.52587890625,-4.544863700866699,78.20550537109375,94.0472183227539
-0.0234375,0.996826171875,0.03564453125,-8.6669921875,7.2021484375,2.5634765625,-4.556912899017334,78.33113098144531,91.95281219482422
0.06591796875,0.98193359375,0.0556640625,-8.7890625,10.498046875,2.62451171875,-4.548417091369629,78.26422119140625,92.3610382080078
0.186279296875,0.982177734375,0.01611328125,-8.72802734375,17.08984375,2.50244140625,-4.756955146789551,78.26470947265625,93.02162170410156
0.2822265625,0.990234375,0.0341796875,-7.6904296875,32.2265625,2.13623046875,-4.973050117492676,78.2276840209961,94.27603912353516
0.09912109375,0.908447265625,0.050537109375,-10.25390625,54.99267578125,8.9111328125,-4.926301002502441,77.9493408203125,96.48241424560548
0.06201171875,1.001953125,0.087158203125,-9.46044921875,54.8095703125,18.310546875,-5.13055419921875,77.63473510742188,98.76456451416016
0.09033203125,0.992919921875,0.06591796875,-0.54931640625,52.8564453125,26.123046875,-5.633786201477051,77.71611785888672,101.0322036743164
0.090087890625,1.04052734375,0.08056640625,1.220703125,46.20361328125,43.15185546875,-6.90514087677002,77.822998046875,103.1830825805664
0.133544921875,1.146728515625,0.080078125,3.84521484375,43.88427734375,48.7060546875,-8.434659957885742,77.9998779296875,105.2837371826172
0.11572265625,1.2568359375,0.074462890625,1.64794921875,41.80908203125,36.1328125,-9.35541534423828,78.07034301757812,107.1934051513672
0.110595703125,1.305908203125,0.0888671875,-10.55908203125,39.36767578125,10.55908203125,-9.265748023986816,77.68717193603516,108.79195404052734
0.150146484375,1.205322265625,0.098388671875,-19.59228515625,37.53662109375,-1.46484375,-8.800433158874512,76.9621353149414,110.21588897705078
0.146728515625,1.180419921875,0.08642578125,-18.12744140625,38.02490234375,-4.33349609375,-8.198220252990723,76.35359191894531,111.62181091308594
0.12939453125,1.151611328125,0.116943359375,-11.41357421875,36.9873046875,-9.21630859375,-7.423250198364258,76.00912475585938,112.94241333007812
0.148193359375,1.15087890625,0.132568359375,-6.16455078125,37.109375,-13.671875,-6.53547477722168,75.88142395019531,114.2259750366211
0.172607421875,1.12548828125,0.112548828125,-1.64794921875,39.6728515625,-15.19775390625,-5.6432037353515625,75.9483871459961,115.59629821777344
0.14599609375,1.086181640625,0.10791015625,8.60595703125,47.4853515625,-13.18359375,-4.76655387878418,76.45117950439453,117.2939453125
0.099365234375,1.059326171875,0.120361328125,16.54052734375,50.72021484375,-12.87841796875,-3.835196971893311,77.23731994628906,119.13821411132812
0.08056640625,1.096435546875,0.0869140625,21.91162109375,50.35400390625,-15.80810546875,-2.814988613128662,78.33003234863281,120.95736694335938
0.073974609375,1.0546875,0.080810546875,22.64404296875,48.76708984375,-18.12744140625,-1.7843750715255735,79.43758392333984,122.72257995605469
0.082763671875,1.028076171875,0.041259765625,23.25439453125,51.8798828125,-19.95849609375,-0.7612981200218201,80.63645935058594,124.62171936035156
-0.069580078125,0.829345703125,-0.035888671875,21.91162109375,65.7958984375,-14.7705078125,5.318641185760498,87.4054183959961,141.82139587402344
-0.060791015625,0.871337890625,-0.0732421875,24.2919921875,60.36376953125,-17.15087890625,6.018843173980713,88.89425659179688,144.25189208984375
-0.071533203125,0.8623046875,-0.10498046875,19.34814453125,58.41064453125,-16.66259765625,6.641836643218994,90.23253631591795,146.63108825683594
-0.10205078125,0.846923828125,-0.11083984375,13.24462890625,54.38232421875,-13.7939453125,7.205428600311278,91.35214233398438,148.8692626953125
-0.1455078125,0.836181640625,-0.1748046875,12.6953125,42.8466796875,-10.92529296875,7.678402900695801,92.4831085205078,150.6632080078125
-0.122314453125,0.842041015625,-0.21435546875,15.07568359375,32.8369140625,-12.87841796875,8.133380889892576,93.7244873046875,152.07763671875
-0.114013671875,0.860107421875,-0.205322265625,20.56884765625,24.84130859375,-16.6015625,8.669095039367676,95.07013702392578,153.18446350097656
-0.111083984375,0.875,-0.204833984375,26.91650390625,15.44189453125,-19.47021484375,9.313531875610352,96.56546783447266,153.9349365234375
-0.0869140625,0.89111328125,-0.1982421875,30.029296875,10.31494140625,-18.61572265625,9.841779708862305,98.07699584960938,154.4834747314453
-0.10107421875,0.89013671875,-0.221923828125,33.8134765625,4.94384765625,-17.578125,10.390423774719238,99.74435424804688,154.83810424804688
-0.13330078125,0.91650390625,-0.234619140625,37.04833984375,-2.9296875,-16.41845703125,10.96062183380127,101.39765167236328,154.8753662109375
-0.096435546875,0.904052734375,-0.234130859375,38.75732421875,-6.34765625,-16.7236328125,11.464029312133787,103.03809356689452,154.7879638671875
-0.08837890625,0.8837890625,-0.240234375,41.32080078125,-6.89697265625,-15.80810546875,11.917276382446287,104.74044799804688,154.68365478515625
-0.080078125,0.897216796875,-0.25,44.37255859375,-5.0048828125,-12.8173828125,12.184247970581055,106.52275848388672,154.62989807128906
-0.08837890625,0.916015625,-0.25537109375,45.2880859375,-3.11279296875,-12.451171875,12.421463012695312,108.2882080078125,154.64773559570312
-0.082275390625,0.895263671875,-0.24853515625,43.02978515625,-0.18310546875,-13.427734375,12.621939659118652,109.99027252197266,154.80657958984375
-0.085205078125,0.892578125,-0.290283203125,39.55078125,4.21142578125,-12.451171875,12.73011302947998,111.55348205566406,155.12635803222656
-0.108154296875,0.88720703125,-0.297119140625,36.07177734375,5.18798828125,-9.70458984375,12.765313148498535,112.93636322021484,155.44215393066406
-0.107421875,0.869873046875,-0.295166015625,34.912109375,3.84521484375,-7.8125,12.745012283325195,114.21746826171876,155.67434692382812
-0.087890625,0.88134765625,-0.32177734375,37.7197265625,5.18798828125,-6.53076171875,12.60078239440918,115.6111297607422,155.9371795654297
-0.10595703125,0.908447265625,-0.34423828125,36.43798828125,6.4697265625,-6.65283203125,12.472079277038574,116.9369659423828,156.24761962890625
-0.106689453125,0.9140625,-0.348876953125,32.77587890625,4.8828125,-5.859375,12.325651168823242,118.0754623413086,156.4832763671875
-0.107666015625,0.886474609375,-0.3798828125,26.91650390625,4.5166015625,-6.591796875,12.234811782836914,119.00403594970705,156.72860717773438
-0.116455078125,0.8642578125,-0.39453125,26.9775390625,3.7841796875,-7.14111328125,12.200374603271484,119.9489974975586,156.96536254882812
-0.12890625,0.899658203125,-0.407470703125,27.2216796875,2.38037109375,-9.58251953125,12.26953125,120.89221954345705,157.203857421875
-0.1240234375,0.86767578125,-0.4072265625,22.52197265625,-0.06103515625,-8.9111328125,12.38171100616455,121.5884017944336,157.3389129638672
-0.117919921875,0.86474609375,-0.410400390625,22.0947265625,-2.62451171875,-7.38525390625,12.476600646972654,122.2238311767578,157.35113525390625
-0.124755859375,0.849853515625,-0.41455078125,22.0947265625,-4.21142578125,-5.43212890625,12.53986644744873,122.87764739990234,157.27684020996094
-0.12255859375,0.851806640625,-0.43017578125,24.35302734375,-7.26318359375,-3.173828125,12.600038528442385,123.55467987060548,157.04275512695312
-0.109375,0.856689453125,-0.42919921875,27.34375,-8.72802734375,-2.86865234375,12.651727676391602,124.30452728271484,156.7471160888672
-0.093017578125,0.858642578125,-0.429931640625,28.4423828125,-9.46044921875,-3.662109375,12.704655647277832,125.05767822265624,156.44007873535156
-0.09375,0.90576171875,-0.44677734375,30.33447265625,-5.0048828125,-4.82177734375,12.689582824707033,125.8908920288086,156.30564880371094
-0.114990234375,0.880859375,-0.455322265625,22.216796875,-4.150390625,-5.0048828125,12.712739944458008,126.4180145263672,156.21063232421875
-0.100341796875,0.859619140625,-0.463134765625,17.9443359375,-4.08935546875,-5.7373046875,12.72125244140625,126.81724548339844,156.1462860107422
-0.112060546875,0.822265625,-0.474609375,15.93017578125,-0.67138671875,-6.28662109375,12.702563285827635,127.19535064697266,156.2161407470703
-0.109130859375,0.806640625,-0.46240234375,17.76123046875,0.18310546875,-4.638671875,12.609848022460938,127.6218490600586,156.26919555664062
-0.10498046875,0.802734375,-0.487548828125,24.5361328125,2.25830078125,-3.47900390625,12.45226764678955,128.39556884765622,156.37579345703125
-0.11474609375,0.799072265625,-0.503173828125,26.42822265625,1.0986328125,-3.11279296875,12.30456256866455,129.21562194824222,156.43309020996094
-0.128662109375,0.817138671875,-0.529296875,27.64892578125,0.244140625,-3.0517578125,12.205012321472168,130.075927734375,156.46302795410156
-0.133544921875,0.800048828125,-0.517822265625,26.0009765625,-0.1220703125,-4.638671875,12.185914993286133,130.85467529296878,156.5211181640625
-0.121337890625,0.803466796875,-0.528564453125,24.0478515625,0.732421875,-6.34765625,12.162361145019533,131.54368591308594,156.6479034423828
-0.132568359375,0.788818359375,-0.552734375,22.94921875,0.732421875,-8.056640625,12.21254062652588,132.23948669433594,156.8323516845703
-0.11962890625,0.7802734375,-0.55078125,21.484375,0.06103515625,-7.568359375,12.230636596679688,132.87297058105472,156.98602294921875
-0.141845703125,0.782470703125,-0.566162109375,18.12744140625,-0.1220703125,-5.4931640625,12.242911338806152,133.33805847167972,157.07406616210938
-0.139892578125,0.756103515625,-0.576416015625,15.07568359375,-0.732421875,-4.57763671875,12.243581771850586,133.71061706542972,157.127685546875
-0.12744140625,0.757080078125,-0.595947265625,13.97705078125,-0.244140625,-4.39453125,12.224248886108398,134.05352783203122,157.1940460205078
-0.146484375,0.72802734375,-0.59375,13.5498046875,-1.89208984375,-1.89208984375,12.19863510131836,134.38890075683594,157.14886474609375
-0.152587890625,0.70458984375,-0.611328125,17.4560546875,-3.173828125,-0.79345703125,12.19505214691162,134.92353820800778,157.04754638671875
-0.144775390625,0.696533203125,-0.621826171875,20.08056640625,-5.0048828125,-1.52587890625,12.222055435180664,135.53668212890622,156.9115753173828
-0.126953125,0.7119140625,-0.619140625,22.216796875,-5.06591796875,-0.48828125,12.20098876953125,136.20518493652344,156.74017333984375
-0.14599609375,0.729248046875,-0.62646484375,21.728515625,-4.39453125,-0.1220703125,12.192142486572266,136.81610107421878,156.57034301757812
-0.136474609375,0.747802734375,-0.638671875,20.56884765625,-4.08935546875,-0.3662109375,12.162684440612793,137.38461303710938,156.4178466796875
-0.1494140625,0.7265625,-0.630859375,20.01953125,-3.7841796875,-1.0986328125,12.17414093017578,137.90261840820312,156.29005432128906
-0.1494140625,0.719482421875,-0.630126953125,19.83642578125,-4.69970703125,0.18310546875,12.181346893310547,138.38916015625,156.0971221923828
-0.131591796875,0.7216796875,-0.644287109375,20.20263671875,-4.8828125,0.6103515625,12.186702728271484,138.89285278320312,155.88853454589844
-0.150634765625,0.699462890625,-0.656982421875,18.12744140625,-4.45556640625,1.3427734375,12.158753395080565,139.34573364257812,155.6770782470703
-0.140380859375,0.68896484375,-0.681396484375,18.61572265625,-4.7607421875,1.0986328125,12.12110424041748,139.85934448242188,155.4746551513672
-0.16357421875,0.69677734375,-0.667236328125,18.00537109375,-4.08935546875,1.15966796875,12.089400291442873,140.29429626464844,155.27706909179688
-0.146240234375,0.709716796875,-0.65478515625,14.16015625,-3.23486328125,-0.67138671875,12.071788787841795,140.53228759765622,155.14796447753906
-0.1484375,0.67626953125,-0.6669921875,11.962890625,-2.50244140625,-1.03759765625,12.050740242004395,140.75601196289062,155.0640869140625
-0.1533203125,0.671630859375,-0.679443359375,10.3759765625,-2.685546875,-1.40380859375,12.043707847595215,140.92135620117188,154.98838806152344
-0.151123046875,0.67724609375,-0.68115234375,10.55908203125,-3.2958984375,-1.89208984375,12.072181701660154,141.09742736816406,154.91366577148438
-0.14990234375,0.67919921875,-0.694580078125,9.46044921875,-3.7841796875,-1.5869140625,12.100187301635742,141.23683166503906,154.81956481933594
-0.151611328125,0.65673828125,-0.69091796875,9.765625,-3.60107421875,-1.64794921875,12.124368667602539,141.4105682373047,154.73667907714844
-0.1455078125,0.660400390625,-0.696044921875,7.14111328125,-2.9296875,-0.8544921875,12.099367141723633,141.47891235351562,154.64613342285156
-0.136474609375,0.640869140625,-0.72216796875,7.32421875,-1.89208984375,0.1220703125,11.994845390319824,141.6277618408203,154.56629943847656
-0.1494140625,0.63671875,-0.692138671875,7.26318359375,-3.35693359375,-0.06103515625,12.018831253051758,141.7488555908203,154.45175170898438
-0.14794921875,0.635009765625,-0.718505859375,7.6904296875,-4.21142578125,-0.1220703125,12.025404930114744,141.89593505859375,154.32052612304688
-0.15673828125,0.62255859375,-0.7177734375,8.1787109375,-4.21142578125,0.3662109375,12.043527603149414,142.0751495361328,154.17713928222656
-0.140625,0.633544921875,-0.72509765625,6.65283203125,-4.5166015625,1.15966796875,12.035013198852539,142.13441467285156,153.99002075195312
-0.15869140625,0.64013671875,-0.706298828125,4.94384765625,-4.21142578125,0.79345703125,12.046741485595705,142.12123107910156,153.8208465576172
-0.146728515625,0.625732421875,-0.740234375,4.7607421875,-4.08935546875,0.06103515625,12.037606239318848,142.18629455566406,153.69505310058594
-0.152099609375,0.608642578125,-0.738037109375,2.99072265625,-3.60107421875,-0.18310546875,12.006509780883787,142.18734741210938,153.59014892578125
-0.1552734375,0.616455078125,-0.71728515625,2.13623046875,-3.90625,-0.6103515625,12.038105964660645,142.1313018798828,153.48638916015625
-0.150634765625,0.60546875,-0.73291015625,1.708984375,-4.7607421875,0.0,12.067362785339355,142.09664916992188,153.35113525390625
-0.13916015625,0.606201171875,-0.748291015625,-1.3427734375,-4.82177734375,0.54931640625,12.029871940612793,141.90501403808594,153.19029235839844
-0.1474609375,0.59716796875,-0.730224609375,-1.8310546875,-4.2724609375,0.6103515625,12.023627281188965,141.74734497070312,153.05137634277344
-0.155029296875,0.595703125,-0.753662109375,-0.67138671875,-3.90625,0.42724609375,12.021627426147461,141.68417358398438,152.9365692138672
-0.134765625,0.595947265625,-0.757080078125,-1.8310546875,-5.18798828125,-0.244140625,12.02548885345459,141.56492614746094,152.80941772460938
-0.161865234375,0.6005859375,-0.739501953125,-4.21142578125,-5.06591796875,0.9765625,12.064417839050293,141.32644653320312,152.64224243164062
-0.15771484375,0.604248046875,-0.75244140625,-2.50244140625,-5.126953125,0.3662109375,12.103989601135256,141.18238830566406,152.4971160888672
-0.16064453125,0.595703125,-0.74462890625,-0.48828125,-6.103515625,-0.9765625,12.210162162780762,141.17678833007812,152.38087463378906
-0.134765625,0.594482421875,-0.75439453125,2.74658203125,-6.16455078125,-2.74658203125,12.302305221557615,141.28565979003906,152.31417846679688
-0.1572265625,0.588134765625,-0.75927734375,5.18798828125,-5.7373046875,-1.77001953125,12.405437469482422,141.50296020507812,152.23080444335938
-0.16162109375,0.583740234375,-0.7763671875,7.568359375,-5.55419921875,-1.64794921875,12.484484672546387,141.8435516357422,152.15504455566406
-0.146240234375,0.572265625,-0.767578125,8.85009765625,-6.16455078125,-1.8310546875,12.572027206420898,142.2263946533203,152.0696563720703
-0.134765625,0.58203125,-0.7666015625,9.765625,-5.7373046875,-1.708984375,12.61182975769043,142.61199951171875,151.98486328125
-0.14404296875,0.569091796875,-0.760498046875,7.4462890625,-4.82177734375,-1.15966796875,12.649351119995115,142.88970947265625,151.90272521972656
-0.15673828125,0.576904296875,-0.755615234375,3.35693359375,-3.5400390625,0.54931640625,12.617950439453125,142.98141479492188,151.79331970214844
-0.15478515625,0.56884765625,-0.77685546875,1.220703125,-4.150390625,1.40380859375,12.577853202819824,143.02088928222656,151.6504364013672
-0.167236328125,0.552490234375,-0.765869140625,0.6103515625,-5.2490234375,0.67138671875,12.59051513671875,143.07562255859375,151.513427734375
-0.1591796875,0.565673828125,-0.76220703125,0.67138671875,-5.31005859375,0.06103515625,12.636098861694336,143.07774353027344,151.38218688964844
-0.152099609375,0.5634765625,-0.775390625,-0.8544921875,-4.7607421875,0.67138671875,12.627821922302244,143.0404510498047,151.24951171875
-0.156005859375,0.561279296875,-0.775146484375,-1.8310546875,-3.84521484375,0.732421875,12.616776466369627,142.94288635253906,151.1316375732422
-0.161376953125,0.557373046875,-0.77587890625,-4.21142578125,-5.18798828125,1.03759765625,12.636375427246096,142.78392028808594,150.97996520996094
-0.159912109375,0.552978515625,-0.80078125,-2.13623046875,-5.18798828125,0.1220703125,12.667101860046387,142.76419067382812,150.86871337890625
-0.162353515625,0.539794921875,-0.789306640625,0.1220703125,-5.2490234375,0.1220703125,12.6763334274292,142.8624267578125,150.76205444335938
-0.158935546875,0.537841796875,-0.776123046875,1.46484375,-6.2255859375,0.0,12.750462532043455,142.97528076171875,150.6279754638672
-0.134033203125,0.53662109375,-0.797119140625,1.8310546875,-6.4697265625,0.6103515625,12.75151538848877,143.12425231933594,150.47438049316406
-0.162109375,0.555908203125,-0.80322265625,2.86865234375,-4.638671875,-0.244140625,12.791544914245605,143.30540466308594,150.38858032226562
-0.172119140625,0.52880859375,-0.791259765625,1.40380859375,-4.638671875,-0.42724609375,12.849523544311525,143.44866943359375,150.31362915039062
-0.170654296875,0.524169921875,-0.777587890625,0.79345703125,-4.5166015625,0.42724609375,12.883537292480467,143.5469207763672,150.21060180664062
-0.155029296875,0.51806640625,-0.792724609375,0.9765625,-3.90625,0.8544921875,12.850420951843262,143.68759155273438,150.1163330078125
-0.155029296875,0.50927734375,-0.798828125,0.48828125,-5.55419921875,0.79345703125,12.86981201171875,143.8153533935547,149.98777770996094
-0.172607421875,0.5146484375,-0.802001953125,-1.5869140625,-6.65283203125,0.06103515625,12.97979736328125,143.84678649902344,149.85450744628906
-0.17333984375,0.519775390625,-0.787109375,-0.8544921875,-4.94384765625,-1.220703125,13.071663856506348,143.90260314941406,149.80006408691406
-0.162353515625,0.528564453125,-0.78466796875,-4.7607421875,-4.69970703125,-0.54931640625,13.103403091430664,143.7669219970703,149.72250366210938
-0.164794921875,0.509521484375,-0.7939453125,-4.57763671875,-3.84521484375,-0.3662109375,13.109285354614258,143.6987762451172,149.672119140625
-0.177978515625,0.491943359375,-0.81298828125,-1.64794921875,-5.0048828125,-0.9765625,13.15813446044922,143.82275390625,149.6310577392578
-0.17138671875,0.50537109375,-0.817138671875,0.06103515625,-5.7373046875,-0.8544921875,13.243228912353516,143.9700164794922,149.5596923828125
-0.15087890625,0.509765625,-0.809326171875,-1.28173828125,-5.37109375,0.18310546875,13.243106842041016,144.03318786621094,149.45777893066406
-0.153564453125,0.51220703125,-0.789306640625,-3.2958984375,-4.0283203125,0.9765625,13.217878341674805,144.0227508544922,149.3632049560547
-0.161376953125,0.509033203125,-0.8173828125,-4.0283203125,-3.90625,1.220703125,13.169187545776367,143.9855194091797,149.26425170898438
-0.14892578125,0.48974609375,-0.820556640625,-3.41796875,-5.31005859375,0.79345703125,13.152494430541992,144.01393127441406,149.1559295654297
-0.173828125,0.490966796875,-0.82421875,-0.18310546875,-5.615234375,0.48828125,13.175780296325685,144.1607666015625,149.04769897460938
-0.15234375,0.48876953125,-0.805908203125,0.18310546875,-5.37109375,0.48828125,13.18073558807373,144.3122100830078,148.94322204589844
-0.164794921875,0.4970703125,-0.823486328125,-1.15966796875,-5.7373046875,1.64794921875,13.192361831665039,144.39732360839844,148.791259765625
-0.170166015625,0.51171875,-0.806640625,-2.99072265625,-4.8828125,2.38037109375,13.199870109558105,144.35055541992188,148.62225341796875
-0.18310546875,0.489990234375,-0.813232421875,-2.99072265625,-3.0517578125,1.0986328125,13.183808326721193,144.3807830810547,148.5527801513672
-0.1611328125,0.482421875,-0.824462890625,-4.150390625,-4.638671875,1.0986328125,13.167205810546875,144.3851776123047,148.4521942138672
-0.163818359375,0.46533203125,-0.81396484375,-3.35693359375,-4.21142578125,1.0986328125,13.14585781097412,144.4221649169922,148.36138916015625
-0.177490234375,0.464111328125,-0.836669921875,-0.06103515625,-4.69970703125,0.244140625,13.190960884094238,144.64749145507812,148.29942321777344
-0.169189453125,0.460693359375,-0.826904296875,1.953125,-5.55419921875,0.0,13.252972602844238,144.93800354003906,148.22332763671875
-0.167236328125,0.468994140625,-0.81201171875,0.48828125,-5.67626953125,0.79345703125,13.284097671508787,145.10748291015625,148.10601806640625
-0.1708984375,0.489990234375,-0.816162109375,-4.2724609375,-5.31005859375,2.50244140625,13.278246879577635,145.03695678710938,147.93145751953125
-0.15966796875,0.4814453125,-0.826416015625,-6.77490234375,-5.0048828125,3.2958984375,13.216978073120115,144.8953399658203,147.74501037597656
-0.1787109375,0.461181640625,-0.830322265625,-4.638671875,-5.37109375,2.62451171875,13.224298477172852,144.91172790527344,147.58775329589844
-0.16796875,0.450927734375,-0.832275390625,-0.48828125,-6.7138671875,0.91552734375,13.300126075744627,145.10768127441406,147.45826721191406
-0.167236328125,0.47021484375,-0.832275390625,0.244140625,-6.8359375,0.732421875,13.375137329101562,145.28497314453125,147.32191467285156
-0.16015625,0.472900390625,-0.832763671875,0.9765625,-5.9814453125,0.42724609375,13.418041229248047,145.5039825439453,147.21791076660156
-0.15966796875,0.448486328125,-0.844970703125,-0.3662109375,-6.4697265625,0.06103515625,13.475931167602539,145.70944213867188,147.12518310546875
-0.14794921875,0.466064453125,-0.811279296875,-5.06591796875,-5.7373046875,1.52587890625,13.453410148620605,145.6334686279297,146.98065185546875
-0.1611328125,0.48291015625,-0.806640625,-12.02392578125,-4.0283203125,3.35693359375,13.373342514038086,145.27281188964844,146.81326293945312
-0.1650390625,0.461669921875,-0.822021484375,-21.42333984375,-0.48828125,4.150390625,13.159707069396973,144.58856201171875,146.71142578125
-0.167236328125,0.470458984375,-0.81689453125,-29.23583984375,-0.30517578125,4.33349609375,12.947568893432615,143.59371948242188,146.60922241210938
-0.156005859375,0.4775390625,-0.79541015625,-40.10009765625,0.6103515625,5.9814453125,12.625792503356935,142.14169311523438,146.47459411621094
-0.153076171875,0.496337890625,-0.79052734375,-58.59375,3.72314453125,10.7421875,12.112934112548828,139.96136474609378,146.2786865234375
-0.1455078125,0.500732421875,-0.78173828125,-67.32177734375,5.9814453125,13.0615234375,11.468164443969727,137.50123596191406,146.10086059570312
-0.138916015625,0.51513671875,-0.787353515625,-72.69287109375,7.6904296875,14.2822265625,10.718561172485352,134.87852478027344,145.96534729003906
-0.132080078125,0.5537109375,-0.75048828125,-75.74462890625,9.33837890625,12.20703125,10.009737014770508,132.16879272460938,145.96279907226562
-0.1201171875,0.596435546875,-0.75390625,-80.26123046875,10.8642578125,12.63427734375,9.23741626739502,129.32040405273438,146.02737426757812
-0.106201171875,0.58740234375,-0.741455078125,-85.44921875,13.916015625,14.16015625,8.346942901611326,126.42267608642578,146.2030792236328
-0.064453125,0.624755859375,-0.720703125,-89.78271484375,20.99609375,21.17919921875,7.007025718688965,123.34645080566406,146.4824981689453
-0.114990234375,0.637939453125,-0.71484375,-101.86767578125,21.91162109375,24.5361328125,5.720518112182617,119.8670883178711,146.78219604492188
-0.10302734375,0.634765625,-0.73046875,-101.86767578125,21.54541015625,22.216796875,4.59024715423584,116.57230377197266,147.1924591064453
-0.123779296875,0.665771484375,-0.728759765625,-98.0224609375,17.27294921875,17.578125,3.77807092666626,113.47344207763672,147.579833984375
-0.124267578125,0.878662109375,-0.723876953125,-86.181640625,14.58740234375,13.24462890625,3.1731927394866943,110.65814971923828,147.95753479003906
-0.13818359375,0.716552734375,-0.67578125,-90.51513671875,5.55419921875,11.77978515625,2.831396102905273,108.53131866455078,148.0862579345703
-0.102294921875,0.76953125,-0.6259765625,-78.857421875,0.30517578125,9.46044921875,2.5969934463500977,106.15595245361328,148.01963806152344
-0.070556640625,0.748291015625,-0.619140625,-76.59912109375,-3.11279296875,9.3994140625,2.3389041423797607,103.97390747070312,147.8394317626953
-0.0439453125,0.73046875,-0.587646484375,-75.37841796875,-3.5400390625,9.94873046875,2.02068305015564,101.88568115234376,147.6486358642578
-0.0634765625,0.74267578125,-0.58837890625,-70.25146484375,0.54931640625,7.568359375,1.8011059761047363,100.0773696899414,147.64547729492188
-0.06201171875,0.78369140625,-0.55810546875,-72.08251953125,0.8544921875,4.57763671875,1.697490692138672,98.15599060058594,147.67828369140625
-0.05810546875,0.799560546875,-0.534423828125,-76.0498046875,0.244140625,4.45556640625,1.6226356029510498,96.09095764160156,147.69212341308594
-0.0712890625,0.757568359375,-0.511474609375,-83.19091796875,0.1220703125,5.43212890625,1.5270241498947144,93.81649017333984,147.70462036132812
-0.0791015625,0.789306640625,-0.517333984375,-83.49609375,0.9765625,5.67626953125,1.436722993850708,91.58204650878906,147.75856018066406
-0.1083984375,0.794677734375,-0.505615234375,-85.5712890625,-0.6103515625,4.39453125,1.4937981367111206,89.27188110351562,147.75477600097656
-0.096923828125,0.779052734375,-0.478271484375,-82.09228515625,-6.04248046875,-0.9765625,1.7163174152374268,87.18196868896484,147.53929138183594
-0.072265625,0.753173828125,-0.4697265625,-79.58984375,-9.33837890625,-1.46484375,1.880372405052185,85.27259826660156,147.19874572753906
-0.079345703125,0.755126953125,-0.45458984375,-78.67431640625,-12.39013671875,1.220703125,1.9288194179534912,83.43389892578125,146.7506103515625
-0.065673828125,0.747314453125,-0.417724609375,-72.75390625,-15.869140625,6.34765625,1.7108057737350464,81.82299041748047,146.1948699951172
-0.0615234375,0.74560546875,-0.363525390625,-65.24658203125,-18.85986328125,9.521484375,1.3343905210494995,80.4600830078125,145.54246520996094
-0.0546875,0.814453125,-0.358642578125,-55.72509765625,-19.1650390625,11.29150390625,0.8202612400054932,79.41084289550781,144.89170837402344
-0.078125,0.874755859375,-0.336181640625,-57.92236328125,-21.54541015625,11.77978515625,0.35708409547805786,78.26607513427734,144.15011596679688
-0.06787109375,0.863525390625,-0.320556640625,-60.302734375,-23.3154296875,12.26806640625,-0.16147862374782562,77.05033111572266,143.3470916748047
-0.0419921875,0.82568359375,-0.31787109375,-61.58447265625,-24.23095703125,13.916015625,-0.8183701038360596,75.87273406982422,142.5275421142578
-0.05419921875,0.807373046875,-0.283447265625,-55.11474609375,-25.146484375,18.6767578125,-1.618307113647461,74.92841339111328,141.7193603515625
-0.04931640625,0.81884765625,-0.271484375,-46.44775390625,-27.7099609375,21.91162109375,-2.567232608795166,74.34366607666016,140.84181213378906
-0.042236328125,0.824462890625,-0.26416015625,-38.63525390625,-26.85546875,24.5361328125,-3.6207959651947017,74.06246948242188,140.01422119140622
-0.043212890625,0.857177734375,-0.22802734375,-34.11865234375,-25.146484375,25.87890625,-4.6525230407714835,73.90547943115234,139.2525634765625
-0.015869140625,0.89892578125,-0.215087890625,-33.63037109375,-24.59716796875,24.96337890625,-5.679047584533691,73.73787689208984,138.4871826171875
-0.011474609375,0.92333984375,-0.19287109375,-36.92626953125,-22.216796875,22.27783203125,-6.592988967895508,73.3804931640625,137.77398681640622
0.008056640625,0.945068359375,-0.162109375,-44.73876953125,-14.404296875,18.5546875,-7.251668930053711,72.63841247558594,137.31640625
-0.014404296875,0.921630859375,-0.14453125,-51.7578125,-10.986328125,16.78466796875,-7.729654312133789,71.6029281616211,136.9688720703125
-0.020263671875,0.91748046875,-0.1318359375,-52.3681640625,-11.90185546875,16.90673828125,-8.235564231872559,70.57466888427734,136.58985900878906
-0.029541015625,0.9375,-0.1123046875,-46.7529296875,-13.12255859375,18.12744140625,-8.729107856750487,69.74958801269531,136.18798828125
-0.0341796875,0.9677734375,-0.092041015625,-41.50390625,-14.58740234375,17.27294921875,-9.186901092529297,69.12431335449219,135.72415161132812
-0.002685546875,1.018310546875,-0.103759765625,-40.771484375,-17.02880859375,16.357421875,-9.728314399719238,68.57408905029297,135.1517333984375
0.026123046875,1.03466796875,-0.109375,-38.818359375,-17.333984375,13.5498046875,-10.197793006896973,68.15506744384766,134.51678466796878
0.010498046875,1.057373046875,-0.10986328125,-39.794921875,-16.845703125,12.0849609375,-10.559566497802734,67.71356201171875,133.87191772460938
0.010986328125,1.050537109375,-0.1005859375,-42.54150390625,-15.93017578125,8.60595703125,-10.783199310302734,67.16712951660156,133.20639038085938
0.035400390625,1.05029296875,-0.062744140625,-41.8701171875,-10.498046875,3.2958984375,-10.759857177734377,66.57083892822266,132.67198181152344
0.03955078125,1.031494140625,-0.052734375,-41.6259765625,-7.99560546875,3.5400390625,-10.720767974853516,65.96858215332031,132.2379150390625
0.05322265625,1.104736328125,-0.020751953125,-25.7568359375,1.220703125,4.33349609375,-10.778460502624512,65.18678283691406,131.45030212402344
0.0634765625,1.0986328125,-0.010986328125,-24.169921875,4.8828125,-0.06103515625,-10.4381103515625,65.16735076904297,131.44485473632812
0.063720703125,1.111572265625,-0.008056640625,-25.93994140625,7.6904296875,-2.13623046875,-9.986547470092773,65.06011199951172,131.51425170898438
-0.123046875,0.892822265625,0.124267578125,-23.5595703125,5.37109375,-5.9814453125,-3.764071226119995,68.38651275634766,131.35676574707028
-0.037353515625,0.989501953125,0.04345703125,-18.4326171875,1.40380859375,-5.06591796875,-3.32878041267395,68.38317108154297,131.28591918945312
0.030517578125,1.017822265625,0.021240234375,-14.0380859375,-1.46484375,-4.0283203125,-3.1440107822418213,68.61044311523439,131.1268310546875
0.012939453125,0.9736328125,0.0537109375,-20.263671875,1.64794921875,5.859375,-2.5524702072143555,68.06230926513672,131.46763610839844
-0.012451171875,0.98095703125,0.060302734375,-17.15087890625,4.150390625,7.568359375,-2.646212100982666,68.07080841064453,131.70230102539062
0.0078125,0.9794921875,0.048828125,-15.80810546875,3.0517578125,10.43701171875,-2.9062197208404537,68.15688323974611,131.93629455566406
-0.010009765625,1.12451171875,0.0458984375,-5.55419921875,2.50244140625,17.88330078125,-3.4514384269714355,68.67506408691406,132.25244140625
0.22314453125,0.891357421875,0.040283203125,-5.859375,3.173828125,4.8828125,-4.0120506286621085,69.12688446044922,132.39854431152344
0.033447265625,0.96044921875,0.006591796875,-8.36181640625,0.9765625,2.13623046875,-4.007246971130371,69.57219696044922,132.41004943847656
0.01708984375,0.9814453125,0.0546875,-8.4228515625,-1.708984375,2.13623046875,-4.027253150939941,69.90631103515625,132.328125
-0.01611328125,0.9697265625,0.060791015625,-8.85009765625,-4.33349609375,1.89208984375,-3.965341806411743,70.19627380371094,132.14535522460938
0.01171875,0.980712890625,0.0546875,-9.21630859375,-7.38525390625,2.13623046875,-4.019457340240479,70.4835205078125,131.85028076171878
0.00048828125,0.985595703125,0.060546875,-8.7890625,-4.2724609375,2.13623046875,-4.058846950531007,72.30793762207031,130.31953430175778
0.00439453125,0.985107421875,0.058349609375,-9.765625,-4.82177734375,2.197265625,-4.0534749031066895,72.47821807861328,130.12208557128906
0.00390625,0.991943359375,0.047119140625,-8.1787109375,-4.57763671875,1.708984375,-4.025394916534424,72.73091125488281,129.92646789550778
0.004638671875,0.985107421875,0.0615234375,-9.09423828125,-4.638671875,2.13623046875,-4.0302066802978525,72.93180084228516,129.73432922363278
0.014404296875,0.998291015625,0.053466796875,-9.33837890625,-4.638671875,2.25830078125,-4.046786308288573,73.10697174072266,129.54421997070312
-0.00244140625,0.986572265625,0.04638671875,-8.544921875,-4.7607421875,1.64794921875,-4.002159118652344,73.32240295410156,129.34123229980472
0.01416015625,0.9833984375,0.06396484375,-9.033203125,-5.55419921875,2.13623046875,-4.007720947265625,73.52720642089844,129.11276245117188
0.01123046875,0.982177734375,0.06298828125,-9.21630859375,-5.2490234375,2.197265625,-4.0205650329589835,73.66246032714844,128.90049743652344
0.00146484375,0.984375,0.049072265625,-8.85009765625,-4.82177734375,1.64794921875,-3.98459792137146,73.83806610107422,128.69624328613278
0.002197265625,0.981689453125,0.058837890625,-8.85009765625,-5.31005859375,1.8310546875,-4.001237869262694,74.04205322265625,128.47329711914062
-0.000244140625,0.99853515625,0.064697265625,-9.1552734375,-4.57763671875,1.953125,-3.969428539276123,74.15662384033203,128.28453063964844
-0.00341796875,0.98828125,0.051513671875,-8.85009765625,-4.5166015625,2.44140625,-3.9496705532073975,74.30648803710938,128.10173034667972
0.005126953125,0.9931640625,0.06689453125,-8.85009765625,-5.126953125,2.38037109375,-3.9311401844024663,74.42922973632812,127.896484375
0.009765625,0.9775390625,0.04833984375,-8.1787109375,-4.7607421875,2.01416015625,-3.92862868309021,74.60212707519531,127.69978332519531
0.003662109375,0.9873046875,0.055419921875,-9.46044921875,-4.69970703125,2.197265625,-3.9177167415618896,74.70193481445312,127.50843811035156
0.012939453125,0.982177734375,0.037841796875,-8.056640625,-4.7607421875,1.953125,-3.92894458770752,74.8704605102539,127.31126403808594
0.017333984375,0.987060546875,0.053955078125,-8.11767578125,-4.45556640625,2.01416015625,-3.9388949871063232,75.01622009277344,127.12744140625
0.001220703125,0.99755859375,0.065673828125,-8.544921875,-4.5166015625,2.0751953125,-3.913731336593628,75.11448669433594,126.9434814453125
0.021240234375,0.98095703125,0.04931640625,-8.30078125,-5.06591796875,1.64794921875,-3.890990257263184,75.260986328125,126.7313995361328
0.0068359375,0.989501953125,0.054931640625,-9.09423828125,-4.82177734375,2.25830078125,-3.8902008533477774,75.35134887695312,126.53639221191406
-0.002197265625,0.984130859375,0.068359375,-9.33837890625,-4.94384765625,2.3193359375,-3.871705055236816,75.39755249023438,126.33935546875
0.001708984375,0.979736328125,0.04248046875,-9.21630859375,-5.2490234375,1.708984375,-3.8743603229522714,75.4851303100586,126.1221160888672
0.001953125,0.9775390625,0.056884765625,-8.6669921875,-4.94384765625,2.25830078125,-3.863470077514648,75.57810974121094,125.92294311523438
0.00830078125,0.980224609375,0.056640625,-8.85009765625,-4.69970703125,1.708984375,-3.8437347412109375,75.66070556640625,125.72795104980469
0.005615234375,0.987060546875,0.0546875,-8.60595703125,-4.82177734375,2.01416015625,-3.8887529373168954,76.03346252441406,124.90843200683594
0.01025390625,0.977294921875,0.052734375,-8.48388671875,-4.8828125,1.40380859375,-3.8610858917236333,76.1222152709961,124.70295715332031
0.01416015625,0.9921875,0.047119140625,-8.48388671875,-4.82177734375,2.01416015625,-3.8659856319427486,76.22135925292969,124.50497436523438
0.01611328125,0.986328125,0.060546875,-8.60595703125,-4.7607421875,2.0751953125,-3.899733543395996,76.51641082763672,123.7204132080078
0.0078125,0.983154296875,0.045166015625,-8.544921875,-4.8828125,1.8310546875,-3.880966901779175,76.60160064697266,123.51797485351562
0.00244140625,0.978759765625,0.04443359375,-9.033203125,-4.94384765625,2.0751953125,-3.8603785037994394,76.66510009765625,123.3154754638672
0.0224609375,0.9912109375,0.04248046875,-9.27734375,-4.7607421875,2.197265625,-3.894766807556152,76.86906433105469,122.5245361328125
0.00634765625,0.9912109375,0.052490234375,-9.27734375,-5.126953125,1.89208984375,-3.875922679901123,76.89606475830078,122.314453125
0.0078125,0.98486328125,0.055419921875,-9.3994140625,-4.57763671875,2.0751953125,-3.863339900970459,76.90806579589844,122.12811279296876
-0.004150390625,0.981689453125,0.050537109375,-8.9111328125,-4.45556640625,2.0751953125,-3.802452087402344,77.34364318847656,120.07391357421876
0.010009765625,0.9765625,0.0546875,-8.48388671875,-5.0048828125,1.953125,-3.7954421043396,77.37623596191406,119.87051391601562
0.0078125,0.987548828125,0.06396484375,-8.72802734375,-5.06591796875,2.3193359375,-3.7979116439819336,77.3780288696289,119.6692352294922
