-0.02734375,0.985595703125,-0.077880859375,-8.30078125,-4.82177734375,2.38037109375,-1.166926622390747,86.21112823486328,26.98352432250977
-0.013671875,0.987548828125,-0.07470703125,-7.8125,-4.8828125,2.3193359375,-1.1940675973892212,86.20914459228516,26.78784942626953
-0.0244140625,0.986572265625,-0.070068359375,-7.9345703125,-4.57763671875,2.01416015625,-1.1825456619262695,86.19168853759766,26.60356903076172
-0.0244140625,0.98193359375,-0.074462890625,-8.544921875,-5.2490234375,1.8310546875,-1.1657508611679075,86.1618423461914,26.391876220703125
-0.019775390625,0.979248046875,-0.077392578125,-8.4228515625,-5.18798828125,2.01416015625,-1.1674258708953855,86.14517211914062,26.183086395263672
-0.026611328125,0.986083984375,-0.08251953125,-8.1787109375,-4.45556640625,2.25830078125,-1.16159987449646,86.14867401123047,26.00391387939453
-0.023193359375,0.981201171875,-0.071533203125,-8.60595703125,-5.4931640625,2.50244140625,-1.1758781671524048,86.11165618896484,25.784481048583984
-0.02392578125,0.967041015625,-0.07275390625,-7.62939453125,-4.33349609375,2.0751953125,-1.1672065258026123,86.11942291259766,25.610095977783203
-0.02392578125,0.990966796875,-0.07958984375,-7.9345703125,-4.82177734375,1.708984375,-1.1469378471374512,86.12649536132812,25.41508865356445
-0.02978515625,0.9765625,-0.076416015625,-8.544921875,-4.8828125,2.5634765625,-1.1472514867782593,86.1041488647461,25.219993591308594
-0.01708984375,0.987060546875,-0.077392578125,-7.6904296875,-4.39453125,1.953125,-1.1518547534942627,86.11695861816406,25.04293441772461
-0.03173828125,0.964599609375,-0.0712890625,-8.23974609375,-4.45556640625,2.25830078125,-1.1332879066467283,86.09706115722656,24.864273071289066
-0.013671875,0.99658203125,-0.08349609375,-7.9345703125,-4.638671875,2.5634765625,-1.1715525388717651,86.11261749267578,24.678913116455078
-0.0166015625,0.978271484375,-0.0712890625,-8.11767578125,-5.126953125,1.77001953125,-1.1705447435379028,86.09625244140625,24.472248077392575
-0.020751953125,0.993408203125,-0.080810546875,-7.9345703125,-4.94384765625,1.708984375,-1.1579034328460691,86.10668182373047,24.2723388671875
-0.016845703125,0.984130859375,-0.07666015625,-8.1787109375,-5.06591796875,1.8310546875,-1.159422516822815,86.09930419921875,24.06812286376953
-0.0107421875,0.980712890625,-0.086181640625,-7.9345703125,-4.57763671875,2.44140625,-1.197921872138977,86.12398529052734,23.88455581665039
-0.015380859375,0.97802734375,-0.081298828125,-7.9345703125,-5.37109375,1.89208984375,-1.2041736841201782,86.1378173828125,23.66783142089844
-0.01171875,0.99072265625,-0.09033203125,-7.6904296875,-4.638671875,1.64794921875,-1.2074012756347656,86.1783218383789,23.479328155517575
-0.022216796875,0.97802734375,-0.08642578125,-7.38525390625,-5.126953125,1.953125,-1.1990854740142822,86.22347259521484,23.27211761474609
-0.01904296875,0.984130859375,-0.072021484375,-7.568359375,-4.5166015625,2.0751953125,-1.2018005847930908,86.22496795654297,23.090335845947266
-0.02734375,0.970458984375,-0.087890625,-7.8125,-4.82177734375,1.3427734375,-1.1562151908874512,86.25576782226562,22.89365005493164
-0.027587890625,0.998046875,-0.091796875,-8.30078125,-4.638671875,2.50244140625,-1.1592453718185425,86.26873016357422,22.70734214782715
-0.02197265625,0.97314453125,-0.093505859375,-7.50732421875,-4.33349609375,2.38037109375,-1.1679421663284302,86.32186889648438,22.53273200988769
-0.02490234375,0.96923828125,-0.06787109375,-8.056640625,-5.0048828125,1.953125,-1.1535722017288208,86.29309844970703,22.331340789794922
-0.0146484375,0.9755859375,-0.08740234375,-7.75146484375,-4.7607421875,2.25830078125,-1.1756638288497925,86.32141876220703,22.13973045349121
-0.0224609375,0.99853515625,-0.071533203125,-8.85009765625,-4.69970703125,2.25830078125,-1.179680585861206,86.2643814086914,21.951175689697266
-0.009033203125,0.978515625,-0.074462890625,-7.99560546875,-4.69970703125,2.0751953125,-1.2064332962036133,86.25389862060547,21.76209831237793
-0.013916015625,0.974609375,-0.08203125,-7.9345703125,-4.69970703125,2.01416015625,-1.218354344367981,86.2644271850586,21.57230567932129
-0.012939453125,0.992919921875,-0.069091796875,-7.568359375,-4.21142578125,1.5869140625,-1.2142877578735352,86.25606536865234,21.40157699584961
-0.021484375,0.98095703125,-0.069091796875,-7.9345703125,-5.126953125,1.953125,-1.2071856260299685,86.23597717285156,21.195125579833984
-0.019287109375,0.98486328125,-0.075927734375,-8.056640625,-5.0048828125,1.89208984375,-1.2029972076416016,86.22669219970703,20.993146896362305
-0.01611328125,0.976806640625,-0.072509765625,-8.11767578125,-5.2490234375,2.197265625,-1.2187334299087524,86.20911407470703,20.78236961364746
-0.01611328125,0.976318359375,-0.074462890625,-8.30078125,-5.126953125,2.13623046875,-1.2311835289001465,86.18942260742188,20.576152801513672
-0.025146484375,0.981201171875,-0.07861328125,-7.2021484375,-4.82177734375,1.77001953125,-1.2071845531463623,86.2227783203125,20.38088798522949
-0.017333984375,0.98828125,-0.07666015625,-7.6904296875,-4.8828125,2.0751953125,-1.2146257162094116,86.22962951660156,20.184246063232425
-0.020751953125,0.981689453125,-0.092041015625,-8.60595703125,-4.7607421875,2.25830078125,-1.2207694053649902,86.23573303222656,19.99208641052246
-0.02001953125,0.983154296875,-0.07666015625,-7.9345703125,-4.5166015625,2.44140625,-1.234924554824829,86.23292541503906,19.81085205078125
-0.017822265625,0.977294921875,-0.077880859375,-7.38525390625,-4.57763671875,2.0751953125,-1.2388992309570312,86.25616455078125,19.626117706298828
-0.03466796875,0.977294921875,-0.08447265625,-7.38525390625,-4.69970703125,1.8310546875,-1.194332718849182,86.29349517822266,19.435428619384766
-0.016357421875,0.978515625,-0.09130859375,-8.11767578125,-4.7607421875,1.5869140625,-1.1843076944351196,86.31558990478516,19.241748809814453
-0.00830078125,0.993896484375,-0.08837890625,-7.6904296875,-4.33349609375,2.13623046875,-1.2142889499664309,86.3437728881836,19.0667724609375
-0.020263671875,0.9794921875,-0.064208984375,-7.9345703125,-4.5166015625,2.38037109375,-1.2251251935958862,86.30874633789062,18.885910034179688
-0.020751953125,0.9755859375,-0.0966796875,-8.056640625,-5.0048828125,1.89208984375,-1.216326355934143,86.34587097167969,18.68271255493164
-0.01171875,0.972900390625,-0.060791015625,-8.056640625,-5.0048828125,2.25830078125,-1.2429733276367188,86.2994613647461,18.48225975036621
-0.012451171875,0.9814453125,-0.07958984375,-7.568359375,-4.638671875,2.01416015625,-1.256717085838318,86.31602478027344,18.29481315612793
-0.023681640625,0.9853515625,-0.07666015625,-7.9345703125,-5.37109375,1.46484375,-1.2241218090057373,86.31047821044922,18.07676887512207
-0.021484375,1.001220703125,-0.053466796875,-7.38525390625,-13.61083984375,3.23486328125,-1.2890137434005735,86.27940368652344,17.535388946533207
-0.016845703125,0.96875,-0.033203125,-9.765625,-21.91162109375,4.7607421875,-1.4428613185882568,86.11991882324219,16.667224884033207
-0.026611328125,0.947021484375,-0.1318359375,-9.1552734375,-19.53125,3.662109375,-1.5184117555618286,86.22525024414062,15.884876251220705
0.012451171875,0.99658203125,-0.084228515625,-7.32421875,-8.60595703125,2.197265625,-1.5956429243087769,86.26748657226562,15.537874221801758
0.032958984375,0.964599609375,-0.084716796875,-8.30078125,-4.8828125,1.28173828125,-1.6731584072113037,86.27251434326172,15.336797714233398
0.064697265625,0.97412109375,-0.14599609375,-7.9345703125,-4.08935546875,0.3662109375,-1.7814222574234009,86.42790222167969,15.160791397094727
-0.074951171875,1.000732421875,-0.070068359375,-5.92041015625,-34.48486328125,2.197265625,-1.7094334363937378,86.51776885986328,13.77876091003418
-0.00537109375,1.176025390625,0.002197265625,-11.962890625,-34.0576171875,17.51708984375,-2.409708261489868,86.205810546875,12.456205368041992
-0.192626953125,1.121826171875,-0.1640625,-0.9765625,-14.6484375,4.638671875,-2.155392408370972,86.64738464355469,11.862689971923828
-0.00537109375,1.136474609375,-0.169189453125,-7.9345703125,-19.59228515625,5.859375,-2.3357999324798584,86.81301879882812,11.074846267700195
0.020263671875,1.396240234375,-0.16357421875,-24.10888671875,-13.916015625,16.29638671875,-2.957186460494995,86.2491683959961,10.539928436279297
-0.00048828125,1.0693359375,-0.10693359375,-32.77587890625,-7.32421875,31.55517578125,-4.115267276763916,85.3116683959961,10.315881729125977
0.0107421875,0.97314453125,-0.164306640625,-22.27783203125,-1.64794921875,47.30224609375,-5.8659424781799325,84.96149444580078,10.364126205444336
-0.040283203125,1.099853515625,-0.24658203125,4.5166015625,-5.0048828125,51.3916015625,-7.619863986968994,85.82855224609375,10.253585815429688
-0.03466796875,1.24072265625,-0.23779296875,38.9404296875,-15.9912109375,41.259765625,-8.93869686126709,88.04692840576172,9.619853973388672
0.068359375,1.4189453125,-0.193603515625,41.44287109375,-14.83154296875,24.96337890625,-9.697407722473145,90.17363739013672,8.976335525512695
0.09375,1.5380859375,-0.17724609375,20.3857421875,-6.40869140625,4.150390625,-9.612579345703123,91.27479553222656,8.674322128295897
0.1220703125,1.473388671875,-0.17333984375,-11.16943359375,13.427734375,-18.5546875,-8.691187858581543,90.94161224365234,9.200185775756836
0.08251953125,1.331298828125,-0.17919921875,-21.30126953125,21.30126953125,-12.20703125,-8.012350082397461,90.21760559082031,10.027484893798828
0.08837890625,1.20751953125,-0.213134765625,-16.17431640625,22.705078125,5.79833984375,-8.096199035644531,89.81720733642578,10.89035415649414
0.08349609375,1.155029296875,-0.268798828125,12.26806640625,26.67236328125,31.79931640625,-9.217089653015137,90.6594009399414,11.887750625610352
0.09130859375,1.271240234375,-0.314697265625,32.1044921875,29.96826171875,44.49462890625,-10.824023246765137,92.2528076171875,12.97178840637207
0.043701171875,1.3583984375,-0.302001953125,37.353515625,35.58349609375,43.701171875,-12.290804862976074,93.87405395507812,14.249103546142578
0.0234375,1.32763671875,-0.2548828125,20.93505859375,45.47119140625,29.541015625,-13.160700798034668,94.58917999267578,15.95854377746582
-0.04833984375,0.992431640625,-0.220458984375,15.7470703125,51.69677734375,15.380859375,-13.332097053527832,95.05238342285156,17.949804306030273
-0.0068359375,1.083251953125,-0.21923828125,8.9111328125,38.51318359375,-2.62451171875,-12.834355354309082,95.29436492919922,19.47730827331543
-0.12841796875,1.16064453125,-0.23828125,25.146484375,26.9775390625,-22.15576171875,-11.328131675720215,96.2894287109375,20.620080947875977
-0.035400390625,1.3193359375,-0.24365234375,36.56005859375,15.31982421875,-29.6630859375,-9.726149559020996,97.7643051147461,21.364803314208984
0.05126953125,1.3232421875,-0.1796875,26.3671875,6.53076171875,-30.1513671875,-8.276606559753418,98.73383331298828,21.810108184814453
0.113525390625,1.20654296875,-0.12841796875,-4.57763671875,19.10400390625,-28.50341796875,-7.15196704864502,98.30316925048828,22.763357162475586
0.1220703125,1.109130859375,-0.10400390625,-21.91162109375,29.78515625,-20.3857421875,-6.474316120147705,97.13861083984376,24.080928802490234
0.099365234375,1.0556640625,-0.137451171875,-37.841796875,37.78076171875,-6.89697265625,-6.325163841247559,95.44775390625,25.622745513916016
0.070556640625,0.966552734375,-0.189208984375,-53.28369140625,42.78564453125,17.7001953125,-7.0771236419677725,93.33071899414062,27.258098602294922
0.060546875,0.913818359375,-0.185546875,-52.001953125,44.3115234375,28.86962890625,-8.173501014709473,91.32975006103516,28.95185852050781
0.063720703125,0.878662109375,-0.16455078125,-44.677734375,49.560546875,28.4423828125,-9.171030044555664,89.59717559814453,30.88980484008789
-0.01708984375,0.896728515625,-0.13330078125,-30.70068359375,48.583984375,27.77099609375,-9.848861694335938,88.38140106201172,32.81571578979492
-0.02734375,0.9208984375,-0.14013671875,-23.37646484375,37.90283203125,30.517578125,-10.566715240478516,87.56392669677734,34.32193756103516
0.040771484375,0.94091796875,-0.136962890625,-25.2685546875,29.60205078125,25.57373046875,-11.215580940246582,86.73217010498047,35.4947509765625
0.033935546875,0.884765625,-0.1240234375,-37.2314453125,27.2216796875,10.55908203125,-11.215559005737305,85.46060180664062,36.53970336914063
0.05078125,0.895751953125,-0.116943359375,-46.0205078125,24.0478515625,1.89208984375,-10.897482872009276,83.89888763427734,37.42638397216797
0.03271484375,0.802490234375,-0.09326171875,-48.583984375,21.97265625,-3.47900390625,-10.328669548034668,82.29180145263672,38.19810485839844
0.010986328125,0.778076171875,-0.0625,-38.0859375,15.13671875,-5.31005859375,-9.664437294006348,81.34683990478516,38.60358810424805
0.040283203125,0.930908203125,-0.089599609375,-27.28271484375,8.97216796875,-8.056640625,-9.017899513244627,80.7559814453125,38.818321228027344
0.01806640625,1.03271484375,-0.075927734375,-34.5458984375,8.056640625,-16.4794921875,-8.00865364074707,79.86564636230469,38.94421768188477
0.037841796875,0.9931640625,0.028076171875,-49.62158203125,1.03759765625,-27.4658203125,-6.622468948364258,78.08707427978516,38.65516662597656
0.188720703125,0.833984375,0.060302734375,-57.80029296875,-2.13623046875,-33.5693359375,-5.579027652740479,76.10511779785156,38.24592208862305
0.073486328125,0.83837890625,0.013427734375,-28.38134765625,8.23974609375,-14.58740234375,-4.917464733123778,75.45158386230469,38.3762321472168
0.19482421875,0.935546875,-0.038330078125,-16.41845703125,4.33349609375,10.3759765625,-5.628610610961914,75.45143127441406,38.6922607421875
0.2109375,1.00244140625,0.0634765625,-25.0244140625,16.4794921875,38.75732421875,-7.205796718597412,74.74490356445312,39.691871643066406
0.080078125,1.09814453125,0.029541015625,-32.958984375,25.5126953125,47.66845703125,-8.650097846984862,73.7481918334961,41.13273620605469
-0.004638671875,1.015869140625,0.144287109375,-52.24609375,20.69091796875,44.7998046875,-9.652668952941896,71.5950698852539,42.27756881713867
-0.020263671875,0.9326171875,0.1953125,-74.3408203125,8.4228515625,32.16552734375,-10.320537567138672,68.74462127685547,42.98443603515625
0.028076171875,0.879150390625,0.23046875,-93.81103515625,0.18310546875,9.765625,-10.34062671661377,65.22136688232422,43.08863830566406
0.044921875,0.8330078125,0.25390625,-110.77880859375,-7.01904296875,-2.50244140625,-10.008665084838867,60.89862060546875,42.54444885253906
0.08203125,0.87255859375,0.203125,-130.2490234375,-15.5029296875,-15.56396484375,-9.625682830810547,56.47015380859375,41.56377410888672
0.148681640625,0.9189453125,0.166748046875,-139.83154296875,-15.19775390625,-22.3388671875,-9.266135215759276,51.9463996887207,40.38712692260742
0.17333984375,0.831298828125,0.168701171875,-144.04296875,-11.474609375,-23.13232421875,-8.977322578430176,47.39616775512695,39.3780517578125
0.132080078125,0.695068359375,0.259033203125,-135.55908203125,-6.7138671875,-12.87841796875,-8.873684883117676,42.91902542114258,38.688880920410156
0.1337890625,0.668701171875,0.2197265625,-123.35205078125,-9.27734375,-6.34765625,-9.106208801269533,39.14982223510742,38.0842170715332
0.1044921875,0.688232421875,0.25341796875,-109.619140625,-11.16943359375,-8.6669921875,-9.215239524841307,36.09157180786133,37.18721389770508
0.084716796875,0.7119140625,0.34130859375,-104.18701171875,-15.5029296875,-29.296875,-8.979928016662598,33.22207260131836,35.678932189941406
0.112548828125,0.7568359375,0.416015625,-101.86767578125,-19.1650390625,-38.02490234375,-8.807032585144043,30.48667907714844,33.7950439453125
0.152099609375,0.71630859375,0.438720703125,-107.2998046875,-26.18408203125,-50.29296875,-8.855634689331055,27.55200958251953,31.258235931396484
0.15966796875,0.68505859375,0.486572265625,-116.14990234375,-27.83203125,-52.24609375,-9.053899765014648,24.313608169555664,28.70907592773437
0.148193359375,0.595458984375,0.5126953125,-118.95751953125,-25.7568359375,-47.79052734375,-9.36611270904541,20.867605209350586,26.37406921386719
0.1103515625,0.5693359375,0.548583984375,-114.8681640625,-26.2451171875,-37.41455078125,-9.937548637390137,17.613231658935547,24.472755432128906
0.07958984375,0.6279296875,0.53076171875,-107.36083984375,-27.099609375,-33.69140625,-10.486061096191406,14.838313102722168,22.635242462158203
0.0703125,0.660888671875,0.5576171875,-106.201171875,-28.3203125,-36.19384765625,-11.091014862060547,12.24101734161377,20.68667221069336
0.0732421875,0.74072265625,0.55859375,-101.1962890625,-30.21240234375,-35.70556640625,-11.821157455444336,10.000609397888184,18.776615142822266
0.053466796875,0.69287109375,0.5849609375,-97.10693359375,-28.38134765625,-28.74755859375,-12.536898612976074,7.896143436431885,17.122613906860348
0.096923828125,0.615966796875,0.614501953125,-93.75,-29.47998046875,-22.39990234375,-13.454444885253904,5.79350471496582,15.756275177001953
0.09326171875,0.572509765625,0.68408203125,-91.85791015625,-27.03857421875,-21.97265625,-14.191021919250488,3.678500413894653,14.40941047668457
0.078857421875,0.5732421875,0.703857421875,-94.8486328125,-24.84130859375,-30.33447265625,-14.86623477935791,1.5799615383148191,12.769729614257812
0.064697265625,0.600341796875,0.703369140625,-93.75,-23.681640625,-35.82763671875,-15.49790096282959,-0.2909986674785614,10.887237548828123
0.07958984375,0.62255859375,0.72509765625,-95.03173828125,-23.98681640625,-35.94970703125,-16.17088508605957,-2.14015531539917,9.023893356323242
0.064697265625,0.560302734375,0.767333984375,-92.95654296875,-22.94921875,-30.8837890625,-16.80722999572754,-4.030903339385986,7.371979713439941
0.068115234375,0.529541015625,0.773193359375,-87.70751953125,-22.705078125,-26.4892578125,-17.446897506713867,-5.750688552856445,5.912875175476074
0.08935546875,0.48046875,0.79443359375,-85.63232421875,-21.54541015625,-29.35791015625,-18.0455265045166,-7.324862957000732,4.285994529724121
0.089599609375,0.4697265625,0.798095703125,-81.0546875,-17.2119140625,-34.1796875,-18.571577072143555,-8.677763938903809,2.50014877319336
0.1083984375,0.550537109375,0.820556640625,-79.89501953125,-13.427734375,-32.71484375,-19.01752281188965,-9.840675354003906,0.706329345703125
0.02392578125,0.470947265625,0.859130859375,-75.1953125,-8.97216796875,-27.40478515625,-19.013072967529297,-10.933305740356444,-0.7034330368041992
0.038330078125,0.49365234375,0.89599609375,-65.0634765625,-10.31494140625,-14.83154296875,-19.04641914367676,-11.81633186340332,-1.7416667938232422
0.01220703125,0.474365234375,0.934814453125,-67.19970703125,-12.26806640625,-15.07568359375,-19.100860595703125,-12.821271896362305,-2.7545886039733887
0.013671875,0.5048828125,0.932373046875,-77.94189453125,-12.39013671875,-20.32470703125,-19.243093490600586,-14.18299674987793,-4.0552587509155265
0.029052734375,0.49609375,0.91015625,-89.599609375,-14.892578125,-18.61572265625,-19.52562141418457,-15.91738510131836,-5.204859733581543
0.058837890625,0.44921875,0.90234375,-92.34619140625,-13.61083984375,-13.48876953125,-19.77259826660156,-17.844436645507812,-6.139815330505371
0.0400390625,0.3544921875,0.91943359375,-88.623046875,-8.36181640625,-8.6669921875,-19.650978088378906,-19.74913787841797,-6.8171586990356445
0.003662109375,0.3427734375,0.9609375,-79.4677734375,-8.544921875,-3.2958984375,-19.43830108642578,-21.38158416748047,-7.348450660705566
-0.021728515625,0.32080078125,0.9765625,-75.5615234375,-8.056640625,-6.28662109375,-19.20660400390625,-22.816335678100586,-7.989992141723633
0.00634765625,0.35498046875,0.9638671875,-76.416015625,-9.033203125,-13.5498046875,-19.26292610168457,-24.081928253173828,-8.992963790893555
0.029052734375,0.323974609375,0.9619140625,-79.28466796875,-9.82666015625,-15.56396484375,-19.39430809020996,-25.466053009033203,-9.966503143310547
0.02734375,0.287841796875,0.988037109375,-77.94189453125,-9.70458984375,-9.8876953125,-19.413970947265625,-26.90115547180176,-10.704626083374023
-0.004638671875,0.2607421875,0.993896484375,-77.94189453125,-9.70458984375,-5.55419921875,-19.269763946533203,-28.40598297119141,-11.286396980285645
-0.01220703125,0.231201171875,0.96435546875,-76.2939453125,-8.85009765625,-5.9814453125,-19.114822387695312,-29.82430458068848,-11.86715602874756
-0.026123046875,0.20166015625,0.969482421875,-69.76318359375,-11.65771484375,-5.37109375,-19.015247344970703,-31.02418708801269,-12.346125602722168
0.00537109375,0.17236328125,0.979248046875,-65.91796875,-12.75634765625,-6.89697265625,-19.068355560302734,-32.03506088256836,-12.889140129089355
0.03125,0.1376953125,0.9755859375,-63.8427734375,-11.41357421875,-11.71875,-19.20629119873047,-32.976531982421875,-13.5615234375
0.04541015625,0.1328125,0.967041015625,-60.546875,-11.04736328125,-10.43701171875,-19.33964729309082,-33.77829360961914,-14.197546005249025
0.0419921875,0.12548828125,0.95068359375,-56.884765625,-8.11767578125,-8.72802734375,-19.2764892578125,-34.36454391479492,-14.787834167480467
0.03271484375,0.0966796875,0.964599609375,-50.35400390625,-5.7373046875,-4.82177734375,-19.073461532592773,-34.809749603271484,-15.335712432861328
-0.005615234375,0.124755859375,0.9755859375,-47.66845703125,-4.82177734375,-5.18798828125,-18.786794662475586,-35.07576370239258,-15.930830001831055
0.01025390625,0.0712890625,0.981201171875,-47.36328125,-5.126953125,-7.38525390625,-18.54793739318848,-35.37174987792969,-16.556526184082028
0.026123046875,0.036865234375,1.000244140625,-45.59326171875,-3.84521484375,-6.8359375,-18.31414604187012,-35.68350601196289,-17.166038513183597
0.013671875,0.037353515625,1.003662109375,-42.1142578125,-2.01416015625,-5.18798828125,-17.96530532836914,-35.852294921875,-17.759498596191406
-0.001953125,0.018310546875,0.996337890625,-39.306640625,-0.79345703125,-4.94384765625,-17.543155670166016,-35.87421798706055,-18.352933883666992
-0.01025390625,0.0244140625,0.995361328125,-35.46142578125,-1.40380859375,-6.2255859375,-17.165729522705078,-35.78922653198242,-18.968116760253906
-0.026123046875,0.05615234375,1.017822265625,-33.50830078125,-3.0517578125,-7.9345703125,-16.870468139648438,-35.57006454467773,-19.606807708740234
-0.019775390625,0.05126953125,1.05029296875,-37.04833984375,-6.53076171875,-8.97216796875,-16.720754623413086,-35.58602523803711,-20.19536590576172
0.021728515625,0.05712890625,1.04052734375,-41.93115234375,-9.82666015625,-5.37109375,-16.698223114013672,-35.78421401977539,-20.56983757019043
0.02587890625,-0.004150390625,1.032470703125,-45.2880859375,-9.033203125,-3.5400390625,-16.595573425292972,-36.23403930664063,-20.86949157714844
0.0361328125,-0.037353515625,0.9931640625,-43.5791015625,-6.53076171875,-1.8310546875,-16.353185653686527,-36.60607147216797,-21.13113784790039
0.024658203125,-0.032470703125,1.004638671875,-38.330078125,-3.11279296875,0.0,-15.979902267456055,-36.80234146118164,-21.43797492980957
-0.021728515625,-0.032958984375,1.072265625,-35.33935546875,-3.60107421875,0.48828125,-15.525139808654785,-36.8778076171875,-21.70957565307617
-0.025390625,-0.01611328125,1.0703125,-38.0859375,-7.9345703125,-2.25830078125,-15.342881202697756,-37.05903625488281,-21.959022521972656
0.01708984375,-0.047119140625,1.05908203125,-41.56494140625,-10.19287109375,-6.04248046875,-15.35114860534668,-37.389060974121094,-22.260631561279297
0.05126953125,-0.06298828125,1.033935546875,-42.1142578125,-9.33837890625,-7.080078125,-15.42717742919922,-37.74916458129883,-22.60932922363281
0.05615234375,-0.083740234375,1.021728515625,-40.1611328125,-5.43212890625,-3.84521484375,-15.25155258178711,-38.00332260131836,-22.91250991821289
0.03662109375,-0.098876953125,1.051025390625,-34.60693359375,-2.0751953125,-1.0986328125,-14.915003776550293,-38.111976623535156,-23.233367919921875
0.01806640625,-0.067626953125,1.045166015625,-33.14208984375,-0.3662109375,-2.5634765625,-14.54340362548828,-38.080020904541016,-23.65296173095703
0.016357421875,-0.03271484375,1.0390625,-34.85107421875,0.06103515625,-3.90625,-14.228093147277832,-38.08163833618164,-24.13596343994141
0.004638671875,-0.02001953125,1.06396484375,-40.52734375,0.67138671875,-0.3662109375,-13.77883529663086,-38.27402114868164,-24.51620101928711
0.010986328125,-0.07861328125,1.067138671875,-50.6591796875,0.06103515625,2.99072265625,-13.276998519897461,-38.999488830566406,-24.74012756347656
0.003662109375,-0.10595703125,1.001220703125,-58.10546875,-0.8544921875,4.21142578125,-12.759773254394533,-40.16109085083008,-24.84197807312012
-0.0087890625,-0.16748046875,1.006103515625,-60.1806640625,-2.44140625,5.55419921875,-12.239480018615724,-41.416114807128906,-24.87507057189941
-0.01513671875,-0.260009765625,0.99267578125,-57.6171875,-4.150390625,2.50244140625,-11.833359718322756,-42.69951248168945,-24.91484069824219
0.025146484375,-0.259033203125,0.957763671875,-50.4150390625,-4.2724609375,-2.13623046875,-11.68805980682373,-43.53646469116211,-25.11521148681641
0.023681640625,-0.261474609375,1.01123046875,-40.283203125,-2.5634765625,-2.25830078125,-11.47168254852295,-44.00959014892578,-25.34160423278809
0.034423828125,-0.234130859375,1.004150390625,-35.5224609375,-1.0986328125,-0.244140625,-11.195691108703613,-44.23354721069336,-25.55760765075684
0.0048828125,-0.22607421875,0.9951171875,-33.0810546875,0.30517578125,-0.79345703125,-10.873170852661133,-44.28343200683594,-25.84823226928711
-0.00146484375,-0.221923828125,0.96875,-28.50341796875,1.0986328125,-3.11279296875,-10.558528900146484,-44.18619918823242,-26.19942855834961
0.001953125,-0.21142578125,1.009033203125,-24.47509765625,-0.1220703125,-4.08935546875,-10.326494216918944,-43.89658737182617,-26.543636322021484
0.023193359375,-0.2294921875,1.02685546875,-22.705078125,-0.3662109375,-4.8828125,-10.145541191101074,-43.64373779296875,-26.90519523620605
0.03369140625,-0.2431640625,1.015380859375,-23.62060546875,0.9765625,-1.0986328125,-9.872235298156738,-43.4073600769043,-27.17121315002441
0.015869140625,-0.224609375,0.998291015625,-20.99609375,3.0517578125,3.84521484375,-9.376792907714844,-43.06404113769531,-27.34626770019531
-0.009033203125,-0.2138671875,0.978759765625,-17.08984375,2.9296875,9.6435546875,-8.669900894165039,-42.60929489135742,-27.30492401123047
-0.017822265625,-0.205078125,0.96875,-17.63916015625,0.6103515625,11.962890625,-7.99345064163208,-42.18460464477539,-27.14224052429199
0.0009765625,-0.2255859375,0.96630859375,-20.3857421875,-2.197265625,9.94873046875,-7.517045974731445,-41.92559814453125,-26.940980911254886
-0.017333984375,-0.21923828125,0.9375,-25.634765625,-1.28173828125,7.080078125,-7.103011608123778,-41.915931701660156,-26.824617385864254
-0.032958984375,-0.205078125,0.939208984375,-29.84619140625,-2.01416015625,3.96728515625,-6.734860897064209,-41.9902229309082,-26.792898178100586
-0.05126953125,-0.25390625,0.95068359375,-33.935546875,-4.45556640625,1.5869140625,-6.469342708587647,-42.317466735839844,-26.74882698059082
-0.058349609375,-0.35888671875,0.951171875,-36.0107421875,-9.33837890625,-1.5869140625,-6.482695579528809,-42.94451904296875,-26.62873268127441
-0.002685546875,-0.391357421875,0.964599609375,-33.75244140625,-15.19775390625,-7.080078125,-6.870936870574951,-43.49129104614258,-26.5103816986084
0.024169921875,-0.422119140625,0.945556640625,-28.3203125,-15.19775390625,-7.9345703125,-7.322681903839111,-43.87337493896485,-26.41030120849609
0.054443359375,-0.45556640625,0.9609375,-19.53125,-11.90185546875,-2.74658203125,-7.516273975372314,-43.801246643066406,-26.241044998168945
0.04296875,-0.444091796875,0.99169921875,-3.5400390625,-7.32421875,-0.42724609375,-7.54690408706665,-43.18610763549805,-26.151206970214844
0.025146484375,-0.388427734375,0.986328125,3.0517578125,-5.7373046875,-2.01416015625,-7.543278217315674,-42.22047805786133,-26.16444396972656
0.046142578125,-0.251220703125,0.9990234375,4.82177734375,-4.57763671875,2.8076171875,-7.387812614440918,-41.01127624511719,-25.99112701416016
0.026123046875,-0.262451171875,1.03662109375,-2.0751953125,-5.31005859375,11.41357421875,-7.043900012969972,-40.11409378051758,-25.635581970214844
-0.008544921875,-0.257080078125,1.032958984375,-9.6435546875,-3.96728515625,15.44189453125,-6.499974250793457,-39.550537109375,-25.17999839782715
-0.055908203125,-0.231689453125,1.007568359375,-15.13671875,-7.01904296875,18.6767578125,-5.898897647857666,-39.25812911987305,-24.50958824157715
-0.04345703125,-0.267333984375,1.01953125,-20.01953125,-11.23046875,16.66259765625,-5.5178937911987305,-39.17969512939453,-23.80370712280273
-0.03955078125,-0.287109375,1.029541015625,-25.08544921875,-11.77978515625,9.765625,-5.349587917327881,-39.31571578979492,-23.28926086425781
-0.00341796875,-0.32470703125,0.98828125,-29.11376953125,-12.451171875,4.82177734375,-5.386013984680176,-39.722957611083984,-22.95869445800781
-0.007568359375,-0.351806640625,1.002685546875,-28.62548828125,-9.70458984375,3.7841796875,-5.36855936050415,-40.09503555297852,-22.667863845825195
-0.006103515625,-0.381103515625,0.98828125,-27.64892578125,-10.07080078125,1.220703125,-5.428038120269775,-40.473548889160156,-22.439483642578125
0.01611328125,-0.33984375,0.952880859375,-28.99169921875,-9.33837890625,-1.46484375,-5.600855350494385,-40.808204650878906,-22.353561401367188
0.0283203125,-0.33740234375,0.95068359375,-29.72412109375,-7.4462890625,-2.62451171875,-5.749666690826416,-41.16925048828125,-22.31867218017578
-0.00537109375,-0.374755859375,0.940673828125,-33.38623046875,-6.77490234375,-2.0751953125,-5.779659748077393,-41.74388885498047,-22.278640747070312
-0.02392578125,-0.3974609375,0.90087890625,-34.48486328125,-8.1787109375,-0.3662109375,-5.771273612976074,-42.4124641418457,-22.1599235534668
0.0,-0.437744140625,0.8681640625,-31.55517578125,-8.97216796875,-2.62451171875,-5.884305953979492,-43.062984466552734,-22.056007385253906
0.005859375,-0.5029296875,0.859619140625,-22.8271484375,-7.8125,-3.84521484375,-6.001466751098633,-43.47130966186523,-22.00579833984375
0.016357421875,-0.4833984375,0.87744140625,-11.474609375,-6.40869140625,-3.2958984375,-6.090091228485107,-43.24603271484375,-21.99264144897461
0.0224609375,-0.4521484375,0.880859375,-3.35693359375,-4.2724609375,-5.18798828125,-6.174354076385497,-42.73437881469727,-22.09491729736328
0.043701171875,-0.4609375,0.8916015625,2.50244140625,-2.197265625,-13.7939453125,-6.471849918365479,-41.980228424072266,-22.510103225708008
0.036376953125,-0.422607421875,0.8974609375,6.65283203125,-0.30517578125,-1.28173828125,-6.350383758544923,-40.936119079589844,-22.59541320800781
0.037841796875,-0.374755859375,0.91552734375,9.6435546875,-0.67138671875,-2.74658203125,-6.288575649261475,-39.804283142089844,-22.74259376525879
0.05224609375,-0.3818359375,0.953369140625,5.7373046875,1.708984375,-2.01416015625,-6.16359281539917,-38.85046768188477,-22.9263973236084
0.01123046875,-0.408203125,0.934814453125,2.74658203125,3.23486328125,2.50244140625,-5.763007640838622,-38.14470672607422,-22.929229736328125
0.01904296875,-0.431640625,0.90966796875,4.638671875,2.25830078125,6.77490234375,-5.34513521194458,-37.46252822875977,-22.820690155029297
0.0185546875,-0.41845703125,0.903564453125,5.7373046875,2.74658203125,4.7607421875,-4.9777565002441415,-36.73516082763672,-22.78132629394531
-0.007568359375,-0.4287109375,0.900634765625,10.6201171875,4.21142578125,5.18798828125,-4.4755539894104,-35.825172424316406,-22.73960876464844
-0.030517578125,-0.459716796875,0.900146484375,18.37158203125,4.39453125,7.50732421875,-3.9151608943939213,-34.74745941162109,-22.62146759033203
-0.051025390625,-0.462158203125,0.851806640625,26.55029296875,3.47900390625,9.09423828125,-3.3231425285339355,-33.446533203125,-22.41241836547852
-0.03515625,-0.50048828125,0.814453125,40.95458984375,0.79345703125,7.6904296875,-2.9121706485748287,-31.520198822021484,-22.164609909057614
-0.062744140625,-0.5283203125,0.820556640625,64.5751953125,0.1220703125,8.7890625,-2.4703402519226074,-29.001178741455078,-21.855093002319336
-0.0751953125,-0.503173828125,0.780517578125,89.53857421875,-1.3427734375,12.63427734375,-2.0058243274688716,-25.59318733215332,-21.36642265319824
-0.126953125,-0.4638671875,0.716064453125,114.68505859375,-3.47900390625,12.39013671875,-1.5167659521102903,-20.96120262145996,-20.83083152770996
-0.17138671875,-0.45458984375,0.72705078125,154.11376953125,-8.85009765625,6.7138671875,-1.267611384391785,-15.25195026397705,-20.42863273620605
-0.11865234375,-0.298828125,0.676513671875,180.72509765625,-13.85498046875,0.18310546875,-1.399411916732788,-8.38860034942627,-20.27547645568848
-0.0498046875,-0.20361328125,0.65087890625,202.63671875,-10.25390625,-7.4462890625,-1.4866037368774414,-0.3421685993671417,-20.616252899169922
-0.080078125,-0.100830078125,0.669677734375,236.99951171875,0.91552734375,-12.3291015625,-1.0926620960235596,8.776288032531737,-21.06967544555664
-0.055908203125,0.09814453125,0.7431640625,250.8544921875,0.06103515625,-18.5546875,-0.7044085860252379,18.71417617797852,-21.767961502075195
-0.040283203125,0.303466796875,0.80517578125,251.03759765625,10.6201171875,-23.13232421875,0.3393420875072479,28.77221298217773,-22.369422912597656
-0.10888671875,0.451416015625,0.83447265625,249.51171875,20.99609375,-14.404296875,1.5941178798675537,38.68015670776367,-22.35976219177246
-0.060302734375,0.456787109375,0.807861328125,244.384765625,18.12744140625,-7.14111328125,2.396874189376831,48.04889678955078,-22.07235336303711
0.00537109375,0.602294921875,0.75537109375,231.3232421875,23.8037109375,11.77978515625,2.257558107376098,56.23933029174805,-20.95135498046875
-0.043212890625,0.406982421875,0.7509765625,225.03662109375,34.0576171875,25.81787109375,2.0722222328186035,64.20654296875,-19.299516677856445
0.02392578125,0.35302734375,0.69580078125,231.4453125,34.11865234375,36.92626953125,1.0775800943374634,72.1012954711914,-17.54878044128418
-0.06103515625,0.72119140625,0.544677734375,242.919921875,38.57421875,46.38671875,-0.4160600006580353,80.92781829833984,-15.678046226501465
-0.049560546875,0.798095703125,0.594970703125,232.11669921875,40.771484375,56.5185546875,-2.3931384086608887,89.08063507080078,-13.851476669311525
-0.08642578125,0.64208984375,0.548583984375,223.44970703125,47.79052734375,56.640625,-4.44192361831665,96.43802642822266,-11.98047924041748
-0.05078125,0.549072265625,0.48876953125,216.064453125,39.73388671875,48.40087890625,-6.2466697692871085,103.06813049316406,-10.651854515075684
-0.087890625,0.7421875,0.376953125,188.4765625,28.38134765625,32.65380859375,-7.393848896026611,109.03521728515624,-9.74098300933838
-0.037353515625,0.943359375,0.28466796875,156.06689453125,20.44677734375,31.31103515625,-8.538421630859375,113.87673950195312,-9.252082824707033
-0.07373046875,1.01220703125,0.22314453125,143.24951171875,14.09912109375,46.20361328125,-10.209436416625977,118.3530502319336,-9.563783645629883
0.054931640625,0.8876953125,0.24462890625,153.6865234375,22.88818359375,82.763671875,-13.359807014465332,123.071044921875,-10.202096939086914
0.15380859375,0.883056640625,0.164794921875,156.494140625,50.96435546875,113.1591796875,-18.215017318725586,127.98760986328124,-10.848709106445312
0.024658203125,0.67919921875,0.129638671875,131.53076171875,45.83740234375,147.0947265625,-23.329744338989254,132.32151794433594,-13.313264846801758
-0.051513671875,0.84228515625,0.0107421875,99.18212890625,16.845703125,182.55615234375,-28.20652198791504,136.79922485351562,-17.76226043701172
0.113525390625,1.0048828125,0.005615234375,77.33154296875,-14.16015625,205.322265625,-32.625362396240234,141.848388671875,-24.483821868896484
0.096923828125,1.0400390625,-0.004638671875,75.927734375,-32.16552734375,217.8955078125,-35.68305206298828,148.1446075439453,-32.88800048828125
-0.035888671875,0.768310546875,-0.034423828125,80.01708984375,-53.03955078125,164.1845703125,-36.20700454711914,153.93637084960938,-39.85453796386719
-0.046630859375,0.646484375,-0.049072265625,87.09716796875,-70.6787109375,116.27197265625,-34.71527099609375,158.85450744628906,-45.01103591918945
0.08349609375,0.653564453125,-0.057373046875,87.09716796875,-90.2099609375,70.80078125,-31.695165634155273,162.0638885498047,-47.7495231628418
0.288818359375,0.81689453125,-0.098388671875,68.29833984375,-110.16845703125,25.87890625,-27.98659896850586,163.8543701171875,-49.188377380371094
0.196044921875,0.7294921875,-0.154052734375,57.31201171875,-116.27197265625,-4.39453125,-23.51487159729004,164.51171875,-49.38444900512695
0.19677734375,0.688232421875,-0.15234375,66.58935546875,-113.70849609375,-39.0625,-18.720630645751953,165.02792358398438,-47.59280014038086
-0.03466796875,0.383544921875,-0.386962890625,85.693359375,-110.77880859375,-104.1259765625,-12.661741256713867,166.4462432861328,-44.14566040039063
0.244384765625,0.81103515625,-0.129638671875,87.2802734375,-138.18359375,-103.69873046875,-6.823047161102295,167.40663146972656,-40.867576599121094
0.255615234375,0.9443359375,-0.09423828125,87.890625,-147.03369140625,-80.078125,-1.0567953586578371,168.31094360351562,-39.10745239257813
0.18994140625,0.806396484375,-0.18603515625,44.43359375,-140.56396484375,-45.166015625,4.2991886138916025,168.07821655273438,-38.44697570800781
0.142822265625,0.781982421875,-0.285400390625,15.380859375,-136.29150390625,-11.65771484375,9.224139213562012,166.67518615722656,-39.32197952270508
0.1572265625,0.75830078125,-0.304931640625,5.859375,-133.85009765625,21.05712890625,13.362805366516113,164.70957946777344,-42.046871185302734
0.15234375,0.9228515625,-0.350341796875,15.5029296875,-119.2626953125,47.4853515625,16.740610122680664,162.57752990722656,-45.74398803710938
0.03076171875,0.96484375,-0.415283203125,5.7373046875,-107.84912109375,50.35400390625,19.66366195678711,159.88430786132812,-49.72147750854492
-0.068115234375,1.03076171875,-0.47265625,-9.46044921875,-104.248046875,32.65380859375,22.93127250671387,156.860107421875,-52.8189926147461
-0.1875,0.9462890625,-0.43701171875,-9.70458984375,-118.59130859375,3.41796875,26.87675857543945,153.81427001953125,-55.77302169799805
-0.1220703125,0.980224609375,-0.445556640625,-4.33349609375,-140.68603515625,-3.0517578125,31.311189651489254,150.5740203857422,-59.37395477294922
0.125,0.9560546875,-0.477294921875,-20.6298828125,-139.404296875,15.380859375,34.466869354248054,145.90042114257812,-64.15309143066406
0.154296875,1.13330078125,-0.64306640625,-33.447265625,-117.67578125,10.1318359375,36.61067581176758,141.09829711914062,-68.62117767333984
0.205810546875,1.1455078125,-0.64306640625,-34.0576171875,-102.35595703125,-13.12255859375,38.48986434936523,136.93023681640622,-72.0657958984375
0.110107421875,1.037841796875,-0.643798828125,-23.86474609375,-104.6142578125,-10.92529296875,40.23560333251953,132.75553894042972,-76.61459350585938
0.13232421875,0.964599609375,-0.603515625,-8.1787109375,-149.84130859375,38.87939453125,41.24567031860352,127.06397247314452,-84.26055908203125
0.144775390625,1.052734375,-0.63427734375,-7.75146484375,-167.3583984375,75.0732421875,40.78462600708008,120.16675567626952,-93.9416046142578
0.041259765625,1.152587890625,-0.68408203125,0.8544921875,-183.65478515625,93.44482421875,38.996726989746094,112.96124267578124,-105.05683135986328
0.30419921875,0.998046875,-0.666259765625,-2.86865234375,-198.42529296875,102.35595703125,36.08470153808594,106.58477783203124,-115.781982421875
0.262939453125,1.1123046875,-0.67724609375,1.3427734375,-182.92236328125,47.05810546875,34.46956253051758,101.9887237548828,-124.55355834960938
0.109375,1.00634765625,-0.5390625,-9.1552734375,-161.62109375,-14.16015625,35.42622375488281,98.13522338867188,-131.24618530273438
0.124755859375,1.128662109375,-0.538330078125,-5.2490234375,-123.59619140625,-75.37841796875,37.57516098022461,95.3922882080078,-136.37286376953122
0.126220703125,1.168701171875,-0.57373046875,-12.5732421875,-83.31298828125,-105.712890625,40.57808303833008,93.48817443847656,-139.55244445800778
0.175048828125,1.140625,-0.585693359375,-19.1650390625,-51.1474609375,-119.44580078125,43.97666549682617,92.66194915771484,-140.70571899414062
-0.015869140625,0.874267578125,-0.649658203125,-14.58740234375,-35.82763671875,-113.525390625,47.26106262207031,92.6383819580078,-141.16004943847656
-0.03759765625,1.013671875,-0.565185546875,14.95361328125,-43.76220703125,-95.21484375,49.679054260253906,92.9823989868164,-142.3772430419922
-0.107666015625,1.1181640625,-0.61767578125,23.62060546875,-72.265625,-58.837890625,50.10015869140625,91.53866577148438,-146.1594696044922
-0.271240234375,1.14453125,-0.60693359375,19.53125,-106.75048828125,-2.44140625,49.015113830566406,88.82369232177734,-151.55661010742188
-0.252197265625,1.26904296875,-0.50439453125,14.83154296875,-129.39453125,13.427734375,46.96302795410156,85.00580596923828,-158.23031616210938
-0.180908203125,1.291259765625,-0.5361328125,9.70458984375,-144.1650390625,17.578125,44.36175155639648,80.99677276611328,-165.26022338867188
-0.072265625,1.216064453125,-0.685546875,-0.1220703125,-135.498046875,10.009765625,41.871803283691406,78.00193786621094,-171.0890655517578
-0.134765625,1.4306640625,-0.78662109375,14.0380859375,-110.2294921875,4.08935546875,39.77515411376953,76.81852722167969,-175.42349243164062
-0.24658203125,1.30224609375,-0.797119140625,19.8974609375,-97.7783203125,2.38037109375,38.29486083984375,76.71308898925781,-179.05567932128906
-0.275634765625,1.298583984375,-0.805908203125,41.748046875,-107.421875,-28.38134765625,37.76691055297852,76.89701843261719,-183.45497131347656
0.02490234375,1.223388671875,-0.73876953125,49.98779296875,-119.56787109375,-55.7861328125,37.83574295043945,76.87635040283203,171.2414093017578
0.303955078125,1.114013671875,-0.654052734375,54.3212890625,-88.2568359375,-70.4345703125,38.60839080810547,78.3140640258789,168.1009063720703
0.312744140625,0.957763671875,-0.558837890625,56.57958984375,-18.4326171875,-72.1435546875,39.78339767456055,81.41960144042969,167.65380859375
0.185791015625,0.8720703125,-0.510009765625,65.85693359375,18.85986328125,-66.58935546875,41.02396011352539,86.2398681640625,169.38504028320312
0.099609375,0.860107421875,-0.490966796875,74.76806640625,28.86962890625,-54.19921875,41.55776596069336,91.75550842285156,-188.1112060546875
0.003173828125,0.90234375,-0.384765625,71.044921875,24.0478515625,-22.76611328125,40.952484130859375,96.5416259765625,-186.09153747558597
-0.03515625,0.92236328125,-0.3525390625,57.06787109375,13.671875,8.97216796875,39.12565612792969,99.93053436279295,-185.0287933349609
-0.061767578125,0.94775390625,-0.34619140625,38.818359375,1.708984375,44.37255859375,35.703643798828125,101.3524169921875,-185.3398284912109
-0.073974609375,0.902099609375,-0.434814453125,11.3525390625,-12.6953125,78.55224609375,31.59688949584961,101.7154312133789,-186.32122802734372
-0.074951171875,0.846435546875,-0.481689453125,1.5869140625,-16.90673828125,92.8955078125,27.134313583374023,101.76580047607422,-187.54820251464844
-0.07666015625,0.77587890625,-0.512939453125,-1.5869140625,-20.08056640625,101.806640625,22.521183013916016,101.96216583251952,171.0837860107422
-0.169921875,0.74658203125,-0.493408203125,2.44140625,-20.1416015625,108.642578125,18.056581497192386,102.29066467285156,169.58705139160156
-0.231201171875,0.71630859375,-0.443115234375,8.48388671875,-26.85546875,105.3466796875,14.12712574005127,102.80986785888672,167.7620849609375
-0.228271484375,0.70458984375,-0.3935546875,11.5966796875,-38.6962890625,96.00830078125,10.947346687316896,103.37741088867188,165.3896484375
-0.12890625,0.68505859375,-0.320068359375,14.58740234375,-44.5556640625,75.927734375,8.391921997070312,103.98897552490234,162.98143005371094
-0.093017578125,0.715087890625,-0.250732421875,13.5498046875,-34.3017578125,65.91796875,6.13296365737915,104.4756317138672,161.0091552734375
-0.097412109375,0.7998046875,-0.242431640625,2.5634765625,-16.11328125,63.53759765625,3.837923765182495,104.4060516357422,160.00987243652344
-0.16357421875,0.873046875,-0.239990234375,-13.916015625,10.009765625,61.46240234375,1.619179129600525,103.86180114746094,159.78895568847656
-0.176025390625,0.910888671875,-0.27001953125,-28.01513671875,21.78955078125,44.49462890625,0.042372927069664,102.83574676513672,160.21791076660156
-0.149169921875,0.888427734375,-0.317626953125,-33.3251953125,27.9541015625,17.9443359375,-0.3510388433933258,101.8343734741211,161.35540771484375
-0.080078125,0.896728515625,-0.3369140625,-34.7900390625,45.7763671875,-5.615234375,-0.291916161775589,100.7631607055664,163.18968200683594
-0.07861328125,0.924560546875,-0.3310546875,-38.818359375,60.85205078125,-14.70947265625,0.04221775755286217,99.54264068603516,165.6848907470703
-0.095703125,0.934814453125,-0.275634765625,-45.7763671875,78.857421875,-18.98193359375,0.6549098491668701,97.87911224365234,169.2279815673828
-0.181640625,0.968994140625,-0.310302734375,-57.861328125,102.1728515625,-34.912109375,1.9035624265670776,96.02938842773438,-186.5478973388672
-0.178955078125,0.948486328125,-0.4033203125,-54.443359375,88.37890625,-49.8046875,3.856532335281372,94.68258666992188,-182.8174743652344
-0.116943359375,0.969482421875,-0.50732421875,-47.8515625,47.119140625,-44.61669921875,5.298469066619873,93.91038513183594,-181.3668975830078
0.009765625,0.902099609375,-0.55126953125,-36.43798828125,-9.94873046875,-3.173828125,5.243642330169678,93.46312713623048,-181.6585693359375
0.05419921875,0.915283203125,-0.555908203125,-25.81787109375,-28.4423828125,30.82275390625,3.7897753715515137,93.38863372802734,-182.77767944335938
0.02197265625,0.919189453125,-0.520751953125,-19.83642578125,-33.935546875,48.88916015625,1.6876238584518433,93.58036041259766,-184.26089477539062
0.043701171875,1.0556640625,-0.512939453125,-15.31982421875,-33.63037109375,53.16162109375,-0.4825407564640045,93.80449676513672,-185.7214508056641
0.02880859375,1.189453125,-0.47607421875,-24.5361328125,-15.07568359375,54.26025390625,-2.6327965259552,93.53370666503906,-186.47509765625
-0.07373046875,1.28076171875,-0.49560546875,-35.58349609375,12.14599609375,50.6591796875,-4.464721202850342,92.56226348876952,-185.90057373046875
-0.14404296875,1.23388671875,-0.55029296875,-51.8798828125,32.2265625,44.12841796875,-5.864857196807861,91.19578552246094,-184.7416534423828
-0.1025390625,1.03173828125,-0.572998046875,-49.6826171875,37.7197265625,11.65771484375,-5.951210498809815,90.10712432861328,-183.3452453613281
0.057373046875,0.93896484375,-0.572509765625,-40.34423828125,37.17041015625,-15.31982421875,-5.168468952178955,89.64527130126953,-181.99533081054688
0.2314453125,0.883544921875,-0.56298828125,-30.45654296875,46.81396484375,-20.93505859375,-4.645861625671387,89.46778106689453,-180.2266998291016
0.174072265625,1.009765625,-0.478759765625,-29.23583984375,54.6875,2.74658203125,-4.919987678527832,89.08951568603516,-178.1088409423828
0.030517578125,1.098388671875,-0.448486328125,-41.8701171875,61.03515625,37.78076171875,-6.5979061126708975,87.7798843383789,-175.6498260498047
-0.1884765625,1.12890625,-0.525146484375,-61.6455078125,57.43408203125,71.1669921875,-8.747681617736816,86.00997924804688,-173.31866455078125
-0.295654296875,1.09326171875,-0.591552734375,-65.85693359375,47.91259765625,69.3359375,-10.543523788452148,84.20622253417969,-171.34902954101562
-0.28173828125,0.92578125,-0.623779296875,-63.04931640625,35.82763671875,51.3916015625,-11.28128433227539,83.05857849121094,-170.10281372070312
-0.13330078125,0.815185546875,-0.600830078125,-42.6025390625,22.88818359375,20.263671875,-11.360374450683596,82.7247543334961,-169.3888702392578
-0.00244140625,0.696044921875,-0.5537109375,-30.45654296875,15.13671875,13.12255859375,-11.48514175415039,83.02938842773438,-169.03904724121094
0.089111328125,0.665771484375,-0.496826171875,-20.93505859375,11.474609375,19.4091796875,-12.263278007507324,83.73792266845703,-168.77830505371094
0.125,0.7109375,-0.45947265625,-15.44189453125,13.3056640625,37.353515625,-13.641425132751465,84.4112548828125,-168.390625
0.10107421875,0.74560546875,-0.448486328125,-18.06640625,16.9677734375,48.9501953125,-15.346819877624512,84.84922790527344,-167.83755493164062
0.050048828125,0.750244140625,-0.44775390625,-20.751953125,23.13232421875,55.5419921875,-17.018499374389652,85.02066040039062,-166.90850830078125
-0.095703125,0.73974609375,-0.445068359375,-23.62060546875,30.70068359375,57.861328125,-18.436647415161133,85.00711822509766,-165.83103942871094
-0.19580078125,0.725341796875,-0.46044921875,-22.216796875,34.0576171875,54.50439453125,-19.44807243347168,85.0042495727539,-164.6562042236328
-0.266845703125,0.7099609375,-0.443359375,-16.845703125,29.96826171875,45.41015625,-19.768829345703125,85.36572265625,-163.81991577148438
-0.2548828125,0.738525390625,-0.426025390625,-7.6904296875,13.3056640625,27.7099609375,-19.607213973999023,86.14425659179688,-163.61207580566406
-0.190673828125,0.742431640625,-0.40234375,-4.21142578125,4.5166015625,20.99609375,-19.325410842895508,87.14141845703125,-163.78590393066406
-0.17138671875,0.779541015625,-0.376708984375,-4.8828125,-0.244140625,18.24951171875,-18.959171295166016,88.11109161376953,-164.1936492919922
-0.1826171875,0.779296875,-0.362548828125,-6.04248046875,-6.4697265625,15.9912109375,-18.504322052001953,89.0013427734375,-164.7896728515625
-0.17724609375,0.794677734375,-0.384765625,-8.30078125,-14.2822265625,15.19775390625,-18.051359176635746,89.90619659423828,-165.71713256835938
-0.20751953125,0.767822265625,-0.3984375,-10.68115234375,-20.69091796875,14.83154296875,-17.515514373779293,90.80740356445312,-167.00975036621094
-0.194091796875,0.732421875,-0.456787109375,-10.55908203125,-29.541015625,10.68115234375,-16.85463523864746,91.94613647460938,-168.61163330078125
-0.19970703125,0.7265625,-0.505859375,-6.40869140625,-34.60693359375,6.103515625,-16.00222396850586,93.34935760498048,-170.41970825195312
-0.220703125,0.755615234375,-0.481201171875,-1.953125,-39.6728515625,-0.48828125,-14.64258861541748,94.8060302734375,-172.4448699951172
-0.188720703125,0.782470703125,-0.460693359375,0.244140625,-45.83740234375,-14.892578125,-12.908841133117676,96.23358917236328,-174.50259399414062
-0.158203125,0.786376953125,-0.431640625,2.13623046875,-42.48046875,-27.2216796875,-10.771746635437012,97.51244354248048,-176.27577209472656
-0.123046875,0.822021484375,-0.38720703125,4.39453125,-40.34423828125,-41.8701171875,-8.08701229095459,98.61418151855469,-177.73292541503906
-0.043701171875,0.8583984375,-0.3876953125,1.8310546875,-39.1845703125,-53.03955078125,-5.336099147796631,99.43765258789062,-179.03207397460938
-0.054443359375,0.97802734375,-0.45166015625,-1.52587890625,-34.912109375,-48.03466796875,-2.8907654285430913,100.0437240600586,-180.1331329345703
-0.09423828125,1.082763671875,-0.50390625,-4.57763671875,-36.31591796875,-42.66357421875,-0.6369050741195679,100.47200012207031,-181.3250274658203
-0.19677734375,1.170166015625,-0.5390625,-5.0048828125,-47.18017578125,-40.71044921875,1.6777790784835815,100.79893493652344,-182.8786163330078
-0.256103515625,1.149658203125,-0.562744140625,-4.57763671875,-67.68798828125,-46.81396484375,4.411803245544434,101.06903076171876,-185.1597137451172
-0.1337890625,1.029052734375,-0.605224609375,1.0986328125,-90.4541015625,-59.08203125,7.631087779998778,101.69442749023438,-188.3879852294922
0.146728515625,0.862060546875,-0.617919921875,14.6484375,-104.43115234375,-76.84326171875,10.92755126953125,102.63399505615234,168.265380859375
0.329833984375,0.822998046875,-0.574462890625,27.83203125,-93.75,-82.51953125,13.915206909179688,103.93706512451172,165.4691619873047
0.419921875,0.8486328125,-0.54736328125,40.58837890625,-73.6083984375,-74.89013671875,15.94458293914795,105.80875396728516,163.75125122070312
0.305908203125,1.041748046875,-0.431396484375,43.02978515625,-47.18017578125,-41.19873046875,16.884702682495114,107.38565826416016,162.42062377929688
0.21484375,1.101806640625,-0.45947265625,31.43310546875,-32.3486328125,-13.24462890625,16.752410888671875,108.51846313476562,161.35911560058594
0.042724609375,1.080078125,-0.482666015625,27.7099609375,-25.146484375,-2.0751953125,16.441688537597653,109.5546646118164,160.39805603027344
-0.07763671875,1.09130859375,-0.46142578125,27.34375,-35.33935546875,-2.3193359375,16.513044357299805,110.38806915283205,159.08038330078125
-0.019775390625,0.999267578125,-0.4306640625,28.1982421875,-54.19921875,-8.30078125,16.984172821044922,111.0460968017578,157.11753845214844
0.1201171875,0.900146484375,-0.4130859375,30.76171875,-65.0634765625,-8.85009765625,17.26380729675293,111.69288635253906,154.75466918945312
0.175048828125,0.81884765625,-0.364013671875,31.3720703125,-62.5,1.64794921875,17.06174087524414,112.30057525634766,152.32635498046875
0.1943359375,0.80224609375,-0.32861328125,31.25,-57.06787109375,10.1318359375,16.439777374267578,112.85186004638672,149.95753479003906
0.191650390625,0.7734375,-0.294677734375,26.9775390625,-47.05810546875,14.95361328125,15.458579063415527,113.25566864013672,148.01278686523438
0.10986328125,0.768310546875,-0.252197265625,22.64404296875,-32.77587890625,17.08984375,14.462503433227539,113.54474639892578,146.42701721191406
0.043212890625,0.7705078125,-0.257080078125,17.02880859375,-28.564453125,19.8974609375,13.512944221496582,113.6619644165039,144.96414184570312
0.004150390625,0.802001953125,-0.278076171875,13.24462890625,-27.52685546875,20.6298828125,12.719015121459961,113.70802307128906,143.548583984375
-0.01806640625,0.8486328125,-0.25732421875,12.8173828125,-34.36279296875,13.36669921875,12.33163833618164,113.59912872314452,141.976318359375
0.033203125,0.89599609375,-0.26416015625,10.19287109375,-33.3251953125,10.009765625,11.937291145324707,113.40274047851562,140.50022888183594
0.046875,0.924560546875,-0.280029296875,5.615234375,-28.13720703125,6.7138671875,11.528718948364258,113.17256927490234,139.4017333984375
0.103759765625,0.945068359375,-0.324951171875,1.0986328125,-20.1416015625,2.99072265625,11.05316925048828,112.87518310546876,138.56561279296878
0.13134765625,0.934814453125,-0.34130859375,-3.35693359375,-14.95361328125,6.34765625,10.326522827148438,112.49076080322266,137.88453674316406
0.11181640625,0.901611328125,-0.341064453125,-5.67626953125,-11.71875,11.3525390625,9.446423530578613,112.0940399169922,137.26138305664062
0.071044921875,0.91943359375,-0.349365234375,-4.8828125,-9.765625,20.01953125,8.318623542785645,111.72891235351562,136.58273315429688
0.048583984375,0.9404296875,-0.335693359375,-5.31005859375,-9.58251953125,25.20751953125,7.0876874923706055,111.31967163085938,135.83578491210938
0.03369140625,0.9423828125,-0.31689453125,-5.7373046875,-8.056640625,27.40478515625,5.852433681488037,110.8731689453125,135.11857604980472
-0.0283203125,0.995361328125,-0.284423828125,-8.544921875,-2.0751953125,29.47998046875,4.6129889488220215,110.27408599853516,134.600830078125
-0.087158203125,1.007568359375,-0.275634765625,-16.7236328125,-3.47900390625,32.71484375,3.441370010375977,109.35099029541016,134.00399780273438
-0.065185546875,1.000244140625,-0.330810546875,-24.23095703125,-7.6904296875,35.09521484375,2.2191503047943115,108.36519622802734,133.25567626953122
-0.063232421875,0.998291015625,-0.435302734375,-29.47998046875,-9.33837890625,40.83251953125,0.8309482336044312,107.35417175292969,132.40130615234378
