0.085693359375,0.998046875,0.04248046875,-8.36181640625,-4.0283203125,2.01416015625,-7.746987342834473,82.66934204101562,-27.985294342041016
0.0810546875,0.97998046875,0.0302734375,-8.30078125,-5.2490234375,2.13623046875,-7.738129615783691,82.57108306884766,-28.21323013305664
0.08203125,0.985107421875,0.0341796875,-8.4228515625,-5.2490234375,2.50244140625,-7.745635986328125,82.4629135131836,-28.438419342041016
0.0810546875,0.982177734375,0.031982421875,-8.4228515625,-4.08935546875,2.13623046875,-7.7312278747558585,82.35787963867188,-28.620119094848636
0.082763671875,0.980224609375,0.048583984375,-8.48388671875,-4.69970703125,2.01416015625,-7.719829082489014,82.21910858154297,-28.82194709777832
0.086669921875,0.99658203125,0.037353515625,-7.75146484375,-4.57763671875,1.708984375,-7.7026824951171875,82.14213562011719,-29.02465057373047
0.084716796875,0.98486328125,0.03076171875,-8.48388671875,-4.150390625,1.708984375,-7.682326316833496,82.05079650878906,-29.212404251098636
0.0751953125,0.99755859375,0.03369140625,-8.4228515625,-5.0048828125,2.0751953125,-7.658089160919189,81.96417999267578,-29.431921005249023
0.083740234375,0.998046875,0.035400390625,-9.46044921875,-5.18798828125,2.3193359375,-7.664987564086914,81.83625030517578,-29.656982421875
0.076416015625,0.9833984375,0.041015625,-8.30078125,-5.0048828125,2.13623046875,-7.649615287780763,81.74478149414062,-29.87436103820801
0.083740234375,0.9912109375,0.041015625,-8.11767578125,-4.69970703125,1.708984375,-7.631869792938232,81.66352081298828,-30.082233428955078
0.080810546875,0.97998046875,0.048095703125,-8.36181640625,-4.69970703125,1.52587890625,-7.603090763092041,81.55828094482422,-30.289066314697266
0.08251953125,0.99609375,0.046875,-8.9111328125,-4.57763671875,2.3193359375,-7.607386112213135,81.43853759765625,-30.487287521362305
0.07861328125,0.9892578125,0.052978515625,-8.60595703125,-4.69970703125,1.77001953125,-7.583120822906494,81.32205963134766,-30.69210624694824
0.088134765625,0.982177734375,0.03759765625,-8.60595703125,-4.5166015625,1.8310546875,-7.585191249847412,81.24366760253906,-30.89404296875
0.079345703125,0.988525390625,0.043212890625,-8.11767578125,-5.0048828125,2.13623046875,-7.580838680267334,81.17806243896484,-31.11237907409668
0.080810546875,0.990478515625,0.024658203125,-9.033203125,-4.638671875,1.8310546875,-7.566422939300537,81.11949920654297,-31.32379913330078
0.079345703125,0.980224609375,0.045166015625,-8.4228515625,-5.0048828125,2.13623046875,-7.564739227294923,81.04113006591797,-31.541732788085934
0.099609375,0.98388671875,0.039794921875,-8.6669921875,-5.31005859375,1.953125,-7.603916645050049,80.97024536132812,-31.7746696472168
0.073974609375,0.9814453125,0.0546875,-8.6669921875,-4.45556640625,2.0751953125,-7.582649707794189,80.86348724365234,-31.96889495849609
0.07421875,0.99658203125,0.047607421875,-7.9345703125,-4.5166015625,2.0751953125,-7.561164379119872,80.80857849121094,-32.168212890625
0.078125,0.97216796875,0.059326171875,-8.36181640625,-4.2724609375,1.8310546875,-7.542377471923827,80.70735168457031,-32.355392456054695
0.081298828125,0.98779296875,0.026611328125,-8.72802734375,-4.638671875,1.708984375,-7.527867317199707,80.67485809326172,-32.568382263183594
0.082763671875,0.987060546875,0.0400390625,-8.4228515625,-5.126953125,1.953125,-7.529665470123291,80.6271743774414,-32.795211791992195
0.07861328125,0.979248046875,0.03564453125,-8.9111328125,-4.8828125,1.89208984375,-7.519783973693848,80.57018280029297,-33.01415634155273
0.087890625,0.991455078125,0.044921875,-8.9111328125,-4.69970703125,1.89208984375,-7.527811050415039,80.49402618408203,-33.22319793701172
0.084716796875,0.990478515625,0.040771484375,-7.9345703125,-4.7607421875,1.953125,-7.5316691398620605,80.46968841552734,-33.435836791992195
0.0810546875,0.990966796875,0.025146484375,-7.99560546875,-4.33349609375,1.953125,-7.524935722351074,80.47756958007812,-33.63632202148437
0.077392578125,0.98486328125,0.02783203125,-9.033203125,-4.7607421875,2.25830078125,-7.525924205780028,80.43914031982422,-33.850929260253906
0.0869140625,0.996337890625,0.0458984375,-8.056640625,-4.150390625,2.197265625,-7.539331912994385,80.39754486083984,-34.036361694335945
0.09033203125,0.986572265625,0.039794921875,-8.48388671875,-4.7607421875,2.13623046875,-7.56392240524292,80.35669708251953,-34.24835968017578
0.08056640625,0.9833984375,0.052490234375,-8.48388671875,-4.45556640625,2.0751953125,-7.5610904693603525,80.2865982055664,-34.445068359375
0.0771484375,0.988525390625,0.0498046875,-9.033203125,-4.8828125,1.953125,-7.54804801940918,80.20651245117188,-34.66075897216797
0.084228515625,0.994384765625,0.03662109375,-8.9111328125,-4.69970703125,1.953125,-7.550130367279053,80.16410064697266,-34.87334442138672
0.07763671875,0.98193359375,0.038818359375,-8.23974609375,-4.82177734375,1.77001953125,-7.53304386138916,80.14496612548828,-35.09142303466797
0.08544921875,0.99951171875,0.034423828125,-8.1787109375,-4.21142578125,1.77001953125,-7.52728271484375,80.1372299194336,-35.286651611328125
0.080322265625,0.986083984375,0.03076171875,-7.75146484375,-5.31005859375,1.708984375,-7.517752647399902,80.16006469726562,-35.52698516845703
0.077392578125,0.98583984375,0.033935546875,-8.23974609375,-4.94384765625,2.0751953125,-7.513712882995605,80.15296936035156,-35.74922180175781
0.07861328125,0.991943359375,0.038818359375,-8.9111328125,-4.5166015625,1.8310546875,-7.498945713043213,80.1065673828125,-35.95470428466797
0.07763671875,0.983154296875,0.033935546875,-8.60595703125,-4.45556640625,1.89208984375,-7.4864397048950195,80.0842514038086,-36.158790588378906
0.07470703125,0.99267578125,0.044189453125,-8.97216796875,-4.94384765625,2.13623046875,-7.478644847869872,80.0278549194336,-36.377708435058594
0.079833984375,0.993896484375,0.0439453125,-8.48388671875,-4.94384765625,2.13623046875,-7.482755661010742,79.99375915527344,-36.5967903137207
0.0791015625,0.994873046875,0.039794921875,-8.7890625,-5.126953125,1.953125,-7.479240894317628,79.95950317382812,-36.82579803466797
0.067138671875,0.976318359375,0.052978515625,-7.9345703125,-5.0048828125,1.708984375,-7.440742492675781,79.92815399169922,-37.04761505126953
0.07568359375,0.98583984375,0.046630859375,-8.1787109375,-4.7607421875,2.197265625,-7.439706802368164,79.90211486816406,-37.25822448730469
0.073486328125,0.974609375,0.04443359375,-8.6669921875,-4.45556640625,2.197265625,-7.43373441696167,79.85990142822266,-37.457298278808594
0.080322265625,0.98779296875,0.038818359375,-8.7890625,-5.126953125,1.953125,-7.436764717102051,79.832275390625,-37.68664169311523
0.080810546875,0.97998046875,0.045166015625,-8.9111328125,-4.7607421875,2.50244140625,-7.461125373840332,79.78311920166016,-37.89568328857422
0.08251953125,0.9814453125,0.041015625,-8.9111328125,-5.4931640625,2.0751953125,-7.476833820343018,79.74982452392578,-38.13835144042969
0.0751953125,0.993408203125,0.041748046875,-8.23974609375,-4.82177734375,1.8310546875,-7.4588680267333975,79.74112701416016,-38.35628509521485
0.079833984375,0.982666015625,0.038330078125,-8.1787109375,-4.08935546875,1.5869140625,-7.439577102661133,79.73829650878906,-38.54759979248047
0.073486328125,0.994384765625,0.034912109375,-8.36181640625,-4.08935546875,2.25830078125,-7.4310545921325675,79.7365951538086,-38.73530578613281
0.076416015625,0.98095703125,0.05908203125,-8.6669921875,-5.0048828125,2.13623046875,-7.4324378967285165,79.6705322265625,-38.9527587890625
0.072998046875,1.0,0.034912109375,-8.30078125,-4.638671875,1.64794921875,-7.402261257171631,79.67778015136719,-39.166847229003906
0.0830078125,0.986328125,0.03759765625,-8.4228515625,-4.57763671875,1.64794921875,-7.3978400230407715,79.67190551757812,-39.37724304199219
0.074462890625,0.96337890625,0.058349609375,-8.6669921875,-4.2724609375,2.25830078125,-7.399045944213867,79.6036376953125,-39.564674377441406
0.156982421875,0.94287109375,0.1748046875,-8.6669921875,-0.48828125,18.1884765625,-8.189718246459961,79.22187042236328,-39.44854736328125
0.020751953125,0.79443359375,0.124755859375,-6.4697265625,19.287109375,2.62451171875,-7.882693767547607,78.91246795654297,-38.67333221435547
0.1181640625,1.003173828125,-0.03076171875,-6.40869140625,14.46533203125,1.5869140625,-7.796492099761963,79.06903839111328,-38.15556716918945
0.0400390625,1.01611328125,0.03369140625,-8.9111328125,-4.150390625,2.13623046875,-7.693957328796388,79.0785903930664,-38.35194396972656
0.129150390625,0.98095703125,0.0361328125,-13.97705078125,-24.658203125,5.4931640625,-7.779052734375,78.70626068115234,-39.91768646240234
0.04150390625,0.990478515625,0.0537109375,-20.01953125,-13.24462890625,10.8642578125,-8.096163749694824,78.27882385253906,-40.40007019042969
0.032958984375,0.9755859375,0.063720703125,-31.1279296875,-17.88330078125,17.7001953125,-8.692208290100098,77.42083740234375,-41.0048942565918
0.105712890625,1.010009765625,0.1689453125,-26.30615234375,-23.0712890625,10.1318359375,-9.177865028381348,76.60517120361328,-41.84264755249024
0.13232421875,0.935546875,0.11962890625,-26.611328125,-7.99560546875,0.732421875,-9.234564781188963,75.81913757324219,-42.18764877319336
0.19482421875,0.903076171875,0.07666015625,-4.150390625,-4.45556640625,0.18310546875,-9.40211009979248,76.03271484375,-42.4177131652832
0.16552734375,0.933837890625,0.086669921875,22.8271484375,-5.2490234375,7.01904296875,-9.748058319091797,77.29649353027344,-42.61434555053711
0.220703125,1.18896484375,0.101318359375,49.74365234375,5.92041015625,28.80859375,-10.856523513793944,79.49522399902344,-42.19744110107422
0.1748046875,1.43603515625,0.057861328125,88.8671875,20.56884765625,35.888671875,-11.994901657104492,83.15081024169922,-41.20658874511719
0.070068359375,1.921875,-0.079345703125,69.9462890625,2.38037109375,9.033203125,-11.956415176391602,86.275146484375,-41.14189147949219
0.080810546875,1.765625,-0.05224609375,-8.4228515625,-14.892578125,-11.474609375,-11.167717933654783,86.27088928222656,-41.821388244628906
0.1630859375,1.378173828125,0.02734375,-59.99755859375,-27.83203125,-27.16064453125,-10.001118659973145,84.18600463867188,-43.059364318847656
0.21142578125,1.36376953125,0.11474609375,-13.5498046875,-20.8740234375,-21.728515625,-9.173710823059082,83.82489776611328,-43.995506286621094
0.18359375,1.51513671875,0.044921875,12.75634765625,-18.98193359375,-25.45166015625,-8.147098541259767,84.62911987304688,-44.88577651977539
0.045654296875,1.616455078125,-0.01171875,20.99609375,-16.90673828125,-36.4990234375,-6.4927520751953125,85.78707122802734,-45.71227645874024
0.143798828125,1.702880859375,0.0107421875,-2.50244140625,-38.75732421875,-26.0009765625,-5.497633934020996,85.99578857421875,-47.35449600219727
0.2001953125,1.58154296875,0.006103515625,-30.21240234375,-45.83740234375,-11.29150390625,-5.252250671386719,85.09783172607422,-49.23666381835938
0.17822265625,1.33837890625,0.0302734375,-45.95947265625,-46.56982421875,-24.35302734375,-4.55544376373291,83.55517578125,-51.20086669921875
0.180419921875,1.09619140625,0.12158203125,-37.29248046875,-34.36279296875,-48.76708984375,-2.9787416458129883,82.15934753417969,-52.80062866210938
0.06396484375,1.015380859375,0.026123046875,-21.42333984375,-32.5927734375,-31.3720703125,-1.944346070289612,81.60347747802734,-54.2783088684082
0.078857421875,0.962890625,-0.019775390625,3.72314453125,-40.46630859375,-15.44189453125,-1.6660844087600708,82.16846466064453,-55.97987747192383
0.099609375,1.00244140625,-0.04541015625,20.56884765625,-44.3115234375,-21.66748046875,-1.1835669279098509,83.43292236328125,-57.857887268066406
0.160400390625,0.96728515625,-0.04638671875,11.65771484375,-36.376953125,-25.0244140625,-0.6670001745223999,84.27312469482422,-59.41753387451172
0.09716796875,0.97412109375,-0.051025390625,-2.13623046875,-27.16064453125,-22.3388671875,-0.08152583986520767,84.52424621582031,-60.58691787719727
0.08154296875,0.87353515625,0.027587890625,-8.9111328125,-17.76123046875,-30.70068359375,0.8622394800186157,84.29228973388672,-61.40878677368164
0.09814453125,0.71484375,0.0458984375,10.43701171875,-10.986328125,-47.607421875,2.3689041137695312,84.75713348388672,-62.02112579345703
0.095703125,0.64404296875,0.0458984375,36.0107421875,-2.25830078125,-67.138671875,4.604377269744873,86.2092056274414,-62.316810607910156
-0.08837890625,0.71826171875,-0.08544921875,55.6640625,13.61083984375,-74.03564453125,7.66849422454834,88.88274383544922,-61.85295867919922
-0.13916015625,0.701904296875,-0.1376953125,51.7578125,4.0283203125,-82.275390625,11.081827163696287,91.44642639160156,-61.60380172729492
-0.182861328125,0.694091796875,-0.139892578125,44.49462890625,-0.732421875,-93.8720703125,14.95645809173584,93.63481903076172,-61.37490844726562
-0.117919921875,0.627197265625,-0.12109375,41.19873046875,-0.48828125,-94.7265625,18.541154861450195,95.65044403076172,-60.99100112915039
-0.128173828125,0.637451171875,-0.1357421875,41.56494140625,5.859375,-90.75927734375,21.808757781982425,97.8030242919922,-60.20212936401367
-0.225341796875,0.670166015625,-0.206298828125,38.2080078125,8.9111328125,-81.9091796875,24.81970596313477,100.0702133178711,-59.11809158325195
-0.257568359375,0.67431640625,-0.19091796875,28.4423828125,-0.1220703125,-76.96533203125,27.64430427551269,101.71541595458984,-58.37104797363281
-0.251953125,0.646728515625,-0.18408203125,23.62060546875,-7.6904296875,-71.59423828125,30.210357666015625,102.9937515258789,-57.92975997924805
-0.27001953125,0.58056640625,-0.15625,29.4189453125,-9.94873046875,-65.4296875,32.591934204101555,104.38335418701172,-57.61222457885742
-0.319091796875,0.6220703125,-0.16259765625,46.5087890625,-9.82666015625,-60.24169921875,34.75683212280273,106.410888671875,-57.29533767700195
-0.3232421875,0.68896484375,-0.19775390625,48.33984375,-10.6201171875,-55.96923828125,36.59020233154297,108.49791717529295,-56.985069274902344
-0.3193359375,0.7373046875,-0.215576171875,41.6259765625,-14.2822265625,-53.1005859375,38.21890258789063,110.16527557373048,-56.84811782836914
-0.35107421875,0.71533203125,-0.188720703125,28.62548828125,-14.22119140625,-46.44775390625,39.64545822143555,111.14083099365234,-56.85028457641602
-0.33837890625,0.6611328125,-0.212158203125,23.92578125,-11.29150390625,-40.71044921875,40.777915954589844,112.07280731201172,-56.72291564941406
-0.3544921875,0.69921875,-0.255615234375,22.94921875,-6.9580078125,-33.69140625,41.51758575439453,113.10321044921876,-56.44963073730469
-0.4755859375,0.731201171875,-0.289306640625,16.845703125,-13.671875,-34.1796875,42.56806564331055,113.7249755859375,-56.44712448120117
-0.4609375,0.68212890625,-0.274169921875,17.2119140625,-22.8271484375,-36.62109375,43.85050964355469,114.08078002929688,-56.84125137329102
-0.490234375,0.675048828125,-0.284912109375,24.47509765625,-27.9541015625,-42.54150390625,45.44849014282226,114.66883850097656,-57.330162048339844
-0.502197265625,0.688232421875,-0.292724609375,30.8837890625,-35.94970703125,-49.13330078125,47.36255645751953,115.3037567138672,-58.07756805419922
-0.51123046875,0.687744140625,-0.289306640625,28.3203125,-39.0625,-46.38671875,49.181922912597656,115.59850311279295,-59.09537124633789
-0.499267578125,0.66748046875,-0.279541015625,27.16064453125,-41.748046875,-41.015625,50.79388427734375,115.55835723876952,-60.45400619506836
-0.47509765625,0.68115234375,-0.2587890625,31.6162109375,-36.2548828125,-37.90283203125,52.08525466918945,115.72075653076172,-61.70672225952149
-0.544189453125,0.739501953125,-0.322509765625,34.24072265625,-34.912109375,-38.0859375,53.34351348876953,116.16650390625,-62.785499572753906
-0.56201171875,0.740478515625,-0.321044921875,28.4423828125,-40.8935546875,-37.04833984375,54.655738830566406,115.9937973022461,-64.30805969238281
-0.609130859375,0.711181640625,-0.326416015625,21.54541015625,-41.3818359375,-42.3583984375,56.22389221191406,115.65623474121094,-65.70045471191406
-0.626708984375,0.617431640625,-0.322265625,17.08984375,-45.41015625,-42.6025390625,57.95615005493164,114.99615478515624,-67.29954528808594
-0.608154296875,0.593017578125,-0.318115234375,24.2919921875,-45.5322265625,-39.794921875,59.51853561401367,114.48184967041016,-69.05809783935547
-0.602783203125,0.69580078125,-0.316162109375,33.0810546875,-43.02978515625,-38.330078125,60.77571868896485,114.12294006347656,-70.9599838256836
-0.671142578125,0.795166015625,-0.31640625,27.28271484375,-47.42431640625,-44.00634765625,62.24301528930664,113.10507202148438,-73.27288818359375
-0.621337890625,0.7236328125,-0.308349609375,20.20263671875,-49.98779296875,-51.57470703125,63.9547348022461,111.77459716796876,-75.61802673339844
-0.642333984375,0.5791015625,-0.334228515625,19.1650390625,-47.119140625,-46.69189453125,65.57349395751953,110.74913024902344,-77.6606674194336
-0.645263671875,0.544921875,-0.331298828125,23.681640625,-43.39599609375,-36.2548828125,66.74031829833984,109.81392669677734,-79.80436706542969
-0.65966796875,0.57275390625,-0.324462890625,27.83203125,-39.1845703125,-29.296875,67.51974487304689,108.97702026367188,-81.99701690673828
-0.690185546875,0.628173828125,-0.318115234375,21.728515625,-35.888671875,-26.123046875,68.06479644775389,107.84259796142578,-84.21636962890625
-0.693115234375,0.58935546875,-0.30224609375,17.7001953125,-35.400390625,-26.3671875,68.64315032958984,106.55036926269531,-86.43195343017578
-0.676513671875,0.578369140625,-0.27099609375,17.4560546875,-31.494140625,-22.5830078125,69.00128173828125,105.3388442993164,-88.538330078125
-0.68994140625,0.583984375,-0.26806640625,18.73779296875,-25.2685546875,-18.12744140625,69.11456298828125,104.66558074951172,-90.1352767944336
-0.723388671875,0.592041015625,-0.297119140625,17.63916015625,-21.91162109375,-15.80810546875,69.12539672851561,104.3971176147461,-91.28176879882812
-0.730712890625,0.586181640625,-0.286865234375,14.95361328125,-19.47021484375,-14.404296875,69.07949829101561,104.19365692138672,-92.24166107177734
-0.770751953125,0.592529296875,-0.293212890625,13.0615234375,-18.06640625,-18.6767578125,69.22328948974611,104.17842864990234,-92.9172134399414
-0.752197265625,0.586669921875,-0.301025390625,11.90185546875,-19.59228515625,-22.94921875,69.52004241943361,104.13512420654295,-93.57635498046876
-0.74853515625,0.553955078125,-0.30224609375,10.6201171875,-18.6767578125,-23.5595703125,69.86663055419922,104.23161315917969,-94.0389175415039
-0.737060546875,0.559814453125,-0.290771484375,12.3291015625,-13.5498046875,-26.67236328125,70.24452209472656,104.96572875976562,-93.88471221923828
-0.782958984375,0.57470703125,-0.31689453125,9.6435546875,-12.939453125,-28.1982421875,70.68502044677734,105.79754638671876,-93.51445770263672
-0.767333984375,0.4912109375,-0.314453125,2.25830078125,-16.17431640625,-25.634765625,71.1661605834961,106.08154296875,-93.42180633544922
-0.736083984375,0.459228515625,-0.28515625,0.732421875,-12.3291015625,-16.41845703125,71.27239227294922,106.35541534423828,-93.27410888671876
-0.747802734375,0.513916015625,-0.3056640625,2.50244140625,-7.568359375,-10.7421875,71.02114868164062,107.0251693725586,-92.79198455810548
-0.81591796875,0.5537109375,-0.302001953125,-2.01416015625,-7.9345703125,-15.0146484375,70.96290588378906,107.4051742553711,-92.39396667480469
-0.78662109375,0.506591796875,-0.279296875,-7.080078125,-8.056640625,-22.52197265625,71.23482513427734,107.82146453857422,-91.73023986816406
-0.75244140625,0.451904296875,-0.291259765625,-9.94873046875,-8.36181640625,-19.04296875,71.41613006591797,108.22663116455078,-90.9848861694336
-0.754638671875,0.43603515625,-0.310546875,-8.97216796875,-6.4697265625,-7.080078125,71.14965057373047,108.5997314453125,-90.34429168701172
-0.777587890625,0.462646484375,-0.317626953125,-3.7841796875,-2.74658203125,0.1220703125,70.55860900878906,109.22899627685548,-89.65480041503906
-0.810791015625,0.4931640625,-0.31591796875,-6.2255859375,-2.685546875,2.44140625,69.89197540283203,109.4920883178711,-89.23133850097656
-0.811767578125,0.49755859375,-0.31298828125,-9.765625,-6.28662109375,-0.79345703125,69.41083526611328,109.29998016357422,-89.12946319580078
-0.8076171875,0.48486328125,-0.318115234375,-5.92041015625,-6.2255859375,-5.126953125,69.11882019042969,109.49728393554688,-88.78453826904297
-0.797119140625,0.4619140625,-0.3251953125,-3.96728515625,-7.01904296875,-3.90625,68.82591247558594,109.74504852294922,-88.48311614990234
-0.814208984375,0.4501953125,-0.322509765625,-2.99072265625,-9.09423828125,-1.28173828125,68.51876068115234,109.71841430664062,-88.51595306396484
-0.78271484375,0.4677734375,-0.30322265625,-1.953125,-8.60595703125,1.220703125,68.06578063964844,109.56290435791016,-88.71765899658203
-0.770751953125,0.451904296875,-0.28369140625,-4.82177734375,-6.53076171875,5.06591796875,67.48471069335939,109.31024932861328,-88.89791870117188
-0.76220703125,0.42529296875,-0.278564453125,-9.94873046875,-1.953125,12.14599609375,66.64598083496094,109.10921478271484,-88.81861114501953
-0.75390625,0.4912109375,-0.26806640625,-17.4560546875,4.150390625,27.099609375,65.07907104492189,108.50203704833984,-88.83554077148438
-0.75,0.498779296875,-0.27685546875,-26.0009765625,4.8828125,36.80419921875,63.1746940612793,107.45899200439452,-88.97647857666016
-0.73779296875,0.50146484375,-0.259521484375,-32.53173828125,6.8359375,40.95458984375,61.14724731445313,106.23998260498048,-89.02234649658203
-0.71630859375,0.491943359375,-0.28564453125,-38.57421875,9.1552734375,44.677734375,59.00284957885742,105.1329574584961,-88.72520446777344
-0.719482421875,0.517578125,-0.297607421875,-41.015625,13.97705078125,49.01123046875,56.67876815795898,104.24211120605469,-88.08148193359375
-0.71337890625,0.5126953125,-0.298828125,-43.88427734375,15.5029296875,52.24609375,54.30847549438477,103.33089447021484,-87.33872985839844
-0.733642578125,0.5400390625,-0.30126953125,-45.71533203125,19.95849609375,55.17578125,51.86097717285156,102.53142547607422,-86.35626220703125
-0.759521484375,0.540283203125,-0.314453125,-45.83740234375,19.83642578125,56.94580078125,49.48002243041992,101.7368392944336,-85.37361907958984
-0.72216796875,0.564453125,-0.3310546875,-46.20361328125,17.7001953125,56.33544921875,47.137062072753906,100.89065551757812,-84.46373748779297
-0.707275390625,0.614013671875,-0.329833984375,-53.1005859375,15.5029296875,57.9833984375,44.74093246459961,99.63846588134766,-83.70514678955078
-0.66748046875,0.603515625,-0.338134765625,-63.5986328125,13.916015625,62.43896484375,42.2375602722168,97.9945068359375,-82.96733093261719
-0.6162109375,0.5908203125,-0.323486328125,-73.66943359375,16.78466796875,64.697265625,39.68184280395508,96.12152862548828,-82.00248718261719
-0.527587890625,0.612060546875,-0.31005859375,-94.29931640625,23.92578125,75.13427734375,36.61278533935547,93.69686126708984,-80.62171936035156
-0.529296875,0.608154296875,-0.25048828125,-114.2578125,33.14208984375,85.02197265625,33.32481002807617,90.6427230834961,-78.778564453125
-0.535400390625,0.53759765625,-0.238525390625,-131.77490234375,35.400390625,91.24755859375,30.152891159057614,87.05804443359375,-76.63887786865234
-0.5576171875,0.5048828125,-0.1591796875,-143.4326171875,38.9404296875,99.06005859375,27.04612159729004,82.95834350585938,-74.21987915039062
-0.53369140625,0.46533203125,-0.10400390625,-144.04296875,36.62109375,101.5625,24.14377021789551,78.74464416503906,-71.70329284667969
-0.4501953125,0.419189453125,-0.080810546875,-127.62451171875,29.9072265625,96.61865234375,21.57265281677246,75.12332916259766,-69.28150939941406
-0.400146484375,0.401123046875,-0.07763671875,-102.60009765625,17.9443359375,84.04541015625,19.496383666992188,72.37236785888672,-67.30455017089844
-0.401611328125,0.397216796875,-0.057861328125,-87.82958984375,12.63427734375,85.51025390625,17.46070671081543,70.11518096923828,-65.43144226074219
-0.4794921875,0.426513671875,-0.10498046875,-81.54296875,7.080078125,97.412109375,15.14276123046875,68.21331024169922,-63.48414611816406
-0.417236328125,0.528564453125,-0.106689453125,-74.5849609375,-2.9296875,111.2060546875,11.95093059539795,66.61927795410156,-61.60592651367188
-0.415283203125,0.633056640625,-0.091796875,-72.509765625,-16.7236328125,106.50634765625,8.677642822265625,64.93353271484375,-60.26950073242188
-0.2763671875,0.66015625,-0.059814453125,-69.27490234375,-35.400390625,89.2333984375,5.4531517028808585,63.25539779663086,-59.8441276550293
-0.178466796875,0.685546875,0.004638671875,-49.072265625,-47.36328125,71.22802734375,2.4484305381774902,62.23698425292969,-60.14668273925781
-0.225830078125,0.64599609375,0.024658203125,-23.86474609375,-52.490234375,60.546875,0.005197947844862938,62.18381881713867,-60.8472785949707
-0.10888671875,0.635498046875,-0.01123046875,10.1318359375,-59.87548828125,49.072265625,-2.4356391429901123,63.68331909179688,-62.09124755859375
-0.068603515625,0.8291015625,-0.019775390625,32.53173828125,-54.13818359375,63.8427734375,-5.378647327423097,66.08472442626953,-63.01926803588867
-0.110107421875,0.9931640625,-0.01220703125,19.4091796875,-50.048828125,79.833984375,-8.641093254089355,67.86801910400389,-63.71137619018555
-0.115966796875,1.03662109375,-0.00634765625,-0.8544921875,-49.9267578125,88.19580078125,-12.073891639709473,68.80116271972656,-64.41496276855469
-0.101806640625,1.0693359375,0.03466796875,-18.798828125,-52.3681640625,81.72607421875,-15.200963020324707,68.99867248535156,-65.38814544677734
-0.024169921875,1.086181640625,0.04638671875,-20.3857421875,-55.908203125,72.20458984375,-18.06233787536621,69.24434661865234,-66.70294189453125
-0.08251953125,1.023193359375,0.07421875,-15.5029296875,-53.03955078125,64.94140625,-20.37310218811035,69.67344665527344,-68.06221008300781
-0.056884765625,1.080322265625,0.04931640625,-0.9765625,-46.875,46.38671875,-21.86905860900879,70.80062866210938,-69.53881072998047
-0.044921875,1.068359375,0.01220703125,-6.2255859375,-48.88916015625,44.98291015625,-23.288780212402344,71.85189056396484,-71.21292114257812
-0.050537109375,1.044677734375,0.023193359375,-12.8173828125,-57.373046875,50.23193359375,-24.91839408874512,72.75387573242188,-73.22649383544922
0.049560546875,0.9873046875,0.099853515625,-14.6484375,-66.46728515625,50.96435546875,-26.78152084350586,73.60348510742188,-75.61271667480469
0.077880859375,1.074462890625,0.097900390625,-11.65771484375,-54.62646484375,46.69189453125,-28.29997444152832,74.44751739501953,-77.6270980834961
0.15185546875,1.07763671875,0.105712890625,-10.6201171875,-46.20361328125,50.048828125,-29.92159080505371,75.15502166748047,-79.2811279296875
0.25341796875,1.3330078125,0.072509765625,-7.080078125,-33.26416015625,84.5947265625,-32.78346633911133,75.65332794189453,-80.06423950195312
0.10205078125,1.461181640625,0.08251953125,-23.3154296875,-33.38623046875,93.68896484375,-35.64808654785156,75.48320770263672,-80.80255889892578
0.19287109375,1.301513671875,0.100341796875,-44.12841796875,-44.49462890625,86.5478515625,-38.40301132202149,74.83563995361328,-82.15779876708984
0.279541015625,1.265869140625,0.026611328125,-31.06689453125,-39.55078125,83.8623046875,-41.071678161621094,74.81848907470703,-83.45062255859375
0.355712890625,1.1435546875,0.124755859375,-26.9775390625,-49.74365234375,39.24560546875,-42.1696891784668,75.53070068359375,-85.78455352783203
0.2578125,1.319580078125,0.07568359375,4.8828125,-18.06640625,29.72412109375,-42.333274841308594,76.66560363769531,-86.72593688964844
0.209228515625,1.43212890625,0.0234375,8.1787109375,-24.90234375,45.166015625,-43.05311965942383,78.1578140258789,-87.94151306152344
0.172119140625,1.372802734375,0.084228515625,2.86865234375,-32.40966796875,39.36767578125,-43.50840377807617,79.60848999023438,-89.56260681152344
0.216552734375,1.299072265625,0.100341796875,2.3193359375,-29.9072265625,18.6767578125,-43.16550064086914,80.99140167236328,-91.21139526367188
0.251953125,1.22314453125,0.1123046875,8.36181640625,-20.81298828125,-9.09423828125,-41.73295974731445,82.30060577392578,-92.50767517089844
0.277099609375,1.195068359375,0.092041015625,17.76123046875,-14.404296875,-14.7705078125,-40.122642517089844,83.7115707397461,-93.4429702758789
0.159912109375,1.287109375,0.053466796875,13.48876953125,-9.521484375,-9.033203125,-38.5615234375,84.7666244506836,-94.08411407470705
0.1689453125,1.2548828125,0.04443359375,-7.6904296875,-25.87890625,-4.0283203125,-37.31696701049805,85.41651153564453,-95.49452209472656
0.18701171875,1.153076171875,0.046142578125,-17.4560546875,-26.7333984375,-4.69970703125,-36.13486099243164,85.62287902832031,-96.90208435058594
0.138916015625,1.145751953125,0.02294921875,-23.98681640625,-26.30615234375,-8.056640625,-34.779224395751946,85.57282257080078,-98.30683135986328
0.163818359375,1.0185546875,0.06396484375,-21.8505859375,-25.2685546875,-12.26806640625,-33.378597259521484,85.43364715576172,-99.58590698242188
0.182373046875,0.93701171875,0.087646484375,-11.8408203125,-26.3671875,-15.9912109375,-31.95132064819336,85.61544799804688,-100.86397552490234
0.191650390625,1.007080078125,0.12255859375,4.82177734375,-19.287109375,-13.00048828125,-30.66037368774414,86.1646957397461,-101.73312377929688
0.177978515625,1.150390625,0.0791015625,3.72314453125,-11.90185546875,-9.6435546875,-29.45400238037109,86.5810317993164,-102.29679870605469
0.114501953125,1.1396484375,0.059814453125,-15.93017578125,-12.0849609375,-12.20703125,-28.07858657836914,86.23091125488281,-102.88727569580078
0.12890625,0.995849609375,0.081298828125,-32.8369140625,-11.65771484375,-5.31005859375,-27.09330177307129,85.11798858642578,-103.4139175415039
0.198486328125,0.803466796875,0.074951171875,-18.85986328125,-5.31005859375,-1.64794921875,-26.52097320556641,84.43964385986328,-103.64591217041016
0.130859375,0.834228515625,0.010986328125,4.21142578125,1.3427734375,-5.37109375,-25.61523056030273,84.78459930419922,-103.69428253173828
0.06591796875,0.968017578125,-0.05810546875,17.39501953125,1.77001953125,-4.7607421875,-24.586015701293945,85.8130111694336,-103.78386688232422
0.072998046875,1.0888671875,-0.05615234375,12.939453125,-10.92529296875,-2.9296875,-23.69235610961914,86.821533203125,-104.38741302490234
0.066650390625,1.06396484375,-0.019287109375,-2.86865234375,-18.9208984375,-0.54931640625,-22.92380142211914,87.19985961914062,-105.27877807617188
0.337158203125,1.26171875,-0.0751953125,-31.982421875,-38.14697265625,-1.953125,-22.605966567993164,86.80695343017578,-107.03324127197266
0.140380859375,0.9716796875,0.08837890625,-25.69580078125,-17.88330078125,-2.38037109375,-21.985275268554688,85.9759292602539,-107.7784423828125
0.12890625,0.992431640625,0.093994140625,-22.52197265625,-11.29150390625,0.3662109375,-21.456687927246094,85.18157958984375,-108.24018096923828
0.17919921875,0.963623046875,0.0849609375,-18.798828125,-2.5634765625,-0.244140625,-21.02085494995117,84.4457015991211,-108.34564971923828
0.126953125,1.014892578125,0.0146484375,-14.6484375,6.34765625,-5.37109375,-20.23725891113281,83.95710754394531,-108.16805267333984
0.163818359375,1.12548828125,-0.1064453125,-23.86474609375,3.5400390625,3.47900390625,-19.90034294128418,83.40802764892578,-108.16631317138672
0.0029296875,1.02783203125,-0.0986328125,-44.49462890625,-12.02392578125,2.74658203125,-19.314533233642575,82.28903198242188,-108.83729553222656
0.0068359375,0.960205078125,0.167236328125,-5.4931640625,-13.5498046875,-0.18310546875,-18.64027976989746,82.14883422851562,-109.37443542480469
0.06884765625,1.01220703125,0.007080078125,-1.8310546875,-24.658203125,-6.103515625,-17.949230194091797,82.70492553710938,-110.53154754638672
0.205322265625,0.97412109375,0.149169921875,-2.197265625,-18.06640625,-6.9580078125,-17.515430450439453,82.78459930419922,-111.29840850830078
0.081787109375,0.984375,0.07861328125,-1.46484375,-6.103515625,-7.01904296875,-16.762779235839847,82.90586853027344,-111.61713409423828
0.083251953125,0.97119140625,0.078125,-7.9345703125,1.0986328125,1.03759765625,-16.32906150817871,82.66188049316406,-111.59416198730469
0.169189453125,0.985595703125,0.115234375,-10.55908203125,4.8828125,3.5400390625,-16.178348541259766,82.18946075439453,-111.3786163330078
-0.0263671875,0.99853515625,-0.0048828125,-7.4462890625,3.72314453125,2.44140625,-15.56864070892334,82.1642074584961,-111.3030014038086
0.154541015625,0.969970703125,0.035400390625,-10.3759765625,-7.568359375,2.0751953125,-15.433524131774902,82.04782104492188,-111.6627426147461
0.048095703125,0.957275390625,0.0517578125,-9.1552734375,-5.18798828125,1.64794921875,-15.032327651977539,81.9199447631836,-111.91797637939452
0.099365234375,0.958984375,0.079345703125,-8.7890625,-4.69970703125,2.197265625,-14.783079147338867,81.7365493774414,-112.13143157958984
0.0927734375,0.981201171875,0.040771484375,-7.38525390625,-4.150390625,1.8310546875,-14.508788108825685,81.70648956298828,-112.34960174560548
0.074951171875,0.991943359375,0.044677734375,-8.48388671875,-4.638671875,2.01416015625,-14.213011741638185,81.6296157836914,-112.58389282226562
0.090087890625,0.982666015625,0.048583984375,-7.8125,-4.2724609375,1.953125,-13.960084915161133,81.56736755371094,-112.80001068115234
0.081787109375,0.990966796875,0.0498046875,-8.23974609375,-4.7607421875,1.8310546875,-13.694912910461426,81.4927978515625,-113.0357894897461
0.08837890625,0.984619140625,0.06298828125,-7.99560546875,-4.638671875,2.197265625,-13.469460487365724,81.39630126953125,-113.2561264038086
0.084228515625,0.9921875,0.04833984375,-7.9345703125,-5.0048828125,1.89208984375,-13.23330020904541,81.344482421875,-113.50121307373048
0.09033203125,0.97900390625,0.06103515625,-8.544921875,-5.31005859375,1.8310546875,-13.021724700927734,81.24060821533203,-113.75106048583984
0.08203125,0.98974609375,0.039794921875,-8.23974609375,-4.2724609375,1.708984375,-12.788207054138185,81.19420623779297,-113.97096252441406
0.0966796875,0.976806640625,0.03759765625,-8.056640625,-4.21142578125,1.89208984375,-12.60684299468994,81.15892028808594,-114.18704223632812
0.092529296875,0.995849609375,0.056884765625,-8.1787109375,-4.2724609375,1.708984375,-12.411279678344727,81.0774154663086,-114.39675903320312
0.080078125,0.988037109375,0.051025390625,-8.056640625,-4.2724609375,2.13623046875,-12.214353561401367,81.01563262939453,-114.60633850097656
0.089111328125,0.98974609375,0.0419921875,-8.36181640625,-4.21142578125,1.8310546875,-12.033586502075195,80.96430969238281,-114.81920623779295
0.077880859375,0.97998046875,0.05908203125,-8.23974609375,-5.126953125,1.953125,-11.84594440460205,80.8858413696289,-115.05925750732422
0.09033203125,1.013671875,0.05029296875,-7.8125,-4.21142578125,2.01416015625,-11.684622764587402,80.84371948242188,-115.26652526855469
0.083984375,0.9794921875,0.048583984375,-7.99560546875,-4.2724609375,2.25830078125,-11.532445907592773,80.79548645019531,-115.47418975830078
0.0859375,0.9853515625,0.05078125,-7.99560546875,-4.7607421875,1.8310546875,-11.37583065032959,80.74860382080078,-115.70288848876952
0.092529296875,1.001708984375,0.06396484375,-8.544921875,-4.21142578125,1.64794921875,-11.225733757019043,80.64856719970703,-115.9045639038086
0.093017578125,0.99462890625,0.0498046875,-8.1787109375,-4.8828125,1.89208984375,-11.099114418029783,80.60308074951172,-116.1377182006836
0.09130859375,0.9892578125,0.04345703125,-7.75146484375,-4.39453125,1.64794921875,-10.962519645690918,80.58660125732422,-116.35511779785156
0.080322265625,0.99365234375,0.04248046875,-8.056640625,-4.57763671875,1.89208984375,-10.816549301147461,80.56211853027344,-116.57833099365234
0.0751953125,0.979248046875,0.0576171875,-7.8125,-4.45556640625,2.0751953125,-10.672908782958984,80.50985717773438,-116.78792572021484
0.0888671875,0.979736328125,0.04541015625,-8.11767578125,-4.638671875,2.13623046875,-10.570523262023926,80.47657012939453,-117.00920104980469
0.08349609375,0.984130859375,0.0537109375,-8.11767578125,-4.94384765625,1.8310546875,-10.44869327545166,80.42809295654297,-117.2409896850586
0.079833984375,0.984130859375,0.05615234375,-8.056640625,-4.7607421875,1.953125,-10.32699489593506,80.37642669677734,-117.46328735351562
0.066650390625,0.992919921875,0.060302734375,-7.99560546875,-4.33349609375,1.89208984375,-10.173534393310547,80.31759643554688,-117.66718292236328
0.089111328125,0.9755859375,0.042724609375,-8.23974609375,-4.45556640625,1.46484375,-10.06549072265625,80.29042053222656,-117.8849639892578
0.089599609375,0.984375,0.05517578125,-7.568359375,-4.33349609375,1.708984375,-9.969185829162598,80.26165771484375,-118.09087371826172
0.075439453125,0.9775390625,0.066650390625,-8.1787109375,-4.94384765625,2.0751953125,-9.863630294799805,80.18563842773438,-118.31379699707031
0.08837890625,0.98828125,0.05419921875,-8.1787109375,-4.69970703125,1.8310546875,-9.77941608428955,80.14106750488281,-118.5335693359375
0.074462890625,0.99072265625,0.068359375,-7.9345703125,-4.69970703125,1.89208984375,-9.668389320373537,80.07557678222656,-118.74737548828124
0.0751953125,0.98095703125,0.058837890625,-8.23974609375,-4.57763671875,2.3193359375,-9.581737518310547,80.01936340332031,-118.95663452148438
0.08251953125,0.99560546875,0.044189453125,-8.056640625,-4.57763671875,1.89208984375,-9.496665954589844,80.00828552246094,-119.17447662353516
0.083984375,1.0,0.04345703125,-8.36181640625,-4.150390625,1.46484375,-9.397808074951172,79.98491668701172,-119.37814331054688
0.084228515625,0.9833984375,0.044189453125,-7.9345703125,-4.33349609375,2.3193359375,-9.34139633178711,79.97601318359375,-119.58218383789062
0.095703125,0.987548828125,0.042724609375,-8.30078125,-4.7607421875,1.77001953125,-9.293941497802734,79.95951080322266,-119.80730438232422
0.0751953125,0.98193359375,0.052490234375,-8.11767578125,-4.33349609375,1.52587890625,-9.1897611618042,79.92555236816406,-120.01333618164062
0.076171875,0.9794921875,0.055419921875,-8.11767578125,-3.84521484375,2.01416015625,-9.108153343200684,79.88180541992188,-120.19495391845705
0.08837890625,1.00048828125,0.051513671875,-8.4228515625,-4.57763671875,2.197265625,-9.066076278686523,79.84320068359375,-120.40602111816406
