0.05419921875,0.991455078125,0.03369140625,-7.4462890625,-4.39453125,1.708984375,-5.95128870010376,79.38249969482422,-171.9569854736328
0.056640625,0.994140625,0.031494140625,-7.50732421875,-4.39453125,1.64794921875,-5.942559242248535,79.43399047851562,-172.15402221679688
0.06884765625,0.9921875,0.039794921875,-7.9345703125,-4.7607421875,2.13623046875,-5.983545780181885,79.4482650756836,-172.35975646972656
0.048828125,0.986572265625,0.023681640625,-7.99560546875,-4.33349609375,1.8310546875,-5.958618640899657,79.44239044189453,-172.5495147705078
0.06103515625,0.985107421875,0.039794921875,-7.9345703125,-5.0048828125,1.5869140625,-5.962358951568604,79.45726013183594,-172.7689666748047
0.068115234375,1.00341796875,0.040771484375,-8.1787109375,-4.2724609375,1.77001953125,-5.981202602386475,79.45807647705078,-172.95799255371094
0.0458984375,0.980712890625,0.04931640625,-8.23974609375,-4.57763671875,1.708984375,-5.975564956665039,79.44784545898438,-173.15867614746094
0.051513671875,0.986328125,0.046142578125,-8.1787109375,-4.45556640625,1.8310546875,-5.962080001831055,79.43606567382812,-173.35328674316406
0.038330078125,0.9853515625,0.05517578125,-8.056640625,-4.33349609375,1.89208984375,-5.920265197753906,79.40830993652344,-173.54052734375
0.065185546875,0.99072265625,0.04150390625,-8.11767578125,-5.18798828125,2.197265625,-5.8930912017822275,79.43285369873047,-174.364013671875
0.0556640625,0.975341796875,0.03564453125,-8.36181640625,-4.57763671875,1.5869140625,-5.885509014129639,79.43779754638672,-174.56712341308594
0.048583984375,0.988525390625,0.041748046875,-8.48388671875,-5.06591796875,1.708984375,-5.868405818939209,79.42680358886719,-174.78736877441406
0.051025390625,0.99169921875,0.04638671875,-8.36181640625,-5.06591796875,2.3193359375,-5.851064682006836,79.40950012207031,-175.00204467773438
0.05224609375,0.992919921875,0.04736328125,-7.568359375,-5.06591796875,1.708984375,-5.843020439147949,79.4236831665039,-175.22084045410156
0.05078125,0.97265625,0.04736328125,-8.48388671875,-5.18798828125,2.01416015625,-5.847198009490968,79.3987045288086,-175.4419403076172
0.04248046875,0.982177734375,0.047607421875,-7.9345703125,-4.57763671875,2.3193359375,-5.893955707550049,79.43870544433594,-175.64125061035156
0.0556640625,0.9951171875,0.040283203125,-7.38525390625,-4.2724609375,2.62451171875,-5.922061443328857,79.47162628173828,-175.82388305664062
0.0595703125,0.988037109375,0.040283203125,-8.9111328125,-4.94384765625,1.953125,-5.93735408782959,79.44483947753906,-176.03790283203125
0.051513671875,0.986572265625,0.03125,-8.6669921875,-4.57763671875,2.01416015625,-5.963938236236572,79.4336166381836,-176.2377471923828
0.05712890625,0.98681640625,0.02978515625,-8.72802734375,-4.638671875,2.0751953125,-5.975252628326416,79.43842315673828,-176.44168090820312
0.062255859375,0.992919921875,0.043701171875,-8.1787109375,-5.126953125,1.8310546875,-5.990371227264403,79.4358901977539,-176.66342163085938
0.063720703125,0.98486328125,0.051025390625,-8.60595703125,-5.31005859375,1.5869140625,-5.997079849243164,79.42101287841797,-176.8946533203125
0.062255859375,0.985595703125,0.037841796875,-8.48388671875,-4.8828125,1.708984375,-6.006134510040282,79.4188232421875,-177.109130859375
0.059814453125,0.992919921875,0.046630859375,-7.75146484375,-4.69970703125,2.13623046875,-6.023324012756348,79.42562866210938,-177.31130981445312
0.05419921875,1.001708984375,0.041015625,-8.544921875,-5.126953125,2.0751953125,-6.016406059265138,79.43316650390625,-177.5342559814453
0.0634765625,0.984130859375,0.047119140625,-7.99560546875,-4.45556640625,2.01416015625,-6.0362043380737305,79.42662048339844,-177.72743225097656
0.05712890625,0.995849609375,0.047119140625,-8.11767578125,-5.06591796875,2.3193359375,-6.055515766143799,79.41923522949219,-177.94287109375
0.065673828125,1.000732421875,0.03125,-8.60595703125,-4.638671875,2.0751953125,-6.0028910636901855,79.4361801147461,-178.76824951171875
0.053955078125,0.98291015625,0.04638671875,-8.36181640625,-3.96728515625,1.77001953125,-5.988489627838135,79.4146728515625,-178.9440460205078
0.063232421875,0.983642578125,0.0458984375,-7.4462890625,-4.57763671875,1.8310546875,-6.002662658691406,79.43411254882812,-179.1435546875
0.048095703125,0.986328125,0.052490234375,-8.056640625,-5.126953125,2.25830078125,-6.000208377838135,79.40995788574219,-179.35972595214844
0.062744140625,1.0009765625,0.033447265625,-8.23974609375,-5.06591796875,1.953125,-6.019122123718263,79.42987060546875,-179.58090209960938
0.05126953125,0.994384765625,0.033447265625,-7.9345703125,-4.57763671875,1.77001953125,-6.00138521194458,79.45897674560547,-179.78421020507812
0.046875,0.985595703125,0.044189453125,-7.32421875,-4.82177734375,2.13623046875,-6.011595249176025,79.48584747314453,-179.99156188964844
0.052734375,1.001953125,0.045166015625,-7.9345703125,-5.0048828125,1.77001953125,-5.999022483825684,79.48867797851562,-180.2088623046875
0.051513671875,0.98583984375,0.047119140625,-8.48388671875,-4.39453125,2.197265625,-5.998448848724365,79.4603500366211,-180.39822387695312
0.05224609375,0.990478515625,0.0361328125,-8.11767578125,-4.8828125,2.50244140625,-6.031099319458008,79.47358703613281,-180.6072235107422
0.04443359375,0.991455078125,0.042236328125,-7.99560546875,-4.69970703125,2.25830078125,-6.017220497131348,79.47855377197266,-180.80972290039062
0.060546875,0.991455078125,0.028076171875,-7.6904296875,-4.45556640625,2.38037109375,-6.044121742248535,79.52644348144531,-181.0048675537109
0.055419921875,0.987060546875,0.05224609375,-7.38525390625,-4.150390625,1.89208984375,-6.030342102050781,79.5202407836914,-181.1848297119141
0.068359375,0.99658203125,0.031982421875,-8.056640625,-5.2490234375,2.0751953125,-6.067141532897949,79.54676055908203,-181.41259765625
0.057373046875,0.986328125,0.044677734375,-7.9345703125,-4.57763671875,1.953125,-6.068827152252197,79.54483795166016,-181.6117401123047
0.0478515625,0.99462890625,0.046630859375,-8.48388671875,-5.0048828125,1.77001953125,-5.998787879943848,79.51725006103516,-182.419921875
0.062255859375,0.9853515625,0.050537109375,-8.23974609375,-5.0048828125,1.77001953125,-6.010264873504639,79.49234008789062,-182.6355133056641
0.05908203125,0.98388671875,0.05029296875,-8.056640625,-4.45556640625,1.64794921875,-6.005595684051514,79.47400665283203,-182.83042907714844
0.05029296875,0.9931640625,0.052978515625,-8.6669921875,-4.82177734375,2.01416015625,-6.003328800201416,79.4482650756836,-183.03884887695312
0.064697265625,0.987548828125,0.02685546875,-7.6904296875,-5.06591796875,1.8310546875,-6.023774147033691,79.50267791748047,-183.2622985839844
0.057373046875,0.9814453125,0.043212890625,-8.056640625,-4.8828125,1.953125,-6.030196666717528,79.50160217285156,-183.4736785888672
0.05517578125,0.98046875,0.04443359375,-8.60595703125,-4.638671875,1.708984375,-6.020127773284912,79.45938873291016,-183.6752777099609
0.059326171875,0.98388671875,0.045654296875,-7.6904296875,-4.8828125,1.89208984375,-6.028505325317383,79.46929931640625,-183.8865966796875
0.05859375,0.98828125,0.05859375,-7.75146484375,-4.82177734375,1.8310546875,-6.0309810638427725,79.4470443725586,-184.0929107666016
0.0546875,1.00341796875,0.041259765625,-7.9345703125,-4.8828125,2.197265625,-6.058279991149902,79.48219299316406,-184.3057556152344
0.053466796875,0.987060546875,0.043701171875,-7.9345703125,-5.0048828125,1.64794921875,-6.042612075805664,79.48717498779297,-184.52438354492188
0.062255859375,0.996826171875,0.041748046875,-7.6904296875,-4.2724609375,2.3193359375,-6.067434310913086,79.50338745117188,-184.7096099853516
0.05810546875,0.99951171875,0.02392578125,-7.6904296875,-4.5166015625,1.953125,-6.047709465026856,79.52584075927734,-184.9079132080078
0.052734375,0.98486328125,0.051025390625,-8.4228515625,-4.5166015625,1.77001953125,-6.0319881439208975,79.49036407470703,-185.10438537597656
0.048583984375,0.981689453125,0.044189453125,-7.9345703125,-4.57763671875,2.0751953125,-6.020442485809326,79.49121856689453,-185.302734375
0.063720703125,0.99755859375,0.030517578125,-8.30078125,-4.638671875,2.197265625,-6.0380516052246085,79.45817565917969,-185.50042724609372
0.05224609375,0.973388671875,0.056640625,-7.4462890625,-4.08935546875,1.89208984375,-6.024686336517334,79.44806671142578,-185.67770385742188
0.050048828125,0.989501953125,0.045166015625,-7.9345703125,-4.94384765625,2.01416015625,-6.016239643096924,79.45068359375,-185.890869140625
0.058349609375,0.99267578125,0.0537109375,-7.99560546875,-4.7607421875,1.89208984375,-6.018043518066406,79.43307495117188,-186.0957794189453
0.052490234375,0.98828125,0.0400390625,-7.62939453125,-4.8828125,1.77001953125,-6.005774974822997,79.45995330810547,-186.3094940185547
0.06201171875,0.982421875,0.0361328125,-8.23974609375,-4.638671875,1.8310546875,-6.017325401306152,79.46855926513672,-186.51377868652344
0.052978515625,0.985595703125,0.051025390625,-8.85009765625,-4.2724609375,1.8310546875,-5.954861164093018,79.46251678466797,-187.32440185546875
0.043212890625,1.06298828125,0.059814453125,-10.498046875,-8.7890625,3.2958984375,-6.0042009353637695,79.3533706665039,-187.67762756347656
-0.142578125,0.99169921875,0.106689453125,-18.9208984375,-15.80810546875,4.69970703125,-5.750386714935303,78.82109069824219,-188.28863525390625
-0.04931640625,0.975830078125,0.09375,-10.55908203125,-20.751953125,2.8076171875,-5.9894843101501465,78.76445007324219,170.88516235351562
0.186279296875,1.06298828125,-0.009765625,-5.859375,-23.92578125,0.6103515625,-6.353905200958253,79.07740020751953,169.89785766601562
0.140625,1.034423828125,0.0,-4.08935546875,-8.85009765625,0.9765625,-6.515304565429688,79.36839294433594,169.50869750976562
0.052978515625,0.990966796875,0.046142578125,-6.8359375,-3.96728515625,1.46484375,-6.4822940826416025,79.36132049560547,169.33343505859375
0.035400390625,1.008544921875,0.039306640625,-9.09423828125,-4.150390625,1.5869140625,-6.3989458084106445,79.33489227294922,169.14382934570312
0.067138671875,0.990478515625,0.046875,-11.04736328125,-5.9814453125,2.5634765625,-6.444262027740479,79.21904754638672,168.8917999267578
0.0380859375,0.98291015625,0.044921875,-11.53564453125,-6.34765625,2.62451171875,-6.419235706329347,79.105224609375,168.6232147216797
0.025634765625,0.9482421875,0.04296875,-14.58740234375,-8.85009765625,1.708984375,-6.3608808517456055,78.87570190429688,168.2497100830078
0.022705078125,0.981689453125,0.066162109375,-11.71875,-16.17431640625,2.01416015625,-6.364143371582031,78.75131225585938,167.5946502685547
0.052978515625,0.978271484375,0.09765625,-10.92529296875,-20.751953125,1.52587890625,-6.546061038970947,78.6043701171875,166.7645263671875
0.067626953125,1.004150390625,0.05712890625,-4.638671875,-17.76123046875,2.01416015625,-6.6555843353271475,78.80683898925781,166.04278564453125
0.05322265625,0.96875,0.02197265625,-10.009765625,-10.986328125,1.89208984375,-6.676700115203857,78.83390808105469,165.57847595214844
0.039794921875,0.9873046875,0.03173828125,-10.68115234375,-7.8125,1.708984375,-6.565896511077881,78.79120635986328,165.24099731445312
0.0634765625,1.027099609375,0.064453125,-14.58740234375,-13.7939453125,2.50244140625,-6.650735855102539,78.5572738647461,164.68165588378906
0.177490234375,0.910400390625,0.11083984375,-11.29150390625,-11.474609375,1.8310546875,-6.982799053192139,78.31985473632812,164.22508239746094
0.076171875,0.999755859375,-0.016845703125,-9.21630859375,-9.033203125,1.77001953125,-6.86271858215332,78.35713195800781,163.83726501464844
0.00146484375,0.950439453125,0.034423828125,-11.8408203125,-22.39990234375,2.25830078125,-6.862662315368652,78.35425567626953,162.92591857910156
0.10009765625,1.046875,-0.001708984375,-8.9111328125,-27.587890625,2.25830078125,-7.115884304046631,78.57917022705078,161.79959106445312
0.182861328125,0.97412109375,0.047607421875,-5.7373046875,-25.32958984375,1.28173828125,-7.5754637718200675,78.80469512939453,160.76661682128906
0.092041015625,1.151123046875,0.023193359375,14.09912109375,-20.01953125,-9.765625,-7.221301078796388,79.86457824707031,159.8507537841797
0.045166015625,1.2255859375,-0.000732421875,1.15966796875,-23.3154296875,-4.57763671875,-6.998046398162843,80.4197769165039,158.8443145751953
0.066650390625,1.182373046875,0.0029296875,-14.0380859375,-25.0244140625,0.06103515625,-6.978449821472168,80.30831909179688,157.80889892578125
0.145263671875,1.21533203125,0.011474609375,-22.94921875,-22.5830078125,-1.15966796875,-7.080985069274902,79.84928131103516,156.8614959716797
0.160400390625,1.21630859375,0.05810546875,-36.376953125,-18.798828125,-10.92529296875,-6.80747652053833,78.7737808227539,156.00222778320312
0.210693359375,1.123291015625,0.089111328125,-43.45703125,-9.33837890625,-15.869140625,-6.441104412078857,77.29061126708984,155.4832305908203
0.214111328125,1.058837890625,0.107666015625,-32.28759765625,0.42724609375,-10.6201171875,-6.221362113952638,76.26432800292969,155.37722778320312
0.208740234375,1.17333984375,0.083251953125,-20.263671875,6.89697265625,-2.0751953125,-6.230191707611084,75.79174041748047,155.58831787109375
0.203369140625,1.228759765625,0.024658203125,-17.63916015625,8.48388671875,7.8125,-6.591279029846191,75.48004913330078,155.9493865966797
0.239501953125,1.214111328125,0.049072265625,-21.6064453125,12.75634765625,-2.99072265625,-6.53330135345459,75.0238037109375,156.3644561767578
0.228759765625,1.169677734375,0.073974609375,-27.16064453125,15.380859375,-18.24951171875,-5.853660583496094,74.32283782958984,156.7228240966797
0.251220703125,1.14013671875,0.047607421875,-31.6162109375,20.93505859375,-21.54541015625,-5.031704902648926,73.5306167602539,157.243408203125
0.2177734375,1.0625,0.08984375,-37.53662109375,26.2451171875,-20.93505859375,-4.1911067962646475,72.40662384033203,157.9727783203125
0.281494140625,1.020751953125,0.093994140625,-33.50830078125,30.82275390625,-26.2451171875,-3.26163101196289,71.46846771240234,158.79718017578125
0.279296875,1.0283203125,0.0771484375,-32.2265625,36.07177734375,-31.3720703125,-2.039893627166748,70.72760009765625,159.7322540283203
0.1357421875,1.05224609375,0.024658203125,-33.63037109375,42.1142578125,-4.08935546875,-1.5412770509719849,70.01815795898439,161.24452209472656
0.124755859375,1.0810546875,0.029296875,-40.22216796875,39.97802734375,17.76123046875,-1.8557374477386477,69.06145477294922,162.9746856689453
0.1728515625,1.025146484375,0.082275390625,-42.8466796875,28.25927734375,11.41357421875,-2.261446475982666,67.89434051513672,164.1804656982422
0.3291015625,0.970703125,0.13623046875,-29.84619140625,24.59716796875,-6.89697265625,-2.2751290798187256,67.18357849121094,164.97250366210938
0.225830078125,1.060546875,0.12841796875,-19.10400390625,35.7666015625,-1.953125,-2.036531686782837,66.96982574462889,166.24061584472656
0.134033203125,1.050048828125,0.127197265625,-20.81298828125,41.6259765625,6.103515625,-1.8120758533477783,66.64183807373047,167.8506317138672
0.1787109375,0.85107421875,0.178466796875,-23.193359375,44.98291015625,-3.41796875,-1.3614115715026855,66.10282897949219,169.4367218017578
0.289794921875,0.83837890625,0.15625,-8.36181640625,56.5185546875,-16.05224609375,-0.5521730184555054,66.22308349609375,171.23965454101562
0.188232421875,0.96337890625,0.134033203125,-0.6103515625,73.54736328125,-25.81787109375,1.2090468406677246,66.86820220947266,-186.4738006591797
0.002685546875,1.04345703125,0.0625,-14.34326171875,90.63720703125,-23.4375,3.4190824031829834,67.17045593261719,-183.4777069091797
-0.112060546875,0.807373046875,0.0830078125,-22.8271484375,86.85302734375,-20.56884765625,5.690648078918457,67.13414764404297,-180.54293823242188
-0.225830078125,0.719482421875,0.154052734375,-13.5498046875,75.927734375,-31.005859375,8.381084442138674,67.23983001708984,-178.1651153564453
-0.1015625,0.7861328125,0.191650390625,0.3662109375,68.359375,-40.4052734375,10.856160163879396,67.92516326904297,-176.1681671142578
-0.044921875,0.8505859375,0.224609375,-1.3427734375,79.7119140625,-26.7333984375,12.699697494506836,68.68778228759766,-173.4869842529297
-0.12353515625,0.8193359375,0.182373046875,-6.4697265625,95.947265625,-26.67236328125,15.000208854675293,69.61874389648439,-170.0894012451172
-0.186767578125,0.80029296875,0.119140625,-6.28662109375,97.10693359375,-42.3583984375,17.818702697753906,70.73889923095703,-166.74998474121094
-0.063720703125,1.026123046875,0.120361328125,-12.20703125,102.6611328125,-40.58837890625,20.099834442138672,71.91905212402344,-163.0240936279297
-0.1279296875,1.066650390625,0.115478515625,-36.19384765625,117.67578125,-49.31640625,23.09365463256836,72.4867935180664,-158.6777801513672
-0.58837890625,0.570556640625,0.084228515625,-57.861328125,109.80224609375,-67.2607421875,27.83422660827637,72.04422760009766,-154.84024047851562
-0.668212890625,0.48388671875,0.10400390625,-26.0009765625,77.94189453125,-42.1142578125,31.34528160095215,72.55123901367188,-151.93174743652344
-0.45556640625,0.7783203125,0.072509765625,0.6103515625,57.92236328125,-31.73828125,33.002979278564446,74.27165985107422,-149.45445251464844
-0.376220703125,0.9521484375,0.06982421875,2.5634765625,49.8046875,-64.51416015625,35.55238342285156,75.72624206542969,-147.65191650390625
-0.433349609375,0.930908203125,0.072021484375,-0.30517578125,45.41015625,-70.1904296875,38.27650833129883,76.96721649169922,-146.01141357421875
-0.475830078125,0.9375,0.09423828125,-3.47900390625,44.677734375,-68.9697265625,40.91688919067383,78.09983825683594,-144.30538940429688
-0.503173828125,0.910888671875,0.0615234375,-12.26806640625,40.95458984375,-52.490234375,42.80907440185547,79.03373718261719,-142.46034240722656
-0.523681640625,0.918212890625,0.068359375,-17.15087890625,38.51318359375,-42.17529296875,44.21491622924805,79.79492950439453,-140.5821533203125
-0.489013671875,0.865966796875,0.096435546875,-17.76123046875,34.423828125,-42.90771484375,45.58423614501953,80.31733703613281,-138.95091247558594
-0.546142578125,0.78955078125,0.069580078125,-6.53076171875,31.73828125,-62.1337890625,47.78012084960938,81.16399383544922,-137.54493713378906
-0.615478515625,0.832763671875,0.06494140625,0.18310546875,27.16064453125,-68.17626953125,50.15591812133789,82.14432525634766,-136.34762573242188
-0.629150390625,0.813232421875,0.08349609375,-1.953125,22.5830078125,-65.97900390625,52.37061309814453,82.82791137695312,-135.38865661621094
-0.625732421875,0.77783203125,0.09619140625,-4.33349609375,16.9677734375,-71.6552734375,54.72045516967773,83.0740966796875,-134.83389282226562
-0.58837890625,0.781494140625,0.113037109375,-5.67626953125,11.65771484375,-78.61328125,57.15475463867188,82.86483001708984,-134.74241638183594
-0.657470703125,0.767333984375,0.076904296875,-8.544921875,10.19287109375,-83.67919921875,59.95501708984375,82.59622955322266,-134.651123046875
-0.665283203125,0.651611328125,0.06640625,-5.37109375,1.64794921875,-64.39208984375,61.9041633605957,81.9363784790039,-135.143310546875
-0.662109375,0.7080078125,0.090087890625,5.43212890625,-4.45556640625,-65.7958984375,63.69652557373047,81.06880950927734,-136.32966613769528
-0.67138671875,0.72607421875,0.077392578125,12.63427734375,-11.04736328125,-77.5146484375,65.79473114013672,79.66171264648438,-138.41783142089844
-0.663330078125,0.847412109375,0.014892578125,13.5498046875,-10.7421875,-85.9375,67.98973083496094,78.37657165527344,-140.46343994140622
-0.70361328125,0.85107421875,0.0166015625,0.1220703125,-9.27734375,-71.77734375,69.60334014892578,76.69842529296875,-142.33570861816406
-0.7080078125,0.734619140625,0.05126953125,-11.16943359375,-10.6201171875,-58.53271484375,70.8606948852539,74.04076385498047,-144.71018981933594
-0.724609375,0.586669921875,0.089599609375,-4.21142578125,-15.2587890625,-63.232421875,72.25133514404297,70.30914306640625,-148.46832275390625
-0.732666015625,0.64306640625,0.072998046875,4.69970703125,-18.1884765625,-64.14794921875,73.44120025634766,66.30735778808594,-152.90383911132812
-0.768798828125,0.675537109375,0.090576171875,3.41796875,-18.6767578125,-60.24169921875,74.34123992919922,61.85721969604492,-157.7548828125
-0.762451171875,0.61669921875,0.091552734375,0.3662109375,-19.22607421875,-51.20849609375,74.86531066894531,57.410438537597656,-162.49319458007812
-0.755126953125,0.609375,0.09814453125,2.62451171875,-18.798828125,-51.3916015625,75.2889175415039,52.8822135925293,-167.42626953125
-0.75146484375,0.632080078125,0.10888671875,6.28662109375,-20.32470703125,-51.7578125,75.55091857910156,48.34135818481445,-172.558349609375
-0.763916015625,0.58642578125,0.120849609375,4.638671875,-19.287109375,-59.99755859375,75.97967529296875,42.37880325317383,-179.08486938476562
-0.784912109375,0.58056640625,0.11669921875,7.99560546875,-22.216796875,-68.42041015625,76.37301635742188,34.87240219116211,-187.37289428710938
-0.775146484375,0.60009765625,0.10205078125,12.8173828125,-24.4140625,-74.70703125,76.62081146240234,26.78504180908203,163.47933959960938
-0.77880859375,0.67236328125,0.03759765625,11.53564453125,-24.2919921875,-65.97900390625,76.51945495605469,20.741287231445312,156.4418487548828
-0.786865234375,0.690185546875,0.077880859375,0.18310546875,-20.01953125,-52.18505859375,76.20157623291016,17.055971145629886,152.29708862304688
-0.802978515625,0.616455078125,0.103515625,-10.6201171875,-13.427734375,-47.05810546875,76.04580688476562,13.646632194519045,148.90353393554688
-0.8681640625,0.528564453125,0.103271484375,-12.6953125,-11.5966796875,-52.1240234375,75.99380493164062,8.869596481323242,144.1959991455078
-0.90576171875,0.445068359375,0.132568359375,-4.33349609375,-19.22607421875,-56.884765625,75.56023406982422,2.9958479404449463,138.02801513671878
-0.877685546875,0.51123046875,0.12890625,5.37109375,-26.67236328125,-62.98828125,74.7214584350586,-1.9875640869140625,132.3143310546875
-0.848876953125,0.5322265625,0.112548828125,3.5400390625,-28.564453125,-61.34033203125,73.76713562011719,-5.974257469177246,127.6782684326172
-0.81494140625,0.511962890625,0.12548828125,-1.0986328125,-26.85546875,-55.23681640625,72.83151245117188,-8.71823787689209,124.50172424316406
-0.845458984375,0.457763671875,0.151611328125,-2.62451171875,-23.74267578125,-52.734375,71.97977447509766,-11.36324977874756,121.50123596191406
-0.835205078125,0.39306640625,0.148681640625,2.197265625,-22.27783203125,-49.98779296875,71.1688232421875,-13.441520690917967,118.89366912841795
-0.782470703125,0.4443359375,0.16455078125,5.615234375,-18.798828125,-48.15673828125,70.47628784179688,-14.543755531311035,117.10306549072266
-0.7626953125,0.498046875,0.144287109375,1.03759765625,-9.70458984375,-42.17529296875,70.26246643066406,-15.071983337402346,116.06717681884766
-0.93701171875,0.442138671875,0.121337890625,-8.23974609375,-4.21142578125,-39.1845703125,70.34445190429689,-16.556312561035153,114.48280334472656
-0.96728515625,0.33984375,0.135009765625,-9.21630859375,-11.3525390625,-39.24560546875,70.08229827880861,-18.38616943359375,112.6425552368164
-0.91357421875,0.340087890625,0.172607421875,-4.33349609375,-16.4794921875,-40.771484375,69.50782012939453,-19.6685733795166,111.15215301513672
-0.84375,0.38720703125,0.16357421875,0.30517578125,-11.474609375,-38.6962890625,69.19790649414061,-20.23878669738769,110.16299438476562
-0.84765625,0.396484375,0.158935546875,-1.40380859375,-3.35693359375,-34.97314453125,69.25726318359375,-20.746368408203125,109.3001937866211
-0.8876953125,0.37646484375,0.155517578125,-4.8828125,1.220703125,-33.935546875,69.48279571533203,-21.8599796295166,107.98519134521484
-0.976318359375,0.30078125,0.12744140625,-3.47900390625,-2.50244140625,-33.63037109375,69.59778594970703,-23.193904876708984,106.43897247314452
-1.00927734375,0.3525390625,0.122802734375,-1.40380859375,-10.07080078125,-32.3486328125,69.49192810058594,-23.754194259643555,105.61551666259766
-0.977294921875,0.30908203125,0.126220703125,-2.86865234375,-17.88330078125,-32.40966796875,69.04505920410156,-24.11029624938965,105.0886001586914
-0.90478515625,0.3466796875,0.16259765625,-2.01416015625,-17.27294921875,-31.06689453125,68.63011169433594,-23.92279052734375,105.05277252197266
-0.87353515625,0.3056640625,0.177001953125,-5.9814453125,-11.65771484375,-29.11376953125,68.39906311035156,-24.05352020263672,104.84821319580078
-0.921630859375,0.293212890625,0.17529296875,-5.06591796875,-4.57763671875,-29.47998046875,68.47185516357422,-24.756481170654297,104.01814270019531
-0.98779296875,0.227294921875,0.12744140625,-5.0048828125,-4.7607421875,-26.30615234375,68.59362030029297,-25.60087776184082,103.09786224365234
-0.99609375,0.23974609375,0.17626953125,-4.0283203125,-9.70458984375,-22.27783203125,68.52066802978516,-25.61185646057129,103.01578521728516
-0.93603515625,0.2783203125,0.15576171875,-4.08935546875,-12.0849609375,-19.8974609375,68.47554779052734,-25.01152610778809,103.55638885498048
-0.9140625,0.293212890625,0.170654296875,-7.4462890625,-7.75146484375,-16.4794921875,68.60540008544922,-24.307846069335934,104.3326644897461
-0.90576171875,0.25634765625,0.169921875,-8.544921875,-1.8310546875,-16.29638671875,68.91614532470703,-24.08034324645996,104.6658706665039
-1.00732421875,0.2490234375,0.1552734375,-8.36181640625,2.01416015625,-17.578125,69.35935211181639,-24.44750022888184,104.39299011230469
-1.0546875,0.235107421875,0.135986328125,-5.55419921875,-4.5166015625,-22.76611328125,69.51342010498047,-25.06450080871582,103.75902557373048
-0.977783203125,0.208984375,0.148681640625,-4.150390625,-9.46044921875,-26.85546875,69.3656005859375,-25.77252960205078,102.9719009399414
-0.908203125,0.23486328125,0.13134765625,-2.3193359375,-7.26318359375,-21.05712890625,69.3785400390625,-25.644874572753906,102.96621704101562
-0.91162109375,0.23046875,0.1513671875,-1.708984375,2.50244140625,-10.55908203125,69.93096160888672,-24.93907165527344,103.55134582519531
-0.9833984375,0.2255859375,0.146240234375,-4.08935546875,3.0517578125,-11.3525390625,70.48342895507812,-24.603654861450195,103.8664321899414
-1.009521484375,0.190673828125,0.155517578125,-4.0283203125,-1.708984375,-14.46533203125,70.78890991210938,-24.75277137756348,103.71343994140624
-1.01171875,0.194091796875,0.136962890625,-2.25830078125,-7.99560546875,-17.4560546875,70.81920623779297,-24.70329475402832,103.68927764892578
-0.94775390625,0.232177734375,0.133544921875,-4.39453125,-9.27734375,-15.44189453125,70.86283111572266,-24.137306213378906,104.27088928222656
-0.94287109375,0.201171875,0.159423828125,-7.14111328125,-3.7841796875,-12.939453125,71.04882049560547,-23.87112617492676,104.66638946533205
-0.93798828125,0.169189453125,0.172607421875,-7.62939453125,2.25830078125,-8.544921875,71.46858978271484,-23.52663803100586,105.17334747314452
-1.010498046875,0.190185546875,0.12744140625,-4.0283203125,3.173828125,-7.8125,72.03313446044922,-23.090517044067386,105.63715362548828
-1.044189453125,0.218017578125,0.08837890625,-4.8828125,-2.86865234375,-11.65771484375,72.37818145751953,-22.897912979125977,105.89270782470705
-1.0263671875,0.162841796875,0.12451171875,-5.859375,-12.0849609375,-18.310546875,72.19511413574219,-23.218416213989254,105.6706314086914
-0.9541015625,0.18212890625,0.14404296875,-5.2490234375,-12.26806640625,-20.08056640625,71.94996643066406,-23.40556335449219,105.53646087646484
-0.9404296875,0.186767578125,0.1357421875,-6.8359375,-6.34765625,-16.90673828125,71.96894836425781,-23.74340438842773,105.31837463378906
-1.0068359375,0.141357421875,0.1171875,-3.90625,-3.47900390625,-17.822265625,72.1053466796875,-24.46510887145996,104.59333801269531
-1.036865234375,0.124267578125,0.13037109375,-1.64794921875,-7.26318359375,-18.4326171875,72.05769348144531,-25.053312301635746,103.9286117553711
-1.008544921875,0.134521484375,0.143310546875,-2.197265625,-12.63427734375,-18.12744140625,71.80537414550781,-25.11528205871582,103.82769775390624
-0.947021484375,0.108154296875,0.1552734375,-4.0283203125,-12.20703125,-13.85498046875,71.59188842773438,-24.91094398498535,104.09475708007812
-0.955078125,0.1552734375,0.159423828125,-4.08935546875,-8.1787109375,-7.9345703125,71.6553726196289,-23.948162078857425,105.13246154785156
-0.955322265625,0.151611328125,0.178955078125,-6.28662109375,-4.82177734375,-3.90625,71.85569763183594,-23.058311462402344,106.20835876464844
-0.9931640625,0.091796875,0.165283203125,-6.8359375,-5.126953125,-0.91552734375,72.06196594238281,-22.0456657409668,107.45832061767578
-0.984130859375,0.12158203125,0.1494140625,-4.33349609375,-5.4931640625,-0.732421875,72.29341125488281,-20.73045921325684,108.9089126586914
-0.97900390625,0.142822265625,0.12939453125,-5.4931640625,-5.9814453125,-2.62451171875,72.49983215332031,-19.66373634338379,110.14567565917969
-0.971923828125,0.15576171875,0.1513671875,-5.92041015625,-6.16455078125,-3.5400390625,72.6528549194336,-18.493227005004886,111.49095916748048
-0.982421875,0.126220703125,0.165283203125,-5.859375,-5.31005859375,-7.568359375,72.73287200927734,-18.086971282958984,112.04672241210938
-1.021240234375,0.13037109375,0.14501953125,-2.9296875,-5.43212890625,-11.8408203125,72.7884521484375,-18.439250946044922,111.7091064453125
-1.01171875,0.126953125,0.15673828125,-1.28173828125,-9.765625,-16.4794921875,72.61656188964844,-18.83322525024414,111.23783111572266
-0.96923828125,0.104248046875,0.1689453125,-2.99072265625,-9.6435546875,-14.2822265625,72.43207550048828,-19.088985443115234,110.98933410644531
-0.9609375,0.096435546875,0.17578125,-4.33349609375,-7.50732421875,-9.82666015625,72.3891830444336,-18.945785522460934,111.21643829345705
-0.955810546875,0.1123046875,0.167236328125,-4.82177734375,-2.38037109375,-3.2958984375,72.61946105957031,-18.14443016052246,112.14778137207031
-0.999755859375,0.1083984375,0.16796875,-7.14111328125,-1.3427734375,-2.685546875,72.89131164550781,-17.486679077148438,113.03238677978516
-1.005615234375,0.11083984375,0.147705078125,-7.9345703125,-4.5166015625,-4.39453125,73.0653076171875,-17.186529159545902,113.59527587890624
-1.0107421875,0.082763671875,0.1396484375,-8.11767578125,-4.7607421875,-6.4697265625,73.19319152832031,-17.19209861755371,113.8479232788086
-1.024169921875,0.072998046875,0.12841796875,-7.9345703125,-4.8828125,-4.08935546875,73.35834503173828,-16.97909164428711,114.33175659179688
-1.00439453125,0.0732421875,0.15576171875,-7.6904296875,-5.06591796875,-2.44140625,73.44534301757812,-16.495532989501953,115.0887451171875
-0.97705078125,0.1142578125,0.17333984375,-4.69970703125,-5.0048828125,-2.5634765625,73.5286636352539,-15.496907234191895,116.23097229003906
-0.9921875,0.089599609375,0.176025390625,-5.615234375,-5.615234375,-4.08935546875,73.55304718017578,-14.953561782836914,116.95082092285156
-1.005615234375,0.069091796875,0.151611328125,-3.60107421875,-6.16455078125,-7.568359375,73.54676818847656,-15.054228782653807,116.9305191040039
-1.00830078125,0.08203125,0.1435546875,-2.86865234375,-8.48388671875,-7.99560546875,73.49156188964844,-14.98076629638672,117.05457305908205
-0.994873046875,0.11767578125,0.164306640625,-5.18798828125,-8.056640625,-5.43212890625,73.45098876953125,-14.34514045715332,117.84056091308594
-0.97265625,0.084228515625,0.17724609375,-10.3759765625,-5.0048828125,-3.23486328125,73.50785827636719,-14.094802856445312,118.46337127685548
-0.988525390625,0.08056640625,0.163818359375,-6.16455078125,-2.9296875,-3.96728515625,73.64945983886719,-13.788875579833984,118.96412658691406
-1.013671875,0.0859375,0.137939453125,-7.080078125,-4.0283203125,-7.38525390625,73.77543640136719,-13.986090660095215,118.97732543945312
-1.01123046875,0.058837890625,0.148193359375,-4.08935546875,-6.16455078125,-10.7421875,73.74160766601562,-14.828255653381348,118.21936798095705
-1.00537109375,0.050048828125,0.16845703125,-0.91552734375,-6.2255859375,-12.75634765625,73.6456069946289,-15.61508083343506,117.37471771240234
-1.004638671875,0.059326171875,0.161376953125,-1.77001953125,-6.28662109375,-12.51220703125,73.57029724121094,-16.302576065063473,116.6634521484375
-1.031982421875,0.049560546875,0.162841796875,-1.28173828125,-6.89697265625,-9.6435546875,73.5067138671875,-16.72292709350586,116.2259750366211
-0.966064453125,0.07373046875,0.157470703125,-1.953125,-8.85009765625,-6.77490234375,73.40914916992188,-16.36137580871582,116.61279296875
-0.972412109375,0.044189453125,0.1826171875,-5.92041015625,-5.9814453125,-6.28662109375,73.35785675048828,-16.404840469360348,116.75234985351562
-0.984375,0.031982421875,0.173828125,-7.50732421875,-3.0517578125,-2.74658203125,73.48388671875,-16.30802345275879,117.11514282226562
-0.99462890625,0.059326171875,0.161376953125,-7.4462890625,-1.953125,0.244140625,73.70703887939453,-15.630696296691895,118.06836700439452
-1.01171875,0.05029296875,0.154052734375,-8.36181640625,-2.13623046875,-1.15966796875,73.91289520263672,-15.281098365783693,118.7241439819336
-0.983642578125,0.042236328125,0.146728515625,-7.6904296875,-2.8076171875,-2.5634765625,74.08643341064453,-15.15610122680664,119.12315368652344
-1.005126953125,0.064697265625,0.154296875,-6.04248046875,-5.37109375,-3.23486328125,74.14087677001953,-14.762167930603027,119.72380065917969
-0.983642578125,0.0673828125,0.15087890625,-6.4697265625,-6.04248046875,-4.21142578125,74.16014862060547,-14.478235244750975,120.22560119628906
-0.97705078125,0.0341796875,0.166015625,-7.8125,-5.0048828125,-5.67626953125,74.12548828125,-14.964659690856935,120.00871276855469
-1.001953125,0.053466796875,0.163818359375,-4.21142578125,-3.2958984375,-6.2255859375,74.19879913330078,-15.073587417602539,120.01092529296876
-1.029541015625,0.05615234375,0.15283203125,-5.9814453125,-3.11279296875,-6.9580078125,74.29997253417969,-15.381793022155762,119.87875366210938
-1.039794921875,0.040283203125,0.15380859375,-6.53076171875,-3.96728515625,-11.04736328125,74.31568908691406,-16.379327774047848,119.0568389892578
-1.04541015625,0.021240234375,0.161865234375,-6.04248046875,-7.26318359375,-16.05224609375,74.12283325195312,-18.00878143310547,117.56333923339844
-0.9794921875,0.075439453125,0.15576171875,-5.43212890625,-8.30078125,-17.02880859375,73.90750885009766,-19.13885498046875,116.53195190429688
-0.947509765625,0.016357421875,0.1767578125,-8.7890625,-5.43212890625,-14.404296875,73.72352600097656,-20.635791778564453,115.28954315185548
-0.998779296875,0.010498046875,0.170654296875,-8.544921875,-2.13623046875,-9.82666015625,73.76028442382812,-21.57291412353516,114.6150894165039
-1.01123046875,-0.0048828125,0.16650390625,-9.765625,-3.35693359375,-7.38525390625,73.7855453491211,-22.274362564086914,114.2478256225586
-1.001220703125,-0.002197265625,0.15185546875,-9.27734375,-5.18798828125,-6.7138671875,73.77472686767578,-22.86855506896973,113.98197174072266
-1.00048828125,-0.017333984375,0.124755859375,-9.3994140625,-5.859375,-6.16455078125,73.79566192626953,-23.43155860900879,113.75968933105469
-0.98876953125,0.001220703125,0.136474609375,-8.11767578125,-6.16455078125,-5.67626953125,73.80192565917969,-23.6556453704834,113.82576751708984
-0.96484375,-0.028076171875,0.156494140625,-7.8125,-5.18798828125,-4.8828125,73.78289794921875,-23.79082679748535,113.97101593017578
-0.957275390625,-0.00244140625,0.163330078125,-9.3994140625,-2.74658203125,1.5869140625,73.9547119140625,-23.21577453613281,114.91912841796876
-0.988037109375,0.00048828125,0.153564453125,-7.32421875,-2.50244140625,2.86865234375,74.17655944824219,-22.42880630493164,116.00508880615234
-1.02490234375,-0.015869140625,0.156494140625,-6.4697265625,-5.2490234375,-0.732421875,74.21217346191406,-22.078411102294922,116.61135864257812
-0.999267578125,-0.02978515625,0.177490234375,-3.47900390625,-7.75146484375,-6.40869140625,74.03319549560547,-22.302072525024414,116.50006866455078
-0.999755859375,-0.020751953125,0.172119140625,-3.7841796875,-7.32421875,-3.90625,73.9306869506836,-22.16336250305176,116.7755355834961
-1.001220703125,0.0029296875,0.16748046875,-5.859375,-5.67626953125,-1.953125,73.96304321289062,-21.71613121032715,117.4419937133789
-0.976806640625,0.012939453125,0.16552734375,-9.09423828125,-4.150390625,-1.8310546875,74.03590393066406,-21.447111129760746,118.05340576171876
-1.0087890625,-0.012939453125,0.158203125,-10.68115234375,-3.41796875,-3.662109375,74.11068725585938,-21.777755737304688,118.11952209472656
-1.05224609375,-0.04638671875,0.161865234375,-7.9345703125,-5.18798828125,-5.859375,74.09866333007812,-22.42699241638184,117.7559814453125
-1.02001953125,-0.04931640625,0.146728515625,-7.01904296875,-6.9580078125,-4.0283203125,74.03787994384766,-22.75057029724121,117.70173645019531
-1.009765625,-0.017578125,0.1650390625,-7.080078125,-6.16455078125,-1.40380859375,74.03330993652344,-22.45243263244629,118.27850341796876
-0.975830078125,0.029052734375,0.197509765625,-10.07080078125,-4.8828125,-0.48828125,74.05992889404297,-21.729530334472656,119.38848876953124
-0.99951171875,0.002685546875,0.173583984375,-12.939453125,-2.9296875,-4.150390625,74.12325286865234,-22.058135986328125,119.53768920898438
-1.046630859375,-0.033203125,0.14697265625,-12.0849609375,-3.23486328125,-8.60595703125,74.14453125,-23.301794052124023,118.71918487548828
-1.083984375,-0.1201171875,0.138427734375,-7.4462890625,-7.568359375,-13.7939453125,73.90184020996094,-25.38062858581543,116.88214111328124
-1.009033203125,-0.0205078125,0.143310546875,-1.708984375,-12.51220703125,-14.7705078125,73.50672912597656,-26.190763473510746,116.08366394042969
-0.962646484375,0.00244140625,0.158935546875,-5.859375,-10.43701171875,-12.75634765625,73.20740509033203,-26.7314567565918,115.71662139892578
-0.97021484375,-0.033203125,0.1826171875,-9.94873046875,-7.6904296875,-10.6201171875,72.97111511230469,-27.485143661499023,115.3064422607422
-0.995361328125,-0.050048828125,0.170166015625,-6.77490234375,-8.544921875,-13.97705078125,72.66838073730469,-28.578330993652344,114.41928100585938
-0.986083984375,-0.030517578125,0.185546875,-7.2021484375,-9.521484375,-15.13671875,72.30648803710938,-29.489316940307614,113.72274017333984
-0.989501953125,-0.060546875,0.171875,-10.3759765625,-10.07080078125,-15.44189453125,71.88340759277344,-30.75117492675781,112.81249237060548
-0.95849609375,-0.061279296875,0.18408203125,-10.92529296875,-5.79833984375,-12.20703125,71.6833267211914,-31.77556610107422,112.15805053710938
-0.94921875,-0.078857421875,0.1962890625,-11.90185546875,-1.220703125,-12.75634765625,71.57672119140625,-33.20172882080078,111.11968231201172
-0.97998046875,-0.063232421875,0.18310546875,-11.53564453125,2.44140625,-14.0380859375,71.61152648925781,-34.897743225097656,109.7697525024414
-1.002197265625,-0.096435546875,0.172119140625,-8.9111328125,2.13623046875,-17.7001953125,71.52558135986328,-37.01705932617188,107.8842544555664
-1.01171875,-0.11962890625,0.148681640625,-6.65283203125,0.6103515625,-18.85986328125,71.36116790771484,-39.17110443115234,105.88617706298828
-1.029052734375,-0.1181640625,0.161865234375,-4.45556640625,-3.173828125,-16.845703125,71.135986328125,-40.5764274597168,104.57875061035156
-0.986083984375,-0.08740234375,0.158203125,-5.859375,-4.08935546875,-10.1318359375,71.0649642944336,-41.11791610717773,104.2231216430664
-0.993408203125,-0.092041015625,0.17041015625,-8.60595703125,-2.74658203125,-7.4462890625,71.08075714111328,-41.5797119140625,104.0612564086914
-0.97607421875,-0.091552734375,0.18408203125,-10.3759765625,-1.15966796875,-8.4228515625,71.08702087402344,-42.23503494262695,103.75994110107422
-1.004638671875,-0.08544921875,0.171630859375,-9.82666015625,0.42724609375,-11.23046875,71.10247802734375,-43.25707626342773,103.04826354980469
-0.987548828125,-0.079833984375,0.143798828125,-9.82666015625,0.91552734375,-18.37158203125,70.97615814208984,-44.99210739135742,101.59107971191406
-1.0166015625,-0.133056640625,0.145263671875,-11.71875,2.3193359375,-21.3623046875,70.72529602050781,-47.31978988647461,99.60875701904295
-1.0888671875,-0.2099609375,0.162353515625,-9.58251953125,2.197265625,-23.13232421875,70.29357147216797,-49.785240173339844,97.41320037841795
-1.07275390625,-0.171875,0.1142578125,-4.638671875,-3.47900390625,-23.98681640625,69.79975128173828,-51.5088119506836,95.7975845336914
-1.02001953125,-0.099853515625,0.146728515625,-4.638671875,-7.38525390625,-27.099609375,69.18016815185547,-52.51775741577149,94.88597106933594
-1.011474609375,-0.140625,0.194091796875,-7.99560546875,-8.23974609375,-28.80859375,68.375244140625,-53.51649856567383,94.11351776123048
-1.01416015625,-0.158203125,0.214599609375,-9.33837890625,-4.8828125,-29.11376953125,67.60953521728516,-54.721397399902344,93.15975952148438
-0.997802734375,-0.12109375,0.165771484375,-10.986328125,-1.46484375,-29.6630859375,67.01671600341797,-56.344032287597656,91.8340072631836
-1.0146484375,-0.16064453125,0.140869140625,-14.83154296875,-0.67138671875,-31.79931640625,66.36338806152344,-58.327980041503906,90.29876708984376
-0.983154296875,-0.20703125,0.151123046875,-14.22119140625,-2.5634765625,-33.99658203125,65.49528503417969,-60.14569091796875,88.92037200927734
-0.974365234375,-0.206298828125,0.165283203125,-13.97705078125,-3.41796875,-35.82763671875,64.54808807373047,-61.71885299682617,87.77032470703125
-1.00732421875,-0.2412109375,0.13818359375,-16.54052734375,-2.8076171875,-34.97314453125,63.64560317993164,-63.45871353149414,86.57208251953125
-1.015869140625,-0.2587890625,0.140625,-14.5263671875,-5.43212890625,-30.70068359375,62.84355926513672,-64.65351867675781,85.88024139404297
-0.9609375,-0.208740234375,0.17138671875,-11.8408203125,-7.62939453125,-31.92138671875,62.03028869628906,-65.29480743408203,85.62400817871094
-0.92236328125,-0.291015625,0.16748046875,-9.27734375,-2.5634765625,-38.39111328125,60.90288543701172,-66.48525238037111,84.66390228271484
-0.94091796875,-0.334228515625,0.15771484375,-4.39453125,1.953125,-39.73388671875,59.76819229125977,-67.81000518798828,83.3371353149414
-0.970703125,-0.291748046875,0.130859375,-3.41796875,4.39453125,-41.3818359375,58.76058959960938,-69.18921661376953,81.88589477539062
-0.97509765625,-0.301513671875,0.09423828125,-6.103515625,3.0517578125,-42.78564453125,57.71393203735352,-70.64344787597656,80.496337890625
-0.935302734375,-0.27490234375,0.14306640625,-11.5966796875,4.0283203125,-40.0390625,56.79869842529297,-71.94717407226562,79.43949127197266
-0.904052734375,-0.291748046875,0.162353515625,-17.4560546875,7.50732421875,-35.58349609375,55.98078918457031,-73.46318817138672,78.37360382080078
-0.93115234375,-0.36181640625,0.148193359375,-16.29638671875,9.46044921875,-33.3251953125,55.24113082885742,-75.01058197021484,77.23078918457031
-0.966552734375,-0.41162109375,0.140380859375,-11.90185546875,5.92041015625,-34.36279296875,54.38178253173828,-76.17426300048828,76.34817504882812
-0.970458984375,-0.368896484375,0.1025390625,-5.859375,-0.18310546875,-31.67724609375,53.697532653808594,-76.74695587158203,75.91280364990234
-0.87451171875,-0.350341796875,0.10498046875,-4.7607421875,-3.0517578125,-26.611328125,53.16445922851562,-76.99232482910156,75.80370330810547
-0.845703125,-0.392578125,0.109130859375,-8.72802734375,-0.42724609375,-22.27783203125,52.724281311035156,-77.48655700683594,75.58517456054688
-0.874755859375,-0.409912109375,0.098388671875,-8.97216796875,0.732421875,-20.751953125,52.36535263061523,-78.17257690429688,75.20531463623047
-0.90234375,-0.41455078125,0.117431640625,-7.62939453125,-4.08935546875,-20.81298828125,51.989830017089844,-78.35423278808594,75.3038101196289
-0.87890625,-0.414794921875,0.1162109375,-8.544921875,-7.9345703125,-13.671875,51.85371780395508,-78.29966735839844,75.74423217773438
-0.880126953125,-0.40771484375,0.135009765625,-9.521484375,-6.77490234375,-10.07080078125,51.87900161743164,-78.23280334472656,76.21341705322266
-0.937255859375,-0.478515625,0.12744140625,-6.89697265625,-4.57763671875,-10.498046875,51.82925033569336,-78.26881408691406,76.46332550048828
-0.944091796875,-0.496826171875,0.11279296875,-3.11279296875,-7.26318359375,-15.13671875,51.55904006958008,-78.13108825683594,76.77417755126953
-0.916015625,-0.49169921875,0.119873046875,0.67138671875,-11.90185546875,-16.6015625,51.2055892944336,-77.65119171142578,77.33903503417969
-0.858154296875,-0.4169921875,0.15625,-1.15966796875,-13.24462890625,-9.82666015625,51.15493774414063,-76.8919448852539,78.2431869506836
-0.839111328125,-0.404052734375,0.1708984375,-5.859375,-10.1318359375,-7.26318359375,51.22613906860352,-76.40140533447266,79.01799011230469
-0.86181640625,-0.501220703125,0.155029296875,-7.99560546875,-6.53076171875,-9.765625,51.073707580566406,-76.37560272216797,79.39257049560547
-0.896240234375,-0.45947265625,0.10986328125,-4.8828125,-4.33349609375,-11.04736328125,51.03367614746094,-76.47212219238281,79.51303100585938
-0.89208984375,-0.454833984375,0.115478515625,-6.34765625,-5.2490234375,-10.31494140625,51.017250061035156,-76.54694366455078,79.72301483154297
-0.861328125,-0.428955078125,0.138427734375,-9.09423828125,-5.7373046875,-8.48388671875,51.06254959106445,-76.57181549072266,80.08007049560547
-0.87255859375,-0.491455078125,0.142822265625,-11.53564453125,-4.21142578125,-7.14111328125,51.07554626464844,-76.79804992675781,80.3264389038086
-0.914794921875,-0.48388671875,0.123291015625,-7.62939453125,-2.3193359375,-7.080078125,51.17544174194336,-77.0140151977539,80.41358947753906
-0.9423828125,-0.459716796875,0.113037109375,-6.77490234375,-3.7841796875,-7.38525390625,51.32278060913086,-77.13566589355469,80.58255004882812
-0.9228515625,-0.458251953125,0.1279296875,-8.85009765625,-5.67626953125,-7.75146484375,51.41168975830078,-77.19329833984375,80.91149139404297
-0.893798828125,-0.44677734375,0.134033203125,-7.080078125,-5.2490234375,-10.92529296875,51.36759567260742,-77.20104217529297,81.19770812988281
-0.88720703125,-0.490478515625,0.129638671875,-7.6904296875,-6.591796875,-11.41357421875,51.17678833007813,-77.24598693847656,81.50416564941406
-0.894287109375,-0.53173828125,0.1181640625,-4.57763671875,-8.48388671875,-12.6953125,50.896156311035156,-77.14013671875,81.87076568603516
-0.880126953125,-0.52490234375,0.111083984375,-1.15966796875,-10.07080078125,-13.427734375,50.58279800415039,-76.85702514648438,82.30310821533203
-0.8349609375,-0.480224609375,0.119873046875,-2.9296875,-11.474609375,-9.765625,50.436485290527344,-76.48552703857422,82.91168975830078
-0.810546875,-0.45361328125,0.175048828125,-9.70458984375,-7.568359375,-0.30517578125,50.69176483154297,-76.24727630615234,83.58177947998047
-0.845458984375,-0.51318359375,0.162109375,-11.04736328125,-5.79833984375,-0.54931640625,50.87757873535156,-76.26531982421875,84.04973602294922
-0.86083984375,-0.5087890625,0.139892578125,-6.77490234375,-6.04248046875,-2.99072265625,50.99578094482422,-76.20174407958984,84.4407730102539
-0.873779296875,-0.507568359375,0.104736328125,-8.23974609375,-5.31005859375,-0.79345703125,51.23354721069336,-76.32874298095703,84.72293853759766
-0.87744140625,-0.52197265625,0.12255859375,-7.75146484375,-4.7607421875,2.01416015625,51.54573059082031,-76.37240600585938,85.05750274658203
-0.849609375,-0.50439453125,0.12109375,-6.4697265625,-5.859375,1.708984375,51.82421112060547,-76.2997817993164,85.46826934814453
-0.856201171875,-0.530517578125,0.1396484375,-4.94384765625,-4.94384765625,3.35693359375,52.11483764648438,-76.14728546142578,85.88143157958984
-0.890380859375,-0.499267578125,0.160400390625,-0.8544921875,-6.28662109375,5.55419921875,52.55096817016602,-75.63484191894531,86.49563598632812
-0.82958984375,-0.47900390625,0.166748046875,-2.5634765625,-7.75146484375,3.84521484375,52.85091400146485,-75.09697723388672,87.21075439453125
-0.803466796875,-0.438232421875,0.14013671875,-7.26318359375,-5.7373046875,13.61083984375,53.593528747558594,-74.77745056152344,87.91242218017578
-0.86865234375,-0.552978515625,0.15380859375,-9.82666015625,-4.39453125,23.8037109375,54.56340789794922,-74.54547882080078,88.65740966796875
-0.84716796875,-0.605712890625,0.1162109375,-2.8076171875,-9.3994140625,36.19384765625,55.81082534790039,-73.72222137451172,89.84635925292969
-0.742431640625,-0.62548828125,0.10888671875,11.23046875,-9.21630859375,54.99267578125,57.5344123840332,-72.01966857910156,91.4241180419922
-0.718505859375,-0.5556640625,0.13671875,16.845703125,-6.34765625,74.462890625,59.98774337768555,-69.49327850341797,93.61233520507812
-0.692138671875,-0.40625,0.17333984375,17.08984375,1.03759765625,100.09765625,63.54523086547852,-65.87359619140625,96.85101318359376
-0.739501953125,-0.37841796875,0.1728515625,-0.79345703125,16.29638671875,127.25830078125,68.18608856201172,-62.12227249145508,100.89176940917969
-0.838623046875,-0.420166015625,0.1376953125,-1.5869140625,20.08056640625,138.97705078125,73.00141906738281,-56.46695327758789,106.88127899169922
-0.88525390625,-0.3671875,0.14990234375,4.82177734375,17.333984375,150.5126953125,77.58203125,-43.77531433105469,119.68954467773438
-0.782958984375,-0.227783203125,0.191162109375,1.52587890625,19.34814453125,172.66845703125,80.91316986083984,-10.841002464294434,153.41329956054688
-0.67138671875,-0.189453125,0.1669921875,-5.55419921875,36.43798828125,191.2841796875,80.30391693115234,39.78252410888672,-154.11322021484375
-0.845703125,-0.08544921875,0.10400390625,0.244140625,50.84228515625,200.98876953125,75.41441345214844,70.22564697265625,-123.18663787841795
-1.070068359375,0.07861328125,0.0166015625,-0.48828125,52.8564453125,197.93701171875,68.75992584228516,82.88671875,-110.16668701171876
-1.08984375,0.22216796875,0.0361328125,-7.2021484375,41.259765625,191.46728515625,61.74642562866211,87.5951156616211,-104.82125091552734
-1.028564453125,0.17529296875,0.085205078125,-20.99609375,31.79931640625,170.83740234375,55.7310676574707,88.8782958984375,-102.3267059326172
-1.03515625,0.129150390625,0.00634765625,-19.95849609375,27.34375,148.193359375,50.89270782470703,89.63873291015625,-100.43062591552734
-1.031982421875,0.19384765625,-0.01318359375,-14.0380859375,25.20751953125,143.12744140625,46.281700134277344,90.26878356933594,-98.90733337402344
-1.02197265625,0.260009765625,-0.00341796875,-11.71875,23.74267578125,132.4462890625,42.117000579833984,90.67894744873048,-97.67898559570312
-1.049072265625,0.266357421875,0.0205078125,-10.25390625,18.6767578125,115.29541015625,38.77354049682617,90.77767944335938,-96.85492706298828
-1.00341796875,0.337890625,-0.002685546875,-1.64794921875,10.7421875,104.6142578125,35.82380294799805,90.97220611572266,-96.4294204711914
-0.923095703125,0.5234375,-0.01953125,-4.2724609375,12.75634765625,93.07861328125,33.050594329833984,91.11785125732422,-95.9049301147461
-0.86279296875,0.41064453125,0.041259765625,-28.4423828125,23.8037109375,99.30419921875,30.264270782470703,90.3795394897461,-94.96054077148438
-0.896728515625,0.344482421875,0.0517578125,-30.029296875,27.28271484375,112.60986328125,27.191547393798828,89.61443328857422,-93.82986450195312
-0.93896484375,0.2763671875,0.005126953125,-19.53125,23.98681640625,107.666015625,24.550724029541016,89.2981185913086,-92.7541275024414
-1.000244140625,0.397705078125,-0.11962890625,-2.8076171875,11.41357421875,113.95263671875,21.575931549072266,89.6742935180664,-92.11626434326172
-0.970703125,0.550048828125,-0.087890625,-8.056640625,1.5869140625,134.3994140625,17.643753051757812,89.57157135009766,-91.96927642822266
-0.871826171875,0.674072265625,-0.08203125,-31.79931640625,-1.52587890625,141.54052734375,13.293408393859865,88.47979736328125,-91.91734313964844
-0.76611328125,0.482177734375,-0.00830078125,-61.279296875,5.43212890625,135.31494140625,9.510708808898926,86.16129302978516,-91.48532104492188
-0.785400390625,0.372802734375,-0.047119140625,-52.734375,14.0380859375,136.1083984375,6.0112361907958975,84.36847686767578,-90.49160766601562
-0.83544921875,0.46923828125,-0.0400390625,-35.33935546875,16.357421875,142.7001953125,2.2770626544952397,83.24236297607422,-89.24557495117188
-0.760986328125,0.663818359375,-0.038330078125,-29.60205078125,9.82666015625,156.31103515625,-2.2057414054870605,82.31134796142578,-88.10013580322266
-0.65771484375,0.7607421875,-0.023681640625,-35.0341796875,9.033203125,150.634765625,-6.547821044921875,81.09149169921875,-86.9226303100586
-0.57275390625,0.79345703125,-0.0390625,-40.83251953125,16.78466796875,151.30615234375,-10.859033584594727,79.57355499267578,-85.31395721435547
-0.59375,0.906494140625,-0.042236328125,-52.3681640625,31.43310546875,166.3818359375,-15.53899097442627,77.31783294677734,-82.82276153564453
-0.503173828125,1.005126953125,-0.025146484375,-66.7724609375,38.02490234375,179.50439453125,-20.597900390625,74.11337280273438,-79.62306213378906
-0.5205078125,0.95166015625,0.017578125,-81.84814453125,41.259765625,182.18994140625,-25.30573272705078,69.79226684570311,-75.76252746582031
-0.47265625,0.85546875,0.077880859375,-79.4677734375,38.6962890625,175.1708984375,-29.36810302734375,65.09568786621094,-71.48664855957031
-0.451171875,0.814453125,0.1044921875,-65.673828125,37.4755859375,156.005859375,-32.358123779296875,60.7097282409668,-67.07003784179689
-0.443359375,0.9560546875,0.072265625,-50.29296875,30.029296875,132.14111328125,-34.47014617919922,57.29465866088867,-63.21448135375977
-0.38232421875,1.041748046875,0.062255859375,-52.55126953125,17.15087890625,105.16357421875,-35.87581253051758,54.43130874633789,-60.420005798339844
-0.30322265625,0.945556640625,0.090576171875,-55.96923828125,11.1083984375,96.61865234375,-37.04777526855469,51.58671951293945,-57.94049072265625
-0.249267578125,0.874755859375,0.131591796875,-50.4150390625,7.568359375,101.37939453125,-38.340797424316406,48.787086486816406,-55.25662231445313
-0.297119140625,0.871826171875,0.137451171875,-39.55078125,4.2724609375,94.3603515625,-39.32317733764648,46.55602264404297,-52.80093765258789
-0.383056640625,0.855712890625,0.11328125,-34.11865234375,-8.6669921875,84.1064453125,-40.19896697998047,45.049217224121094,-51.12169647216797
-0.3857421875,0.856689453125,0.10986328125,-24.71923828125,-30.94482421875,62.8662109375,-41.07205581665039,44.95738220214844,-51.02978515625
-0.275390625,0.916259765625,0.0849609375,-22.216796875,-45.8984375,30.33447265625,-41.60685729980469,46.31558609008789,-52.86066818237305
-0.179443359375,0.930908203125,0.108642578125,-32.470703125,-47.79052734375,38.63525390625,-42.51539993286133,47.11904525756836,-54.51632308959961
-0.10009765625,0.856689453125,0.16064453125,-42.48046875,-41.07666015625,54.13818359375,-43.720947265625,46.81579208374024,-55.27665328979492
-0.168701171875,0.871337890625,0.16845703125,-45.47119140625,-30.8837890625,64.208984375,-44.8093376159668,45.81692504882813,-55.23397445678711
-0.346923828125,0.931396484375,0.101806640625,-47.05810546875,-42.17529296875,55.35888671875,-45.8154411315918,45.46192932128906,-56.09077072143555
-0.436767578125,0.883056640625,0.06201171875,-53.22265625,-67.5048828125,35.21728515625,-46.8692626953125,46.25291442871094,-58.865516662597656
-0.244384765625,0.595947265625,0.111083984375,-45.41015625,-108.0322265625,2.685546875,-47.92660903930664,49.51065063476562,-64.70188903808594
-0.050048828125,0.571533203125,0.153564453125,-20.01953125,-120.30029296875,-11.71875,-48.79873275756836,54.7056999206543,-71.86796569824219
0.144775390625,0.763671875,0.18212890625,7.14111328125,-116.2109375,6.8359375,-50.15564346313477,60.63212203979492,-78.58968353271484
0.071044921875,1.044921875,0.212890625,-10.68115234375,-86.42578125,58.837890625,-52.23324584960938,63.70634078979492,-82.54056549072266
-0.05712890625,0.911865234375,0.190673828125,-48.15673828125,-79.58984375,85.99853515625,-54.84360122680664,64.57530975341797,-85.6164321899414
-0.092529296875,0.640869140625,0.161376953125,-57.18994140625,-93.20068359375,68.603515625,-56.84868240356445,66.37551116943361,-90.2758331298828
0.083740234375,0.56689453125,0.134765625,-15.13671875,-120.2392578125,22.0947265625,-57.60725021362305,72.94246673583984,-98.5570068359375
0.21240234375,0.768798828125,0.1865234375,27.03857421875,-130.126953125,-5.9814453125,-56.91924285888672,82.12601470947266,-108.0913314819336
0.278564453125,0.95263671875,0.20849609375,48.583984375,-132.080078125,-17.39501953125,-55.02128219604492,91.51404571533205,-117.14896392822266
0.45361328125,1.056640625,0.219482421875,48.7060546875,-119.0185546875,-28.01513671875,-52.3216552734375,98.89473724365234,-124.18962097167969
0.452392578125,1.185302734375,0.20263671875,48.095703125,-97.59521484375,-29.296875,-49.31241226196289,104.10384368896484,-128.92779541015622
0.428466796875,1.344482421875,0.195556640625,26.85546875,-73.91357421875,-15.9912109375,-46.84502792358398,106.89321899414062,-131.93972778320312
0.196044921875,1.02880859375,0.113037109375,-17.08984375,-57.67822265625,11.5966796875,-45.39397048950195,107.36219024658205,-134.37309265136722
0.199462890625,0.9140625,0.102294921875,-22.52197265625,-61.95068359375,10.43701171875,-43.92982482910156,107.65035247802734,-136.95997619628906
0.26025390625,0.96142578125,0.125244140625,-7.38525390625,-71.4111328125,4.150390625,-42.2411003112793,108.65298461914062,-139.83857727050778
0.3955078125,1.051025390625,0.184326171875,4.94384765625,-71.8994140625,15.19775390625,-41.18557739257813,110.06537628173828,-142.80087280273438
0.3857421875,1.062744140625,0.201904296875,6.7138671875,-60.302734375,16.2353515625,-40.30772018432617,111.0107650756836,-145.10952758789062
0.379638671875,1.150146484375,0.172119140625,12.02392578125,-48.33984375,14.5263671875,-39.462310791015625,111.76789855957031,-146.81588745117188
0.297119140625,1.24560546875,0.13427734375,14.95361328125,-33.26416015625,5.7373046875,-38.33956909179688,112.08152770996094,-147.64938354492188
0.228759765625,1.290771484375,0.104248046875,9.1552734375,-22.64404296875,-8.544921875,-36.75308227539063,111.70943450927734,-147.7493133544922
0.190673828125,1.234130859375,0.085693359375,4.82177734375,-22.0947265625,-25.32958984375,-34.55481338500977,111.01316833496094,-147.57984924316406
0.157958984375,1.16015625,0.104248046875,6.7138671875,-22.4609375,-43.701171875,-31.711320877075195,110.22561645507812,-147.1632843017578
0.110107421875,1.107177734375,0.100830078125,6.89697265625,-22.705078125,-49.86572265625,-28.648334503173828,109.4626693725586,-146.76463317871094
0.101806640625,1.051025390625,0.091064453125,7.01904296875,-23.74267578125,-44.25048828125,-25.872039794921875,108.83609008789062,-146.60418701171875
0.094482421875,1.024658203125,0.107666015625,5.2490234375,-23.25439453125,-29.35791015625,-23.75379180908203,108.21599578857422,-146.6987762451172
0.088134765625,1.01953125,0.09033203125,4.33349609375,-21.1181640625,-26.85546875,-21.812522888183594,107.59966278076172,-146.81353759765625
0.12353515625,1.067138671875,0.047607421875,1.8310546875,-19.10400390625,-24.2919921875,-20.11191749572754,106.99022674560548,-146.96844482421875
0.0927734375,1.1044921875,0.049072265625,-7.9345703125,-17.63916015625,-6.28662109375,-19.110132217407227,106.06666564941406,-147.33177185058594
0.140380859375,1.056884765625,0.06298828125,-19.1650390625,-17.4560546875,7.50732421875,-18.793380737304688,104.74626159667969,-147.86770629882812
0.126708984375,0.942626953125,0.1025390625,-22.27783203125,-14.404296875,4.08935546875,-18.41335868835449,103.18909454345705,-148.2257843017578
0.0966796875,0.849609375,0.098388671875,0.244140625,-15.0146484375,-0.3662109375,-17.832048416137695,102.5670166015625,-148.5810089111328
0.1005859375,0.994384765625,0.09326171875,14.95361328125,-15.68603515625,0.1220703125,-17.255182266235348,102.61185455322266,-148.9955596923828
0.12451171875,1.05322265625,0.092529296875,10.80322265625,-15.56396484375,2.01416015625,-16.810300827026367,102.5020980834961,-149.43260192871094
0.166259765625,1.08447265625,0.06591796875,5.31005859375,-10.009765625,9.21630859375,-16.78445816040039,102.19194793701172,-149.7335662841797
0.151611328125,1.147216796875,0.061279296875,3.47900390625,-7.14111328125,15.380859375,-16.978153228759766,101.81755828857422,-149.9789276123047
0.1337890625,1.085693359375,0.06494140625,-8.30078125,-2.25830078125,13.24462890625,-17.103788375854492,100.90621185302734,-149.99974060058594
0.0595703125,0.99560546875,0.0576171875,-5.2490234375,2.9296875,11.474609375,-17.055002212524414,100.08679962158205,-149.79681396484375
0.0234375,0.978515625,0.04833984375,-0.1220703125,1.220703125,1.46484375,-16.521232604980472,99.52336883544922,-149.60107421875
0.119873046875,0.83837890625,0.087890625,-0.54931640625,-4.150390625,6.9580078125,-15.078577041625975,96.82844543457031,-150.52877807617188
0.089111328125,0.97900390625,0.06591796875,9.58251953125,-1.46484375,15.7470703125,-15.312773704528807,96.79621887207031,-150.55218505859375
0.136474609375,0.977783203125,0.072509765625,5.0048828125,-0.42724609375,19.4091796875,-15.795770645141602,96.56185913085938,-150.54476928710938
0.134521484375,0.892822265625,0.05322265625,5.615234375,2.3193359375,17.39501953125,-16.215642929077152,96.35972595214844,-150.4188232421875
0.878662109375,2.410888671875,-0.160888671875,87.70751953125,-10.6201171875,-10.43701171875,-15.891942977905273,99.85946655273438,-150.76548767089844
0.171142578125,1.19970703125,-0.08251953125,-29.96826171875,0.79345703125,-18.9208984375,-14.845592498779295,98.36199188232422,-150.54042053222656
0.151611328125,0.851806640625,0.126220703125,-6.77490234375,0.8544921875,-5.7373046875,-14.45316219329834,97.38704681396484,-150.2976837158203
0.0126953125,1.05078125,0.1015625,-5.615234375,-6.65283203125,1.3427734375,-13.943603515625,96.6902084350586,-150.44647216796875
0.064453125,0.984619140625,0.06787109375,-7.99560546875,-5.0048828125,1.5869140625,-13.58843231201172,95.97355651855469,-150.55429077148438
0.04052734375,0.94384765625,0.065673828125,-10.43701171875,-5.67626953125,2.38037109375,-13.226686477661133,95.19203186035156,-150.70169067382812
0.08642578125,0.997314453125,0.052001953125,-6.89697265625,-6.28662109375,0.9765625,-12.91932487487793,94.62816619873048,-150.8853759765625
0.06103515625,0.98193359375,0.05029296875,-8.30078125,-3.662109375,1.0986328125,-12.584256172180176,94.0077896118164,-150.96954345703125
0.06591796875,0.98046875,0.0615234375,-8.60595703125,-4.39453125,1.3427734375,-12.282848358154295,93.37976837158205,-151.085205078125
0.040771484375,0.9970703125,0.0615234375,-8.544921875,-5.06591796875,1.8310546875,-11.953506469726562,92.78685760498048,-151.2366180419922
0.06982421875,0.9873046875,0.059326171875,-7.99560546875,-4.7607421875,1.64794921875,-11.69835090637207,92.24024963378906,-151.381103515625
0.078369140625,0.974365234375,0.07080078125,-7.2021484375,-3.0517578125,1.77001953125,-11.484176635742188,91.7039031982422,-151.45489501953125
0.060546875,0.99169921875,0.0546875,-4.21142578125,-5.0048828125,2.25830078125,-11.25217342376709,91.36418914794922,-151.6213836669922
0.04248046875,0.9599609375,0.085205078125,-6.28662109375,-5.18798828125,2.13623046875,-10.988984107971193,90.87848663330078,-151.78347778320312
0.073974609375,0.960693359375,0.048828125,-2.0751953125,-2.99072265625,1.03759765625,-10.767014503479004,90.65017700195312,-151.87513732910156
0.055908203125,1.037353515625,0.041748046875,-3.7841796875,-3.11279296875,1.46484375,-10.518760681152344,90.38735961914062,-151.97897338867188
0.045166015625,0.959228515625,0.0537109375,-8.30078125,-4.69970703125,1.8310546875,-10.28044319152832,89.92955017089844,-152.1434326171875
0.0537109375,0.970458984375,0.04443359375,-8.72802734375,-4.7607421875,1.89208984375,-10.073694229125977,89.49635314941406,-152.3175811767578
0.061279296875,0.9755859375,0.06884765625,-7.50732421875,-4.57763671875,1.52587890625,-9.87878131866455,89.07048797607422,-152.47705078125
0.051513671875,0.98583984375,0.052490234375,-7.99560546875,-4.39453125,2.0751953125,-9.690590858459473,88.68003845214844,-152.63853454589844
0.052490234375,0.99169921875,0.044189453125,-7.99560546875,-5.06591796875,1.52587890625,-9.491060256958008,88.32928466796875,-152.83328247070312
0.062744140625,0.990966796875,0.04296875,-7.568359375,-4.638671875,1.77001953125,-9.333150863647461,88.00892639160156,-153.01272583007812
0.055908203125,0.994384765625,0.0439453125,-7.75146484375,-4.33349609375,1.77001953125,-9.166112899780273,87.68963623046875,-153.1812286376953
0.048583984375,0.98828125,0.042724609375,-7.75146484375,-4.57763671875,2.0751953125,-9.003235816955566,87.38634490966797,-153.36117553710938
0.054443359375,0.99072265625,0.05810546875,-7.9345703125,-5.06591796875,1.8310546875,-8.851922035217285,87.05506134033203,-153.55709838867188
0.0556640625,0.97705078125,0.04931640625,-7.8125,-4.5166015625,1.64794921875,-8.703855514526367,86.75682067871094,-153.73558044433594
0.05908203125,1.000244140625,0.050537109375,-7.2021484375,-4.638671875,1.77001953125,-8.572333335876465,86.49503326416016,-153.91998291015625
0.056884765625,0.995361328125,0.051513671875,-8.11767578125,-4.69970703125,1.89208984375,-8.447613716125487,86.2042007446289,-154.10731506347656
0.048583984375,0.991455078125,0.064697265625,-7.4462890625,-4.638671875,1.64794921875,-8.300421714782715,85.92018127441406,-154.28952026367188
0.06298828125,0.99853515625,0.0478515625,-7.75146484375,-5.06591796875,1.89208984375,-8.202680587768555,85.67694854736328,-154.4949951171875
0.05712890625,0.99462890625,0.05322265625,-7.38525390625,-4.150390625,1.8310546875,-8.091758728027344,85.43970489501953,-154.66285705566406
0.0478515625,0.985595703125,0.0654296875,-7.4462890625,-4.7607421875,1.953125,-7.972522258758545,85.18309020996094,-154.8517303466797
0.063720703125,0.983642578125,0.04248046875,-7.9345703125,-4.8828125,1.5869140625,-7.8815574645996085,84.97071075439453,-155.05479431152344
0.04443359375,0.9873046875,0.05908203125,-7.26318359375,-4.5166015625,2.0751953125,-7.76823616027832,84.7530288696289,-155.23712158203125
0.05810546875,0.9912109375,0.056640625,-7.75146484375,-4.69970703125,1.8310546875,-7.681788444519043,84.53138732910156,-155.4290008544922
0.06884765625,0.9990234375,0.062744140625,-7.99560546875,-4.82177734375,1.708984375,-7.618201732635497,84.29627990722656,-155.62506103515625
0.0478515625,0.97900390625,0.044189453125,-7.50732421875,-4.45556640625,1.77001953125,-7.514035224914551,84.12833404541016,-155.8125457763672
0.056640625,0.995849609375,0.04931640625,-7.62939453125,-5.06591796875,1.708984375,-7.432523250579834,83.95503234863281,-156.02374267578125
0.04833984375,0.98583984375,0.05419921875,-7.50732421875,-5.0048828125,1.89208984375,-7.344077110290527,83.7803726196289,-156.23060607910156
0.04150390625,0.992919921875,0.057373046875,-7.38525390625,-4.45556640625,1.46484375,-7.224114418029785,83.60823822021484,-156.41693115234375
0.052734375,0.984130859375,0.053955078125,-8.72802734375,-4.7607421875,2.197265625,-7.1665215492248535,83.39676666259766,-156.61334228515625
0.05517578125,0.982421875,0.049560546875,-7.568359375,-4.8828125,1.77001953125,-7.101367473602295,83.25069427490234,-156.8182830810547
0.060791015625,0.991943359375,0.047607421875,-7.75146484375,-4.7607421875,2.25830078125,-7.0696959495544425,83.10758209228516,-157.01699829101562
0.058349609375,1.001708984375,0.041015625,-7.9345703125,-4.638671875,2.01416015625,-7.022824764251709,82.97837829589844,-157.21434020996094
0.05615234375,0.9892578125,0.0498046875,-7.50732421875,-5.06591796875,1.8310546875,-6.9694600105285645,82.85196685791016,-157.42727661132812
0.06494140625,0.989501953125,0.047119140625,-7.99560546875,-4.45556640625,1.953125,-6.94063138961792,82.71395874023438,-157.61607360839844
0.0556640625,0.99560546875,0.04541015625,-7.99560546875,-5.06591796875,1.708984375,-6.884871959686278,82.58908081054688,-157.8314971923828
0.062255859375,0.980224609375,0.064453125,-7.9345703125,-4.57763671875,1.89208984375,-6.853231906890869,82.42301940917969,-158.0210723876953
0.05224609375,0.998779296875,0.055908203125,-7.26318359375,-4.45556640625,2.38037109375,-6.816957950592041,82.31177520751953,-158.2064208984375
0.065185546875,0.9931640625,0.052490234375,-7.26318359375,-4.7607421875,1.8310546875,-6.792502880096436,82.21359252929688,-158.40773010253906
0.066162109375,0.997314453125,0.052001953125,-7.75146484375,-5.126953125,1.953125,-6.777754306793213,82.10298156738281,-158.62339782714844
0.053466796875,0.984130859375,0.060546875,-7.8125,-5.0048828125,2.197265625,-6.74566650390625,81.97227478027344,-158.83074951171875
0.055908203125,0.995849609375,0.05810546875,-7.568359375,-4.8828125,1.64794921875,-6.697101593017577,81.86336517333984,-159.03733825683594
0.05224609375,0.958251953125,0.05859375,-8.36181640625,-4.638671875,2.13623046875,-6.665057182312013,81.71915435791016,-159.2309112548828
0.05419921875,1.006103515625,0.0615234375,-6.77490234375,-4.69970703125,1.8310546875,-6.621462345123291,81.64450073242188,-159.42889404296875
0.05419921875,0.9765625,0.060546875,-7.26318359375,-4.21142578125,1.5869140625,-6.571181297302246,81.54901885986328,-159.608642578125
0.053466796875,0.97998046875,0.048583984375,-7.8125,-4.57763671875,1.52587890625,-6.521115303039551,81.46517944335938,-159.80670166015625
0.06640625,0.99853515625,0.050537109375,-6.89697265625,-4.94384765625,2.0751953125,-6.523956298828125,81.4199447631836,-160.01576232910156
0.04296875,0.98974609375,0.050537109375,-7.568359375,-4.638671875,1.46484375,-6.448915004730225,81.34783935546875,-160.21653747558594
0.049560546875,1.001220703125,0.05712890625,-7.2021484375,-4.45556640625,2.197265625,-6.418428421020508,81.27806854248047,-160.40396118164062
0.05859375,0.980712890625,0.052490234375,-7.75146484375,-4.69970703125,1.708984375,-6.394852638244629,81.19829559326172,-160.60487365722656
0.063232421875,1.00146484375,0.05224609375,-8.30078125,-4.94384765625,1.8310546875,-6.3864688873291025,81.10372161865234,-160.81520080566406
0.051025390625,0.97412109375,0.0576171875,-7.75146484375,-4.638671875,1.3427734375,-6.333178997039795,81.01799774169922,-161.01490783691406
0.0615234375,0.990234375,0.046875,-6.89697265625,-4.7607421875,1.5869140625,-6.314923286437987,80.99674224853516,-161.2208709716797
0.046630859375,0.97412109375,0.05126953125,-7.26318359375,-4.57763671875,1.3427734375,-6.254406929016112,80.9490966796875,-161.4198455810547
0.059326171875,0.991455078125,0.04833984375,-7.9345703125,-4.39453125,2.0751953125,-6.251343250274657,80.88372802734375,-161.60772705078125
0.05126953125,0.98095703125,0.041748046875,-7.9345703125,-4.638671875,1.46484375,-6.209163188934326,80.8365249633789,-161.81088256835938
0.051025390625,1.001953125,0.047607421875,-7.4462890625,-4.57763671875,1.5869140625,-6.170018672943115,80.7990493774414,-162.00953674316406
0.051025390625,0.9873046875,0.06005859375,-6.89697265625,-4.39453125,1.52587890625,-6.13031816482544,80.75383758544922,-162.19796752929688
0.054443359375,0.98828125,0.056884765625,-8.36181640625,-4.638671875,1.89208984375,-6.116161823272705,80.65992736816406,-162.39450073242188
0.06640625,0.987548828125,0.05224609375,-7.75146484375,-4.57763671875,1.89208984375,-6.130019664764403,80.60424041748047,-162.58978271484375
0.06640625,0.99609375,0.0537109375,-8.1787109375,-4.638671875,1.40380859375,-6.123387336730957,80.53199768066406,-162.79058837890625
0.0546875,0.9736328125,0.049560546875,-7.38525390625,-4.8828125,1.77001953125,-6.1095805168151855,80.5020751953125,-162.99969482421875
0.068603515625,0.986328125,0.032470703125,-7.8125,-4.82177734375,1.953125,-6.134045124053955,80.49640655517578,-163.20945739746094
0.065185546875,0.982177734375,0.050048828125,-7.50732421875,-5.18798828125,1.89208984375,-6.149746417999268,80.46405029296875,-163.42991638183594
0.057373046875,0.98583984375,0.050048828125,-7.62939453125,-4.45556640625,2.25830078125,-6.156176090240479,80.42529296875,-163.6192169189453
0.052978515625,0.98583984375,0.05029296875,-8.23974609375,-4.94384765625,2.0751953125,-6.148425102233888,80.36540222167969,-163.8291778564453
0.0537109375,0.990478515625,0.052490234375,-7.99560546875,-4.5166015625,1.708984375,-6.1250176429748535,80.31153106689453,-164.02420043945312
0.054931640625,0.988525390625,0.041015625,-7.50732421875,-4.82177734375,2.197265625,-6.127269268035889,80.30626678466797,-164.23092651367188
0.05029296875,0.985107421875,0.065185546875,-7.8125,-4.45556640625,1.708984375,-6.096931457519531,80.23188018798828,-164.42042541503906
0.06640625,0.998046875,0.064453125,-7.9345703125,-3.90625,1.708984375,-6.099354267120361,80.15658569335938,-164.58840942382812
0.05419921875,0.98876953125,0.042724609375,-8.1787109375,-4.69970703125,2.13623046875,-6.098235607147218,80.12615203857422,-164.7904815673828
0.05712890625,0.99658203125,0.04931640625,-7.568359375,-4.638671875,1.89208984375,-6.092695236206055,80.10694885253906,-164.99029541015625
0.056396484375,0.997314453125,0.044677734375,-7.14111328125,-4.5166015625,1.52587890625,-6.0705928802490225,80.11592864990234,-165.18890380859375
0.048095703125,0.977294921875,0.052490234375,-7.9345703125,-4.33349609375,1.52587890625,-6.031312465667725,80.0718765258789,-165.3780517578125
0.0615234375,0.996337890625,0.0546875,-7.9345703125,-4.45556640625,2.13623046875,-6.046796798706055,80.0267105102539,-165.5673828125
0.052978515625,0.9931640625,0.04345703125,-7.8125,-4.39453125,1.8310546875,-6.030775547027588,80.0135498046875,-165.7593231201172
0.057861328125,0.987060546875,0.049072265625,-8.4228515625,-4.94384765625,1.953125,-6.035721778869629,79.96511840820312,-165.97067260742188
0.059326171875,0.997314453125,0.033935546875,-7.32421875,-4.45556640625,1.708984375,-6.030122756958008,79.99613189697266,-166.168212890625
0.063232421875,0.98095703125,0.057861328125,-7.9345703125,-4.7607421875,2.197265625,-6.056358337402344,79.94589233398438,-166.36839294433594
0.05029296875,0.98974609375,0.0498046875,-7.50732421875,-4.150390625,2.197265625,-6.046998023986816,79.93204498291016,-166.54681396484375
0.05712890625,0.98974609375,0.056884765625,-7.99560546875,-4.45556640625,1.46484375,-6.026775360107423,79.88467407226562,-166.7406005859375
0.05419921875,0.97705078125,0.06689453125,-7.50732421875,-5.126953125,1.708984375,-6.016269207000732,79.8364028930664,-166.9567108154297
0.0419921875,0.989501953125,0.05322265625,-7.4462890625,-4.33349609375,2.01416015625,-5.983861446380615,79.82231903076172,-167.1429443359375
0.05419921875,0.978759765625,0.055419921875,-7.38525390625,-4.21142578125,1.40380859375,-5.95710039138794,79.80445861816406,-167.3276824951172
0.036376953125,0.97705078125,0.0537109375,-8.11767578125,-5.126953125,1.77001953125,-5.911285877227782,79.765380859375,-167.5465850830078
0.0537109375,0.978271484375,0.041748046875,-7.9345703125,-4.638671875,2.01416015625,-5.913911819458008,79.760498046875,-167.74700927734375
0.047119140625,0.981689453125,0.05517578125,-8.1787109375,-4.57763671875,2.0751953125,-5.902409553527832,79.7152099609375,-167.94151306152344
