0.059326171875,0.9912109375,0.04541015625,-9.46044921875,-4.94384765625,2.25830078125,-6.9861512184143075,78.41683959960938,-162.61668395996094
0.052734375,0.986083984375,0.05126953125,-9.09423828125,-5.37109375,2.38037109375,-6.9677324295043945,78.40463256835938,-162.85049438476562
0.071044921875,0.98046875,0.052001953125,-8.48388671875,-4.8828125,2.25830078125,-6.9703779220581055,78.38456726074219,-163.05821228027344
0.06298828125,0.990966796875,0.0263671875,-9.033203125,-5.31005859375,2.197265625,-6.968949317932129,78.43304443359375,-163.29794311523438
0.05810546875,0.99853515625,0.043212890625,-8.4228515625,-5.7373046875,2.13623046875,-6.955416679382324,78.4686050415039,-163.5503692626953
0.0576171875,0.989501953125,0.041259765625,-9.6435546875,-5.37109375,2.0751953125,-6.952080249786378,78.44841003417969,-163.78858947753906
0.070068359375,0.994873046875,0.046875,-9.58251953125,-5.18798828125,2.5634765625,-6.979074001312256,78.42498779296875,-164.0146026611328
0.068115234375,0.98046875,0.03662109375,-9.033203125,-5.31005859375,2.0751953125,-6.985208511352539,78.4476547241211,-164.25222778320312
0.074951171875,0.985595703125,0.052490234375,-9.033203125,-5.31005859375,2.44140625,-6.995079040527344,78.42782592773438,-164.4598388671875
0.059814453125,0.99658203125,0.042724609375,-9.09423828125,-5.06591796875,2.01416015625,-6.974709510803223,78.4345932006836,-164.68699645996094
0.067626953125,0.9921875,0.048583984375,-8.9111328125,-5.126953125,2.0751953125,-6.976050853729247,78.43464660644531,-164.91416931152344
0.05712890625,0.98388671875,0.036865234375,-9.1552734375,-5.126953125,2.13623046875,-6.9747185707092285,78.42171478271484,-165.1431427001953
0.063720703125,0.99169921875,0.037109375,-8.9111328125,-4.45556640625,2.01416015625,-6.960158824920653,78.44525909423828,-165.34751892089844
0.067138671875,0.987060546875,0.041015625,-9.09423828125,-4.94384765625,2.5634765625,-6.9797043800354,78.45294952392578,-165.5655059814453
0.058837890625,0.9775390625,0.04345703125,-8.6669921875,-5.126953125,2.685546875,-6.986841678619385,78.47185516357422,-165.78915405273438
0.064697265625,0.98779296875,0.03369140625,-8.6669921875,-5.06591796875,1.89208984375,-6.974569320678711,78.51375579833984,-166.0194549560547
0.062744140625,0.977783203125,0.0341796875,-8.544921875,-4.7607421875,2.25830078125,-6.97151517868042,78.55513763427734,-166.234375
0.070556640625,0.9853515625,0.018798828125,-9.21630859375,-5.06591796875,2.0751953125,-6.981199264526367,78.60535430908203,-166.4669952392578
0.06591796875,0.98828125,0.03466796875,-9.27734375,-5.126953125,2.25830078125,-6.986137866973878,78.6153335571289,-166.69615173339844
0.072265625,0.985595703125,0.04736328125,-9.33837890625,-5.0048828125,1.953125,-6.992325305938722,78.59273529052734,-166.9192352294922
0.065185546875,0.9873046875,0.046875,-8.48388671875,-4.5166015625,2.01416015625,-6.980469703674316,78.60424041748047,-167.12286376953125
0.06396484375,0.980224609375,0.0458984375,-9.27734375,-5.0048828125,2.197265625,-6.978332042694093,78.58721160888672,-167.34446716308594
0.077392578125,0.98828125,0.030029296875,-9.033203125,-4.8828125,2.0751953125,-7.00078010559082,78.61695861816406,-167.5666046142578
0.053955078125,0.988525390625,0.04248046875,-8.36181640625,-4.69970703125,2.25830078125,-6.973845958709718,78.64347076416016,-167.77691650390625
0.06298828125,0.9833984375,0.028564453125,-8.1787109375,-4.94384765625,2.25830078125,-6.971729755401611,78.70864868164062,-168.00038146972656
0.0625,0.971923828125,0.05908203125,-9.46044921875,-5.0048828125,2.01416015625,-6.959672927856445,78.64876556396484,-168.21922302246094
0.0615234375,0.978515625,0.040771484375,-8.72802734375,-4.82177734375,2.0751953125,-6.946815013885497,78.66279602050781,-168.4357147216797
0.078369140625,0.996337890625,0.037353515625,-9.8876953125,-4.69970703125,1.953125,-6.964554309844972,78.63847351074219,-168.64918518066406
0.062255859375,0.987548828125,0.03076171875,-9.033203125,-5.67626953125,2.13623046875,-6.961375236511231,78.6685562133789,-168.9019317626953
0.061279296875,0.993896484375,0.040283203125,-9.1552734375,-4.82177734375,1.89208984375,-6.93855094909668,78.6675033569336,-169.1201171875
0.068359375,0.989501953125,0.039794921875,-9.3994140625,-4.638671875,2.197265625,-6.943940162658691,78.65605163574219,-169.32858276367188
0.067626953125,0.9921875,0.0478515625,-8.97216796875,-4.8828125,2.0751953125,-6.943796634674072,78.64533996582031,-169.54550170898438
0.076904296875,0.9931640625,0.03271484375,-8.48388671875,-4.5166015625,1.708984375,-6.948105812072754,78.68745422363281,-169.7549285888672
0.056396484375,0.990234375,0.05126953125,-9.1552734375,-4.94384765625,2.197265625,-6.927517414093018,78.66056823730469,-169.972412109375
0.05908203125,0.98681640625,0.046630859375,-8.6669921875,-4.69970703125,1.89208984375,-6.900758266448975,78.66346740722656,-170.1837615966797
0.064453125,1.002685546875,0.034423828125,-9.46044921875,-4.57763671875,2.0751953125,-6.891802310943604,78.66288757324219,-170.3921661376953
0.08154296875,0.982421875,0.05419921875,-9.033203125,-5.18798828125,1.89208984375,-6.922008991241455,78.6348876953125,-170.6201934814453
0.0634765625,0.9951171875,0.040283203125,-9.3994140625,-5.06591796875,2.13623046875,-6.917117595672607,78.62626647949219,-170.84597778320312
0.0673828125,0.993408203125,0.03466796875,-9.33837890625,-4.82177734375,2.0751953125,-6.917537212371826,78.63182067871094,-171.0640411376953
0.071533203125,0.994140625,0.033447265625,-9.765625,-4.57763671875,2.01416015625,-6.9230403900146475,78.62169647216797,-171.27322387695312
0.066162109375,0.99951171875,0.0302734375,-9.3994140625,-4.69970703125,2.25830078125,-6.925974845886231,78.63473510742188,-171.48638916015625
0.06591796875,0.982666015625,0.055908203125,-9.521484375,-4.94384765625,2.0751953125,-6.924326419830322,78.58356475830078,-171.70330810546875
0.081298828125,0.9892578125,0.035888671875,-9.58251953125,-5.18798828125,2.0751953125,-6.959765911102295,78.57936096191406,-171.9355010986328
0.072021484375,0.983642578125,0.04052734375,-9.46044921875,-4.7607421875,1.89208984375,-6.962930679321289,78.56755828857422,-172.15122985839844
0.05712890625,0.9892578125,0.037841796875,-9.70458984375,-5.0048828125,1.953125,-6.935547828674316,78.55455017089844,-172.3771514892578
0.0615234375,0.98974609375,0.04150390625,-9.46044921875,-4.7607421875,2.3193359375,-6.931487083435059,78.54183197021484,-172.58934020996094
0.067138671875,0.986572265625,0.042724609375,-10.31494140625,-5.31005859375,2.13623046875,-6.938045024871826,78.49500274658203,-172.82424926757812
0.05322265625,0.995849609375,0.037109375,-8.9111328125,-4.39453125,1.8310546875,-6.892651081085205,78.51598358154297,-173.02734375
0.0693359375,0.972412109375,0.04443359375,-9.46044921875,-4.638671875,1.64794921875,-6.883670330047607,78.4959487915039,-173.23870849609375
0.05859375,0.988525390625,0.03955078125,-8.7890625,-4.7607421875,2.3193359375,-6.875376224517822,78.51656341552734,-173.45126342773438
0.06884765625,0.986328125,0.03369140625,-9.8876953125,-5.06591796875,2.3193359375,-6.893807888031006,78.50687408447266,-173.67724609375
0.052734375,0.97802734375,0.058349609375,-8.97216796875,-5.18798828125,1.708984375,-6.851658821105957,78.47801208496094,-173.90623474121094
0.05908203125,0.992431640625,0.0341796875,-8.7890625,-5.2490234375,2.01416015625,-6.837402820587157,78.51437377929688,-174.14181518554688
0.062744140625,0.995361328125,0.03271484375,-10.009765625,-4.94384765625,2.25830078125,-6.8388004302978525,78.50227355957031,-174.36361694335938
0.08154296875,0.985107421875,0.030517578125,-8.97216796875,-4.7607421875,2.38037109375,-6.8880486488342285,78.5349349975586,-174.57757568359375
0.068359375,0.996337890625,0.040771484375,-9.1552734375,-5.126953125,2.3193359375,-6.903347492218018,78.53890991210938,-174.80419921875
0.052001953125,0.98828125,0.04248046875,-8.72802734375,-5.0048828125,2.3193359375,-6.880870819091798,78.5549087524414,-175.02566528320312
0.059326171875,1.001708984375,0.0234375,-9.6435546875,-4.150390625,2.13623046875,-6.861251354217528,78.5738754272461,-175.21987915039062
0.143310546875,0.983642578125,-0.008056640625,-9.3994140625,-3.11279296875,2.25830078125,-7.034687042236327,78.66393280029297,-175.37950134277344
0.1064453125,0.9833984375,0.005615234375,-6.89697265625,22.705078125,1.89208984375,-6.903833866119385,78.69786834716797,-174.5188446044922
0.067138671875,0.930908203125,0.079833984375,-9.765625,33.3251953125,68.84765625,-11.22553253173828,78.19513702392578,-173.62713623046875
0.13134765625,1.207275390625,0.079345703125,-2.86865234375,35.21728515625,67.19970703125,-13.365939140319824,77.96707153320312,-171.7180938720703
0.1748046875,1.3056640625,0.041748046875,-8.97216796875,17.822265625,27.7099609375,-14.078250885009766,77.7773666381836,-170.85720825195312
0.201904296875,1.3759765625,0.034912109375,-0.30517578125,-4.45556640625,-6.04248046875,-13.658353805541992,78.23953247070312,-171.1900177001953
0.166748046875,1.402099609375,0.05810546875,14.6484375,-21.05712890625,-14.892578125,-12.966837882995605,79.41224670410156,-172.2408447265625
0.216796875,1.568359375,0.01318359375,19.04296875,-11.8408203125,11.04736328125,-13.283677101135256,80.65545654296875,-172.7298126220703
0.12548828125,1.510498046875,-0.027587890625,23.3154296875,10.43701171875,14.58740234375,-13.464899063110352,81.87300109863281,-172.30740356445312
0.128173828125,1.62548828125,-0.001220703125,38.02490234375,19.71435546875,-9.09423828125,-12.65668773651123,83.53671264648438,-171.61996459960938
0.108642578125,1.65234375,-0.01025390625,44.73876953125,24.5361328125,-37.4755859375,-10.728350639343262,85.41168212890625,-170.81687927246094
0.1376953125,1.597412109375,0.00732421875,49.98779296875,17.7001953125,-39.48974609375,-8.88543701171875,87.46257019042969,-170.22000122070312
0.09326171875,1.501220703125,-0.0361328125,53.955078125,14.95361328125,-20.44677734375,-7.845847606658935,89.67613983154297,-169.65199279785156
0.131103515625,1.47509765625,-0.0048828125,39.97802734375,20.81298828125,-1.46484375,-7.685574531555176,91.1660614013672,-168.81080627441406
0.093994140625,1.36376953125,-0.017822265625,41.748046875,14.46533203125,-9.46044921875,-7.18090295791626,92.72612762451172,-168.2075958251953
0.14599609375,1.2958984375,-0.015380859375,43.0908203125,12.939453125,-19.53125,-6.4068965911865225,94.28543090820312,-167.6242218017578
0.130126953125,1.107177734375,-0.033447265625,30.57861328125,32.8369140625,-19.04296875,-5.7750749588012695,95.24469757080078,-166.2290496826172
0.07568359375,1.0361328125,-0.01611328125,32.40966796875,42.236328125,-17.7001953125,-5.183265209197998,96.18359375,-164.4484405517578
0.092041015625,0.907958984375,0.018310546875,33.38623046875,42.724609375,-11.1083984375,-4.971002101898193,97.05665588378906,-162.66439819335938
0.0908203125,0.913818359375,-0.007568359375,33.3251953125,44.37255859375,-9.3994140625,-4.865662097930908,97.95695495605469,-160.82469177246094
0.087646484375,0.76953125,-0.05078125,35.21728515625,44.7998046875,-1.03759765625,-5.15878438949585,99.0284423828125,-159.02532958984375
0.093994140625,0.711181640625,-0.0576171875,41.6259765625,54.931640625,12.451171875,-6.115947723388673,100.29821014404295,-156.91966247558594
0.0732421875,0.66015625,-0.087158203125,50.1708984375,62.31689453125,41.93115234375,-8.247361183166504,101.91140747070312,-154.7744903564453
0.105224609375,0.630126953125,-0.08740234375,52.79541015625,61.03515625,64.697265625,-11.349359512329102,103.53521728515624,-152.9228515625
0.072998046875,0.67724609375,-0.1181640625,48.15673828125,55.908203125,81.23779296875,-14.829886436462402,104.979736328125,-151.49839782714844
0.129638671875,0.579833984375,-0.13037109375,50.6591796875,43.27392578125,95.15380859375,-18.847881317138672,106.7075653076172,-150.82994079589844
0.1416015625,0.56201171875,-0.1572265625,57.9833984375,33.87451171875,97.2900390625,-22.74167251586914,108.9293441772461,-150.71583557128906
0.190673828125,0.579833984375,-0.170166015625,53.22265625,18.73779296875,84.65576171875,-25.95522880554199,111.1430435180664,-151.17799377441406
0.1953125,0.5673828125,-0.194091796875,44.61669921875,12.26806640625,75.01220703125,-28.589630126953125,113.16586303710938,-151.89706420898438
0.23193359375,0.531982421875,-0.191650390625,37.78076171875,8.60595703125,71.96044921875,-31.09313201904297,115.01473236083984,-152.82113647460938
0.243408203125,0.522216796875,-0.2255859375,32.53173828125,7.6904296875,75.25634765625,-33.601585388183594,116.89013671875,-154.01536560058594
0.26220703125,0.5390625,-0.222900390625,34.66796875,2.62451171875,79.52880859375,-36.07212448120117,119.04215240478516,-155.609130859375
0.270751953125,0.55517578125,-0.250244140625,29.4189453125,-1.15966796875,80.38330078125,-38.33551406860352,121.2443389892578,-157.5532684326172
0.272705078125,0.568603515625,-0.27490234375,27.64892578125,-5.9814453125,75.13427734375,-40.142520904541016,123.56079864501952,-159.7248077392578
0.33642578125,0.54931640625,-0.308349609375,24.2919921875,-12.8173828125,67.5048828125,-41.57751083374024,126.02198791503906,-162.1822509765625
0.379150390625,0.57666015625,-0.361572265625,19.22607421875,-12.939453125,66.7724609375,-42.88479232788086,128.43887329101562,-164.78953552246094
0.38525390625,0.56005859375,-0.3818359375,18.37158203125,-15.56396484375,67.138671875,-44.01492309570313,131.04879760742188,-167.66839599609375
0.4169921875,0.606689453125,-0.371826171875,21.05712890625,-18.98193359375,71.6552734375,-45.0840072631836,133.88455200195312,-170.83961486816406
0.42041015625,0.642578125,-0.392822265625,25.5126953125,-18.37158203125,81.4208984375,-46.23632049560547,137.1920166015625,-174.4510955810547
0.460693359375,0.625732421875,-0.4296875,22.3388671875,-25.634765625,78.0029296875,-46.94907760620117,140.65968322753906,-178.38687133789062
0.47509765625,0.612548828125,-0.424072265625,22.0947265625,-31.43310546875,62.31689453125,-46.96862411499024,143.7027587890625,-181.81822204589844
0.4912109375,0.580810546875,-0.43359375,20.20263671875,-28.38134765625,60.97412109375,-46.98403549194336,146.54562377929688,-185.0986175537109
0.498291015625,0.591796875,-0.45556640625,17.9443359375,-24.169921875,60.97412109375,-47.01535034179688,149.1278076171875,-188.2071533203125
0.514404296875,0.61767578125,-0.46337890625,13.671875,-15.93017578125,65.85693359375,-47.34364318847656,151.42987060546875,168.74537658691406
0.538330078125,0.583251953125,-0.460205078125,7.87353515625,-15.0146484375,61.70654296875,-47.61140441894531,153.36297607421875,165.89407348632812
0.52587890625,0.596435546875,-0.49365234375,4.21142578125,-17.333984375,46.142578125,-47.387290954589844,154.54747009277344,163.8280029296875
0.551513671875,0.595703125,-0.5146484375,6.53076171875,-21.54541015625,22.64404296875,-46.623924255371094,154.9735565185547,162.90798950195312
0.549560546875,0.563720703125,-0.50439453125,8.85009765625,-21.78955078125,15.869140625,-45.79031372070313,155.2534942626953,162.31851196289062
0.53662109375,0.579833984375,-0.497802734375,9.8876953125,-17.2119140625,17.822265625,-45.16009140014648,155.4818572998047,161.7895050048828
0.535888671875,0.580322265625,-0.51806640625,4.69970703125,-16.6015625,24.10888671875,-44.64644241333008,155.7442169189453,160.9269561767578
0.560791015625,0.539306640625,-0.5126953125,2.99072265625,-14.70947265625,31.18896484375,-44.40663528442383,156.25047302246094,159.67727661132812
0.575927734375,0.562255859375,-0.502685546875,1.708984375,-12.26806640625,37.841796875,-44.39122009277344,156.8168182373047,158.20010375976562
0.576904296875,0.558837890625,-0.5068359375,3.90625,-15.380859375,30.33447265625,-44.13524627685547,157.2377166748047,157.04791259765625
0.60009765625,0.537841796875,-0.5224609375,8.1787109375,-16.90673828125,20.56884765625,-43.70953750610352,157.57225036621094,156.31396484375
0.585693359375,0.558349609375,-0.50390625,7.38525390625,-13.61083984375,19.10400390625,-43.38701248168945,157.6591796875,155.799072265625
0.59228515625,0.51171875,-0.542724609375,8.30078125,-11.65771484375,26.9775390625,-43.2443733215332,158.21656799316406,154.7930145263672
0.5859375,0.493896484375,-0.546630859375,10.498046875,-13.61083984375,34.7900390625,-43.129791259765625,159.18838500976562,153.33062744140625
0.608154296875,0.49609375,-0.552001953125,8.36181640625,-19.71435546875,39.794921875,-42.872474670410156,160.30303955078125,151.5130615234375
0.621826171875,0.50732421875,-0.53955078125,7.62939453125,-18.6767578125,41.68701171875,-42.701087951660156,161.3461151123047,149.68121337890625
0.598388671875,0.4990234375,-0.5595703125,8.72802734375,-16.9677734375,40.58837890625,-42.49655532836914,162.36163330078125,147.94456481933594
0.59765625,0.48681640625,-0.564208984375,14.2822265625,-19.4091796875,38.2080078125,-42.1527214050293,163.52761840820312,146.30270385742188
0.61279296875,0.470458984375,-0.579345703125,18.06640625,-19.34814453125,39.55078125,-41.82321548461914,164.9037322998047,144.5848846435547
0.622802734375,0.46533203125,-0.554931640625,12.87841796875,-25.57373046875,34.60693359375,-41.24945831298828,165.86473083496094,143.10108947753906
0.62158203125,0.473876953125,-0.5732421875,6.28662109375,-23.5595703125,32.8369140625,-40.70967102050781,166.42507934570312,141.77191162109375
0.6298828125,0.430419921875,-0.578369140625,5.43212890625,-13.18359375,34.912109375,-40.62438583374024,167.0276641845703,140.40065002441406
0.633056640625,0.43017578125,-0.5693359375,6.53076171875,-7.32421875,32.65380859375,-40.76020050048828,167.5210723876953,139.23501586914062
0.599853515625,0.424560546875,-0.595458984375,9.58251953125,-6.40869140625,26.42822265625,-40.76976013183594,167.9295654296875,138.39651489257812
0.6171875,0.428955078125,-0.5947265625,5.92041015625,-11.474609375,17.9443359375,-40.53977966308594,167.92098999023438,137.953369140625
0.6240234375,0.405029296875,-0.594482421875,0.30517578125,-7.99560546875,18.798828125,-40.48250198364258,167.75730895996094,137.45820617675778
0.631591796875,0.3564453125,-0.611328125,3.90625,-8.544921875,20.6298828125,-40.42550277709961,167.96890258789062,136.75508117675778
0.663330078125,0.3955078125,-0.59619140625,9.521484375,-12.87841796875,20.3857421875,-40.26097869873047,168.3107452392578,136.09375
0.661376953125,0.37890625,-0.599853515625,3.60107421875,-12.6953125,20.44677734375,-40.10547256469727,168.4474639892578,135.41018676757812
0.62109375,0.35888671875,-0.603515625,2.3193359375,-12.451171875,23.74267578125,-39.92215347290039,168.6693115234375,134.54074096679688
0.639404296875,0.3701171875,-0.6162109375,3.41796875,-14.70947265625,24.2919921875,-39.66676330566406,168.94808959960938,133.63238525390622
0.632568359375,0.345458984375,-0.605224609375,-2.44140625,-13.18359375,21.1181640625,-39.469722747802734,168.91424560546875,132.87631225585938
0.61474609375,0.33740234375,-0.611328125,-7.6904296875,-7.4462890625,17.51708984375,-39.43972396850586,168.53555297851562,132.345947265625
0.592529296875,0.34033203125,-0.592529296875,-13.85498046875,-3.173828125,4.08935546875,-39.46051406860352,167.41702270507812,132.55876159667972
0.5966796875,0.324951171875,-0.622802734375,-19.04296875,1.0986328125,-8.1787109375,-39.49518966674805,165.78578186035156,133.36164855957028
0.56640625,0.322021484375,-0.6162109375,-20.08056640625,3.72314453125,-18.798828125,-39.45446395874024,163.8025665283203,134.69740295410156
0.5859375,0.36279296875,-0.60498046875,-22.4609375,3.2958984375,-28.80859375,-39.277740478515625,161.3665313720703,136.54875183105472
0.568359375,0.385498046875,-0.5810546875,-30.6396484375,0.42724609375,-36.9873046875,-38.81486892700195,158.39418029785156,138.72846984863278
0.587158203125,0.4169921875,-0.580810546875,-44.49462890625,-4.21142578125,-49.49951171875,-37.92569351196289,154.6492919921875,141.31695556640625
0.59375,0.397216796875,-0.55322265625,-63.5986328125,-2.9296875,-63.53759765625,-36.78606414794922,150.00070190429688,144.33946228027344
0.62890625,0.4033203125,-0.519287109375,-78.30810546875,9.1552734375,-80.6884765625,-35.635841369628906,144.4077911376953,148.14683532714844
0.56591796875,0.40966796875,-0.49609375,-89.84375,26.79443359375,-111.328125,-33.914573669433594,137.74276733398438,153.30059814453125
0.451904296875,0.509033203125,-0.50927734375,-92.4072265625,37.78076171875,-147.39990234375,-30.69562911987305,130.61306762695312,159.5163116455078
0.4580078125,0.5,-0.50927734375,-89.7216796875,32.28759765625,-151.2451171875,-26.8087158203125,124.5857391357422,164.8209228515625
0.49267578125,0.519775390625,-0.5048828125,-87.2802734375,25.32958984375,-154.11376953125,-22.46498680114746,119.5099105834961,169.2425537109375
0.537841796875,0.53369140625,-0.466552734375,-86.0595703125,28.99169921875,-158.02001953125,-18.007919311523438,114.97835540771484,-186.6797332763672
0.520263671875,0.5244140625,-0.442138671875,-83.43505859375,37.41455078125,-170.2880859375,-13.129241943359375,110.98125457763672,-182.5942230224609
0.473388671875,0.544921875,-0.4072265625,-80.13916015625,34.3017578125,-190.0634765625,-7.307755947113037,107.58570098876952,-178.79849243164062
0.41357421875,0.5546875,-0.382080078125,-68.7255859375,24.71923828125,-189.02587890625,-1.317193627357483,105.15541076660156,-175.74063110351562
0.31787109375,0.5947265625,-0.38916015625,-62.3779296875,11.16943359375,-177.8564453125,4.548966884613037,103.35201263427734,-173.53407287597656
0.279541015625,0.59130859375,-0.39404296875,-60.85205078125,0.244140625,-154.72412109375,9.57073211669922,101.81788635253906,-172.0722198486328
0.230224609375,0.6142578125,-0.334228515625,-57.31201171875,-3.41796875,-105.40771484375,12.671454429626465,100.28396606445312,-171.24960327148438
0.22607421875,0.633544921875,-0.327880859375,-67.32177734375,-16.54052734375,-91.36962890625,15.246990203857422,98.22482299804688,-171.13717651367188
0.197265625,0.6318359375,-0.346923828125,-71.6552734375,-25.69580078125,-83.8623046875,17.574142456054688,95.97844696044922,-171.5199432373047
0.16845703125,0.61572265625,-0.287353515625,-66.10107421875,-24.71923828125,-65.49072265625,19.110445022583008,93.837158203125,-172.05859375
0.15576171875,0.61279296875,-0.249267578125,-52.490234375,-23.13232421875,-56.45751953125,20.228487014770508,92.1825180053711,-172.64463806152344
0.141357421875,0.7060546875,-0.207763671875,-47.91259765625,-30.09033203125,-63.04931640625,21.62077140808105,90.40858459472656,-173.64013671875
0.1357421875,0.686767578125,-0.196533203125,-65.0634765625,-41.259765625,-80.4443359375,23.619293212890625,87.74463653564453,-175.2023162841797
0.111572265625,0.65966796875,-0.151611328125,-56.7626953125,-40.22216796875,-70.49560546875,25.12766075134277,85.31327056884766,-176.85585021972656
0.0087890625,0.697021484375,-0.196044921875,-30.45654296875,-31.982421875,-38.39111328125,25.60953521728516,84.29304504394531,-178.03411865234375
-0.00341796875,0.732177734375,-0.15478515625,-12.39013671875,-43.76220703125,-15.44189453125,25.116254806518555,83.69151306152344,-179.6981964111328
-0.001220703125,0.816162109375,-0.0810546875,-22.76611328125,-61.1572265625,-9.46044921875,24.25804901123047,82.15142822265625,-182.1904754638672
0.04052734375,0.79833984375,-0.065185546875,-44.0673828125,-66.58935546875,-4.8828125,23.029163360595703,79.75408172607422,-184.85525512695312
-0.00830078125,0.740478515625,-0.22509765625,-28.4423828125,-47.4853515625,16.54052734375,21.26953125,79.01579284667969,-186.3004913330078
0.044677734375,0.748291015625,-0.244873046875,3.7841796875,-33.447265625,39.6728515625,18.63054656982422,79.95474243164062,-186.9795684814453
0.014404296875,0.98876953125,-0.10888671875,10.80322265625,-33.02001953125,46.56982421875,15.85234832763672,80.73290252685547,-187.81578063964844
0.017822265625,1.074462890625,-0.1376953125,-17.88330078125,-53.89404296875,14.70947265625,14.290857315063475,80.1304702758789,170.266845703125
-0.007080078125,0.837158203125,-0.25244140625,-18.6767578125,-48.40087890625,-2.50244140625,13.575882911682127,79.9454345703125,168.5435333251953
-0.0400390625,0.866943359375,-0.1689453125,3.60107421875,-32.470703125,5.37109375,12.749618530273438,80.6243667602539,167.45828247070312
-0.135498046875,1.227783203125,-0.10693359375,1.8310546875,-36.0107421875,37.17041015625,10.818805694580078,81.00794982910156,166.365966796875
0.0146484375,1.19287109375,-0.106689453125,-12.51220703125,-28.076171875,59.326171875,7.8679423332214355,80.93402099609375,165.71591186523438
-0.025146484375,1.206298828125,-0.1689453125,-22.39990234375,-2.38037109375,63.78173828125,5.090108394622803,80.73119354248047,166.1133575439453
-0.009765625,1.353271484375,-0.118896484375,-61.1572265625,-24.35302734375,-1.15966796875,4.786792278289795,78.75301361083984,165.1953887939453
0.054931640625,1.273193359375,-0.069580078125,-87.890625,-44.0673828125,-35.2783203125,5.4944496154785165,75.610595703125,163.21449279785156
0.067626953125,1.2099609375,-0.05126953125,-95.3369140625,-41.07666015625,-16.357421875,5.341002464294434,72.28166961669922,161.5210723876953
0.04248046875,1.238525390625,-0.072021484375,-91.4306640625,-13.85498046875,37.65869140625,3.4688727855682373,69.43283081054689,161.5693817138672
0.07958984375,1.16259765625,0.037353515625,-77.392578125,-26.3671875,-25.32958984375,0.3677613437175751,60.37767028808594,159.44508361816406
0.076416015625,1.16650390625,0.074462890625,-74.52392578125,-20.1416015625,-8.72802734375,0.09961707144975662,58.3803939819336,158.58340454101562
0.056640625,1.205810546875,0.09619140625,-58.41064453125,-1.953125,23.13232421875,-0.8324303627014159,57.06669998168945,159.01243591308594
0.046630859375,1.19482421875,0.081787109375,-42.3583984375,2.38037109375,26.18408203125,-1.714627981185913,56.4516716003418,159.6485137939453
0.0673828125,1.275634765625,0.093994140625,-36.376953125,-8.11767578125,15.80810546875,-2.4785349369049072,56.09735488891602,159.6947784423828
0.05419921875,1.256591796875,0.096923828125,-42.8466796875,-27.40478515625,-7.568359375,-2.8513636589050293,55.54440689086914,158.56756591796875
0.082763671875,1.17626953125,0.1171875,-33.02001953125,-34.3017578125,-11.16943359375,-3.314953327178955,55.38243865966797,157.12698364257812
0.063232421875,1.13623046875,0.14501953125,-17.15087890625,-23.62060546875,-0.79345703125,-3.8263633251190186,55.78134536743164,156.26644897460938
0.03125,1.093994140625,0.10693359375,2.01416015625,-10.986328125,12.87841796875,-4.425885200500488,56.949134826660156,156.11163330078125
0.0380859375,1.1376953125,0.10986328125,4.69970703125,-16.78466796875,-1.708984375,-4.643415451049805,58.22743225097656,155.4250946044922
0.041748046875,1.05859375,0.133056640625,1.03759765625,-8.1787109375,-11.3525390625,-4.343969821929932,59.24734878540039,154.83290100097656
0.053466796875,1.112060546875,0.106201171875,1.0986328125,-12.75634765625,-8.72802734375,-4.248751163482666,60.29970169067383,154.14161682128906
0.0908203125,1.12890625,0.074462890625,-3.7841796875,-18.06640625,-0.8544921875,-4.597977638244629,61.18142700195313,153.41815185546875
0.11572265625,1.030029296875,0.077392578125,-4.45556640625,-12.14599609375,11.65771484375,-5.322443962097168,61.951210021972656,153.1348876953125
0.003662109375,1.0107421875,0.052490234375,-3.35693359375,-7.38525390625,8.1787109375,-5.563093662261963,62.78339385986328,152.93467712402344
0.068359375,1.0751953125,0.06005859375,-8.30078125,-14.70947265625,1.03759765625,-5.804434299468994,63.41930389404297,152.3359832763672
0.0625,1.025146484375,0.073486328125,-10.6201171875,-10.68115234375,5.37109375,-6.10802698135376,63.88568115234375,151.95823669433594
0.08251953125,0.94384765625,0.10400390625,-8.056640625,-5.18798828125,13.85498046875,-6.662720203399657,64.31821441650389,151.9307403564453
0.055908203125,0.99609375,0.11865234375,-10.19287109375,-1.89208984375,11.65771484375,-6.989950656890869,64.62224578857422,151.97802734375
0.041259765625,1.010986328125,0.130615234375,-18.85986328125,0.3662109375,5.67626953125,-7.0154786109924325,64.550537109375,152.00314331054688
0.099365234375,0.94384765625,0.091552734375,-17.02880859375,-10.92529296875,-7.38525390625,-6.908372402191162,64.69738006591797,151.38421630859375
0.092041015625,0.95068359375,0.088134765625,-6.16455078125,-25.146484375,-17.333984375,-6.6602325439453125,65.36161041259766,150.07913208007812
0.10205078125,0.934326171875,0.09619140625,-6.16455078125,-33.203125,-17.27294921875,-6.566886425018311,66.00846862792969,148.49066162109375
0.22607421875,0.933349609375,-0.17431640625,3.11279296875,-32.16552734375,0.18310546875,-7.386495113372803,67.53082275390625,147.153564453125
0.111572265625,1.1650390625,-0.0263671875,10.7421875,-24.0478515625,5.126953125,-7.874409198760986,68.97785949707031,146.2101287841797
0.050048828125,1.03125,0.066650390625,-3.41796875,-22.39990234375,1.52587890625,-8.054158210754395,69.62583923339844,145.29249572753906
0.104736328125,0.96630859375,0.044921875,-9.33837890625,-32.89794921875,-9.1552734375,-8.096921920776367,70.12744140625,143.82102966308594
0.03466796875,0.914306640625,0.05908203125,-4.7607421875,-34.0576171875,-6.4697265625,-8.079555511474611,70.759033203125,142.34800720214844
0.079833984375,0.90576171875,0.08642578125,3.96728515625,-31.73828125,9.765625,-8.737980842590332,71.60958862304688,141.1832733154297
0.09228515625,0.882080078125,0.0576171875,23.4375,-22.03369140625,33.935546875,-10.189420700073242,73.18437957763672,140.65716552734378
-0.9765625,1.733642578125,-0.207763671875,20.6298828125,-21.1181640625,17.578125,-9.677022933959961,74.91207122802734,139.90104675292972
0.10595703125,1.0419921875,-0.12060546875,-12.26806640625,-51.26953125,2.01416015625,-10.137310028076172,75.60233306884766,137.76559448242188
0.07080078125,0.98291015625,0.096923828125,-12.20703125,-41.44287109375,2.5634765625,-10.403833389282227,75.73843383789062,136.09725952148438
0.051025390625,0.974853515625,0.06298828125,-11.90185546875,-38.330078125,2.50244140625,-10.581314086914062,75.94331359863281,134.533935546875
0.138916015625,0.9775390625,0.006103515625,-12.26806640625,-53.16162109375,10.92529296875,-11.415265083312988,76.3638687133789,132.43644714355472
0.116455078125,0.927490234375,0.057861328125,-8.9111328125,-3.173828125,2.62451171875,-11.381691932678224,76.41610717773438,132.25761413574222
0.06005859375,0.9560546875,0.0322265625,-8.11767578125,-5.126953125,1.953125,-11.203571319580078,76.58131408691406,131.98197937011722
0.10888671875,0.98681640625,0.02197265625,-8.30078125,-4.2724609375,1.953125,-11.131381034851074,76.74921417236328,131.73828125
0.07958984375,0.990966796875,0.046630859375,-8.1787109375,-4.33349609375,1.708984375,-10.983075141906738,76.86103820800781,131.50198364257812
0.069580078125,0.97998046875,0.056640625,-9.1552734375,-4.45556640625,2.13623046875,-10.836166381835938,76.90489196777344,131.27101135253906
0.0791015625,0.9951171875,0.02685546875,-8.7890625,-5.06591796875,1.77001953125,-10.70742416381836,77.0358657836914,131.00080871582028
0.083251953125,0.98779296875,0.024658203125,-8.7890625,-4.69970703125,2.01416015625,-10.600279808044434,77.16246032714844,130.74835205078122
0.080322265625,0.999755859375,0.041015625,-8.544921875,-4.2724609375,1.8310546875,-10.475778579711914,77.25431823730469,130.51945495605472
0.08056640625,0.988525390625,0.033203125,-8.30078125,-4.08935546875,1.708984375,-10.352641105651855,77.36746215820312,130.29518127441406
0.0673828125,0.983154296875,0.024169921875,-7.9345703125,-4.7607421875,1.77001953125,-10.213542938232422,77.51579284667969,130.04258728027344
0.075439453125,0.996826171875,0.034912109375,-8.056640625,-4.150390625,1.708984375,-10.08697509765625,77.62474822998047,129.81986999511722
0.08251953125,0.9931640625,0.03564453125,-8.1787109375,-5.0048828125,1.40380859375,-9.976760864257812,77.72822570800781,129.56257629394528
0.068359375,0.9765625,0.042724609375,-8.36181640625,-4.82177734375,2.3193359375,-9.87468147277832,77.79981231689453,129.32464599609378
0.077880859375,0.990478515625,0.03076171875,-8.48388671875,-4.45556640625,1.77001953125,-9.772107124328613,77.8901138305664,129.09281921386722
0.07421875,0.974853515625,0.02978515625,-8.056640625,-4.39453125,1.708984375,-9.664697647094727,77.9944076538086,128.86395263671878
0.06494140625,0.972412109375,0.038330078125,-8.11767578125,-4.2724609375,1.708984375,-9.538509368896484,78.07105255126953,128.64454650878906
0.082275390625,0.995361328125,0.038330078125,-7.99560546875,-5.0048828125,1.64794921875,-9.45620346069336,78.15562438964844,128.39663696289062
0.072265625,0.9775390625,0.0341796875,-7.50732421875,-4.39453125,1.46484375,-9.345293045043944,78.26055908203125,128.17108154296878
0.062255859375,0.979248046875,0.03955078125,-7.99560546875,-4.33349609375,1.708984375,-9.223811149597168,78.32865905761719,127.953125
0.0673828125,0.986572265625,0.033203125,-8.48388671875,-5.06591796875,2.25830078125,-9.145140647888184,78.39323425292969,127.70919799804688
0.079833984375,0.980224609375,0.05126953125,-8.72802734375,-4.57763671875,1.77001953125,-9.074833869934082,78.40009307861328,127.4884796142578
0.072998046875,0.995849609375,0.055908203125,-8.056640625,-5.0048828125,2.13623046875,-9.00637149810791,78.42694854736328,127.25550842285156
0.074462890625,0.99365234375,0.026611328125,-8.23974609375,-4.0283203125,1.953125,-8.931083679199219,78.50584411621094,127.04995727539062
0.0791015625,0.988037109375,0.0361328125,-8.4228515625,-4.33349609375,2.3193359375,-8.88610553741455,78.55319213867188,126.83956909179688
0.08837890625,0.989501953125,0.0400390625,-9.21630859375,-5.0048828125,2.44140625,-8.873335838317871,78.56170654296875,126.60543823242188
0.068359375,0.9912109375,0.03857421875,-8.48388671875,-4.69970703125,1.953125,-8.79386043548584,78.6018295288086,126.37896728515624
0.07080078125,0.983154296875,0.03173828125,-8.056640625,-4.45556640625,2.01416015625,-8.72504997253418,78.67053985595703,126.16110229492188
0.08251953125,0.989501953125,0.028564453125,-8.97216796875,-4.57763671875,2.01416015625,-8.685482978820799,78.70789337158203,125.93807983398438
0.072998046875,0.99462890625,0.03759765625,-7.75146484375,-4.69970703125,1.3427734375,-8.598899841308594,78.77389526367188,125.70838928222656
0.080322265625,1.001953125,0.03271484375,-8.544921875,-4.7607421875,1.8310546875,-8.550573348999022,78.8166732788086,125.47923278808594
0.080078125,0.986083984375,0.043212890625,-8.48388671875,-4.5166015625,2.44140625,-8.52778148651123,78.83246612548828,125.26876831054688
0.08154296875,0.991943359375,0.03271484375,-8.6669921875,-4.638671875,1.77001953125,-8.48332691192627,78.86622619628906,125.04484558105469
0.07861328125,0.979736328125,0.03955078125,-8.544921875,-4.7607421875,1.953125,-8.443741798400879,78.88719940185547,124.8203582763672
0.084228515625,0.9853515625,0.040771484375,-9.033203125,-4.638671875,1.89208984375,-8.414093971252441,78.8846206665039,124.60099792480469
0.072265625,0.98681640625,0.042236328125,-8.056640625,-4.33349609375,1.89208984375,-8.355621337890625,78.91634368896484,124.394287109375
0.070556640625,0.97119140625,0.04833984375,-8.30078125,-4.69970703125,2.0751953125,-8.307612419128418,78.9229736328125,124.17723083496094
0.072265625,0.98583984375,0.048095703125,-8.23974609375,-4.82177734375,2.3193359375,-8.273457527160645,78.93427276611328,123.95718383789062
