0.02734375,0.977294921875,0.097412109375,-5.4931640625,-10.3759765625,6.40869140625,-2.0332491397857666,79.10546875,36.90712356567383
0.038818359375,0.98046875,0.071533203125,-4.33349609375,-7.9345703125,8.60595703125,-2.4868056774139404,79.275634765625,36.682952880859375
0.0244140625,0.990478515625,0.0791015625,-1.52587890625,-3.90625,11.04736328125,-2.9054851531982417,79.44745635986328,36.59926223754883
0.085205078125,1.087646484375,-0.037841796875,2.197265625,106.3232421875,1.28173828125,6.44647216796875,83.3215560913086,96.81763458251952
0.102783203125,1.062255859375,-0.061279296875,-1.64794921875,106.99462890625,-0.54931640625,6.484238624572754,84.08512115478516,101.14996337890624
0.10693359375,0.98095703125,-0.061279296875,0.48828125,112.4267578125,-2.13623046875,6.48404598236084,84.97463989257812,105.68545532226562
0.051025390625,1.041015625,0.046630859375,8.48388671875,103.271484375,0.3662109375,6.049391746520996,89.2897720336914,135.99209594726562
-0.0107421875,1.10888671875,0.06494140625,4.5166015625,99.30419921875,1.8310546875,5.746347427368164,89.62712860107422,139.9019775390625
0.028076171875,1.07080078125,0.089599609375,-6.77490234375,93.56689453125,8.11767578125,5.150696277618408,89.52284240722656,143.64361572265625
0.062255859375,0.996337890625,0.07177734375,-8.4228515625,94.8486328125,13.427734375,4.295440196990967,89.34051513671875,147.4397430419922
0.074951171875,1.023681640625,0.062255859375,-3.41796875,99.853515625,15.68603515625,3.3872592449188232,89.31953430175781,151.48826599121094
0.03564453125,1.10546875,0.078857421875,-4.5166015625,104.55322265625,8.48388671875,2.8804800510406494,89.2178726196289,155.6697235107422
-0.021728515625,1.09814453125,0.10595703125,-10.986328125,101.318359375,3.96728515625,2.709850549697876,88.77320098876953,159.71763610839844
-0.025390625,1.066650390625,0.109375,-16.66259765625,96.3134765625,1.40380859375,2.703033208847046,88.07366180419922,163.4920654296875
-0.0068359375,1.024658203125,0.0830078125,-18.310546875,91.49169921875,-1.46484375,2.8008229732513428,87.39435577392578,167.14515686035156
-0.0322265625,1.02294921875,0.0888671875,-18.12744140625,90.88134765625,-4.21142578125,3.1012625694274902,86.74725341796875,170.76675415039062
-0.04638671875,0.99609375,0.106689453125,-19.22607421875,89.05029296875,-5.126953125,3.422858476638794,86.15058135986328,-185.7321014404297
-0.047607421875,0.99072265625,0.09033203125,-16.357421875,85.8154296875,-1.40380859375,3.684464931488037,85.63994598388672,-182.3097076416016
-0.051513671875,1.01708984375,0.074951171875,-17.51708984375,84.1064453125,-0.30517578125,3.922375679016113,85.15339660644531,-178.95030212402344
-0.05322265625,0.9931640625,0.097412109375,-20.56884765625,79.77294921875,1.953125,4.045480728149413,84.47821044921875,-175.78785705566406
-0.04150390625,0.93505859375,0.116943359375,-18.24951171875,76.72119140625,5.859375,4.051708221435547,83.88746643066406,-172.708984375
-0.0283203125,0.914794921875,0.119873046875,-13.61083984375,75.62255859375,10.3759765625,3.8702106475830083,83.48587036132812,-169.65476989746094
-0.01513671875,0.95166015625,0.109375,-10.3759765625,75.68359375,10.31494140625,3.7003211975097656,83.226806640625,-166.62350463867188
-0.012451171875,0.9169921875,0.10498046875,-11.1083984375,71.4111328125,9.3994140625,3.544233798980713,82.95991516113281,-163.7372283935547
0.02587890625,0.9423828125,0.07080078125,-9.82666015625,68.9697265625,4.150390625,3.5077693462371826,82.83155822753906,-160.967041015625
0.01220703125,0.968994140625,0.0693359375,-11.29150390625,68.2373046875,-4.638671875,3.9455852508544917,82.60179901123047,-158.3201141357422
-0.001953125,0.96630859375,0.0966796875,-11.41357421875,64.697265625,-9.521484375,4.498144149780273,82.38362121582031,-155.7909393310547
-0.03125,0.9248046875,0.095703125,-10.43701171875,61.70654296875,-5.55419921875,4.936225891113281,82.21918487548828,-153.3603057861328
-0.015625,0.953125,0.0830078125,-4.69970703125,57.7392578125,1.0986328125,5.00779914855957,82.30530548095703,-151.08682250976562
-0.033935546875,1.063232421875,0.0654296875,-5.31005859375,54.01611328125,-0.06103515625,5.162280559539795,82.43540954589844,-148.92286682128906
-0.054931640625,1.07177734375,0.073486328125,-14.95361328125,46.81396484375,1.0986328125,5.27398157119751,82.13813018798828,-147.04075622558594
0.010986328125,1.021484375,0.068359375,-21.05712890625,42.78564453125,6.28662109375,4.972936630249023,81.63933563232422,-145.23263549804688
-0.0419921875,0.97998046875,0.048828125,-17.2119140625,47.7294921875,10.92529296875,4.7177348136901855,81.32127380371094,-143.25509643554688
-0.106201171875,1.040771484375,0.037353515625,-16.7236328125,45.654296875,15.2587890625,4.433494091033936,81.05237579345703,-141.33197021484375
-0.124267578125,1.091064453125,0.0126953125,-20.99609375,36.19384765625,18.85986328125,3.9274091720581055,80.4761962890625,-139.87812805175778
-0.03271484375,1.045166015625,-0.014404296875,-34.5458984375,23.25439453125,24.10888671875,3.055363893508911,79.55541229248047,-138.76753234863278
-0.1630859375,0.992919921875,0.029541015625,-27.52685546875,29.4189453125,38.818359375,-0.193644180893898,76.77029418945312,-132.75027465820312
-0.11962890625,0.970703125,0.01123046875,-23.01025390625,15.68603515625,43.27392578125,-1.433690905570984,76.38861083984375,-131.892333984375
-0.038818359375,0.9755859375,-0.021240234375,-15.13671875,5.2490234375,34.36279296875,-2.5719096660614014,76.3343276977539,-131.38299560546878
-0.135498046875,1.0,-0.013916015625,0.30517578125,0.48828125,-24.23095703125,0.0734061673283577,82.70130920410156,-130.35142517089844
-0.080810546875,0.957763671875,-0.060302734375,-4.2724609375,-8.48388671875,-24.71923828125,1.1945711374282837,82.91951751708984,-130.87689208984378
-0.01806640625,0.99169921875,-0.048828125,-4.0283203125,-10.55908203125,-22.94921875,2.0477187633514404,83.1200942993164,-131.3970947265625
-0.077392578125,1.019775390625,-0.06494140625,-5.18798828125,-2.9296875,-26.123046875,3.1603453159332275,83.3023681640625,-131.61955261230472
-0.234130859375,1.0771484375,-0.06884765625,-7.9345703125,-2.50244140625,-27.099609375,4.530864238739014,83.25785064697266,-131.91273498535156
-0.29833984375,1.0869140625,0.006103515625,-19.71435546875,-16.357421875,-21.6064453125,5.735457420349121,82.63328552246094,-132.65396118164062
-0.26904296875,1.003173828125,0.00048828125,-24.169921875,-31.6162109375,-8.23974609375,6.262230396270753,81.79779052734375,-133.93521118164062
-0.085205078125,1.044189453125,-0.019287109375,-21.484375,-38.4521484375,3.96728515625,5.7367610931396475,81.15087127685547,-135.33334350585938
0.013671875,1.04248046875,-0.01708984375,-20.6298828125,-30.8837890625,9.94873046875,4.899270534515381,80.5926742553711,-136.4571533203125
0.003662109375,1.04638671875,0.083740234375,-12.20703125,-5.126953125,4.94384765625,3.0026323795318604,78.9908676147461,-137.46609497070312
0.104248046875,1.038818359375,0.061767578125,-8.6669921875,-8.7890625,3.35693359375,2.4924840927124023,78.97804260253906,-137.82614135742188
0.253662109375,1.01123046875,0.042236328125,-2.01416015625,1.15966796875,-12.3291015625,2.336360454559326,79.21328735351562,-137.85757446289062
0.140869140625,1.06982421875,0.051025390625,6.7138671875,17.7001953125,-29.84619140625,3.245194673538208,79.80750274658203,-137.3621826171875
-0.056884765625,1.170654296875,0.08056640625,6.77490234375,17.15087890625,-36.07177734375,4.681551456451416,80.19900512695312,-137.00082397460938
-0.033935546875,1.1201171875,0.0625,-3.5400390625,2.25830078125,-20.08056640625,5.369268417358398,80.30156707763672,-137.024658203125
0.025390625,1.06787109375,0.0537109375,-6.40869140625,-2.01416015625,-9.70458984375,5.47154426574707,80.28852844238281,-137.14385986328122
0.037841796875,1.005859375,0.08203125,-9.3994140625,0.30517578125,-2.197265625,5.10345458984375,80.04524993896484,-137.1253662109375
0.215576171875,0.982421875,0.105224609375,-14.58740234375,6.591796875,7.080078125,4.1907668113708505,79.62261962890625,-136.79876708984378
0.21044921875,0.821533203125,0.155029296875,-16.357421875,25.93994140625,-9.09423828125,4.020544528961182,79.0111312866211,-135.83804321289062
0.03076171875,0.8017578125,0.1103515625,-0.244140625,34.72900390625,-21.1181640625,4.899476528167725,79.44098663330078,-134.63935852050778
-0.02978515625,1.008544921875,0.130859375,12.5732421875,24.0478515625,-23.25439453125,5.850852966308594,80.12847900390625,-133.84140014648438
-0.04443359375,1.057373046875,0.12109375,-1.708984375,10.31494140625,-22.216796875,6.654954433441162,80.2064437866211,-133.56942749023438
0.036865234375,0.927490234375,0.08056640625,-12.939453125,2.86865234375,-14.70947265625,6.760232448577881,79.86432647705078,-133.50894165039062
0.011474609375,0.88525390625,0.066650390625,-8.72802734375,4.94384765625,5.37109375,6.286982536315918,79.7601547241211,-133.24835205078122
-0.01513671875,0.93505859375,0.097412109375,-7.99560546875,12.39013671875,14.95361328125,5.573763847351074,79.65888977050781,-132.63424682617188
-0.099365234375,0.88671875,0.124267578125,-15.2587890625,11.1083984375,23.193359375,4.689452648162842,79.11375427246094,-132.076171875
-0.079345703125,0.832763671875,0.10693359375,-19.1650390625,4.45556640625,28.076171875,3.652467966079712,78.50277709960938,-131.67575073242188
-0.0419921875,0.83642578125,0.120361328125,-16.66259765625,2.5634765625,26.42822265625,2.6085171699523926,77.970458984375,-131.35507202148438
-0.0537109375,0.884521484375,0.144775390625,-14.892578125,2.0751953125,20.56884765625,1.9575453996658323,77.43106079101562,-131.1363525390625
-0.08251953125,0.865966796875,0.11474609375,-13.18359375,-2.5634765625,15.9912109375,1.4494303464889526,77.08903503417969,-131.09199523925778
0.01123046875,0.962646484375,0.088623046875,-8.48388671875,-7.568359375,13.916015625,0.7582195997238159,77.03489685058594,-131.25682067871094
0.02587890625,1.064453125,0.085693359375,-11.3525390625,-6.89697265625,5.615234375,0.4745229184627533,76.78260040283203,-131.53207397460938
-0.01953125,1.048583984375,0.09912109375,-18.4326171875,-8.97216796875,1.15966796875,0.3709695041179657,76.33857727050781,-131.86849975585938
-0.0029296875,1.03369140625,0.09130859375,-19.8974609375,-12.26806640625,2.86865234375,0.1357755959033966,75.86786651611328,-132.31585693359378
-0.00830078125,1.076171875,0.095947265625,-18.9208984375,-15.2587890625,3.84521484375,-0.17835275828838348,75.46258544921875,-132.88470458984378
0.030029296875,1.08984375,0.05029296875,-18.5546875,-20.5078125,4.8828125,-0.6269965767860413,75.18148040771484,-133.63116455078122
0.074462890625,1.143798828125,0.01904296875,-15.44189453125,-22.27783203125,0.6103515625,-0.9988596439361572,75.10704803466797,-134.49246215820312
0.094970703125,1.146728515625,0.021728515625,-13.97705078125,-19.71435546875,-9.33837890625,-0.7933857440948486,75.13818359375,-135.3492431640625
0.023193359375,1.1669921875,0.067626953125,-11.23046875,-16.9677734375,-22.4609375,-0.11265088617801665,75.13768768310547,-136.239501953125
-0.093505859375,0.90087890625,-0.0224609375,8.7890625,-13.3056640625,-0.06103515625,-0.56779944896698,79.62876892089844,-144.1759490966797
-0.12744140625,0.87548828125,-0.001953125,8.1787109375,-14.6484375,1.8310546875,-0.3833481371402741,80.34272003173828,-144.80677795410156
-0.119384765625,0.91796875,0.002685546875,4.69970703125,-19.4091796875,1.52587890625,-0.2586126923561096,80.89295959472656,-145.5653839111328
-0.0869140625,0.96435546875,-0.014404296875,0.244140625,-19.8974609375,1.28173828125,-0.21541838347911835,81.28348541259766,-146.3459930419922
-0.10009765625,0.91552734375,0.0126953125,-2.197265625,-20.08056640625,1.15966796875,-0.13456465303897858,81.56153869628906,-147.13584899902344
-0.087158203125,0.9921875,0.039794921875,3.23486328125,-19.6533203125,6.4697265625,-0.2959500253200531,81.92133331298828,-147.87844848632812
-0.087158203125,1.136474609375,0.02392578125,-1.953125,-18.73779296875,9.09423828125,-0.5708867907524109,82.10552978515625,-148.5733642578125
-0.107421875,1.144775390625,0.044921875,-11.65771484375,-20.01953125,3.0517578125,-0.4808251857757568,81.84068298339844,-149.399658203125
-0.026123046875,1.19287109375,0.0439453125,-10.8642578125,-23.74267578125,-8.36181640625,-0.2148725986480713,81.63732147216797,-150.38914489746094
-0.21142578125,1.39599609375,0.0087890625,-28.86962890625,16.845703125,-62.1337890625,8.793420791625978,80.23921966552734,-150.71478271484375
-0.14404296875,1.28076171875,-0.0009765625,-43.39599609375,13.3056640625,-41.015625,10.25925064086914,78.81185913085938,-150.40194702148438
-0.0693359375,1.12939453125,-0.03515625,-49.01123046875,20.56884765625,-38.39111328125,11.665863037109375,77.45398712158203,-149.80332946777344
-0.105712890625,1.127685546875,-0.03564453125,-43.3349609375,32.470703125,-47.91259765625,13.578216552734375,76.47144317626953,-148.8252410888672
-0.249755859375,1.16357421875,0.0185546875,-44.677734375,34.24072265625,-50.29296875,15.698450088500975,75.25336456298828,-147.9158172607422
-0.221435546875,1.109130859375,0.07958984375,-51.7578125,22.216796875,-43.27392578125,17.428388595581055,73.71859741210938,-147.38282775878906
-0.14892578125,1.04296875,0.0634765625,-56.09130859375,18.798828125,-49.4384765625,19.178415298461914,72.03602600097656,-147.07098388671875
-0.17236328125,0.896728515625,0.10107421875,-58.89892578125,20.5078125,-61.1572265625,21.542919158935547,70.14993286132811,-146.9223175048828
-0.23095703125,0.794189453125,0.146728515625,-49.31640625,22.5830078125,-62.5,23.977128982543945,68.53729248046875,-146.8111572265625
-0.21484375,0.902587890625,0.141845703125,-38.818359375,17.7001953125,-44.43359375,25.476940155029297,67.49931335449219,-146.5979766845703
-0.130859375,0.98095703125,0.131103515625,-42.724609375,15.07568359375,-32.28759765625,26.216466903686523,66.36711883544922,-146.26109313964844
-0.144775390625,0.873779296875,0.08984375,-50.6591796875,16.90673828125,-37.109375,27.226810455322266,65.10422515869139,-145.90347290039062
-0.179931640625,0.79150390625,0.10791015625,-48.33984375,20.93505859375,-46.56982421875,28.73276138305664,63.87797927856445,-145.6063232421875
-0.253173828125,0.731201171875,0.16015625,-43.02978515625,21.240234375,-54.8095703125,30.72817039489746,62.688560485839844,-145.67652893066406
-0.30126953125,0.71337890625,0.19921875,-31.73828125,15.19775390625,-57.6171875,32.719295501708984,61.57592391967773,-146.0474090576172
-0.360107421875,0.79541015625,0.200439453125,-22.3388671875,4.638671875,-47.607421875,34.144500732421875,60.78670120239258,-146.6158905029297
-0.27490234375,0.876708984375,0.208251953125,-26.85546875,-7.6904296875,-34.48486328125,34.49573516845703,59.58430099487305,-147.42103576660156
-0.2236328125,0.81298828125,0.182861328125,-37.841796875,-8.30078125,-39.00146484375,34.95700836181641,58.1225814819336,-148.2769012451172
-0.23193359375,0.740234375,0.18359375,-38.87939453125,-3.35693359375,-50.59814453125,35.9398078918457,56.52542114257813,-149.27352905273438
-0.326416015625,0.72119140625,0.21533203125,-34.423828125,2.74658203125,-61.09619140625,37.62628173828125,54.8853530883789,-150.46884155273438
-0.433837890625,0.7587890625,0.207763671875,-34.24072265625,-0.06103515625,-58.2275390625,39.2281608581543,53.28135299682617,-151.6836700439453
-0.439208984375,0.789306640625,0.223388671875,-38.9404296875,-10.498046875,-41.8701171875,39.94249725341797,51.52504348754883,-152.84921264648438
-0.36376953125,0.7666015625,0.229248046875,-44.0673828125,-20.751953125,-32.1044921875,39.84086227416992,49.3253402709961,-154.23348999023438
-0.363037109375,0.713134765625,0.219482421875,-48.52294921875,-23.86474609375,-46.0205078125,40.14080047607422,46.82009887695313,-156.0750274658203
-0.434814453125,0.69287109375,0.203857421875,-45.22705078125,-24.658203125,-60.05859375,40.94210052490234,44.1157112121582,-158.4705352783203
-0.427001953125,0.67041015625,0.253173828125,-38.6962890625,-29.1748046875,-68.78662109375,41.68555450439453,41.22966003417969,-161.6557159423828
-0.496337890625,0.73779296875,0.2861328125,-27.4658203125,-31.25,-72.1435546875,42.35161209106445,38.605323791503906,-164.91610717773438
-0.528564453125,0.880859375,0.3505859375,-26.9775390625,-34.36279296875,-55.35888671875,42.27472686767578,36.49015426635742,-167.52488708496094
-0.484619140625,0.84765625,0.36083984375,-38.9404296875,-36.92626953125,-39.36767578125,41.531883239746094,34.29595947265625,-169.35476684570312
-0.47509765625,0.666748046875,0.32177734375,-45.0439453125,-37.53662109375,-35.5224609375,40.88119888305664,31.99972915649414,-171.1874542236328
-0.48828125,0.59326171875,0.351318359375,-28.1982421875,-35.400390625,-45.7763671875,40.531211853027344,30.01051521301269,-173.4895477294922
-0.584228515625,0.742431640625,0.349365234375,-12.14599609375,-30.94482421875,-61.46240234375,40.75299835205078,28.565711975097656,-176.29006958007812
-0.672607421875,0.8701171875,0.399169921875,-13.3056640625,-35.21728515625,-51.26953125,40.49136352539063,27.37058448791504,-178.59375
-0.596923828125,0.845703125,0.398193359375,-21.8505859375,-42.6025390625,-28.80859375,39.4407958984375,26.50180244445801,-179.95742797851562
-0.556884765625,0.79931640625,0.396240234375,-26.18408203125,-40.771484375,-19.59228515625,38.33606338500977,25.783977508544922,-180.74632263183597
-0.5654296875,0.7216796875,0.403076171875,-25.45166015625,-35.0341796875,-17.88330078125,37.43278121948242,25.152446746826172,-181.4848480224609
-0.53564453125,0.678955078125,0.42431640625,-14.404296875,-29.6630859375,-23.74267578125,36.79486083984375,24.822494506835934,-182.4145355224609
-0.686279296875,0.711181640625,0.40283203125,-1.0986328125,-22.5830078125,-32.40966796875,36.82954406738281,25.03788757324219,-183.62142944335938
-0.756103515625,0.865966796875,0.407958984375,6.103515625,-29.4189453125,-21.42333984375,36.43016815185547,25.743030548095703,-184.36227416992188
-0.698974609375,0.854736328125,0.403076171875,-5.9814453125,-37.841796875,-6.77490234375,35.42728805541992,26.259979248046875,-184.6390838623047
-0.614990234375,0.71630859375,0.39013671875,-15.19775390625,-41.44287109375,-6.103515625,34.39793014526367,26.156557083129886,-185.1943206787109
-0.57568359375,0.636962890625,0.34326171875,-11.53564453125,-31.494140625,-31.6162109375,34.166831970214844,25.787315368652344,-186.5345764160156
-0.65625,0.63623046875,0.314697265625,0.42724609375,-25.20751953125,-48.7060546875,34.63295745849609,25.53372383117676,-188.4986724853516
-0.7060546875,0.738525390625,0.3427734375,3.72314453125,-26.85546875,-46.08154296875,34.790454864501946,25.58225059509277,169.8441162109375
-0.64208984375,0.714111328125,0.358642578125,-5.0048828125,-31.982421875,-27.099609375,34.47066879272461,25.63530921936035,168.73471069335938
-0.62109375,0.620361328125,0.35986328125,-9.70458984375,-27.7099609375,-23.0712890625,34.28750991821289,25.51422119140625,167.8068389892578
-0.65869140625,0.545166015625,0.353515625,-7.9345703125,-22.52197265625,-24.4140625,34.49744033813477,25.377775192260746,166.8390350341797
-0.657958984375,0.505615234375,0.370849609375,-1.46484375,-22.03369140625,-23.0712890625,34.66470718383789,25.38083267211914,165.87721252441406
-0.659912109375,0.513671875,0.373779296875,1.3427734375,-24.47509765625,-27.52685546875,34.805347442626946,25.36286735534668,164.67483520507812
-0.67431640625,0.519287109375,0.337890625,1.5869140625,-24.23095703125,-37.90283203125,35.13644027709961,25.12707901000977,162.98550415039062
-0.655517578125,0.571044921875,0.335205078125,2.44140625,-31.494140625,-34.7900390625,35.122547149658196,25.07060241699219,161.43118286132812
-0.6328125,0.552001953125,0.34326171875,-3.662109375,-35.888671875,-31.982421875,34.868640899658196,24.7639274597168,159.89535522460938
-0.595947265625,0.473876953125,0.329833984375,-4.638671875,-36.2548828125,-33.02001953125,34.730697631835945,24.27507019042969,158.18649291992188
-0.616455078125,0.4794921875,0.332763671875,1.8310546875,-29.84619140625,-40.58837890625,34.892566680908196,23.94699668884277,156.33920288085938
-0.6796875,0.538818359375,0.354248046875,3.47900390625,-26.123046875,-36.07177734375,35.116172790527344,23.88935089111328,154.79930114746094
-0.7255859375,0.59765625,0.384521484375,0.0,-25.390625,-23.74267578125,35.052536010742195,24.122833251953125,154.0498504638672
-0.718505859375,0.60498046875,0.393310546875,-5.9814453125,-24.96337890625,-11.29150390625,34.856056213378906,24.368343353271484,153.65867614746094
-0.7431640625,0.5283203125,0.39990234375,-9.27734375,-26.42822265625,-10.92529296875,34.69903945922852,24.289344787597656,153.141845703125
-0.6806640625,0.51416015625,0.441162109375,-4.7607421875,-27.099609375,-16.05224609375,34.55679702758789,24.203718185424805,152.2551727294922
-0.6982421875,0.58447265625,0.436767578125,2.197265625,-21.484375,-25.32958984375,34.662185668945305,24.36949157714844,151.25076293945312
-0.75146484375,0.700927734375,0.457763671875,-2.197265625,-15.625,-24.0478515625,34.920616149902344,24.59250640869141,150.4987335205078
-0.769287109375,0.64013671875,0.47998046875,-13.61083984375,-17.2119140625,-12.3291015625,34.864673614501946,24.49855995178223,150.27427673339844
-0.712646484375,0.546142578125,0.493896484375,-13.36669921875,-17.7001953125,-10.8642578125,34.83251190185547,24.26753234863281,149.8834228515625
-0.677734375,0.52099609375,0.486083984375,-4.0283203125,-13.61083984375,-28.01513671875,35.203834533691406,24.00092315673828,148.80194091796875
-0.7841796875,0.63818359375,0.5068359375,4.5166015625,-5.06591796875,-42.78564453125,36.21607208251953,23.95706558227539,147.3383331298828
-0.825927734375,0.719482421875,0.500244140625,-0.91552734375,-2.0751953125,-33.0810546875,37.08855056762695,24.056108474731445,146.4209442138672
-0.90234375,0.719970703125,0.54248046875,-10.31494140625,-5.67626953125,-18.49365234375,37.606483459472656,24.02774810791016,146.04319763183594
-0.817138671875,0.53759765625,0.542236328125,-18.6767578125,-14.7705078125,-8.97216796875,37.560997009277344,23.484968185424805,145.7018280029297
-0.778564453125,0.45751953125,0.494140625,-7.62939453125,-17.7001953125,-13.97705078125,37.63201904296875,23.18102264404297,145.0725555419922
-0.701416015625,0.5546875,0.471435546875,3.5400390625,-15.13671875,-24.0478515625,37.800453186035156,23.36688995361328,144.2139434814453
-0.72119140625,0.630126953125,0.438720703125,4.94384765625,-9.521484375,-33.935546875,38.46428680419922,23.503263473510746,143.09857177734375
-0.744140625,0.65966796875,0.46630859375,-2.5634765625,-7.568359375,-35.09521484375,39.05154800415039,23.37375831604004,141.98292541503906
-0.77490234375,0.57861328125,0.47509765625,-12.8173828125,-14.5263671875,-37.9638671875,39.48647689819336,22.456850051879886,140.46505737304688
-0.805908203125,0.39892578125,0.45361328125,-15.380859375,-26.123046875,-40.10009765625,39.540138244628906,20.82935333251953,138.24739074707028
-0.733154296875,0.342041015625,0.437744140625,-3.41796875,-38.330078125,-43.27392578125,39.2569694519043,19.434593200683594,135.77760314941406
-0.6845703125,0.445068359375,0.4365234375,7.080078125,-34.66796875,-44.00634765625,38.95302963256836,18.853515625,133.58963012695312
-0.668701171875,0.4384765625,0.44677734375,8.48388671875,-28.076171875,-37.2314453125,38.84906768798828,18.71089172363281,132.02049255371094
-0.67822265625,0.453857421875,0.423583984375,7.32421875,-20.1416015625,-24.90234375,38.85709762573242,18.96085548400879,131.06063842773438
-0.72802734375,0.424072265625,0.430419921875,6.28662109375,-22.0947265625,-18.73779296875,38.798988342285156,19.207916259765625,130.28451538085938
-0.7001953125,0.3818359375,0.468994140625,6.8359375,-25.81787109375,-21.8505859375,38.62106323242188,19.07337951660156,129.00189208984378
-0.72802734375,0.358642578125,0.44677734375,11.16943359375,-27.28271484375,-34.5458984375,38.60047149658203,18.7887020111084,127.24671936035156
-0.70556640625,0.353515625,0.44482421875,19.71435546875,-27.52685546875,-32.16552734375,38.513431549072266,18.92697525024414,125.6132354736328
-0.689697265625,0.464111328125,0.443115234375,26.42822265625,-25.0244140625,-21.42333984375,38.27863693237305,20.14869499206543,124.93817138671876
-0.729736328125,0.457763671875,0.48193359375,25.634765625,-19.10400390625,-10.68115234375,38.15187072753906,21.41063690185547,124.56686401367188
-0.77783203125,0.44287109375,0.459716796875,22.705078125,-20.01953125,-7.75146484375,38.072357177734375,22.552696228027344,124.25767517089844
-0.79248046875,0.430419921875,0.47265625,19.71435546875,-25.634765625,-12.26806640625,37.84687805175781,23.159948348999023,123.35870361328124
-0.777587890625,0.401123046875,0.46826171875,21.97265625,-32.65380859375,-26.42822265625,37.637916564941406,23.41022109985352,121.80015563964844
-0.75048828125,0.42236328125,0.487548828125,29.1748046875,-34.72900390625,-30.94482421875,37.35666275024414,23.82821655273437,120.00666809082031
-0.77001953125,0.498779296875,0.50341796875,31.494140625,-33.0810546875,-34.48486328125,37.19377136230469,24.385217666625977,118.1547622680664
-0.827392578125,0.497802734375,0.52197265625,28.25927734375,-32.04345703125,-32.3486328125,37.0732536315918,24.82646751403809,116.3791732788086
-0.802734375,0.487548828125,0.52734375,24.71923828125,-32.1044921875,-29.052734375,36.87705993652344,25.185705184936523,114.72869110107422
-0.81640625,0.49853515625,0.537109375,24.0478515625,-30.33447265625,-29.9072265625,36.75043869018555,25.51223182678223,113.04757690429688
-0.8310546875,0.479736328125,0.559326171875,26.79443359375,-33.75244140625,-31.67724609375,36.56803894042969,25.77602386474609,111.1822738647461
-0.85400390625,0.433349609375,0.583984375,33.3251953125,-33.63037109375,-28.3203125,36.378089904785156,26.25061798095703,109.38160705566406
-0.86083984375,0.455810546875,0.6005859375,39.9169921875,-31.3720703125,-20.1416015625,36.15789031982422,27.36848449707031,108.1217269897461
-0.8701171875,0.58984375,0.583251953125,41.015625,-25.57373046875,-13.427734375,35.946983337402344,28.899452209472656,107.2935791015625
-0.87939453125,0.606689453125,0.5205078125,31.6162109375,-24.10888671875,-15.19775390625,35.91773986816406,30.08608818054199,106.4424819946289
-0.8759765625,0.466064453125,0.45556640625,25.5126953125,-27.52685546875,-20.93505859375,36.08907318115234,30.53805160522461,104.94017028808594
-0.8193359375,0.427490234375,0.390869140625,29.541015625,-34.1796875,-35.70556640625,36.39538192749024,30.76961326599121,102.82616424560548
-0.7939453125,0.404052734375,0.403076171875,39.0625,-35.33935546875,-38.63525390625,36.69523620605469,31.202899932861328,100.5071258544922
-0.7646484375,0.482177734375,0.397216796875,44.86083984375,-32.3486328125,-33.87451171875,36.911376953125,32.31422805786133,98.6924819946289
-0.792236328125,0.531494140625,0.438232421875,37.29248046875,-29.9072265625,-26.9775390625,37.00196838378906,33.204662322998054,97.09392547607422
-0.782958984375,0.431396484375,0.4169921875,27.7099609375,-33.75244140625,-19.775390625,36.93389892578125,33.624534606933594,95.56009674072266
-0.74658203125,0.360107421875,0.403564453125,29.72412109375,-32.40966796875,-17.15087890625,36.95485305786133,34.159217834472656,94.13207244873048
-0.7470703125,0.3779296875,0.369873046875,38.57421875,-27.28271484375,-16.845703125,37.14176940917969,35.129791259765625,92.85515594482422
-0.738525390625,0.407958984375,0.3701171875,44.00634765625,-25.32958984375,-10.3759765625,37.20707702636719,36.54705810546875,91.9154052734375
-0.70947265625,0.48974609375,0.360107421875,45.8984375,-21.6064453125,-5.37109375,37.14294815063477,38.30504608154297,91.41976165771484
-0.711669921875,0.5078125,0.380859375,35.64453125,-21.42333984375,-5.31005859375,37.07014465332031,39.67048645019531,90.82855224609376
-0.736328125,0.471923828125,0.3857421875,26.2451171875,-25.7568359375,-9.94873046875,37.06944274902344,40.32402801513672,89.8206558227539
-0.691162109375,0.41064453125,0.377197265625,24.10888671875,-28.86962890625,-18.73779296875,37.30706787109375,40.41234588623047,88.1517333984375
-0.70361328125,0.373779296875,0.364501953125,30.3955078125,-28.1982421875,-25.32958984375,37.73609924316406,40.61440658569336,86.34249877929688
-0.712890625,0.463134765625,0.37451171875,37.2314453125,-24.47509765625,-22.8271484375,38.09090805053711,41.38457107543945,84.85400390625
-0.799072265625,0.6123046875,0.37890625,31.494140625,-24.2919921875,-17.2119140625,38.10303115844727,42.088462829589844,83.77627563476562
-0.779052734375,0.531494140625,0.389892578125,10.009765625,-32.65380859375,-9.82666015625,37.86978530883789,41.93804550170898,82.51610565185547
-0.7294921875,0.401611328125,0.37890625,3.84521484375,-33.02001953125,-18.6767578125,37.96388626098633,41.0987663269043,80.76693725585938
-0.7421875,0.363525390625,0.40576171875,10.6201171875,-26.67236328125,-33.63037109375,38.753501892089844,40.27301025390625,78.52494049072266
-0.788330078125,0.482177734375,0.427734375,18.49365234375,-20.44677734375,-33.5693359375,39.46607971191406,39.99386978149414,76.67539978027344
-0.787353515625,0.551025390625,0.460205078125,11.29150390625,-18.98193359375,-20.08056640625,39.73013305664063,39.86676025390625,75.45596313476562
-0.750732421875,0.52197265625,0.490478515625,-0.06103515625,-17.02880859375,-11.1083984375,39.78273010253906,39.41787338256836,74.67566680908203
-0.730224609375,0.477783203125,0.48095703125,-3.662109375,-8.60595703125,-12.451171875,40.11554336547852,38.9411506652832,73.99918365478516
-0.7587890625,0.4814453125,0.49169921875,1.64794921875,0.79345703125,-16.357421875,40.84623336791992,38.7659912109375,73.47071838378906
-0.9873046875,0.46923828125,0.591064453125,6.16455078125,8.544921875,-10.92529296875,41.72039413452149,39.079986572265625,73.53250885009766
-1.113037109375,0.4716796875,0.600341796875,7.2021484375,3.60107421875,13.85498046875,42.01043701171875,39.79627990722656,74.2081298828125
-1.02978515625,0.535400390625,0.574462890625,8.544921875,-3.662109375,27.099609375,41.60860824584961,40.88618850708008,75.25460815429688
-0.88720703125,0.597412109375,0.537353515625,7.01904296875,-5.92041015625,25.69580078125,41.05760192871094,41.88847351074219,76.1907958984375
-0.7890625,0.640380859375,0.497802734375,4.638671875,-5.126953125,19.8974609375,40.501712799072266,42.8336067199707,77.03028869628906
-0.720947265625,0.626220703125,0.48828125,-2.44140625,-4.7607421875,17.2119140625,39.96577835083008,43.39289093017578,77.74027252197266
-0.76220703125,0.486328125,0.4619140625,-7.99560546875,-0.9765625,7.14111328125,40.18319320678711,43.29010009765625,77.9275894165039
-0.809326171875,0.365234375,0.492431640625,0.3662109375,-7.9345703125,0.18310546875,40.44131088256836,42.89880752563477,77.49993133544922
-0.73193359375,0.350341796875,0.5087890625,11.77978515625,-18.98193359375,-0.244140625,40.26496505737305,42.62932586669922,76.61701202392578
-0.659423828125,0.461669921875,0.484375,17.9443359375,-24.47509765625,-2.9296875,39.770904541015625,42.72929763793945,75.66287994384766
-0.628173828125,0.4755859375,0.447509765625,16.7236328125,-24.10888671875,6.8359375,39.03999710083008,43.15548706054688,75.15470886230469
-0.57568359375,0.444580078125,0.418701171875,16.11328125,-19.04296875,20.08056640625,38.10069274902344,43.9626350402832,75.30005645751953
-0.63623046875,0.35595703125,0.38671875,21.484375,-11.90185546875,28.50341796875,37.41009521484375,45.30906295776367,75.96829986572266
-0.65087890625,0.36376953125,0.4033203125,37.41455078125,-12.75634765625,30.517578125,36.67436599731445,47.05052185058594,76.4994888305664
-0.6611328125,0.436767578125,0.419677734375,46.2646484375,-13.12255859375,24.7802734375,36.00902938842773,49.057838439941406,76.81588745117188
-0.66552734375,0.490966796875,0.4140625,46.69189453125,-15.5029296875,22.64404296875,35.26353073120117,50.89332580566406,76.87944030761719
-0.622802734375,0.5078125,0.427490234375,38.75732421875,-21.240234375,24.7802734375,34.270431518554695,52.357810974121094,76.78819274902344
-0.598876953125,0.4521484375,0.41162109375,37.41455078125,-22.76611328125,30.82275390625,33.140594482421875,53.68962478637695,76.70565032958984
-0.5771484375,0.41357421875,0.37939453125,46.2646484375,-21.66748046875,44.12841796875,31.58782196044922,55.75497055053711,77.08319091796875
-0.5810546875,0.45263671875,0.3779296875,61.767578125,-16.78466796875,54.3212890625,29.91641616821289,58.39645004272461,77.70181274414062
-0.620849609375,0.5556640625,0.388671875,64.39208984375,-12.63427734375,61.4013671875,28.037696838378906,61.28846740722656,78.5534896850586
-0.647216796875,0.6484375,0.381591796875,65.49072265625,-15.19775390625,76.5380859375,25.34111022949219,64.25142669677734,79.53062438964844
-0.596923828125,0.641845703125,0.355224609375,62.8662109375,-16.54052734375,93.75,22.20387840270996,67.06121063232422,80.50775909423828
-0.509521484375,0.69970703125,0.357421875,63.04931640625,-11.71875,99.12109375,18.78078842163086,69.80453491210939,81.53255462646484
-0.54443359375,0.712158203125,0.345947265625,62.744140625,-6.04248046875,97.22900390625,15.670002937316895,72.39730834960938,82.52073669433594
-0.55859375,0.745361328125,0.3251953125,61.8896484375,-11.04736328125,98.20556640625,12.523237228393555,74.83109283447266,83.16793823242188
-0.49755859375,0.812255859375,0.33056640625,60.791015625,-18.1884765625,97.412109375,9.24936580657959,77.0501937866211,83.35420989990234
-0.519287109375,0.8486328125,0.296875,57.31201171875,-21.78955078125,95.15380859375,6.0637264251708975,79.09680938720703,83.1672134399414
-0.470458984375,0.91259765625,0.25146484375,48.583984375,-26.79443359375,106.01806640625,2.510150194168091,80.8411865234375,82.82608795166016
-0.4169921875,0.90185546875,0.2197265625,40.771484375,-30.2734375,107.97119140625,-1.0814942121505735,82.28599548339844,82.24722290039062
-0.386474609375,0.880126953125,0.16943359375,35.09521484375,-32.28759765625,98.6328125,-4.024870872497559,83.5331802368164,81.39715576171875
-0.41943359375,0.89111328125,0.1796875,27.34375,-37.29248046875,82.6416015625,-6.3576622009277335,84.53764343261719,80.26045989990234
-0.39111328125,0.9052734375,0.18603515625,21.17919921875,-47.607421875,80.74951171875,-8.614434242248535,85.35597229003906,78.65396881103516
-0.318359375,0.8583984375,0.17529296875,20.56884765625,-52.42919921875,82.6416015625,-10.959527969360352,86.22211456298828,76.81240844726562
-0.285400390625,0.87890625,0.131591796875,20.44677734375,-55.96923828125,83.0078125,-13.28744125366211,87.2816162109375,74.75133514404297
-0.2890625,0.943115234375,0.085205078125,16.78466796875,-64.27001953125,83.43505859375,-15.550947189331055,88.47116088867188,72.24836730957031
-0.2275390625,0.8818359375,0.046630859375,4.8828125,-78.7353515625,79.833984375,-17.49650764465332,89.49932098388672,68.84520721435547
-0.119140625,0.788330078125,-0.0517578125,10.31494140625,-89.84375,60.1806640625,-18.85867118835449,91.25827026367188,65.00164031982422
-0.05908203125,0.80908203125,-0.03515625,28.62548828125,-84.9609375,46.56982421875,-19.66412734985352,93.65272521972656,61.31902313232422
-0.10791015625,0.96875,0.011474609375,37.7197265625,-78.18603515625,41.015625,-20.019968032836914,96.13706970214844,57.93833923339844
-0.2060546875,1.042724609375,0.06103515625,27.587890625,-80.078125,42.96875,-20.14504623413086,98.07138061523438,54.47958374023438
-0.21875,0.947021484375,0.069091796875,12.8173828125,-98.7548828125,50.35400390625,-20.284149169921875,99.62010192871094,50.17682266235352
-0.06201171875,0.75,0.000732421875,9.3994140625,-110.83984375,49.4384765625,-20.370792388916016,101.39185333251952,45.28858184814453
-0.00439453125,0.78271484375,-0.00048828125,27.7099609375,-110.77880859375,36.80419921875,-20.04048156738281,103.7186050415039,40.52427291870117
0.0927734375,1.207275390625,0.04931640625,-18.9208984375,-83.3740234375,18.1884765625,-3.0878560543060303,107.82656860351562,1.462421417236328
0.03857421875,1.1357421875,0.07373046875,-15.07568359375,-74.8291015625,4.39453125,-2.327789545059204,106.5071792602539,-1.4038028717041016
-0.01416015625,1.237548828125,0.127197265625,-9.70458984375,-78.30810546875,-11.53564453125,-0.9087089896202089,105.31684112548828,-4.251096248626709
0.01171875,1.29443359375,0.1201171875,-15.7470703125,-87.34130859375,-36.4990234375,1.39907968044281,103.85523986816406,-7.24266242980957
0.000244140625,1.259521484375,0.0703125,-25.146484375,-92.46826171875,-70.80078125,4.929015636444092,101.99898529052734,-10.220047950744627
0.001953125,1.221435546875,0.077880859375,-32.04345703125,-92.28515625,-76.904296875,8.448331832885742,99.72389221191406,-13.32163906097412
0.0048828125,1.120849609375,0.0859375,-30.70068359375,-88.5009765625,-56.33544921875,10.867050170898438,97.3758773803711,-16.59896469116211
0.02978515625,1.026123046875,0.080810546875,-13.0615234375,-80.13916015625,-12.20703125,11.239688873291016,95.74722290039062,-19.868045806884766
0.05078125,1.037109375,0.08203125,4.45556640625,-75.0732421875,5.92041015625,10.746460914611816,94.90948486328124,-23.01381683349609
0.04931640625,1.111083984375,0.0849609375,14.22119140625,-71.2890625,7.14111328125,10.188434600830078,94.55785369873048,-25.997055053710934
0.018798828125,1.199951171875,0.068603515625,7.4462890625,-65.0634765625,-2.8076171875,10.069010734558104,94.06119537353516,-28.67886734008789
-0.107421875,1.161376953125,0.125732421875,-3.47900390625,-70.12939453125,-3.7841796875,10.214831352233887,92.99526977539062,-31.584569931030273
-0.12548828125,1.063720703125,0.14599609375,-8.9111328125,-82.70263671875,3.35693359375,10.088756561279297,91.59619140625,-35.02487564086914
0.00927734375,0.914306640625,0.1201171875,1.0986328125,-94.6044921875,0.8544921875,9.721899032592773,90.59634399414062,-38.92695999145508
0.0673828125,0.95166015625,0.096435546875,16.54052734375,-94.23828125,-3.2958984375,9.357966423034668,90.3509521484375,-42.78952407836914
0.060791015625,0.975830078125,0.03076171875,-3.7841796875,-101.25732421875,14.404296875,6.0392165184021,89.4190444946289,-57.68301773071289
0.1640625,0.868896484375,0.0322265625,6.34765625,-91.36962890625,-3.0517578125,5.474823951721191,89.22765350341797,-61.36073684692383
0.11474609375,0.942138671875,0.045654296875,16.9677734375,-75.50048828125,-11.1083984375,5.405638694763184,89.52257537841797,-64.40571594238281
-0.031005859375,1.08447265625,0.04541015625,12.75634765625,-69.27490234375,-10.986328125,5.683314800262451,89.6702651977539,-67.19926452636719
-0.172119140625,1.0556640625,0.008056640625,-8.544921875,-87.09716796875,-2.5634765625,5.896843433380128,88.9540023803711,-70.7041244506836
-0.0791015625,0.924072265625,0.0068359375,-9.765625,-102.35595703125,1.40380859375,5.711166858673097,88.1553955078125,-74.81424713134766
0.058837890625,0.88525390625,0.025390625,2.01416015625,-102.4169921875,-0.8544921875,5.239485263824463,87.83492279052734,-78.92548370361328
-0.010009765625,1.08203125,0.0556640625,11.474609375,-79.65087890625,-7.4462890625,5.242681503295898,87.95321655273438,-82.13617706298828
-0.14453125,1.123779296875,0.109375,0.67138671875,-83.49609375,2.01416015625,5.123452663421631,87.52184295654297,-85.49854278564453
-0.01025390625,1.14404296875,-0.07958984375,10.7421875,-95.39794921875,14.0380859375,2.770174503326416,88.47295379638672,-101.39842224121094
-0.109375,0.99169921875,-0.094970703125,0.9765625,-92.28515625,17.39501953125,2.134819746017456,88.61527252197266,-105.0633316040039
-0.073486328125,0.92431640625,-0.13720703125,-1.77001953125,-95.52001953125,7.50732421875,1.8567651510238647,88.78468322753906,-108.86475372314452
-0.047119140625,0.976806640625,-0.127197265625,2.50244140625,-96.86279296875,-6.16455078125,2.079032182693481,89.07788848876953,-112.7327880859375
0.050048828125,1.082763671875,-0.0859375,-2.74658203125,-92.041015625,-10.7421875,2.271933078765869,89.02937316894531,-116.41309356689452
0.04833984375,0.9921875,-0.009033203125,-9.33837890625,-81.23779296875,0.244140625,2.00482177734375,88.57818603515625,-119.66010284423828
-0.0185546875,0.88916015625,-0.005126953125,-7.14111328125,-72.93701171875,6.34765625,1.6489381790161133,88.25386047363281,-122.56930541992188
-0.12744140625,0.904541015625,-0.019775390625,4.69970703125,-67.7490234375,-3.90625,1.9886070489883425,88.4583969116211,-125.28062438964844
-0.165283203125,1.078125,-0.056884765625,5.615234375,-69.15283203125,-7.8125,2.5079879760742188,88.7381362915039,-128.04881286621094
-0.125,1.09228515625,-0.050537109375,-4.82177734375,-72.75390625,-5.615234375,2.832131147384644,88.54838562011719,-130.96015930175778
-0.0498046875,1.02099609375,-0.048095703125,-11.16943359375,-67.93212890625,-3.96728515625,2.9187657833099365,88.11421966552734,-133.67611694335938
-0.08984375,0.9462890625,-0.01171875,-10.498046875,-61.82861328125,0.67138671875,2.9084980487823486,87.65577697753906,-136.14605712890622
-0.09033203125,0.9287109375,-0.01611328125,-2.5634765625,-57.31201171875,8.544921875,2.585334300994873,87.5607681274414,-138.42056274414062
-0.064208984375,1.03759765625,-0.051513671875,2.197265625,-57.2509765625,7.4462890625,2.2407960891723637,87.74691772460938,-140.69078063964844
-0.040283203125,1.064453125,-0.046875,-2.3193359375,-58.10546875,-9.033203125,2.514100313186645,87.73149108886719,-143.02134704589844
-0.15673828125,0.989501953125,0.017578125,1.8310546875,-32.470703125,-14.09912109375,6.615005970001222,87.6050796508789,-149.4254150390625
-0.062255859375,0.943115234375,0.017333984375,1.28173828125,-38.330078125,3.7841796875,6.290957450866699,87.52140808105469,-150.9563446044922
0.0322265625,0.910888671875,0.036865234375,2.0751953125,-34.3017578125,-2.685546875,6.01251745223999,87.44676971435547,-152.33924865722656
0.04833984375,0.89794921875,0.041015625,3.60107421875,-24.7802734375,-15.625,6.233973026275635,87.46341705322266,-153.36181640625
-0.123291015625,1.031982421875,0.03076171875,5.43212890625,-20.8740234375,-18.61572265625,6.9644432067871085,87.59761047363281,-154.2295684814453
-0.12841796875,1.0625,0.0341796875,0.30517578125,-31.6162109375,-7.8125,7.221539497375487,87.4571533203125,-155.5146484375
