-0.0048828125,0.962646484375,0.062744140625,-7.62939453125,-4.7607421875,2.685546875,0.07892512530088425,80.3915023803711,138.24008178710938
-0.01953125,0.995849609375,0.046875,-8.1787109375,-7.568359375,1.52587890625,0.010746545158326626,80.32333374023438,137.95167541503906
-0.03662109375,0.994384765625,0.044189453125,-8.4228515625,-5.55419921875,1.953125,-0.019579477608203888,80.25415802001953,137.74520874023438
-0.041259765625,0.9775390625,0.043701171875,-6.28662109375,-4.33349609375,1.953125,-0.0552966482937336,80.22411346435547,137.58694458007812
-0.07373046875,1.00537109375,0.073974609375,-2.0751953125,-4.150390625,6.04248046875,-0.15229752659797668,80.3467788696289,137.46263122558594
-0.17724609375,1.052978515625,0.096435546875,-0.732421875,-14.34326171875,18.85986328125,-0.605319082736969,80.47886657714844,137.01849365234378
-0.0087890625,1.0087890625,0.044921875,5.31005859375,-15.869140625,32.470703125,-1.9604886770248413,80.94519805908203,136.59439086914062
-0.078125,1.185791015625,0.086669921875,27.83203125,6.28662109375,62.744140625,-4.173042297363281,82.20297241210938,137.19902038574222
-0.093017578125,1.308837890625,0.03125,38.9404296875,-0.6103515625,51.1474609375,-5.875105857849121,83.98023223876953,137.40122985839844
-0.07080078125,1.376220703125,0.005859375,38.2080078125,-8.4228515625,26.79443359375,-6.62867546081543,85.72797393798828,137.14077758789062
-0.07177734375,1.39404296875,0.004638671875,45.2880859375,-7.38525390625,9.27734375,-6.634785175323486,87.71815490722656,136.85215759277344
-0.111572265625,1.297607421875,-0.037841796875,58.53271484375,-8.48388671875,9.33837890625,-6.556368350982666,90.23878479003906,136.50814819335938
-0.06396484375,1.318603515625,-0.07861328125,69.82421875,-7.080078125,29.6630859375,-7.343993663787843,93.16340637207031,136.18138122558594
-0.0869140625,1.356201171875,-0.023681640625,73.3642578125,13.00048828125,64.697265625,-9.521430015563963,95.9478759765625,136.51081848144528
-0.12109375,1.35693359375,-0.014892578125,59.4482421875,25.69580078125,66.89453125,-11.721107482910154,97.96409606933594,137.25578308105472
-0.123291015625,1.263671875,-0.068115234375,45.47119140625,32.71484375,56.396484375,-13.463801383972168,99.3541488647461,138.27458190917972
-0.100830078125,1.189697265625,-0.056640625,39.85595703125,36.62109375,46.93603515625,-14.849148750305176,100.3778839111328,139.49479675292972
-0.056884765625,1.109375,-0.06103515625,49.37744140625,34.72900390625,45.654296875,-16.212766647338867,101.75602722167969,140.62559509277344
-0.034912109375,1.05224609375,-0.112548828125,67.19970703125,36.62109375,49.25537109375,-17.80083656311035,103.90284729003906,141.73007202148438
0.01708984375,1.069091796875,-0.12158203125,78.4912109375,43.27392578125,56.45751953125,-19.77031707763672,106.34352111816406,142.9759979248047
0.02099609375,1.05859375,-0.080078125,69.39697265625,43.45703125,46.08154296875,-21.33152198791504,108.17493438720705,144.34402465820312
0.06396484375,1.01953125,-0.10693359375,57.80029296875,42.41943359375,27.9541015625,-22.29397201538086,109.48534393310548,145.8679962158203
0.108154296875,0.898681640625,-0.122314453125,52.490234375,46.69189453125,22.705078125,-23.1940975189209,110.45990753173828,147.63003540039062
0.1083984375,0.915771484375,-0.15673828125,60.9130859375,56.70166015625,34.3017578125,-24.65461540222168,111.6935577392578,149.5928497314453
0.1396484375,0.83544921875,-0.173828125,69.39697265625,60.24169921875,38.39111328125,-26.41975975036621,113.28746795654295,151.57298278808594
0.228759765625,0.782470703125,-0.225341796875,68.78662109375,64.02587890625,36.62109375,-28.380455017089844,114.80429077148438,153.67762756347656
0.236572265625,0.805908203125,-0.200927734375,58.65478515625,66.89453125,37.59765625,-30.40261650085449,115.65438842773438,155.9470672607422
0.27587890625,0.7978515625,-0.18603515625,46.56982421875,67.138671875,37.17041015625,-32.50354385375977,115.94342803955078,158.2608184814453
0.342529296875,0.66650390625,-0.249755859375,42.54150390625,72.93701171875,50.9033203125,-35.33877944946289,116.22916412353516,160.46304321289062
0.391357421875,0.5849609375,-0.299560546875,49.37744140625,74.462890625,61.1572265625,-38.66238784790039,117.03932189941406,162.39874267578125
0.3994140625,0.58984375,-0.289306640625,51.81884765625,69.7021484375,58.7158203125,-41.71915817260742,117.73748779296876,164.33151245117188
0.4580078125,0.644287109375,-0.249755859375,44.3115234375,56.15234375,47.36328125,-44.114479064941406,118.1687469482422,166.02862548828125
0.512451171875,0.6025390625,-0.289794921875,43.212890625,57.18994140625,50.35400390625,-46.69335556030274,118.69055938720705,167.60891723632812
0.4921875,0.556396484375,-0.298095703125,46.7529296875,59.50927734375,51.26953125,-49.16622543334961,119.3823471069336,169.17626953125
0.547607421875,0.534912109375,-0.321533203125,43.76220703125,53.5888671875,45.71533203125,-51.48161697387695,120.02628326416016,170.62184143066406
0.559326171875,0.553466796875,-0.291015625,39.61181640625,51.8798828125,48.52294921875,-53.796607971191406,120.3960418701172,-187.9383850097656
0.61181640625,0.58984375,-0.32470703125,35.7666015625,50.35400390625,53.64990234375,-56.25260543823242,120.8442153930664,-186.7898712158203
0.64892578125,0.497314453125,-0.348876953125,35.0341796875,42.78564453125,52.91748046875,-58.54726028442383,121.8638153076172,-186.29380798339844
0.656494140625,0.485595703125,-0.32666015625,38.330078125,36.56005859375,53.955078125,-60.70820999145508,123.35790252685548,-186.2446594238281
0.721923828125,0.508056640625,-0.356201171875,35.888671875,34.24072265625,63.29345703125,-63.09252548217773,125.44908905029295,-186.98617553710938
0.673583984375,0.452880859375,-0.36669921875,35.82763671875,33.69140625,66.0400390625,-65.407470703125,128.1156005859375,-188.33489990234372
0.70166015625,0.455322265625,-0.364990234375,35.46142578125,23.49853515625,56.33544921875,-67.09168243408203,131.1798095703125,169.86131286621094
0.7197265625,0.477294921875,-0.372314453125,34.85107421875,20.5078125,51.08642578125,-68.45372009277344,134.35218811035156,167.91427612304688
0.7216796875,0.4453125,-0.381103515625,28.6865234375,15.869140625,48.88916015625,-69.53612518310547,137.75408935546878,165.46746826171875
0.73388671875,0.43701171875,-0.401123046875,28.38134765625,16.4794921875,50.35400390625,-70.5757064819336,141.5760040283203,162.5750732421875
0.74658203125,0.3974609375,-0.432373046875,30.6396484375,18.73779296875,59.814453125,-71.80813598632812,146.861572265625,158.27294921875
0.740478515625,0.417724609375,-0.420166015625,31.31103515625,7.99560546875,65.00244140625,-72.56591796875,153.81588745117188,152.2643585205078
0.770751953125,0.417724609375,-0.3896484375,23.92578125,2.25830078125,59.9365234375,-72.91016387939453,160.28469848632812,146.42921447753906
0.7861328125,0.400146484375,-0.39697265625,18.310546875,0.48828125,58.10546875,-72.9520263671875,166.50352478027344,140.61305236816406
0.770751953125,0.358154296875,-0.420654296875,16.6015625,1.15966796875,60.6689453125,-72.85513305664062,173.05224609375,134.3773193359375
0.775634765625,0.333251953125,-0.432373046875,18.6767578125,-0.8544921875,59.14306640625,-72.48097229003906,179.31369018554688,128.496337890625
0.791748046875,0.357177734375,-0.41064453125,21.66748046875,-5.2490234375,55.5419921875,-71.8300552368164,-175.49856567382812,123.8350067138672
0.790771484375,0.37939453125,-0.420166015625,21.8505859375,-5.859375,57.861328125,-71.08211517333984,-170.7318115234375,119.4856948852539
0.755859375,0.368896484375,-0.4453125,17.4560546875,-8.85009765625,59.814453125,-70.04696655273439,-166.58897399902344,115.53350067138672
0.78173828125,0.35595703125,-0.464599609375,16.357421875,-13.18359375,62.255859375,-68.73700714111328,-162.76463317871094,111.8152847290039
0.805908203125,0.30908203125,-0.48095703125,16.4794921875,-12.87841796875,64.453125,-67.34745788574219,-159.06729125976562,108.18755340576172
0.8154296875,0.263671875,-0.4697265625,21.240234375,-10.07080078125,63.78173828125,-66.03108978271484,-155.4534149169922,104.8109359741211
0.81396484375,0.263671875,-0.478515625,23.3154296875,-10.1318359375,56.640625,-64.80751037597656,-152.8776092529297,102.5634536743164
0.810791015625,0.285400390625,-0.46435546875,19.775390625,-9.70458984375,49.8046875,-63.7652816772461,-151.26287841796875,101.1503677368164
0.809326171875,0.242919921875,-0.491455078125,17.15087890625,-10.19287109375,49.072265625,-62.64700698852539,-149.86878967285156,99.84986877441406
0.813720703125,0.2119140625,-0.47314453125,17.27294921875,-11.77978515625,47.05810546875,-61.55510711669922,-148.6819305419922,98.77615356445312
0.819091796875,0.206787109375,-0.479736328125,18.1884765625,-13.5498046875,44.86083984375,-60.45832824707031,-147.74830627441406,98.00230407714844
0.83056640625,0.187255859375,-0.511962890625,18.9208984375,-12.6953125,48.03466796875,-59.28464126586914,-146.62213134765625,97.01847839355469
0.82275390625,0.14306640625,-0.5,16.6015625,-10.6201171875,53.22265625,-58.061988830566406,-145.25025939941406,95.62855529785156
0.797119140625,0.153564453125,-0.499267578125,17.39501953125,-12.6953125,50.537109375,-56.85225296020508,-144.22366333007812,94.6259536743164
0.7978515625,0.14599609375,-0.50390625,19.6533203125,-14.22119140625,47.607421875,-55.67914962768555,-143.38992309570312,93.9248504638672
0.786865234375,0.12060546875,-0.50439453125,21.484375,-13.3056640625,46.9970703125,-54.57640838623047,-142.5150909423828,93.2423095703125
0.794677734375,0.114013671875,-0.495849609375,21.8505859375,-11.23046875,45.166015625,-53.59966659545898,-141.6462860107422,92.57614135742188
0.796630859375,0.104736328125,-0.493408203125,21.78955078125,-12.5732421875,43.0908203125,-52.65705490112305,-140.94509887695312,92.09683227539062
0.813232421875,0.079833984375,-0.505859375,22.03369140625,-13.3056640625,42.90771484375,-51.65266799926758,-140.1785888671875,91.60557556152344
0.819091796875,0.048828125,-0.523193359375,21.728515625,-12.87841796875,48.64501953125,-50.52444839477539,-139.24705505371094,90.83628845214844
0.8076171875,0.056884765625,-0.4970703125,18.9208984375,-12.26806640625,50.47607421875,-49.4423942565918,-138.41279602050778,90.00873565673828
0.8076171875,0.04638671875,-0.52001953125,17.02880859375,-12.51220703125,49.86572265625,-48.31047821044922,-137.74101257324222,89.26143646240234
0.809326171875,0.02685546875,-0.544189453125,18.6767578125,-15.19775390625,49.6826171875,-47.116188049316406,-137.15638732910156,88.6750717163086
0.814697265625,-0.024658203125,-0.5302734375,21.1181640625,-15.80810546875,52.06298828125,-45.84404373168945,-136.31416320800778,87.93145751953125
0.79296875,-0.023193359375,-0.519775390625,20.81298828125,-15.0146484375,56.15234375,-44.48316192626953,-135.40399169921878,86.98847961425781
0.79296875,-0.06591796875,-0.5400390625,20.32470703125,-13.0615234375,60.9130859375,-43.02881622314453,-134.36447143554688,85.85709381103516
0.7822265625,-0.10400390625,-0.553466796875,20.751953125,-13.12255859375,60.546875,-41.54122924804688,-133.36090087890622,84.77845764160156
0.76904296875,-0.109375,-0.52734375,18.37158203125,-14.83154296875,52.1240234375,-40.36403274536133,-132.77978515625,84.12982177734375
0.77392578125,-0.12646484375,-0.527587890625,10.3759765625,-10.7421875,41.9921875,-39.56169509887695,-132.60989379882812,83.6549072265625
0.7646484375,-0.149169921875,-0.546630859375,5.9814453125,-7.75146484375,34.912109375,-39.00741958618164,-132.70460510253906,83.30939483642578
0.757568359375,-0.15771484375,-0.54541015625,5.55419921875,-4.0283203125,28.3203125,-38.84025192260742,-132.89144897460938,83.04959106445312
0.753173828125,-0.1162109375,-0.53369140625,4.0283203125,-3.7841796875,20.44677734375,-38.88612365722656,-133.34500122070312,83.08464813232422
0.76708984375,-0.1376953125,-0.5234375,1.46484375,-4.45556640625,21.240234375,-38.89563751220703,-133.80477905273438,83.05342102050781
0.785888671875,-0.149169921875,-0.54443359375,1.40380859375,-5.0048828125,27.099609375,-38.682655334472656,-134.08499145507812,82.78866577148438
0.77392578125,-0.163330078125,-0.541259765625,4.33349609375,-8.23974609375,31.494140625,-38.25386047363281,-134.22755432128906,82.48174285888672
0.775390625,-0.17138671875,-0.5341796875,5.92041015625,-9.21630859375,32.2265625,-37.79560089111328,-134.27848815917972,82.1564712524414
0.76904296875,-0.1875,-0.546875,5.2490234375,-6.28662109375,32.3486328125,-37.43464279174805,-134.20599365234378,81.6628189086914
0.782958984375,-0.214599609375,-0.5615234375,6.7138671875,-4.69970703125,31.55517578125,-37.07075881958008,-134.09147644042972,81.16117095947266
0.777587890625,-0.21923828125,-0.54638671875,7.01904296875,-6.7138671875,30.94482421875,-36.68937301635742,-133.99755859375,80.73673248291016
0.74072265625,-0.22314453125,-0.54541015625,7.62939453125,-6.9580078125,30.1513671875,-36.344913482666016,-133.89083862304688,80.34034729003906
0.747802734375,-0.243408203125,-0.546875,9.765625,-7.2021484375,32.28759765625,-35.86799621582031,-133.65000915527344,79.87198638916016
0.748046875,-0.2568359375,-0.545654296875,12.5732421875,-6.89697265625,33.02001953125,-35.379852294921875,-133.25910949707028,79.35812377929688
0.734130859375,-0.270263671875,-0.531005859375,14.16015625,-7.99560546875,31.982421875,-34.91440200805664,-132.80859375,78.88797760009766
0.73095703125,-0.283935546875,-0.509521484375,8.36181640625,-8.11767578125,29.78515625,-34.50983047485352,-132.60249328613278,78.4893569946289
0.730224609375,-0.30517578125,-0.507080078125,3.35693359375,-8.6669921875,25.146484375,-34.21622848510742,-132.65499877929688,78.24014282226562
0.71826171875,-0.3203125,-0.5400390625,2.8076171875,-9.94873046875,19.8974609375,-33.977012634277344,-132.89051818847656,78.2275390625
0.726806640625,-0.30859375,-0.52587890625,4.5166015625,-7.568359375,15.93017578125,-33.96811294555664,-133.06425476074222,78.2467041015625
0.699951171875,-0.302734375,-0.506103515625,3.0517578125,-7.50732421875,11.8408203125,-34.07343292236328,-133.35237121582028,78.38691711425781
0.698486328125,-0.31787109375,-0.506103515625,-1.77001953125,-8.7890625,6.103515625,-34.330677032470696,-134.04237365722656,78.83289337158203
0.690673828125,-0.329833984375,-0.51513671875,-4.7607421875,-7.9345703125,-1.220703125,-34.71869659423828,-134.83039855957028,79.3862075805664
0.689208984375,-0.3427734375,-0.510986328125,-3.662109375,-9.8876953125,-5.9814453125,-35.151058197021484,-135.64930725097656,80.1387939453125
0.693359375,-0.332275390625,-0.507568359375,-6.16455078125,-10.7421875,-10.25390625,-35.67347717285156,-136.753662109375,81.1198959350586
0.6884765625,-0.32080078125,-0.51220703125,-15.2587890625,-6.7138671875,-16.357421875,-36.44049453735352,-138.20947265625,82.15552520751953
0.697265625,-0.303955078125,-0.519287109375,-23.193359375,-1.708984375,-22.39990234375,-37.48538589477539,-140.05548095703122,83.28687286376953
0.709716796875,-0.298095703125,-0.513427734375,-31.1279296875,3.47900390625,-30.76171875,-38.998966217041016,-142.41140747070312,84.66630554199219
0.692626953125,-0.310546875,-0.49853515625,-34.85107421875,6.4697265625,-42.78564453125,-40.63241195678711,-145.02980041503906,86.39568328857422
0.71533203125,-0.297607421875,-0.481689453125,-33.8134765625,5.859375,-50.84228515625,-42.37130355834961,-147.892822265625,88.57286834716797
0.709228515625,-0.275390625,-0.491943359375,-34.3017578125,4.94384765625,-56.7626953125,-44.08987426757813,-151.16127014160156,91.22650909423828
0.736328125,-0.215087890625,-0.50439453125,-41.3818359375,5.18798828125,-64.51416015625,-45.78779983520508,-155.25067138671875,94.5086441040039
0.758056640625,-0.202392578125,-0.46923828125,-49.9267578125,8.23974609375,-70.3125,-47.549232482910156,-159.9659881591797,98.1823272705078
0.74169921875,-0.16943359375,-0.490234375,-56.94580078125,9.3994140625,-78.55224609375,-49.17843627929688,-165.8542938232422,102.83113098144531
0.772216796875,-0.15869140625,-0.507568359375,-61.5234375,8.544921875,-91.36962890625,-50.439613342285156,-172.4539794921875,108.25142669677734
0.77099609375,-0.13525390625,-0.531005859375,-63.1103515625,9.521484375,-98.2666015625,-51.26055526733398,-179.60421752929688,114.27410125732422
0.765380859375,-0.11376953125,-0.51611328125,-64.88037109375,9.8876953125,-106.01806640625,-51.68283462524414,172.5188446044922,121.0495147705078
0.82958984375,-0.02978515625,-0.481689453125,-72.69287109375,12.6953125,-113.34228515625,-51.61437225341797,164.09434509277344,128.17173767089844
0.82275390625,0.008544921875,-0.489013671875,-81.97021484375,10.25390625,-115.53955078125,-50.76956176757813,155.59786987304688,135.02499389648438
0.865478515625,0.050537109375,-0.51416015625,-86.42578125,6.7138671875,-115.3564453125,-49.156288146972656,147.79029846191406,141.07754516601562
0.8310546875,-0.011474609375,-0.53173828125,-75.86669921875,2.86865234375,-117.1875,-47.06304168701172,141.34226989746094,146.2071990966797
0.842041015625,0.04736328125,-0.4990234375,-67.2607421875,2.86865234375,-117.12646484375,-44.71468353271485,135.78340148925778,150.76853942871094
0.8232421875,0.1328125,-0.47802734375,-69.3359375,-1.40380859375,-117.49267578125,-41.98165512084961,130.68757629394528,154.68572998046875
0.846435546875,0.106689453125,-0.473876953125,-76.171875,-7.4462890625,-118.34716796875,-38.99037551879883,126.15393829345705,157.72718811035156
0.818603515625,0.12353515625,-0.470947265625,-75.74462890625,-10.80322265625,-119.5068359375,-35.78752899169922,122.2176284790039,160.14512634277344
0.794921875,0.196533203125,-0.4365234375,-79.89501953125,-11.3525390625,-120.91064453125,-32.417144775390625,118.33820343017578,162.21148681640625
0.787109375,0.2412109375,-0.416015625,-85.63232421875,-14.22119140625,-126.52587890625,-28.76719856262207,114.56160736083984,163.92059326171875
0.74169921875,0.255859375,-0.43994140625,-84.9609375,-18.1884765625,-129.33349609375,-24.89335823059082,111.28389739990234,165.08914184570312
0.68896484375,0.333251953125,-0.4169921875,-84.65576171875,-27.16064453125,-129.45556640625,-20.743915557861328,108.26142120361328,165.64334106445312
0.680419921875,0.40283203125,-0.394775390625,-92.22412109375,-30.94482421875,-117.1875,-17.10026741027832,105.17040252685548,165.63304138183594
0.654052734375,0.4306640625,-0.381591796875,-95.64208984375,-30.6396484375,-107.5439453125,-13.888551712036133,102.066650390625,165.3012237548828
0.590576171875,0.474365234375,-0.36328125,-95.15380859375,-33.3251953125,-102.05078125,-10.869562149047852,99.11424255371094,164.57064819335938
0.53125,0.548583984375,-0.35400390625,-90.087890625,-39.4287109375,-99.18212890625,-7.84480094909668,96.38468170166016,163.44021606445312
0.50048828125,0.573974609375,-0.3408203125,-89.78271484375,-45.5322265625,-96.37451171875,-4.98063325881958,93.70046997070312,161.89866638183594
0.47607421875,0.617919921875,-0.332275390625,-86.73095703125,-47.119140625,-89.66064453125,-2.4844274520874023,91.0945053100586,160.10987854003906
0.44189453125,0.689697265625,-0.302978515625,-88.37890625,-51.08642578125,-81.84814453125,-0.2968462109565735,88.35435485839844,158.05929565429688
0.398193359375,0.725341796875,-0.2763671875,-86.12060546875,-49.560546875,-73.974609375,1.5231835842132568,85.65235900878906,155.95936584472656
0.3583984375,0.71337890625,-0.288330078125,-81.1767578125,-52.490234375,-72.8759765625,3.2938835620880127,83.2920913696289,153.56967163085938
0.31640625,0.740234375,-0.26220703125,-73.91357421875,-56.2744140625,-77.63671875,5.1073760986328125,81.06700134277344,150.99562072753906
0.270263671875,0.8271484375,-0.234619140625,-74.3408203125,-54.87060546875,-79.58984375,7.001525402069093,78.71204376220703,148.37261962890625
0.262939453125,0.869140625,-0.224609375,-80.74951171875,-53.3447265625,-79.04052734375,8.725814819335938,75.98321533203125,145.7140655517578
0.222412109375,0.862548828125,-0.18896484375,-85.75439453125,-49.13330078125,-69.76318359375,10.04604721069336,73.10619354248047,143.2228546142578
0.17724609375,0.8720703125,-0.18701171875,-81.787109375,-46.69189453125,-61.34033203125,11.020639419555664,70.45858764648438,140.85655212402344
0.1552734375,0.885498046875,-0.1728515625,-76.47705078125,-49.37744140625,-52.6123046875,11.379559516906738,68.02664947509766,138.48799133300778
0.1630859375,0.939697265625,-0.147705078125,-74.52392578125,-47.30224609375,-37.9638671875,11.286253929138185,65.74652862548828,136.35601806640622
0.146240234375,0.94921875,-0.11474609375,-74.70703125,-43.701171875,-31.25,10.96218204498291,63.52228164672852,134.44923400878906
0.122802734375,0.937744140625,-0.10595703125,-73.18115234375,-51.26953125,-29.052734375,10.296884536743164,61.43585205078125,132.22991943359378
0.115966796875,0.94384765625,-0.081298828125,-62.5,-54.931640625,-16.41845703125,9.193365097045898,59.8098030090332,130.19500732421878
0.08251953125,1.037841796875,-0.044921875,-56.884765625,-46.2646484375,-13.18359375,8.222310066223145,58.48177337646485,128.51741027832028
0.031494140625,1.075439453125,-0.0185546875,-59.14306640625,-41.93115234375,-29.47998046875,8.236224174499513,57.01961135864258,126.46241760253906
0.048583984375,1.02978515625,-0.0654296875,-60.72998046875,-43.64013671875,-53.77197265625,8.695405006408691,55.56109237670898,123.99211120605469
0.11669921875,1.024169921875,-0.0654296875,-55.5419921875,-35.21728515625,-56.57958984375,9.221063613891602,54.359046936035156,121.73263549804688
-0.048583984375,1.068115234375,0.07470703125,-22.5830078125,-31.06689453125,-10.1318359375,6.155611038208008,52.457923889160156,101.19383239746094
-0.06103515625,1.041748046875,0.046630859375,-21.728515625,-26.4892578125,1.8310546875,5.389739513397217,52.80779647827149,100.53040313720705
-0.05859375,1.02734375,0.0595703125,-22.88818359375,-23.62060546875,11.77978515625,4.399124622344972,53.11322402954102,100.17496490478516
-0.05712890625,1.05615234375,0.110595703125,-23.92578125,-22.76611328125,17.7001953125,3.1615235805511475,53.34040069580078,99.98986053466795
-0.04833984375,0.989501953125,0.064453125,-20.81298828125,-19.775390625,18.4326171875,2.107030868530273,53.72454071044922,99.85688018798828
0.001953125,1.0263671875,0.05908203125,-15.625,-16.90673828125,25.146484375,0.8247241973876953,54.32936096191406,99.94239044189452
0.03955078125,1.048095703125,0.08984375,-19.47021484375,-10.1318359375,36.92626953125,-0.6477983593940735,54.59013366699219,100.55795288085938
-0.03369140625,1.065673828125,0.1240234375,-22.0947265625,-13.12255859375,27.2216796875,-1.7422468662261963,54.78757858276367,100.74330139160156
-0.038330078125,0.99658203125,0.08349609375,-22.3388671875,-20.1416015625,12.6953125,-2.470113039016724,55.048583984375,100.33822631835938
0.0048828125,1.0703125,0.091796875,-18.61572265625,-24.35302734375,10.43701171875,-3.362639904022217,55.37575912475586,99.80690002441406
0.018798828125,1.1552734375,0.119873046875,-23.74267578125,-14.22119140625,9.3994140625,-3.9110441207885738,55.52700805664063,99.4852066040039
-0.025146484375,1.05615234375,0.13525390625,-25.146484375,-16.41845703125,-7.32421875,-3.8460752964019775,55.60103225708008,98.7047348022461
-0.02197265625,0.9892578125,0.083740234375,-16.78466796875,-19.8974609375,-24.96337890625,-3.1612138748168945,56.16537094116211,97.29906463623048
-0.029052734375,1.0224609375,0.1064453125,-6.53076171875,-19.10400390625,-29.84619140625,-2.407813310623169,57.02092742919922,95.9463882446289
-0.04150390625,1.020263671875,0.09765625,-3.90625,-13.73291015625,-23.74267578125,-1.7240581512451172,57.93890380859375,94.93049621582031
-0.0419921875,1.024658203125,0.103759765625,-5.859375,-9.521484375,-17.333984375,-1.305866837501526,58.69170761108398,94.30854034423828
-0.011474609375,1.00048828125,0.117919921875,-12.451171875,-6.40869140625,-0.48828125,-1.3471980094909668,59.13378524780274,94.05716705322266
-0.030029296875,1.0,0.087646484375,-11.41357421875,-5.31005859375,13.85498046875,-1.8144006729125977,59.65453720092773,94.1318588256836
-0.14794921875,1.20849609375,-0.020263671875,8.36181640625,-0.79345703125,1.46484375,-1.3526347875595093,60.97185516357422,93.86872100830078
-0.0205078125,0.96826171875,0.12109375,-2.0751953125,-13.12255859375,-13.916015625,-1.0166196823120115,61.7392463684082,93.12232971191406
-0.02001953125,0.951416015625,0.099609375,-6.16455078125,-8.6669921875,-10.8642578125,-0.7094377279281616,62.35051727294922,92.59803009033205
-0.046142578125,0.968017578125,0.052001953125,2.38037109375,-5.2490234375,-5.615234375,-0.5370046496391296,63.3349494934082,92.3096694946289
-0.027587890625,0.9599609375,0.0947265625,7.9345703125,-6.04248046875,-3.2958984375,-0.4392756521701813,64.45680999755861,92.02766418457031
-0.01611328125,0.9130859375,0.04833984375,12.939453125,-7.080078125,-4.638671875,-0.3327761292457581,65.83488464355469,91.68675994873048
-0.037109375,0.982666015625,0.054931640625,-7.8125,-4.21142578125,1.3427734375,0.1358141452074051,74.947265625,88.5723648071289
-0.030029296875,1.00244140625,0.056640625,-7.62939453125,-4.7607421875,2.01416015625,0.07232408970594406,75.09358978271484,88.4097671508789
-0.035400390625,0.988037109375,0.046142578125,-7.4462890625,-4.82177734375,1.77001953125,0.03388544544577598,75.26327514648438,88.24149322509766
