0.0986328125,0.982421875,-0.02880859375,-8.11767578125,-4.21142578125,1.5869140625,-8.137229919433594,83.25920867919922,-84.64154815673828
0.08544921875,0.97705078125,-0.016357421875,-7.99560546875,-4.82177734375,1.708984375,-8.103940963745117,83.25767517089844,-84.869140625
0.090087890625,0.988037109375,-0.017333984375,-8.11767578125,-4.5166015625,1.708984375,-8.078997611999513,83.25120544433594,-85.08451080322266
0.079833984375,0.976318359375,-0.004150390625,-8.1787109375,-5.06591796875,1.64794921875,-8.033525466918945,83.21554565429688,-85.31794738769531
0.0908203125,0.979248046875,-0.025390625,-7.9345703125,-4.94384765625,1.28173828125,-8.000335693359375,83.23943328857422,-85.55484771728516
0.096923828125,0.986328125,-0.011962890625,-8.1787109375,-4.2724609375,1.77001953125,-7.996609687805176,83.21697235107422,-85.75782012939453
0.087646484375,0.986328125,-0.013671875,-7.38525390625,-4.5166015625,1.3427734375,-7.956149101257324,83.23290252685547,-85.97328186035156
0.096923828125,0.987548828125,-0.0185546875,-8.1787109375,-4.39453125,1.40380859375,-7.940193176269531,83.22655487060547,-86.18473052978516
0.095947265625,0.97900390625,-0.017822265625,-8.30078125,-4.8828125,1.5869140625,-7.934037208557129,83.21681213378906,-86.4146728515625
0.10498046875,0.98779296875,-0.017578125,-8.48388671875,-4.69970703125,2.01416015625,-7.962829113006593,83.19770050048828,-86.63507843017578
0.08349609375,0.967041015625,-0.013916015625,-8.056640625,-4.638671875,1.953125,-7.9429030418396,83.18897247314453,-86.85269165039062
0.091064453125,0.98974609375,-0.016357421875,-8.056640625,-4.69970703125,1.89208984375,-7.934475421905518,83.18563842773438,-87.07357788085938
0.096923828125,0.98193359375,-0.005126953125,-8.056640625,-4.5166015625,1.77001953125,-7.935405254364014,83.15558624267578,-87.28401184082031
0.10205078125,0.994140625,-0.01953125,-8.11767578125,-4.638671875,1.708984375,-7.943895816802978,83.15765380859375,-87.5042495727539
0.09228515625,0.983642578125,-0.0126953125,-7.38525390625,-4.21142578125,1.8310546875,-7.93478536605835,83.17145538330078,-87.70480346679688
0.0947265625,0.983642578125,-0.023681640625,-8.1787109375,-5.0048828125,1.708984375,-7.930806636810303,83.18270874023438,-87.94112396240234
0.107177734375,0.990234375,-0.022216796875,-7.9345703125,-4.69970703125,1.89208984375,-7.9595184326171875,83.1974105834961,-88.16363525390625
0.078857421875,0.99755859375,-0.0029296875,-7.75146484375,-4.57763671875,1.52587890625,-7.9056944847106925,83.1749038696289,-88.37723541259766
0.08740234375,0.991455078125,-0.01171875,-8.1787109375,-4.57763671875,1.28173828125,-7.865235328674316,83.15616607666016,-88.59447479248047
0.09326171875,0.989013671875,-0.020263671875,-8.30078125,-5.06591796875,1.77001953125,-7.862143039703369,83.15508270263672,-88.83149719238281
0.10888671875,0.987060546875,-0.01123046875,-7.568359375,-4.69970703125,1.5869140625,-7.8858580589294425,83.1603012084961,-89.05166625976562
0.086181640625,0.97705078125,-0.010986328125,-7.8125,-4.5166015625,1.40380859375,-7.850857734680176,83.15499877929688,-89.2656478881836
0.096923828125,0.9755859375,-0.00146484375,-7.9345703125,-3.90625,1.52587890625,-7.844029903411865,83.1190414428711,-89.45125579833984
0.08740234375,0.986328125,-0.011474609375,-7.568359375,-5.0048828125,1.5869140625,-7.8212547302246085,83.12842559814453,-89.68401336669922
0.091552734375,0.986083984375,-0.003173828125,-7.4462890625,-4.94384765625,1.89208984375,-7.8203797340393075,83.12248992919922,-89.91007232666016
0.083984375,0.9853515625,-0.013671875,-7.75146484375,-4.39453125,1.8310546875,-7.797834873199463,83.12600708007812,-90.1177978515625
0.091552734375,0.96923828125,-0.010498046875,-8.11767578125,-5.06591796875,1.5869140625,-7.790301322937013,83.11131286621094,-90.35240936279295
0.077392578125,0.976806640625,-0.005126953125,-7.75146484375,-4.39453125,1.40380859375,-7.738265514373778,83.0959243774414,-90.55941009521484
0.084228515625,0.977294921875,-0.00732421875,-8.11767578125,-5.0048828125,2.13623046875,-7.735942363739014,83.07415771484375,-90.78783416748048
0.090576171875,0.98046875,-0.015869140625,-8.1787109375,-5.18798828125,1.5869140625,-7.727128982543945,83.07170104980469,-91.02884674072266
0.0947265625,0.98388671875,0.003662109375,-7.62939453125,-4.82177734375,1.64794921875,-7.727467536926269,83.0439224243164,-91.24871063232422
0.094970703125,0.98876953125,-0.01123046875,-8.1787109375,-4.39453125,1.8310546875,-7.733154773712157,83.02715301513672,-91.45531463623048
0.099365234375,0.985595703125,-0.020751953125,-8.544921875,-4.94384765625,1.5869140625,-7.742652893066406,83.0213851928711,-91.68810272216795
0.097900390625,0.986083984375,-0.004638671875,-7.4462890625,-4.5166015625,1.708984375,-7.750556468963622,83.0203857421875,-91.89826965332031
0.096923828125,0.978759765625,-0.0126953125,-8.11767578125,-4.94384765625,1.220703125,-7.740579128265381,83.01398468017578,-92.13047790527344
0.102294921875,0.989501953125,-0.018798828125,-8.056640625,-4.150390625,1.15966796875,-7.7348432540893555,83.0195083618164,-92.33293914794922
0.082763671875,0.990234375,-0.007568359375,-8.056640625,-4.7607421875,1.64794921875,-7.7065982818603525,83.0025405883789,-92.5542221069336
0.1123046875,0.973388671875,-0.029052734375,-8.1787109375,-4.57763671875,1.46484375,-7.74360466003418,83.02981567382812,-92.77536010742188
0.087890625,0.987548828125,-0.018798828125,-7.99560546875,-4.69970703125,2.01416015625,-7.741761684417725,83.04011535644531,-92.99590301513672
0.084716796875,0.969970703125,-0.003173828125,-8.6669921875,-4.21142578125,1.3427734375,-7.706883430480957,82.9851303100586,-93.19519805908205
0.095947265625,0.981689453125,-0.018798828125,-7.8125,-4.39453125,1.89208984375,-7.7200260162353525,83.00283813476562,-93.40396881103516
0.090087890625,0.98583984375,-0.012451171875,-7.75146484375,-4.7607421875,1.64794921875,-7.710136890411378,83.00982666015625,-93.62667846679688
0.093994140625,0.9814453125,-0.00830078125,-8.48388671875,-5.615234375,1.5869140625,-7.712018013000487,82.9822769165039,-93.88251495361328
0.086669921875,0.98388671875,-0.001708984375,-8.23974609375,-3.90625,2.01416015625,-7.705239772796631,82.94102478027344,-94.06595611572266
0.080078125,0.973876953125,-0.011962890625,-8.11767578125,-4.7607421875,1.77001953125,-7.680400848388673,82.93510437011719,-94.28821563720705
0.092529296875,0.98095703125,-0.0234375,-7.99560546875,-4.5166015625,1.52587890625,-7.673354625701903,82.95907592773438,-94.50514221191406
0.091064453125,0.9873046875,-0.015625,-7.4462890625,-4.33349609375,1.15966796875,-7.64612340927124,82.98503875732422,-94.71392822265624
0.1044921875,0.979736328125,-0.01171875,-8.1787109375,-4.638671875,1.708984375,-7.675389289855957,82.9727554321289,-94.93071746826172
0.087890625,0.97998046875,-0.02734375,-7.9345703125,-4.7607421875,1.52587890625,-7.659255504608153,83.0081787109375,-95.15851593017578
0.091064453125,0.984130859375,-0.034423828125,-7.62939453125,-4.82177734375,1.64794921875,-7.655355453491211,83.07054901123047,-95.39006042480469
0.097412109375,0.981689453125,-0.018310546875,-7.99560546875,-4.45556640625,1.220703125,-7.6472840309143075,83.07691955566406,-95.60366821289062
0.08251953125,0.981201171875,-0.01220703125,-7.568359375,-4.69970703125,1.46484375,-7.6160359382629395,83.0875473022461,-95.82411193847656
0.085205078125,0.991943359375,-0.013916015625,-8.30078125,-4.82177734375,1.953125,-7.610036373138428,83.0722885131836,-96.04740142822266
0.08935546875,0.98046875,-0.00732421875,-7.4462890625,-4.21142578125,1.0986328125,-7.579174995422362,83.07398986816406,-96.24822998046876
0.0966796875,0.9736328125,-0.0185546875,-7.568359375,-4.94384765625,1.8310546875,-7.600670337677003,83.1001968383789,-96.47818756103516
0.0849609375,0.9755859375,-0.001708984375,-8.30078125,-5.4931640625,1.8310546875,-7.595811367034912,83.06007385253906,-96.72511291503906
0.078125,0.976806640625,-0.00341796875,-8.056640625,-4.69970703125,1.708984375,-7.566794395446777,83.03125762939453,-96.94152069091795
0.0791015625,0.994140625,-0.009521484375,-7.62939453125,-4.638671875,1.52587890625,-7.5307230949401855,83.03416442871094,-97.15813446044922
0.094970703125,0.999755859375,-0.01513671875,-7.62939453125,-4.5166015625,1.708984375,-7.5376362800598145,83.04840087890625,-97.37029266357422
0.101806640625,0.98095703125,-0.020263671875,-8.6669921875,-5.0048828125,1.46484375,-7.556866645812987,83.03555297851562,-97.60469818115234
0.087646484375,0.984619140625,-0.014404296875,-7.99560546875,-5.126953125,1.77001953125,-7.554591178894043,83.03732299804688,-97.84105682373048
0.075439453125,0.9775390625,-0.01171875,-7.9345703125,-4.8828125,1.64794921875,-7.519662380218506,83.03449249267578,-98.06753540039062
0.095703125,0.980224609375,-0.01806640625,-7.9345703125,-4.39453125,1.52587890625,-7.52526330947876,83.04328155517578,-98.27654266357422
0.095703125,0.983154296875,-0.015625,-7.32421875,-4.69970703125,1.03759765625,-7.511935234069824,83.07228088378906,-98.49933624267578
0.09619140625,0.985595703125,-0.0205078125,-7.6904296875,-4.7607421875,1.89208984375,-7.533890724182129,83.09642028808594,-98.72180938720705
0.092529296875,0.992919921875,0.00146484375,-7.9345703125,-5.0048828125,1.40380859375,-7.52610445022583,83.06099700927734,-98.9498062133789
0.096923828125,0.990478515625,-0.021484375,-8.30078125,-4.57763671875,1.708984375,-7.54010009765625,83.0623779296875,-99.16619110107422
0.086181640625,0.99365234375,-0.02001953125,-7.50732421875,-4.39453125,1.03759765625,-7.5009708404541025,83.09165954589844,-99.37814331054688
0.083740234375,0.9912109375,-0.016357421875,-8.1787109375,-4.33349609375,1.89208984375,-7.491685390472412,83.08379364013672,-99.58222198486328
0.077880859375,0.992919921875,-0.027587890625,-7.9345703125,-4.69970703125,1.8310546875,-7.468813419342041,83.1136474609375,-99.80464935302734
0.087158203125,0.99267578125,-0.01220703125,-7.50732421875,-4.57763671875,1.28173828125,-7.444981098175049,83.1236343383789,-100.01982879638672
0.087890625,0.986083984375,-0.0126953125,-7.75146484375,-4.5166015625,1.52587890625,-7.434463024139403,83.12419891357422,-100.23141479492188
0.08154296875,0.987060546875,-0.01318359375,-7.6904296875,-4.33349609375,1.5869140625,-7.411255359649657,83.12741088867188,-100.43553161621094
0.09326171875,0.9873046875,-0.00048828125,-7.99560546875,-4.33349609375,1.89208984375,-7.4273433685302725,83.08854675292969,-100.63414001464844
0.081787109375,0.986083984375,-0.02099609375,-7.99560546875,-4.57763671875,1.03759765625,-7.384946346282959,83.10051727294922,-100.85304260253906
0.0771484375,0.99267578125,-0.020751953125,-7.6904296875,-4.39453125,1.0986328125,-7.333935260772705,83.12229919433594,-101.06394958496094
0.085205078125,0.984619140625,-0.00537109375,-8.1787109375,-4.7607421875,1.64794921875,-7.327730178833008,83.08982849121094,-101.28199005126952
0.091552734375,0.974365234375,-0.005615234375,-8.23974609375,-4.5166015625,1.46484375,-7.330233097076416,83.05554962158203,-101.49120330810548
0.090087890625,0.9921875,-0.017822265625,-7.6904296875,-4.2724609375,1.46484375,-7.3248348236083975,83.07111358642578,-101.6943588256836
0.084716796875,0.97412109375,-0.010986328125,-7.6904296875,-4.5166015625,1.15966796875,-7.299824237823486,83.07238006591797,-101.90675354003906
0.09423828125,0.978271484375,-0.008056640625,-8.056640625,-4.5166015625,1.40380859375,-7.306466102600098,83.05160522460938,-102.11685943603516
0.084716796875,0.97607421875,-0.01220703125,-8.23974609375,-4.5166015625,1.708984375,-7.3036789894104,83.03410339355469,-102.32698059082031
0.078369140625,0.982421875,-0.012939453125,-8.23974609375,-4.7607421875,1.15966796875,-7.26466178894043,83.02050018310547,-102.54978942871094
0.083740234375,0.9921875,-0.014892578125,-8.36181640625,-4.7607421875,1.52587890625,-7.2522292137146,83.00626373291016,-102.77117156982422
0.086181640625,0.991943359375,-0.01025390625,-7.6904296875,-4.5166015625,1.64794921875,-7.249422073364258,83.00743103027344,-102.9808120727539
0.082763671875,0.972412109375,-0.00830078125,-7.9345703125,-4.7607421875,1.708984375,-7.246260166168213,82.99592590332031,-103.19940948486328
0.083251953125,0.9765625,-0.013671875,-7.9345703125,-4.0283203125,2.01416015625,-7.252369880676269,82.9933853149414,-103.3888168334961
0.0810546875,0.98193359375,-0.0126953125,-8.72802734375,-5.31005859375,1.77001953125,-7.248568058013916,82.96350860595703,-103.63047790527344
0.090576171875,0.990478515625,-0.008056640625,-7.9345703125,-4.69970703125,1.220703125,-7.2402405738830575,82.95264434814453,-103.84894561767578
0.094482421875,0.98046875,-0.0234375,-8.85009765625,-4.45556640625,1.3427734375,-7.247576713562013,82.93988800048828,-104.06150817871094
0.087646484375,0.9853515625,-0.013916015625,-8.056640625,-4.2724609375,1.64794921875,-7.248828411102295,82.93630981445312,-104.26264190673828
0.077880859375,0.981201171875,-0.0146484375,-7.50732421875,-4.638671875,1.46484375,-7.222940444946289,82.95884704589844,-104.47966003417969
0.088623046875,0.989990234375,-0.018798828125,-7.8125,-4.39453125,1.708984375,-7.229511260986327,82.97579956054688,-104.68656158447266
0.089599609375,0.9794921875,-0.024169921875,-7.9345703125,-4.2724609375,1.5869140625,-7.234939575195312,82.99951171875,-104.89075469970705
0.091796875,0.981689453125,-0.010009765625,-8.1787109375,-4.45556640625,2.13623046875,-7.266825199127197,82.98029327392578,-105.09542083740234
0.080810546875,0.97607421875,-0.03125,-7.50732421875,-4.45556640625,1.64794921875,-7.25471019744873,83.03878021240234,-105.3090591430664
0.090576171875,0.9833984375,-0.019287109375,-7.75146484375,-4.45556640625,1.5869140625,-7.2610368728637695,83.05686950683594,-105.51905059814452
0.10400390625,0.98876953125,-0.011962890625,-8.1787109375,-4.57763671875,1.46484375,-7.291993618011475,83.04048919677734,-105.732177734375
0.087646484375,0.996337890625,-0.012451171875,-7.2021484375,-4.08935546875,1.28173828125,-7.2734718322753915,83.0628662109375,-105.9271469116211
0.09423828125,0.9794921875,-0.017578125,-8.056640625,-4.45556640625,1.52587890625,-7.2857627868652335,83.06402587890625,-106.13693237304688
0.092529296875,0.98828125,-0.01171875,-7.99560546875,-4.8828125,1.46484375,-7.287417411804199,83.05936431884766,-106.33067321777344
0.09228515625,0.983642578125,-0.0029296875,-7.4462890625,-4.2724609375,1.220703125,-7.280349731445312,83.05044555664062,-106.53036499023438
0.087158203125,0.988037109375,-0.007080078125,-8.11767578125,-4.21142578125,1.64794921875,-7.277773857116699,83.02410125732422,-106.7268524169922
0.0810546875,0.9951171875,-0.01708984375,-7.9345703125,-4.150390625,1.52587890625,-7.255342960357666,83.02873229980469,-106.92449951171876
0.080810546875,0.97607421875,-0.00048828125,-7.99560546875,-4.45556640625,1.64794921875,-7.2425475120544425,82.9942398071289,-107.12884521484376
0.0888671875,0.977783203125,-0.009521484375,-7.62939453125,-5.126953125,1.64794921875,-7.252030849456787,82.99991607666016,-107.3626937866211
0.084716796875,0.9833984375,-0.001953125,-7.75146484375,-4.7607421875,1.28173828125,-7.245261669158935,82.95832061767578,-107.57268524169922
0.093994140625,0.97216796875,-0.000732421875,-8.1787109375,-4.7607421875,1.708984375,-7.268279075622559,82.9210433959961,-107.78907012939452
0.083740234375,0.98193359375,-0.009033203125,-8.30078125,-4.94384765625,1.708984375,-7.265998840332031,82.90081787109375,-108.01558685302734
0.09619140625,0.9755859375,-0.024658203125,-7.50732421875,-4.5166015625,1.220703125,-7.277351379394531,82.94644927978516,-108.1867446899414
0.08251953125,0.998779296875,-0.00634765625,-7.32421875,-4.150390625,1.52587890625,-7.25742769241333,82.95398712158203,-108.38155364990234
0.082763671875,0.977783203125,-0.016357421875,-8.4228515625,-4.638671875,1.3427734375,-7.238312721252441,82.94328308105469,-108.599609375
0.098388671875,0.982666015625,0.001953125,-7.75146484375,-4.638671875,1.0986328125,-7.229998588562013,82.94412231445312,-108.81499481201172
0.0869140625,0.998046875,-0.009521484375,-7.568359375,-4.08935546875,1.52587890625,-7.221843242645264,82.94865417480469,-109.00798034667969
0.087646484375,0.990478515625,-0.00830078125,-8.72802734375,-4.638671875,1.5869140625,-7.222238540649414,82.90667724609375,-109.22224426269531
0.0771484375,0.97314453125,-0.00927734375,-9.1552734375,-4.57763671875,1.52587890625,-7.209275722503662,82.87881469726562,-109.43621063232422
0.086669921875,0.9814453125,-0.004150390625,-7.8125,-4.21142578125,1.3427734375,-7.1980957984924325,82.86469268798828,-109.633544921875
0.081787109375,0.9814453125,-0.005615234375,-7.6904296875,-4.2724609375,1.3427734375,-7.1765336990356445,82.85979461669922,-109.83380126953124
0.077880859375,0.984375,-0.000732421875,-7.9345703125,-4.21142578125,1.5869140625,-7.15964937210083,82.82814025878906,-110.08299255371094
0.086669921875,0.9951171875,-0.0166015625,-7.8125,-4.0283203125,1.708984375,-7.1618733406066895,82.84302520751953,-110.27467346191406
0.090087890625,0.98193359375,-0.023193359375,-8.48388671875,-4.638671875,1.3427734375,-7.1631412506103525,82.84931945800781,-110.49446105957031
0.08642578125,0.979248046875,-0.0126953125,-8.056640625,-4.150390625,1.89208984375,-7.172763347625732,82.86247253417969,-110.68688201904295
0.08740234375,0.980224609375,-0.021484375,-8.11767578125,-4.82177734375,1.8310546875,-7.187849521636963,82.87957000732422,-110.91116333007812
0.07861328125,0.989501953125,-0.00927734375,-7.568359375,-4.69970703125,1.40380859375,-7.162454605102539,82.88941192626953,-111.12918853759766
0.061767578125,0.955322265625,0.06640625,-9.70458984375,-6.77490234375,1.46484375,-7.1077656745910645,82.58551788330078,-111.4457015991211
-0.0693359375,1.011962890625,0.280517578125,-0.1220703125,-7.568359375,2.01416015625,-6.798288822174072,82.27883911132812,-111.69841766357422
0.04541015625,1.063720703125,0.099853515625,-13.18359375,-7.26318359375,-0.8544921875,-6.62955379486084,81.8654556274414,-112.00354766845705
0.11865234375,0.939697265625,-0.01416015625,-34.5458984375,5.55419921875,-1.5869140625,-6.571550369262695,80.63086700439453,-111.66764068603516
-0.00732421875,0.99072265625,0.08935546875,-27.4658203125,-21.17919921875,-0.3662109375,-6.421208381652832,79.78208923339844,-112.53140258789062
0.13671875,0.860107421875,-0.02099609375,-14.7705078125,-22.8271484375,-4.150390625,-6.5244994163513175,79.73851013183594,-113.5146026611328
0.109619140625,1.044677734375,-0.0693359375,51.6357421875,-27.40478515625,-2.62451171875,-6.236396312713622,82.37983703613281,-114.63687896728516
0.078857421875,0.988037109375,-0.09716796875,69.3359375,-30.70068359375,-45.59326171875,-4.487382411956787,85.79113006591797,-116.09961700439452
0.2333984375,1.5771484375,-0.0009765625,62.01171875,-32.28759765625,-33.75244140625,-3.358415365219116,88.51627349853516,-117.47003173828124
0.306640625,1.49365234375,0.043701171875,-12.6953125,-13.85498046875,15.93017578125,-4.641410827636719,87.54576110839844,-117.74100494384766
0.2734375,1.408203125,0.04833984375,-37.41455078125,9.8876953125,15.56396484375,-5.490687847137451,86.01476287841797,-117.30764770507812
0.341064453125,1.571533203125,0.090576171875,-33.63037109375,16.7236328125,-3.5400390625,-5.563432216644287,84.61754608154297,-116.645751953125
0.21875,1.5439453125,0.151123046875,-42.17529296875,24.5361328125,-26.3671875,-4.207001209259033,82.63416290283203,-115.89311981201172
0.2275390625,1.5009765625,0.096923828125,-39.73388671875,16.357421875,-51.26953125,-2.2671120166778564,81.15443420410156,-115.5335693359375
0.32568359375,1.7265625,0.06298828125,-41.9921875,14.892578125,-40.22216796875,-0.9213628768920898,79.7154769897461,-115.21236419677734
0.26318359375,1.611572265625,0.056884765625,-70.86181640625,26.91650390625,-13.7939453125,-0.8003264069557191,76.83558654785156,-114.08953857421876
0.208251953125,1.471435546875,0.08447265625,-85.38818359375,36.9873046875,-5.67626953125,-0.498853862285614,73.78031158447266,-112.7111358642578
0.123046875,1.193115234375,0.103271484375,-83.8623046875,36.0107421875,-28.86962890625,0.8170806169509888,70.86103057861328,-111.68251037597656
0.22412109375,1.197509765625,0.071044921875,-65.12451171875,32.77587890625,-64.94140625,3.4505465030670166,69.19797515869139,-111.2995376586914
0.18701171875,1.27587890625,0.111083984375,-55.11474609375,39.73388671875,-43.0908203125,5.169745445251465,67.66254425048828,-110.40193176269531
0.17236328125,1.273193359375,0.1259765625,-67.19970703125,50.537109375,-14.5263671875,5.996674060821532,65.77554321289061,-108.69561004638672
0.1162109375,0.932861328125,0.122802734375,-76.84326171875,54.50439453125,4.0283203125,6.175837516784668,63.71067810058594,-106.51122283935548
0.134521484375,0.904296875,0.080078125,-48.27880859375,57.43408203125,5.615234375,6.441819667816162,62.82960510253906,-104.24947357177734
0.1630859375,1.141357421875,-0.016357421875,-30.3955078125,63.04931640625,-12.8173828125,7.4928932189941415,62.91530227661133,-102.09890747070312
0.24365234375,1.3154296875,-0.04736328125,-43.3349609375,72.57080078125,-34.97314453125,9.556859016418457,62.22800064086914,-99.94436645507812
0.1376953125,1.1298828125,0.09326171875,-83.1298828125,76.72119140625,-32.8369140625,11.556087493896484,60.18231201171875,-97.68367004394531
-0.119873046875,1.03857421875,0.010009765625,-83.3740234375,66.71142578125,-57.80029296875,22.591970443725586,53.92005157470703,-89.50685119628906
-0.00830078125,1.041748046875,0.109375,-94.7265625,65.49072265625,-52.8564453125,25.17382621765137,51.59164428710938,-88.06475830078125
-0.080078125,0.740478515625,0.138916015625,-115.29541015625,74.462890625,-62.68310546875,28.362436294555664,48.50925064086914,-86.77710723876953
-0.30859375,0.560302734375,0.11767578125,-105.224609375,71.71630859375,-77.7587890625,32.698001861572266,45.43071746826172,-86.25306701660156
-0.31689453125,0.6337890625,0.144775390625,-84.77783203125,62.68310546875,-83.67919921875,36.640541076660156,43.09414291381836,-86.3448715209961
-0.3359375,0.723876953125,0.171875,-76.72119140625,54.26025390625,-64.63623046875,39.6895637512207,41.1190071105957,-86.04641723632812
-0.26708984375,0.70849609375,0.189697265625,-80.87158203125,52.001953125,-43.39599609375,41.8511848449707,39.48271942138672,-84.99087524414062
-0.3701171875,0.701904296875,0.23193359375,-87.09716796875,55.17578125,-41.015625,44.2945556640625,37.233787536621094,-84.03886413574219
-0.377685546875,0.516357421875,0.2119140625,-90.63720703125,45.8984375,-57.373046875,46.89089965820313,34.17131805419922,-84.2007827758789
-0.3759765625,0.50634765625,0.26953125,-72.32666015625,35.82763671875,-69.27490234375,49.20334243774414,30.87261962890625,-85.55413818359375
-0.427734375,0.593994140625,0.3125,-62.744140625,31.79931640625,-73.66943359375,51.25942611694336,27.624736785888672,-87.39330291748047
-0.429931640625,0.71435546875,0.3271484375,-62.8662109375,28.076171875,-64.14794921875,52.85128784179688,24.798078536987305,-88.75328826904297
-0.40673828125,0.673828125,0.34814453125,-77.880859375,28.62548828125,-56.82373046875,54.18938827514648,21.56332397460937,-89.82611083984375
-0.473388671875,0.526123046875,0.3642578125,-78.79638671875,30.029296875,-51.69677734375,55.54513168334961,18.09160614013672,-91.10537719726562
-0.510009765625,0.525634765625,0.372802734375,-71.8994140625,28.01513671875,-62.98828125,56.93840026855469,13.986924171447756,-93.31253051757812
-0.599609375,0.46435546875,0.369140625,-70.80078125,21.78955078125,-74.462890625,58.20570373535156,8.650805473327638,-96.92353057861328
-0.593505859375,0.41064453125,0.397216796875,-64.88037109375,13.73291015625,-79.89501953125,58.84329605102539,2.749849796295166,-101.45536041259766
-0.546630859375,0.43798828125,0.453369140625,-58.41064453125,8.544921875,-78.61328125,58.88358688354492,-2.583703994750977,-105.65902709960938
-0.547119140625,0.49951171875,0.447509765625,-60.9130859375,11.65771484375,-87.46337890625,58.84783172607422,-8.211731910705566,-110.22858428955078
-0.720947265625,0.359619140625,0.443603515625,-73.6083984375,8.4228515625,-94.3603515625,58.42503356933594,-15.204687118530273,-115.54773712158205
-0.730224609375,0.188720703125,0.463134765625,-70.49560546875,-8.4228515625,-77.63671875,57.27630615234375,-21.091493606567386,-119.67293548583984
-0.6201171875,0.178466796875,0.494873046875,-49.25537109375,-14.46533203125,-79.77294921875,55.51709747314453,-25.3866024017334,-123.09491729736328
-0.588623046875,0.2451171875,0.4892578125,-26.85546875,-13.18359375,-95.03173828125,53.50619888305664,-28.74946212768555,-127.03750610351562
-0.64453125,0.435791015625,0.50341796875,-15.13671875,-7.38525390625,-100.52490234375,51.75117492675781,-31.21125030517578,-130.50830078125
-0.694580078125,0.47216796875,0.49560546875,-30.8837890625,-7.38525390625,-93.505859375,50.19402313232422,-33.71350860595703,-133.35678100585938
-0.69677734375,0.320068359375,0.503662109375,-40.58837890625,-12.939453125,-78.7353515625,48.65437316894531,-35.861854553222656,-135.1038818359375
-0.70849609375,0.27880859375,0.5380859375,-38.63525390625,-14.09912109375,-75.01220703125,47.06423568725586,-37.72028350830078,-136.69784545898438
-0.8193359375,0.17578125,0.57177734375,-36.2548828125,-15.31982421875,-80.50537109375,45.269493103027344,-39.80550003051758,-138.60890197753906
-0.794677734375,0.157470703125,0.599853515625,-27.7099609375,-21.91162109375,-83.8623046875,43.0153923034668,-40.96633911132813,-140.21530151367188
-0.700439453125,0.35888671875,0.633544921875,-10.55908203125,-24.96337890625,-91.6748046875,40.64008712768555,-41.19765090942383,-141.60702514648438
-0.7197265625,0.40966796875,0.65087890625,-25.0244140625,-20.01953125,-94.3603515625,38.417274475097656,-42.022064208984375,-143.21665954589844
-0.85888671875,0.2021484375,0.64990234375,-40.52734375,-17.4560546875,-83.251953125,36.74462890625,-43.61599731445313,-144.4854278564453
-0.787109375,0.041748046875,0.657470703125,-41.68701171875,-22.8271484375,-60.24169921875,35.222251892089844,-44.74305725097656,-145.0316925048828
-0.759521484375,0.112548828125,0.68505859375,-27.9541015625,-20.93505859375,-62.8662109375,33.70901870727539,-45.15995788574219,-145.5867919921875
-0.675537109375,0.209716796875,0.646728515625,-23.86474609375,-16.6015625,-71.10595703125,32.12514877319336,-45.49421691894531,-146.56387329101562
-0.64013671875,0.296875,0.6396484375,-28.4423828125,-5.859375,-79.58984375,30.67933464050293,-46.02181243896485,-147.96783447265625
-0.74853515625,0.202880859375,0.61181640625,-42.78564453125,-4.82177734375,-75.0732421875,29.52305603027344,-47.29858779907226,-149.3968963623047
-0.786865234375,0.06396484375,0.612060546875,-46.38671875,-12.3291015625,-60.97412109375,28.58374786376953,-48.404296875,-149.97763061523438
-0.76025390625,0.034912109375,0.660888671875,-42.48046875,-21.66748046875,-55.0537109375,27.42138290405273,-49.19766616821289,-150.2400665283203
-0.7109375,0.06689453125,0.703369140625,-35.58349609375,-22.4609375,-63.53759765625,25.915424346923828,-49.6375617980957,-150.63931274414062
-0.619384765625,0.130126953125,0.727783203125,-35.888671875,-15.68603515625,-69.15283203125,24.40141677856445,-50.14679718017578,-151.50762939453125
-0.699462890625,0.103515625,0.722412109375,-50.84228515625,-0.42724609375,-71.71630859375,23.249889373779297,-51.44308090209961,-152.84185791015625
-0.8330078125,-0.333740234375,0.642333984375,-59.63134765625,-3.0517578125,-59.14306640625,22.33927154541016,-53.72647476196289,-154.0443572998047
-0.7255859375,-0.041015625,0.70263671875,-16.29638671875,-8.6669921875,-33.69140625,22.287885665893555,-52.85980606079102,-154.1132354736328
-0.6845703125,0.10595703125,0.71240234375,-32.1044921875,-2.3193359375,-26.67236328125,22.52810096740723,-52.80594253540039,-154.12461853027344
-0.682861328125,-0.04833984375,0.657958984375,-43.88427734375,0.0,-20.81298828125,22.97169685363769,-53.47499465942383,-154.16905212402344
-0.719482421875,-0.116943359375,0.67236328125,-42.1142578125,1.40380859375,-21.97265625,23.334720611572266,-54.18129348754883,-154.371337890625
-0.750244140625,-0.107177734375,0.640869140625,-35.94970703125,0.9765625,-23.3154296875,23.75492858886719,-54.71787643432617,-154.53944396972656
-0.76123046875,-0.10595703125,0.642333984375,-36.1328125,-2.3193359375,-16.66259765625,24.31660461425781,-55.13840103149414,-154.4049530029297
-0.741455078125,-0.13525390625,0.64501953125,-34.423828125,-2.86865234375,-12.451171875,24.95503807067871,-55.41606521606445,-154.16868591308594
-0.757080078125,-0.09375,0.66162109375,-29.60205078125,-3.5400390625,-15.19775390625,25.48607444763184,-55.47192001342773,-153.89305114746094
-0.74658203125,-0.183349609375,0.661865234375,-28.80859375,-3.5400390625,-18.4326171875,25.79812240600586,-55.658164978027344,-153.7429656982422
-0.81298828125,-0.14404296875,0.6279296875,-22.5830078125,-6.103515625,-16.05224609375,26.30383110046387,-55.43885040283203,-153.3856964111328
-0.765625,-0.140380859375,0.6396484375,-24.0478515625,-10.92529296875,-13.24462890625,26.68631935119629,-55.23017883300781,-152.8057403564453
-0.698486328125,-0.16259765625,0.664794921875,-22.216796875,-11.1083984375,-14.46533203125,26.86911773681641,-54.90717697143555,-152.22232055664062
-0.6923828125,-0.138916015625,0.6669921875,-20.56884765625,-7.080078125,-15.19775390625,27.16474533081055,-54.5621109008789,-151.828857421875
-0.723388671875,-0.1845703125,0.6748046875,-24.59716796875,-2.62451171875,-12.26806640625,27.59473991394043,-54.50884246826172,-151.5260772705078
-0.769287109375,-0.20458984375,0.650634765625,-22.705078125,-2.01416015625,-6.89697265625,28.26842498779297,-54.42373657226562,-151.14393615722656
-0.736572265625,-0.1826171875,0.669677734375,-21.42333984375,-5.92041015625,-0.42724609375,29.07109451293945,-54.040809631347656,-150.32981872558594
-0.72705078125,-0.16748046875,0.68115234375,-20.81298828125,-5.31005859375,2.44140625,29.86162185668945,-53.55658721923828,-149.48147583007812
-0.72705078125,-0.198974609375,0.6533203125,-21.30126953125,-4.150390625,2.13623046875,30.638654708862305,-53.21062469482422,-148.7183380126953
-0.6943359375,-0.20556640625,0.64404296875,-16.90673828125,-2.197265625,3.84521484375,31.50411033630371,-52.57758331298828,-147.89845275878906
-0.738037109375,-0.205078125,0.6435546875,-11.90185546875,-2.01416015625,7.38525390625,32.44990921020508,-51.84848403930664,-147.05157470703125
-0.755859375,-0.234619140625,0.65185546875,-10.55908203125,-4.57763671875,6.16455078125,33.235015869140625,-51.09062576293945,-146.15928649902344
-0.70263671875,-0.256103515625,0.654541015625,-7.01904296875,-4.57763671875,7.2021484375,33.93725204467773,-50.10432815551758,-145.1847381591797
-0.681640625,-0.234619140625,0.65087890625,-3.41796875,-2.99072265625,16.05224609375,34.87752914428711,-48.88521194458008,-143.99769592285156
-0.69970703125,-0.16064453125,0.67333984375,-0.732421875,-0.6103515625,23.3154296875,36.11960983276367,-47.298255920410156,-142.53695678710938
-0.717041015625,-0.167236328125,0.682373046875,-3.84521484375,0.9765625,26.9775390625,37.455833435058594,-45.8121337890625,-141.00059509277344
-0.72607421875,-0.15185546875,0.65869140625,-2.99072265625,3.23486328125,29.052734375,38.88005447387695,-44.269962310791016,-139.40200805664062
-0.782470703125,-0.12109375,0.68994140625,-3.96728515625,3.96728515625,26.7333984375,40.24497985839844,-42.74728012084961,-137.81871032714844
-0.804931640625,-0.13720703125,0.6494140625,-7.9345703125,1.15966796875,22.03369140625,41.311988830566406,-41.53525924682617,-136.36122131347656
-0.83203125,-0.209228515625,0.66259765625,-7.2021484375,-5.615234375,21.05712890625,42.11141586303711,-40.30909729003906,-134.76536560058594
-0.77294921875,-0.22119140625,0.668212890625,-1.46484375,-8.60595703125,27.9541015625,42.83525466918945,-38.57856750488281,-132.75439453125
-0.720458984375,-0.270751953125,0.668212890625,5.92041015625,-7.568359375,38.0859375,43.7464485168457,-36.05185317993164,-130.21359252929688
-0.6142578125,-0.248779296875,0.6796875,25.45166015625,-2.44140625,56.82373046875,44.83235549926758,-32.47116470336914,-127.03980255126952
-0.5732421875,-0.155517578125,0.68017578125,34.72900390625,6.04248046875,70.00732421875,46.27348327636719,-27.89013671875,-123.15290832519531
-0.62109375,0.00830078125,0.647705078125,37.2314453125,13.97705078125,80.4443359375,48.267555236816406,-22.30244445800781,-118.2506866455078
-0.699462890625,0.10693359375,0.62744140625,24.169921875,18.24951171875,89.9658203125,50.24687576293945,-16.40873146057129,-112.45020294189452
-0.798828125,-0.05322265625,0.6083984375,13.61083984375,11.474609375,98.7548828125,51.70480346679688,-10.799571990966797,-106.14694213867188
-0.636474609375,-0.1455078125,0.63134765625,25.2685546875,0.18310546875,117.3095703125,52.00034713745117,-3.3056271076202397,-98.37037658691406
-0.532470703125,-0.02685546875,0.70556640625,47.119140625,12.14599609375,126.953125,51.8038330078125,5.081916809082031,-90.11019134521484
-0.54150390625,-0.007080078125,0.65869140625,58.16650390625,29.6630859375,142.08984375,51.52297592163086,14.4275484085083,-80.99781799316406
-0.62255859375,0.18798828125,0.60791015625,67.87109375,43.76220703125,169.0673828125,50.47277069091797,26.41332244873047,-69.20818328857422
-0.636474609375,0.3984375,0.6552734375,67.19970703125,51.025390625,202.08740234375,47.4183235168457,38.38700485229492,-57.02513122558594
-0.615478515625,0.515625,0.636474609375,54.13818359375,53.1005859375,203.55224609375,42.96737289428711,47.99171447753906,-46.57844161987305
-0.734375,0.4775390625,0.609619140625,43.212890625,54.0771484375,191.34521484375,38.37272644042969,54.76556015014648,-38.403411865234375
-0.65966796875,0.53662109375,0.589111328125,33.87451171875,52.8564453125,188.41552734375,33.254745483398445,59.87184143066406,-31.508403778076172
-0.561279296875,0.593994140625,0.61572265625,22.03369140625,60.302734375,184.08203125,27.9682731628418,63.46442413330078,-25.346532821655273
-0.520263671875,0.607666015625,0.509765625,12.6953125,73.8525390625,172.9736328125,23.41463851928711,66.24062347412111,-19.28200912475586
-0.641845703125,0.728759765625,0.47998046875,15.625,86.24267578125,168.701171875,19.01812744140625,68.77151489257811,-13.243404388427734
-0.656005859375,0.83154296875,0.47216796875,2.25830078125,87.34130859375,171.5087890625,14.425111770629885,70.27378845214844,-7.43671989440918
-0.78173828125,0.74609375,0.48291015625,-18.49365234375,85.8154296875,156.6162109375,10.923588752746582,70.10459136962889,-2.2268404960632324
-0.85107421875,0.536376953125,0.459228515625,-32.958984375,75.50048828125,138.24462890625,8.253070831298826,69.06013488769531,2.463129997253418
-0.810546875,0.452392578125,0.434326171875,-17.02880859375,64.3310546875,127.86865234375,6.014906406402588,68.35672760009766,6.641074180603027
-0.65673828125,0.6787109375,0.41455078125,-3.96728515625,58.7158203125,120.78857421875,3.774067640304565,68.22102355957031,10.57721710205078
-0.561767578125,0.670166015625,0.39990234375,-19.4091796875,67.19970703125,113.4033203125,1.7918564081192017,67.34745788574219,14.740026473999025
-0.465087890625,0.59619140625,0.393798828125,-29.60205078125,76.23291015625,123.53515625,-0.35614243149757385,65.85563659667969,19.45626449584961
-0.50390625,0.44775390625,0.381103515625,-30.45654296875,83.740234375,135.25390625,-2.4416041374206543,64.17265319824219,24.81153106689453
-0.51220703125,0.414794921875,0.37841796875,-10.009765625,73.486328125,133.85009765625,-4.33441162109375,62.98794937133789,29.81981658935547
-0.4716796875,0.46923828125,0.388427734375,11.41357421875,61.5234375,110.29052734375,-5.62026834487915,62.67380142211914,34.050891876220696
-0.34521484375,0.62158203125,0.349365234375,23.25439453125,49.8046875,87.70751953125,-6.564201354980469,63.1216049194336,37.30127716064453
-0.21533203125,0.7255859375,0.3544921875,19.1650390625,52.42919921875,81.60400390625,-7.708840847015381,63.48731231689453,40.65825271606445
-0.16064453125,0.749267578125,0.333251953125,12.451171875,64.02587890625,85.51025390625,-8.899880409240723,63.51274871826172,44.49581146240234
-0.216064453125,0.94873046875,0.322998046875,5.67626953125,75.439453125,91.552734375,-10.014227867126463,63.03545379638672,48.91543579101562
-0.281005859375,0.935791015625,0.228759765625,-25.146484375,72.75390625,94.90966796875,-11.039432525634766,61.72146987915039,53.21900939941406
-0.19921875,0.759765625,0.2314453125,-44.49462890625,61.09619140625,90.51513671875,-12.046917915344238,59.57960891723633,57.09307861328125
-0.120849609375,0.4814453125,0.21484375,-43.3349609375,58.65478515625,71.2890625,-12.185673713684082,57.60768508911133,60.449974060058594
-0.099609375,0.539306640625,0.211181640625,-8.60595703125,52.18505859375,74.15771484375,-12.716121673583984,56.94830703735352,63.78817749023438
-0.042724609375,0.7783203125,0.23095703125,6.53076171875,50.537109375,93.994140625,-14.171852111816404,56.96359252929688,67.48539733886719
0.04638671875,0.934814453125,0.22119140625,3.60107421875,57.4951171875,107.2998046875,-16.080224990844727,56.52327728271485,71.84434509277344
0.09912109375,0.909912109375,0.172607421875,-8.85009765625,62.56103515625,110.2294921875,-18.002452850341797,55.6803207397461,76.3253402709961
0.139404296875,0.7958984375,0.194580078125,-2.44140625,65.3076171875,106.50634765625,-19.73278045654297,54.837303161621094,80.89430236816406
0.120849609375,0.807861328125,0.160888671875,20.751953125,64.8193359375,104.3701171875,-21.232717514038086,55.30308151245117,85.37628173828125
0.1171875,1.03857421875,0.129150390625,50.84228515625,61.1572265625,93.017578125,-22.459636688232425,56.79767608642578,89.39322662353516
0.02978515625,1.163330078125,0.12451171875,48.33984375,54.13818359375,78.857421875,-23.236970901489254,58.34975814819336,92.78845977783205
0.07470703125,1.16748046875,0.108154296875,45.59326171875,43.5791015625,79.7119140625,-24.61404228210449,59.811439514160156,95.83511352539062
0.261474609375,1.235595703125,0.148681640625,41.259765625,44.921875,101.37939453125,-26.810020446777344,60.69777297973633,99.38914489746094
0.2978515625,1.2890625,0.154541015625,32.3486328125,60.60791015625,103.3935546875,-28.75978279113769,60.74812698364258,103.6285171508789
0.125,1.17529296875,0.101806640625,23.681640625,71.77734375,89.66064453125,-29.47229385375977,60.3536491394043,107.86060333251952
-0.006591796875,1.05712890625,0.08740234375,30.517578125,62.744140625,68.90869140625,-29.60932159423828,60.64970397949219,111.39044952392578
0.040771484375,1.0869140625,0.09521484375,42.3583984375,49.13330078125,56.2744140625,-29.682376861572266,61.80162811279297,114.09602355957031
0.2587890625,1.17041015625,0.1171875,43.701171875,48.095703125,49.62158203125,-29.86785697937012,62.87475967407226,116.79338836669922
0.3095703125,1.19384765625,0.1103515625,34.85107421875,68.2373046875,52.24609375,-29.97169685363769,63.24657440185547,120.2277374267578
0.2373046875,1.173583984375,0.114501953125,28.076171875,81.6650390625,57.4951171875,-29.90335273742676,63.001930236816406,124.3272705078125
0.1416015625,1.1103515625,0.083740234375,23.3154296875,81.9091796875,58.53271484375,-29.662750244140625,62.8183479309082,128.27732849121094
0.141845703125,1.125732421875,0.12451171875,27.89306640625,73.8525390625,43.88427734375,-29.08491325378418,62.90669631958008,131.76054382324222
0.208251953125,1.19775390625,0.12646484375,23.92578125,71.6552734375,36.56005859375,-28.41208076477051,62.99751281738281,134.98953247070312
0.314697265625,1.26806640625,0.132080078125,18.06640625,74.462890625,42.1142578125,-28.13258552551269,62.67623901367188,138.52145385742188
0.3818359375,1.2626953125,0.142578125,14.7705078125,75.5615234375,43.3349609375,-27.8975887298584,62.27538299560547,142.053955078125
0.444580078125,1.227783203125,0.12548828125,22.88818359375,78.9794921875,25.146484375,-27.08050346374512,62.371437072753906,145.32164001464844
0.446044921875,1.2763671875,0.126708984375,33.3251953125,84.41162109375,4.7607421875,-25.13267707824707,63.1449089050293,148.33456420898438
0.364501953125,1.265625,0.106201171875,29.11376953125,96.49658203125,-18.06640625,-22.483322143554688,63.80561065673828,151.3890380859375
0.323974609375,1.2177734375,0.10595703125,21.97265625,104.30908203125,-18.5546875,-19.757856369018555,64.19596099853516,154.74620056152344
0.297119140625,1.182373046875,0.1171875,10.68115234375,109.619140625,-4.8828125,-17.61223602294922,63.865943908691406,158.69581604003906
0.263916015625,1.039794921875,0.119384765625,-5.43212890625,116.3330078125,3.47900390625,-15.58037567138672,63.1455078125,162.87965393066406
0.2626953125,1.012451171875,0.120849609375,-6.4697265625,116.8212890625,-2.8076171875,-13.358790397644045,62.59216690063477,166.9199676513672
0.236572265625,0.92333984375,0.1376953125,-6.28662109375,113.28125,-21.42333984375,-10.340555191040039,62.29842758178711,170.26402282714844
0.28271484375,0.84326171875,0.14599609375,2.50244140625,108.2763671875,-44.49462890625,-7.111606121063232,62.59282302856445,-186.79364013671875
0.335205078125,0.876220703125,0.14013671875,14.7705078125,108.58154296875,-48.7060546875,-3.974875926971436,63.55182266235352,-183.86520385742188
0.369384765625,0.89208984375,0.121337890625,18.5546875,114.8681640625,-47.05810546875,-1.074304223060608,64.85400390625,-180.44422912597656
0.38818359375,0.9560546875,0.07275390625,21.05712890625,121.2158203125,-31.55517578125,1.2368053197860718,66.43736267089844,-176.563232421875
0.34814453125,1.01953125,0.101806640625,17.4560546875,121.58203125,-21.17919921875,3.105057716369629,67.94134521484375,-172.39378356933594
0.393310546875,0.97021484375,0.03662109375,12.02392578125,120.1171875,-14.70947265625,4.3355188369750985,69.49575805664061,-168.0649871826172
0.40673828125,1.0146484375,0.051025390625,17.51708984375,117.98095703125,-12.75634765625,5.386627197265625,71.1889877319336,-163.7365264892578
0.4794921875,1.055419921875,0.02880859375,17.7001953125,121.64306640625,-19.8974609375,6.496809959411621,72.95789337158203,-159.28025817871094
0.441162109375,1.106689453125,-0.0107421875,14.83154296875,129.0283203125,-23.62060546875,7.782767295837402,74.68338012695312,-154.41818237304688
0.355224609375,1.115234375,-0.023193359375,5.37109375,133.9111328125,-24.658203125,9.090934753417967,76.24095153808594,-149.34951782226562
0.255615234375,1.069580078125,-0.0341796875,-6.103515625,130.18798828125,-24.4140625,10.343667030334473,77.41923522949219,-144.3389129638672
0.16845703125,0.919189453125,-0.015869140625,-13.7939453125,122.9248046875,-23.92578125,11.460976600646973,78.19074249267578,-139.64280700683594
0.13330078125,0.862548828125,-0.015380859375,-20.32470703125,108.7646484375,-16.05224609375,12.162871360778807,78.74169921875,-135.31736755371094
0.191650390625,0.828857421875,-0.022705078125,-26.30615234375,101.1962890625,-10.43701171875,12.3782320022583,79.0292739868164,-131.22738647460938
0.176025390625,0.738037109375,-0.010498046875,-35.2783203125,95.8251953125,-5.79833984375,12.289494514465332,78.74016571044922,-127.34223175048828
0.114013671875,0.54248046875,0.0185546875,-41.68701171875,89.53857421875,-2.0751953125,12.14640998840332,78.18848419189453,-123.68329620361328
0.10888671875,0.466552734375,0.016357421875,-28.80859375,79.7119140625,2.62451171875,11.721723556518555,78.07551574707031,-120.38776397705078
0.10791015625,0.589599609375,0.04296875,-9.09423828125,68.66455078125,3.7841796875,11.267210006713867,78.67691802978516,-117.6895980834961
0.14794921875,0.66259765625,0.048828125,2.25830078125,57.31201171875,-0.6103515625,10.799826622009276,79.47169494628906,-115.3507308959961
0.147216796875,0.744873046875,0.0263671875,2.74658203125,51.6357421875,3.173828125,10.182437896728516,80.28401184082031,-113.20222473144531
0.1357421875,0.7431640625,0.0126953125,-1.64794921875,47.119140625,11.71875,9.179956436157227,80.83799743652344,-111.2559585571289
0.138916015625,0.695556640625,0.012451171875,4.08935546875,38.2080078125,13.97705078125,8.063504219055176,81.5492935180664,-109.59639739990234
0.212158203125,0.837890625,-0.002685546875,20.751953125,30.1513671875,15.2587890625,6.759845733642577,82.8647689819336,-108.2716064453125
0.2685546875,1.08447265625,-0.010498046875,27.52685546875,26.42822265625,11.71875,5.692056179046631,84.350830078125,-107.1225128173828
0.234619140625,1.1474609375,-0.02880859375,17.9443359375,25.57373046875,8.056640625,4.786011695861816,85.42635345458984,-106.04939270019531
0.15185546875,1.09130859375,-0.01171875,4.39453125,22.27783203125,20.08056640625,3.5515315532684326,85.8613510131836,-105.08419799804688
0.09814453125,1.03125,-0.0107421875,0.18310546875,15.13671875,32.5927734375,1.8111742734909055,86.04434967041016,-104.48927307128906
0.107666015625,0.99755859375,0.00341796875,0.6103515625,1.03759765625,39.85595703125,-0.08681777119636536,86.20433044433594,-104.3406219482422
0.159423828125,0.96826171875,-0.022705078125,4.7607421875,-6.77490234375,38.63525390625,-2.0057990550994877,86.58418273925781,-104.51942443847656
0.179443359375,1.042236328125,-0.048583984375,10.80322265625,-10.68115234375,35.46142578125,-3.6559937000274663,87.2965316772461,-104.93780517578124
0.185302734375,1.063232421875,-0.050537109375,11.71875,-12.6953125,32.958984375,-5.2344632148742685,87.99861145019531,-105.4103012084961
0.1689453125,1.097412109375,-0.01904296875,9.58251953125,-15.31982421875,45.41015625,-7.199193477630615,88.54600524902344,-105.9872055053711
0.215576171875,1.103271484375,-0.007080078125,7.568359375,-18.4326171875,48.40087890625,-9.173592567443848,88.99580383300781,-106.66902160644531
0.229736328125,1.045654296875,0.006103515625,10.68115234375,-14.83154296875,33.02001953125,-10.621699333190918,89.53483581542969,-107.26055908203124
0.21630859375,1.0859375,-0.0087890625,21.42333984375,-10.25390625,24.47509765625,-11.619803428649902,90.49401092529295,-107.68634033203124
0.169189453125,1.1708984375,-0.04052734375,25.81787109375,-7.50732421875,18.49365234375,-12.175407409667967,91.62584686279295,-107.9869613647461
0.142578125,1.174560546875,-0.07373046875,23.62060546875,-8.30078125,10.986328125,-12.388985633850098,92.7103042602539,-108.35723876953124
0.10986328125,1.1162109375,-0.085205078125,23.5595703125,-10.25390625,6.77490234375,-12.363545417785645,93.7973861694336,-108.8024673461914
0.140869140625,1.034912109375,-0.10595703125,24.47509765625,-14.70947265625,12.451171875,-12.828843116760256,95.07147979736328,-109.46955871582031
0.17578125,1.141845703125,-0.097412109375,31.25,-14.22119140625,34.1796875,-13.960238456726074,96.4658432006836,-110.1904754638672
0.174560546875,1.191650390625,-0.08544921875,25.57373046875,-11.3525390625,35.70556640625,-15.090628623962402,97.53915405273438,-110.81233978271484
0.165771484375,1.12744140625,-0.04296875,17.27294921875,-8.36181640625,18.6767578125,-15.221641540527346,98.01303100585938,-111.12541961669922
0.098876953125,1.002197265625,-0.0107421875,10.8642578125,-6.53076171875,-8.544921875,-14.47195816040039,98.1854248046875,-111.25868225097656
0.102783203125,0.92626953125,-0.01904296875,8.30078125,-7.62939453125,-15.0146484375,-13.51586627960205,98.2703857421875,-111.4044418334961
0.146484375,0.896240234375,-0.047607421875,6.04248046875,-11.29150390625,-10.986328125,-12.927623748779295,98.34750366210938,-111.79155731201172
0.169677734375,0.873779296875,-0.095458984375,-1.77001953125,-14.7705078125,1.46484375,-12.81745147705078,98.31220245361328,-112.37765502929688
0.127685546875,0.851806640625,-0.12939453125,-3.60107421875,-19.59228515625,14.2822265625,-13.088942527770994,98.36380004882812,-113.2599639892578
0.146728515625,0.859619140625,-0.1875,-3.35693359375,-28.38134765625,17.63916015625,-13.313820838928224,98.7787094116211,-114.69107055664062
0.242919921875,0.887939453125,-0.21533203125,7.14111328125,-39.1845703125,2.50244140625,-13.219769477844238,99.6110610961914,-116.33778381347656
0.324951171875,0.936767578125,-0.225830078125,10.25390625,-40.71044921875,3.2958984375,-13.27365016937256,100.5437240600586,-118.04084777832031
0.34912109375,1.00048828125,-0.220458984375,13.61083984375,-39.794921875,19.53125,-14.287589073181152,101.5554428100586,-119.83876037597656
0.387451171875,1.076171875,-0.23486328125,7.62939453125,-34.5458984375,53.40576171875,-16.27854347229004,102.36750793457031,-121.70984649658205
0.383056640625,0.985107421875,-0.23046875,1.953125,-28.076171875,57.92236328125,-18.45484733581543,102.96531677246094,-123.40242767333984
0.312744140625,0.867919921875,-0.197509765625,10.3759765625,-18.73779296875,41.015625,-19.63909721374512,103.8843002319336,-124.35384368896484
0.2373046875,0.931640625,-0.17724609375,25.32958984375,-9.033203125,16.17431640625,-19.95005416870117,104.9386749267578,-124.84918212890624
0.206298828125,0.980224609375,-0.17236328125,24.2919921875,-5.0048828125,11.474609375,-20.012495040893555,105.80342864990234,-125.10807800292969
0.267578125,0.885009765625,-0.157958984375,21.78955078125,-2.25830078125,2.50244140625,-19.73663330078125,106.4091796875,-125.02217864990234
0.268798828125,0.853759765625,-0.174560546875,28.076171875,4.0283203125,-18.49365234375,-18.97707176208496,107.1913070678711,-124.55742645263672
0.24462890625,0.84765625,-0.1787109375,30.517578125,5.37109375,-22.0947265625,-18.078691482543945,108.0244369506836,-123.98119354248048
0.206787109375,0.761962890625,-0.188232421875,29.541015625,5.92041015625,-23.5595703125,-17.157316207885742,108.89307403564452,-123.41002655029295
0.24609375,0.743896484375,-0.23681640625,35.33935546875,3.0517578125,-14.34326171875,-16.672477722167972,110.15017700195312,-123.06865692138672
0.252685546875,0.8017578125,-0.272705078125,37.7197265625,3.72314453125,-1.40380859375,-16.670116424560547,111.5431671142578,-122.8824234008789
0.241943359375,0.84521484375,-0.298828125,35.0341796875,1.8310546875,10.6201171875,-17.162139892578125,112.92388153076172,-123.04134368896484
0.268310546875,0.876953125,-0.30615234375,38.2080078125,-0.9765625,19.53125,-17.817123413085938,114.40203857421876,-123.3615951538086
0.2607421875,0.9619140625,-0.327880859375,40.6494140625,-2.38037109375,20.3857421875,-18.37730407714844,115.93032836914062,-123.74403381347656
0.230712890625,1.079833984375,-0.294189453125,39.55078125,-4.82177734375,22.0947265625,-18.830406188964844,117.1692352294922,-124.25323486328124
0.234619140625,1.081787109375,-0.267578125,27.52685546875,-8.72802734375,24.35302734375,-19.271455764770508,117.97669982910156,-124.87867736816406
0.235595703125,1.079345703125,-0.25537109375,20.8740234375,-8.97216796875,30.70068359375,-19.91244506835937,118.51742553710938,-125.6305160522461
0.24853515625,1.032958984375,-0.20703125,10.68115234375,-8.48388671875,36.07177734375,-20.80445671081543,118.5413055419922,-126.46721649169922
0.298095703125,1.01171875,-0.228759765625,6.7138671875,-6.65283203125,28.62548828125,-21.516712188720703,118.45671844482422,-127.0742416381836
0.321044921875,0.990966796875,-0.209228515625,4.45556640625,-4.2724609375,10.07080078125,-21.66357421875,118.08831787109376,-127.19268798828124
0.355224609375,0.963134765625,-0.215576171875,3.7841796875,-0.3662109375,-3.2958984375,-21.471546173095703,117.56412506103516,-126.8555679321289
0.4072265625,0.932373046875,-0.263671875,0.6103515625,3.47900390625,-3.2958984375,-21.485937118530273,117.0378189086914,-126.48197174072266
0.4658203125,0.933349609375,-0.3056640625,-0.54931640625,9.82666015625,-3.173828125,-21.71236991882324,116.49354553222656,-125.91007995605469
0.49365234375,0.847900390625,-0.3203125,-2.5634765625,17.9443359375,-4.39453125,-22.186176300048828,115.7985382080078,-124.90855407714844
0.459716796875,0.8466796875,-0.329345703125,0.3662109375,27.83203125,-8.23974609375,-22.55557060241699,115.14813995361328,-123.59502410888672
0.420166015625,0.8916015625,-0.3232421875,2.3193359375,32.470703125,-7.9345703125,-22.870153427124023,114.46691131591795,-122.08714294433594
0.398193359375,0.923828125,-0.3369140625,0.0,36.0107421875,-5.31005859375,-23.26082420349121,113.57048797607422,-120.42101287841795
0.391357421875,0.8505859375,-0.316650390625,-3.96728515625,41.44287109375,-6.2255859375,-23.68643951416016,112.56163024902344,-118.59654235839844
0.411376953125,0.854736328125,-0.272216796875,1.8310546875,48.64501953125,-9.765625,-24.098466873168945,111.55656433105469,-116.37914276123048
0.3291015625,0.918212890625,-0.219970703125,8.9111328125,56.33544921875,-10.986328125,-24.363859176635746,110.50701141357422,-113.67413330078124
0.251708984375,0.98388671875,-0.197265625,11.8408203125,61.34033203125,-11.8408203125,-24.36635398864746,109.45524597167969,-110.8033447265625
0.216796875,1.046630859375,-0.1640625,10.009765625,59.9365234375,-17.9443359375,-23.97794342041016,108.26441192626952,-107.87578582763672
0.2490234375,1.044921875,-0.13427734375,2.25830078125,58.2275390625,-22.94921875,-23.350252151489254,106.65727996826172,-105.03793334960938
0.319091796875,0.9033203125,-0.1669921875,-3.173828125,57.43408203125,-26.4892578125,-22.807374954223636,105.19174194335938,-102.2138900756836
0.372802734375,0.876953125,-0.261474609375,6.2255859375,58.2275390625,-23.0712890625,-22.49308013916016,104.43819427490234,-99.53195190429688
0.457275390625,0.92041015625,-0.410888671875,16.6015625,56.15234375,-20.751953125,-22.306785583496094,104.63727569580078,-97.12071990966795
0.50830078125,1.00146484375,-0.4619140625,31.3720703125,50.048828125,-31.6162109375,-21.719181060791016,105.35276794433594,-94.82245635986328
0.52294921875,1.12353515625,-0.374755859375,34.1796875,49.560546875,-49.560546875,-20.43954849243164,105.88015747070312,-92.23770904541016
0.490234375,1.1689453125,-0.260498046875,22.15576171875,53.1005859375,-65.0634765625,-18.540021896362305,105.34739685058594,-89.17993927001953
0.466064453125,1.165771484375,-0.22314453125,-7.6904296875,60.6689453125,-58.837890625,-17.006366729736328,103.90023803710938,-86.02127075195312
0.415283203125,1.053955078125,-0.24853515625,-31.92138671875,64.0869140625,-39.1845703125,-16.215751647949222,101.72819519042969,-83.03120422363281
0.394287109375,0.928955078125,-0.3408203125,-48.40087890625,64.3310546875,-25.57373046875,-16.022686004638672,99.13153076171876,-80.35340881347656
0.400634765625,0.850830078125,-0.374755859375,-62.01171875,61.09619140625,-24.35302734375,-15.70839023590088,96.45535278320312,-77.8365249633789
0.449951171875,0.718017578125,-0.395751953125,-61.8896484375,60.6689453125,-35.888671875,-15.070786476135256,94.04959106445312,-75.38670349121094
0.419677734375,0.668212890625,-0.38623046875,-52.91748046875,61.09619140625,-41.07666015625,-14.176399230957033,92.25730895996094,-72.95085906982422
0.372314453125,0.664794921875,-0.376708984375,-42.8466796875,61.46240234375,-35.0341796875,-13.377233505249025,90.88175201416016,-70.60243225097656
0.34521484375,0.6943359375,-0.36328125,-36.92626953125,58.9599609375,-24.4140625,-12.887819290161133,89.80087280273438,-68.38595581054689
0.31494140625,0.755859375,-0.375,-33.8134765625,54.74853515625,-14.09912109375,-12.673347473144533,88.88013458251953,-66.38056945800781
0.299560546875,0.7998046875,-0.340087890625,-31.8603515625,49.31640625,-13.427734375,-12.384522438049315,88.05963134765625,-64.56597900390625
0.293212890625,0.7978515625,-0.3251953125,-30.517578125,45.10498046875,-16.41845703125,-11.95796012878418,87.343505859375,-62.93457794189453
0.305419921875,0.754638671875,-0.289306640625,-29.23583984375,40.8935546875,-14.46533203125,-11.779244422912598,86.76083374023438,-61.50166320800781
0.32373046875,0.72216796875,-0.239013671875,-22.52197265625,38.39111328125,-1.52587890625,-12.103833198547365,86.3084487915039,-60.09299087524414
0.32763671875,0.780029296875,-0.216064453125,-19.6533203125,38.0859375,13.36669921875,-12.952402114868164,85.87198638916016,-58.643775939941406
0.360595703125,0.829345703125,-0.201904296875,-18.12744140625,38.4521484375,17.63916015625,-13.810444831848145,85.419189453125,-57.1475601196289
0.40576171875,0.795166015625,-0.154541015625,-10.68115234375,44.43359375,-11.23046875,-13.743959426879885,85.1146011352539,-55.48821258544922
0.407470703125,0.75,-0.1328125,-2.685546875,50.6591796875,-32.470703125,-12.86757755279541,85.07201385498047,-53.64373779296875
0.373046875,0.75244140625,-0.084228515625,6.34765625,57.31201171875,-34.97314453125,-11.932188987731935,85.30734252929688,-51.428184509277344
0.348388671875,0.78857421875,-0.08251953125,12.6953125,60.546875,-18.798828125,-11.47388744354248,85.70543670654297,-49.09835433959961
0.3408203125,0.851318359375,-0.079345703125,14.09912109375,61.03515625,-10.3759765625,-11.305497169494627,86.12963104248047,-46.71174240112305
0.384033203125,0.854736328125,-0.06884765625,13.671875,61.5234375,-14.404296875,-10.945030212402344,86.55652618408203,-44.27574920654297
0.41650390625,0.864501953125,-0.0498046875,22.03369140625,67.56591796875,-37.65869140625,-9.887298583984377,87.18590545654297,-41.65534591674805
0.386474609375,0.86181640625,-0.036376953125,27.40478515625,73.486328125,-45.95947265625,-8.503310203552246,87.9953842163086,-38.785194396972656
0.367431640625,0.911865234375,-0.048828125,29.1748046875,77.45361328125,-36.865234375,-7.696144580841064,88.86190795898438,-35.71130752563477
0.38232421875,0.95068359375,-0.05810546875,25.45166015625,79.52880859375,-17.76123046875,-7.513487339019775,89.6131820678711,-32.53296661376953
0.377685546875,0.970703125,-0.090576171875,21.1181640625,80.6884765625,-9.8876953125,-7.663474082946777,90.2257843017578,-29.30410194396973
0.40576171875,0.94921875,-0.091552734375,22.0947265625,84.04541015625,-12.939453125,-7.635033130645753,90.8246612548828,-25.878032684326172
0.38818359375,0.936767578125,-0.07373046875,22.8271484375,91.552734375,-28.13720703125,-7.1771278381347665,91.3790283203125,-22.17865753173828
0.358642578125,0.8828125,-0.092529296875,23.3154296875,96.3134765625,-32.89794921875,-6.5741825103759775,91.99748992919922,-18.279041290283203
0.33935546875,0.844970703125,-0.10009765625,26.9775390625,99.79248046875,-29.1748046875,-6.3100013732910165,92.91101837158205,-14.178637504577635
0.347412109375,0.881591796875,-0.1416015625,35.82763671875,103.57666015625,-16.6015625,-6.5026469230651855,94.09117889404295,-10.005229949951172
