0.0009765625,1.015869140625,0.05859375,-44.49462890625,-1.40380859375,5.67626953125,-6.08261251449585,76.358642578125,12.411190032958984
-0.00830078125,0.97900390625,0.06982421875,-41.80908203125,0.30517578125,8.23974609375,-6.141195297241211,75.04360961914062,12.461153030395508
-0.0341796875,0.95068359375,0.123779296875,-41.56494140625,1.220703125,5.43212890625,-6.015000343322754,73.65726470947266,12.531044006347654
-0.052734375,0.908935546875,0.136474609375,-40.52734375,-2.01416015625,0.54931640625,-5.6932220458984375,72.34162139892578,12.423290252685547
-0.035888671875,0.91064453125,0.13623046875,-40.52734375,-3.662109375,-6.34765625,-5.1867218017578125,71.0928726196289,12.164932250976562
-0.015380859375,0.912109375,0.156982421875,-47.36328125,-3.84521484375,-14.22119140625,-4.46234941482544,69.57820892333984,11.793355941772461
-0.035888671875,0.86279296875,0.156494140625,-53.40576171875,-5.92041015625,-15.380859375,-3.708428144454956,67.8642578125,11.314695358276367
-0.043701171875,0.775390625,0.166015625,-47.91259765625,-6.53076171875,-14.58740234375,-3.0032258033752437,66.36104583740234,10.818382263183594
-0.00537109375,0.857666015625,0.176513671875,-39.85595703125,-8.6669921875,-17.02880859375,-2.393053770065308,65.25758361816406,10.19795036315918
-0.024169921875,0.87841796875,0.201171875,-45.654296875,-5.859375,-18.49365234375,-1.6718786954879759,63.90678024291992,9.648841857910156
-0.0546875,0.82080078125,0.2197265625,-46.0205078125,-7.01904296875,-16.4794921875,-0.9992087483406068,62.5055046081543,9.086706161499023
-0.048095703125,0.849609375,0.221435546875,-43.5791015625,-14.2822265625,-11.71875,-0.690407395362854,61.269386291503906,8.351425170898438
-0.0361328125,0.875,0.213134765625,-46.7529296875,-13.97705078125,-13.5498046875,-0.3732023239135742,59.98665618896485,7.59031867980957
-0.049560546875,0.854736328125,0.249267578125,-47.4853515625,-12.63427734375,-13.24462890625,-0.033639635890722275,58.620384216308594,6.880385398864746
-0.077392578125,0.816162109375,0.268310546875,-42.6025390625,-13.36669921875,-6.28662109375,0.103373721241951,57.42268371582031,6.290471076965332
-0.105712890625,0.832763671875,0.278076171875,-37.841796875,-16.9677734375,-3.173828125,0.10970530658960342,56.4487533569336,5.649615287780763
-0.07568359375,0.85693359375,0.274169921875,-36.2548828125,-18.73779296875,-5.0048828125,0.0460483580827713,55.60567092895508,4.914756774902344
-0.05078125,0.86669921875,0.306396484375,-35.888671875,-19.4091796875,-9.21630859375,0.031688496470451355,54.74516677856445,4.0657453536987305
-0.081787109375,0.8935546875,0.32958984375,-36.62109375,-20.32470703125,-11.1083984375,0.11399263888597487,53.85633850097656,3.1442584991455083
-0.06103515625,0.90087890625,0.30810546875,-39.1845703125,-22.4609375,-13.97705078125,0.171254500746727,52.95073699951172,2.0892782211303706
-0.067626953125,0.882080078125,0.322265625,-41.1376953125,-22.4609375,-18.06640625,0.3562796711921692,51.95392990112305,0.936859130859375
-0.0595703125,0.860595703125,0.324951171875,-38.4521484375,-19.95849609375,-18.98193359375,0.5896451473236084,51.07570266723633,-0.1574850082397461
-0.035888671875,0.872314453125,0.31103515625,-34.24072265625,-15.9912109375,-16.54052734375,0.7652283310890198,50.43803787231445,-1.0640377998352049
-0.053955078125,0.88818359375,0.34326171875,-28.50341796875,-7.14111328125,-11.41357421875,1.0335779190063477,49.9984130859375,-1.5664377212524414
-0.079345703125,0.896240234375,0.3662109375,-28.076171875,-3.662109375,-7.62939453125,1.318471074104309,49.551170349121094,-1.8636627197265625
-0.095947265625,0.890869140625,0.385986328125,-25.390625,-3.662109375,-4.5166015625,1.5336507558822632,49.18250274658203,-2.078366756439209
-0.1025390625,0.890869140625,0.381103515625,-23.8037109375,-5.55419921875,-5.615234375,1.7390542030334473,48.897377014160156,-2.376184463500977
-0.093017578125,0.912841796875,0.38818359375,-26.67236328125,-7.50732421875,-10.19287109375,1.9941849708557131,48.50694274902344,-2.850616931915283
-0.105224609375,0.94189453125,0.411376953125,-31.73828125,-9.46044921875,-14.09912109375,2.319413661956787,47.899803161621094,-3.4858598709106445
-0.10302734375,0.961669921875,0.422119140625,-37.29248046875,-14.09912109375,-12.51220703125,2.4435815811157227,47.084068298339844,-4.213022708892821
-0.112060546875,0.9462890625,0.41259765625,-41.07666015625,-15.869140625,-9.09423828125,2.4279401302337646,46.15342330932617,-4.895143508911133
-0.12841796875,0.90576171875,0.41455078125,-40.10009765625,-15.31982421875,-6.04248046875,2.374715805053711,45.2602424621582,-5.474450588226318
-0.1044921875,0.92529296875,0.419189453125,-35.94970703125,-14.892578125,-4.5166015625,2.226682186126709,44.58032989501953,-5.992912292480469
-0.103515625,0.920654296875,0.421142578125,-40.10009765625,-14.404296875,-7.8125,2.1815390586853027,43.75020599365234,-6.589747428894043
-0.098388671875,0.88671875,0.42626953125,-39.85595703125,-13.5498046875,-11.8408203125,2.2589259147644043,42.91617965698242,-7.2781715393066415
-0.09619140625,0.888427734375,0.44921875,-41.015625,-15.44189453125,-16.11328125,2.3746283054351807,42.01637649536133,-8.142041206359862
-0.09423828125,0.88232421875,0.464599609375,-43.9453125,-15.869140625,-19.6533203125,2.5473318099975586,40.991119384765625,-9.12136936187744
-0.097900390625,0.8720703125,0.47412109375,-42.78564453125,-15.0146484375,-21.97265625,2.791431188583374,40.015872955322266,-10.146942138671877
-0.10302734375,0.875244140625,0.48291015625,-45.5322265625,-13.3056640625,-21.78955078125,3.0658812522888184,38.95172882080078,-11.12099838256836
-0.12841796875,0.8232421875,0.49853515625,-47.18017578125,-12.63427734375,-19.95849609375,3.352658033370972,37.772254943847656,-12.02340030670166
-0.125732421875,0.815673828125,0.498291015625,-42.724609375,-9.94873046875,-17.4560546875,3.6321542263031006,36.81066131591797,-12.776349067687988
-0.127685546875,0.8251953125,0.50830078125,-38.0859375,-7.4462890625,-14.16015625,3.8923616409301762,36.06904602050781,-13.359112739562988
-0.155517578125,0.824951171875,0.531494140625,-36.31591796875,-4.82177734375,-12.39013671875,4.237264156341554,35.38503646850586,-13.821916580200195
-0.198974609375,0.794189453125,0.55126953125,-35.21728515625,-2.99072265625,-10.68115234375,4.685522079467773,34.695579528808594,-14.188032150268555
-0.19873046875,0.786865234375,0.5556640625,-27.03857421875,-6.2255859375,-8.48388671875,4.958556652069092,34.338306427001946,-14.549348831176758
-0.187255859375,0.811767578125,0.564453125,-27.587890625,-8.48388671875,-9.33837890625,5.127962589263916,33.98184585571289,-14.983545303344727
-0.18798828125,0.834228515625,0.589599609375,-32.958984375,-9.70458984375,-13.73291015625,5.3325300216674805,33.39247894287109,-15.589374542236328
-0.189208984375,0.7939453125,0.5732421875,-37.29248046875,-13.48876953125,-18.49365234375,5.518578052520752,32.60336685180664,-16.43624496459961
-0.16015625,0.803955078125,0.56494140625,-36.80419921875,-14.46533203125,-22.15576171875,5.666874885559082,31.877180099487305,-17.418876647949222
-0.15625,0.79638671875,0.58642578125,-38.330078125,-13.24462890625,-24.23095703125,5.868519306182861,31.06357765197754,-18.44655036926269
-0.19580078125,0.783203125,0.592529296875,-36.4990234375,-12.5732421875,-22.705078125,6.130160808563232,30.32250213623047,-19.406776428222656
-0.1787109375,0.793701171875,0.595458984375,-31.79931640625,-12.87841796875,-21.1181640625,6.288012981414795,29.80927848815918,-20.3099422454834
-0.1767578125,0.828857421875,0.595703125,-35.46142578125,-12.63427734375,-21.54541015625,6.435291767120361,29.20915412902832,-21.213912963867188
-0.218017578125,0.769775390625,0.6220703125,-39.9169921875,-13.00048828125,-23.01025390625,6.677464008331299,28.31822204589844,-22.187294006347656
-0.214599609375,0.746826171875,0.640625,-35.94970703125,-13.0615234375,-20.93505859375,6.848342418670653,27.56235122680664,-23.08759307861328
-0.2177734375,0.7353515625,0.631591796875,-33.26416015625,-12.8173828125,-17.7001953125,6.965679168701173,26.95082664489746,-23.861366271972656
-0.21923828125,0.731689453125,0.64111328125,-32.40966796875,-12.0849609375,-15.2587890625,7.053633689880371,26.38616371154785,-24.53075790405273
-0.218017578125,0.723388671875,0.644775390625,-30.517578125,-10.6201171875,-14.404296875,7.167988300323486,25.906047821044922,-25.13996887207031
-0.224365234375,0.71142578125,0.661865234375,-29.78515625,-11.77978515625,-13.916015625,7.233468532562256,25.426204681396484,-25.752674102783203
-0.2177734375,0.707275390625,0.657958984375,-29.541015625,-12.26806640625,-13.97705078125,7.263387203216553,24.97298812866211,-26.37114334106445
-0.2021484375,0.685302734375,0.64892578125,-26.4892578125,-11.3525390625,-12.14599609375,7.26535177230835,24.65198516845703,-26.90488052368164
-0.194091796875,0.7099609375,0.6337890625,-22.4609375,-9.58251953125,-10.25390625,7.279101848602295,24.578369140625,-27.32877349853516
-0.216796875,0.723388671875,0.65966796875,-19.10400390625,-6.4697265625,-8.97216796875,7.420248985290527,24.62864875793457,-27.65573692321777
-0.21923828125,0.724365234375,0.6875,-21.66748046875,-6.2255859375,-7.32421875,7.531411170959473,24.54231262207031,-27.92182922363281
-0.238037109375,0.71044921875,0.697998046875,-24.23095703125,-8.48388671875,-7.50732421875,7.59871244430542,24.31134033203125,-28.235782623291016
-0.22509765625,0.703857421875,0.699462890625,-23.86474609375,-9.58251953125,-9.6435546875,7.630734443664551,24.08049011230469,-28.645000457763672
-0.229736328125,0.708740234375,0.699462890625,-26.42822265625,-10.31494140625,-10.68115234375,7.658450126647949,23.75571060180664,-29.10133552551269
-0.234130859375,0.685546875,0.686767578125,-26.18408203125,-10.8642578125,-10.19287109375,7.676259994506836,23.43559646606445,-29.547914505004886
-0.238525390625,0.676025390625,0.710693359375,-26.06201171875,-8.30078125,-8.30078125,7.756409645080566,23.096540451049805,-29.887025833129886
-0.2451171875,0.6845703125,0.717041015625,-23.5595703125,-8.056640625,-6.7138671875,7.825089931488037,22.881328582763672,-30.15905570983887
-0.237060546875,0.67919921875,0.693115234375,-22.4609375,-8.72802734375,-6.591796875,7.858761787414551,22.743757247924805,-30.43061065673828
-0.240234375,0.684326171875,0.70751953125,-23.681640625,-8.544921875,-7.26318359375,7.906413555145264,22.546316146850586,-30.72445297241211
-0.252197265625,0.672119140625,0.718994140625,-20.8740234375,-9.1552734375,-5.55419921875,7.92686653137207,22.437902450561523,-30.96689224243164
-0.2294921875,0.693115234375,0.710205078125,-20.93505859375,-9.033203125,-4.33349609375,7.88144063949585,22.38698005676269,-31.153602600097656
-0.261962890625,0.68505859375,0.721435546875,-24.4140625,-9.33837890625,-5.2490234375,7.906376838684082,22.159757614135746,-31.384233474731445
-0.256103515625,0.64892578125,0.73193359375,-23.4375,-11.474609375,-6.103515625,7.856422424316406,21.89992332458496,-31.68658447265625
-0.243408203125,0.656982421875,0.73681640625,-24.35302734375,-13.3056640625,-5.37109375,7.696475028991699,21.622671127319336,-31.9853630065918
-0.244140625,0.640869140625,0.720703125,-25.390625,-12.0849609375,-6.04248046875,7.609663009643555,21.309694290161133,-32.290481567382805
-0.244140625,0.635986328125,0.735595703125,-24.4140625,-10.43701171875,-6.16455078125,7.581745624542236,21.021635055541992,-32.57750701904297
-0.227783203125,0.6328125,0.72802734375,-22.705078125,-9.58251953125,-6.04248046875,7.552283763885497,20.822900772094727,-32.84383773803711
-0.232421875,0.638427734375,0.742431640625,-21.6064453125,-9.1552734375,-5.615234375,7.535115718841553,20.667274475097656,-33.087879180908196
-0.23388671875,0.63720703125,0.748291015625,-21.05712890625,-8.48388671875,-5.37109375,7.540437698364258,20.531761169433594,-33.313220977783196
-0.243408203125,0.62353515625,0.7587890625,-21.484375,-7.9345703125,-5.06591796875,7.580474376678468,20.348312377929688,-33.52310943603516
-0.2412109375,0.609130859375,0.763427734375,-20.69091796875,-9.33837890625,-5.2490234375,7.565180778503418,20.16946792602539,-33.761505126953125
-0.24169921875,0.599853515625,0.7578125,-21.05712890625,-9.21630859375,-6.103515625,7.572131156921388,19.96988296508789,-34.03018951416016
-0.226318359375,0.632568359375,0.77197265625,-19.34814453125,-8.30078125,-5.9814453125,7.562952518463135,19.888206481933594,-34.274200439453125
-0.22705078125,0.621337890625,0.75341796875,-18.24951171875,-5.0048828125,-4.7607421875,7.673216342926025,19.870445251464844,-34.425281524658196
-0.22509765625,0.609375,0.76611328125,-16.11328125,-3.60107421875,-3.35693359375,7.805738925933838,19.91119956970215,-34.507125854492195
-0.235107421875,0.606689453125,0.760986328125,-18.00537109375,-4.33349609375,-3.84521484375,7.937351703643799,19.87129020690918,-34.61632537841797
-0.252685546875,0.614990234375,0.773681640625,-18.98193359375,-5.55419921875,-7.14111328125,8.09272289276123,19.76898956298828,-34.866439819335945
-0.25927734375,0.5908203125,0.793212890625,-18.9208984375,-5.55419921875,-9.46044921875,8.283566474914549,19.59217643737793,-35.211936950683594
-0.264404296875,0.603515625,0.79296875,-19.4091796875,-6.34765625,-8.48388671875,8.431069374084473,19.42691802978516,-35.524620056152344
-0.25927734375,0.6025390625,0.788330078125,-19.04296875,-5.4931640625,-5.43212890625,8.555591583251951,19.305519104003906,-35.70570373535156
-0.26123046875,0.590576171875,0.777099609375,-19.22607421875,-6.2255859375,-3.23486328125,8.631424903869629,19.184904098510746,-35.8114013671875
-0.2685546875,0.603271484375,0.796875,-18.24951171875,-6.77490234375,-3.11279296875,8.684158325195312,19.103647232055664,-35.918296813964844
-0.270751953125,0.569580078125,0.788330078125,-18.24951171875,-7.38525390625,-3.84521484375,8.73911190032959,18.970579147338867,-36.06748580932617
-0.25439453125,0.55615234375,0.79736328125,-16.29638671875,-7.50732421875,-3.96728515625,8.752053260803223,18.886518478393555,-36.22600555419922
-0.24169921875,0.583251953125,0.78662109375,-16.17431640625,-5.67626953125,-3.173828125,8.794557571411133,18.8828067779541,-36.319244384765625
-0.260009765625,0.5693359375,0.796142578125,-12.75634765625,-4.94384765625,0.1220703125,8.858490943908691,18.996849060058594,-36.282203674316406
-0.23193359375,0.591796875,0.784912109375,-11.474609375,-4.69970703125,2.25830078125,8.8406343460083,19.22895812988281,-36.15150833129883
-0.2451171875,0.574951171875,0.799072265625,-12.39013671875,-3.47900390625,1.8310546875,8.9002103805542,19.36637306213379,-36.03081512451172
-0.2548828125,0.593994140625,0.799560546875,-12.39013671875,-4.0283203125,-1.46484375,8.996649742126465,19.509708404541016,-36.038909912109375
-0.255126953125,0.586669921875,0.79248046875,-13.12255859375,-4.21142578125,-2.74658203125,9.105527877807617,19.60611343383789,-36.09919357299805
-0.256103515625,0.587890625,0.793212890625,-14.83154296875,-3.90625,-3.35693359375,9.231405258178713,19.628662109375,-36.17807388305664
-0.271728515625,0.57763671875,0.79736328125,-16.29638671875,-3.7841796875,-3.2958984375,9.389996528625488,19.566650390625,-36.25607681274414
-0.2802734375,0.575439453125,0.8134765625,-14.46533203125,-3.47900390625,-1.40380859375,9.538673400878906,19.567724227905273,-36.25946044921875
-0.26953125,0.583984375,0.813720703125,-15.380859375,-5.37109375,-1.953125,9.593179702758787,19.540966033935547,-36.305320739746094
-0.2900390625,0.55712890625,0.816650390625,-18.37158203125,-6.65283203125,-3.35693359375,9.66432285308838,19.32936286926269,-36.43083190917969
-0.27783203125,0.554443359375,0.801513671875,-18.24951171875,-7.38525390625,-3.662109375,9.692024230957033,19.141794204711914,-36.572486877441406
-0.266845703125,0.5693359375,0.822998046875,-18.4326171875,-7.62939453125,-5.126953125,9.689716339111328,18.94727897644043,-36.77066040039063
-0.26708984375,0.5458984375,0.805419921875,-20.08056640625,-8.85009765625,-4.94384765625,9.653661727905273,18.67101287841797,-36.97962951660156
-0.25732421875,0.539794921875,0.80810546875,-19.775390625,-8.6669921875,-3.84521484375,9.589893341064453,18.41204643249512,-37.14337539672852
-0.25830078125,0.527099609375,0.80810546875,-17.27294921875,-7.2021484375,-3.0517578125,9.578479766845703,18.24708747863769,-37.25962448120117
-0.256103515625,0.536376953125,0.819091796875,-14.95361328125,-5.4931640625,-0.91552734375,9.59259796142578,18.203289031982425,-37.26935577392578
-0.28076171875,0.53369140625,0.81591796875,-14.09912109375,-4.94384765625,-0.54931640625,9.67762851715088,18.193836212158203,-37.25830841064453
-0.263671875,0.523193359375,0.826171875,-15.07568359375,-6.2255859375,-2.197265625,9.691709518432617,18.103403091430664,-37.331016540527344
-0.290771484375,0.529296875,0.809814453125,-15.13671875,-9.033203125,-5.37109375,9.703776359558104,18.013591766357422,-37.55619812011719
-0.258056640625,0.545654296875,0.815673828125,-13.85498046875,-9.521484375,-5.126953125,9.616393089294434,18.007692337036133,-37.77198028564453
-0.268798828125,0.533447265625,0.816650390625,-14.404296875,-8.23974609375,-2.3193359375,9.571561813354492,17.975709915161133,-37.86843872070313
-0.263671875,0.5341796875,0.8056640625,-12.02392578125,-4.94384765625,0.244140625,9.616363525390623,18.07806968688965,-37.822166442871094
-0.26513671875,0.517333984375,0.834228515625,-11.8408203125,-3.47900390625,-0.8544921875,9.7202787399292,18.115283966064453,-37.81117630004883
-0.282470703125,0.51513671875,0.831787109375,-12.14599609375,-3.11279296875,-2.13623046875,9.888824462890623,18.127521514892575,-37.84505462646485
-0.268798828125,0.5302734375,0.835205078125,-12.6953125,-4.638671875,-3.5400390625,9.976099014282227,18.13119888305664,-37.9464111328125
-0.2802734375,0.518798828125,0.83544921875,-11.29150390625,-5.18798828125,-0.8544921875,10.032671928405762,18.184001922607425,-37.95441436767578
-0.248046875,0.523681640625,0.808349609375,-10.19287109375,-5.92041015625,1.28173828125,9.976545333862305,18.335851669311523,-37.881534576416016
-0.261474609375,0.53125,0.808837890625,-11.1083984375,-4.82177734375,-0.18310546875,10.009758949279783,18.44978904724121,-37.85108947753906
-0.271728515625,0.52001953125,0.847412109375,-9.6435546875,-4.39453125,-1.0986328125,10.073305130004883,18.546384811401367,-37.86280822753906
-0.263427734375,0.526123046875,0.842529296875,-9.6435546875,-4.08935546875,-0.3662109375,10.120221138000488,18.66279411315918,-37.83954620361328
-0.275634765625,0.516845703125,0.84228515625,-8.60595703125,-3.90625,1.46484375,10.176786422729492,18.81021881103516,-37.74742889404297
-0.271484375,0.531982421875,0.836181640625,-9.33837890625,-3.90625,2.99072265625,10.20214557647705,18.96900749206543,-37.591209411621094
-0.268310546875,0.517578125,0.830322265625,-8.6669921875,-2.99072265625,2.0751953125,10.272259712219238,19.124305725097656,-37.46293640136719
-0.28466796875,0.519775390625,0.84521484375,-7.62939453125,-2.685546875,1.28173828125,10.387296676635742,19.296010971069336,-37.36442565917969
-0.28173828125,0.529052734375,0.83740234375,-8.97216796875,-4.638671875,1.708984375,10.4144287109375,19.43240165710449,-37.271751403808594
-0.27294921875,0.51953125,0.817138671875,-8.23974609375,-5.4931640625,1.89208984375,10.400487899780273,19.59804344177246,-37.18377685546875
-0.27734375,0.526611328125,0.83056640625,-7.6904296875,-5.31005859375,2.86865234375,10.380829811096193,19.783899307250977,-37.05831146240234
-0.271240234375,0.52587890625,0.829833984375,-8.23974609375,-4.94384765625,3.173828125,10.35871410369873,19.943803787231445,-36.91831970214844
-0.2724609375,0.53662109375,0.818603515625,-8.9111328125,-4.57763671875,1.64794921875,10.377755165100098,20.09420585632324,-36.827430725097656
-0.269775390625,0.51904296875,0.846923828125,-9.21630859375,-4.8828125,0.42724609375,10.384613037109377,20.15233421325684,-36.80066680908203
-0.278076171875,0.515625,0.8310546875,-10.68115234375,-5.0048828125,0.30517578125,10.415332794189453,20.159013748168945,-36.77897644042969
-0.275146484375,0.5185546875,0.84130859375,-8.9111328125,-4.638671875,0.42724609375,10.444315910339355,20.23218536376953,-36.748294830322266
-0.27197265625,0.528076171875,0.84326171875,-9.21630859375,-3.72314453125,1.03759765625,10.487872123718262,20.313087463378906,-36.67894744873047
-0.268798828125,0.540283203125,0.834716796875,-8.97216796875,-3.23486328125,0.732421875,10.547015190124512,20.43272590637207,-36.60867309570313
-0.2822265625,0.515380859375,0.82861328125,-9.46044921875,-3.35693359375,0.18310546875,10.644808769226074,20.482545852661133,-36.56945037841797
-0.2802734375,0.51123046875,0.830322265625,-9.765625,-4.08935546875,-0.67138671875,10.719319343566896,20.500667572021484,-36.5748176574707
-0.283935546875,0.527587890625,0.8330078125,-9.6435546875,-4.21142578125,0.18310546875,10.77658748626709,20.556421279907227,-36.54376983642578
-0.267333984375,0.518310546875,0.826904296875,-9.1552734375,-4.69970703125,0.244140625,10.782710075378418,20.619855880737305,-36.51914978027344
-0.266845703125,0.537841796875,0.82275390625,-10.009765625,-4.2724609375,0.0,10.804441452026367,20.68814468383789,-36.49035263061523
-0.2666015625,0.536865234375,0.828857421875,-9.1552734375,-3.662109375,0.8544921875,10.832412719726562,20.786701202392575,-36.42238998413086
-0.2607421875,0.508056640625,0.8388671875,-8.4228515625,-2.8076171875,2.38037109375,10.85822296142578,20.858163833618164,-36.29717254638672
-0.284423828125,0.50341796875,0.835693359375,-8.4228515625,-3.60107421875,1.64794921875,10.91739273071289,20.91166877746582,-36.213417053222656
-0.274169921875,0.51611328125,0.841796875,-8.9111328125,-4.0283203125,1.64794921875,10.929954528808594,20.96116828918457,-36.1324462890625
-0.2861328125,0.510986328125,0.83154296875,-7.99560546875,-3.60107421875,2.5634765625,10.977078437805176,21.053544998168945,-36.010746002197266
-0.280517578125,0.51513671875,0.832275390625,-7.50732421875,-3.90625,3.96728515625,10.97713851928711,21.17891502380371,-35.83932113647461
-0.280029296875,0.524658203125,0.841552734375,-7.2021484375,-4.45556640625,4.150390625,10.945261001586914,21.318967819213867,-35.66899871826172
-0.276123046875,0.516845703125,0.829345703125,-8.60595703125,-4.57763671875,2.5634765625,10.93320369720459,21.38514518737793,-35.56261444091797
-0.269287109375,0.525390625,0.82666015625,-7.568359375,-4.150390625,1.40380859375,10.938935279846193,21.503135681152344,-35.49075698852539
-0.276611328125,0.529541015625,0.829833984375,-9.33837890625,-4.0283203125,2.01416015625,10.9528169631958,21.55413627624512,-35.39449691772461
-0.28369140625,0.521240234375,0.82568359375,-8.6669921875,-3.7841796875,1.28173828125,11.005370140075684,21.61361312866211,-35.32500457763672
-0.286376953125,0.521484375,0.825927734375,-9.33837890625,-4.82177734375,0.244140625,11.038206100463867,21.63345718383789,-35.310707092285156
-0.27685546875,0.515625,0.83642578125,-8.85009765625,-5.615234375,0.244140625,11.01577854156494,21.6474609375,-35.31263732910156
-0.280517578125,0.500244140625,0.8359375,-9.21630859375,-4.69970703125,1.46484375,11.02209186553955,21.628219604492188,-35.26055908203125
-0.275146484375,0.514404296875,0.819580078125,-7.50732421875,-4.69970703125,2.44140625,11.007630348205566,21.731670379638672,-35.16223907470703
-0.26416015625,0.51416015625,0.82275390625,-7.080078125,-3.60107421875,2.8076171875,11.003311157226562,21.85086441040039,-35.035232543945305
-0.289794921875,0.525390625,0.843017578125,-7.568359375,-3.11279296875,3.23486328125,11.05140209197998,21.946195602416992,-34.886756896972656
-0.280029296875,0.534423828125,0.83056640625,-8.36181640625,-3.35693359375,2.38037109375,11.085086822509766,22.031700134277344,-34.76868438720703
-0.28271484375,0.512451171875,0.84423828125,-8.4228515625,-3.60107421875,1.0986328125,11.131387710571287,22.04379653930664,-34.71461868286133
-0.2939453125,0.5068359375,0.83935546875,-8.4228515625,-4.08935546875,0.42724609375,11.195839881896973,22.042726516723636,-34.69452667236328
-0.27783203125,0.525146484375,0.830810546875,-7.99560546875,-4.2724609375,1.64794921875,11.198473930358887,22.113605499267575,-34.62157821655273
-0.260498046875,0.51953125,0.8349609375,-7.9345703125,-3.96728515625,1.03759765625,11.183475494384766,22.166698455810547,-34.570411682128906
-0.273681640625,0.53125,0.8408203125,-8.72802734375,-4.150390625,1.5869140625,11.176194190979004,22.203866958618164,-34.49920654296875
-0.27294921875,0.50732421875,0.832275390625,-9.27734375,-4.638671875,1.03759765625,11.168427467346193,22.176197052001953,-34.46378326416016
-0.26611328125,0.50927734375,0.8251953125,-8.97216796875,-4.0283203125,1.0986328125,11.17115879058838,22.17660903930664,-34.413902282714844
-0.263916015625,0.51171875,0.832275390625,-8.30078125,-4.57763671875,0.79345703125,11.148990631103516,22.19668197631836,-34.38463592529297
-0.270263671875,0.518310546875,0.83251953125,-7.4462890625,-3.2958984375,3.11279296875,11.151735305786133,22.282670974731445,-34.24609375
-0.274658203125,0.51318359375,0.835205078125,-8.056640625,-2.3193359375,2.99072265625,11.201300621032717,22.329679489135746,-34.10048675537109
-0.27734375,0.5234375,0.83447265625,-7.9345703125,-3.11279296875,2.86865234375,11.224940299987793,22.396799087524414,-33.96799468994141
-0.26806640625,0.534423828125,0.826416015625,-8.30078125,-4.2724609375,3.47900390625,11.17722988128662,22.47880744934082,-33.825027465820305
-0.27392578125,0.53173828125,0.825927734375,-8.23974609375,-4.5166015625,3.662109375,11.132862091064453,22.555402755737305,-33.68128204345703
-0.279052734375,0.534912109375,0.83740234375,-8.4228515625,-4.39453125,4.2724609375,11.089096069335938,22.618492126464844,-33.515396118164055
-0.276611328125,0.50927734375,0.84130859375,-8.36181640625,-3.90625,4.0283203125,11.067889213562012,22.628034591674805,-33.36233901977539
-0.28076171875,0.515380859375,0.83154296875,-9.1552734375,-3.35693359375,3.23486328125,11.092516899108887,22.6240291595459,-33.226356506347656
-0.279296875,0.523193359375,0.830078125,-8.48388671875,-4.5166015625,2.99072265625,11.072903633117676,22.65850067138672,-33.114330291748054
-0.28173828125,0.5068359375,0.8349609375,-8.7890625,-4.5166015625,2.01416015625,11.075875282287598,22.635046005249023,-33.04677581787109
-0.279296875,0.516845703125,0.827392578125,-9.70458984375,-4.8828125,2.0751953125,11.060701370239258,22.60360145568848,-32.97693634033203
-0.28173828125,0.526611328125,0.824462890625,-8.72802734375,-4.08935546875,2.9296875,11.066407203674316,22.64277267456055,-32.857994079589844
-0.292236328125,0.515380859375,0.83154296875,-8.7890625,-3.173828125,2.99072265625,11.125929832458496,22.65053749084473,-32.72869110107422
-0.29248046875,0.520751953125,0.8369140625,-8.6669921875,-2.9296875,2.50244140625,11.19562530517578,22.664316177368164,-32.61279296875
-0.27587890625,0.525634765625,0.831787109375,-9.765625,-4.45556640625,0.67138671875,11.20108413696289,22.63257598876953,-32.586193084716804
-0.295654296875,0.50146484375,0.8359375,-10.7421875,-5.37109375,0.6103515625,11.21971607208252,22.506784439086914,-32.58642578125
-0.275390625,0.513427734375,0.8251953125,-8.85009765625,-4.7607421875,1.5869140625,11.204717636108398,22.507713317871094,-32.53139495849609
-0.2666015625,0.510498046875,0.832763671875,-8.11767578125,-5.0048828125,2.3193359375,11.147817611694336,22.52876853942871,-32.45537567138672
-0.26904296875,0.52783203125,0.835205078125,-7.01904296875,-4.08935546875,3.173828125,11.113299369812012,22.631988525390625,-32.32755279541016
-0.27392578125,0.520263671875,0.8271484375,-8.056640625,-3.0517578125,3.35693359375,11.131916999816896,22.688661575317386,-32.17895126342773
-0.27734375,0.5185546875,0.829833984375,-7.26318359375,-2.38037109375,2.99072265625,11.186261177062988,22.767507553100586,-32.035266876220696
-0.3017578125,0.51953125,0.839599609375,-8.6669921875,-3.11279296875,2.74658203125,11.26113986968994,22.771827697753906,-31.915142059326172
-0.31005859375,0.5205078125,0.85302734375,-8.72802734375,-4.08935546875,3.5400390625,11.294180870056152,22.76249694824219,-31.78301048278809
-0.282470703125,0.513427734375,0.845458984375,-6.89697265625,-5.2490234375,3.96728515625,11.225220680236816,22.823490142822266,-31.65336990356445
-0.29052734375,0.507568359375,0.845947265625,-6.9580078125,-5.31005859375,3.60107421875,11.180561065673828,22.86415672302246,-31.542070388793945
-0.271484375,0.501708984375,0.8369140625,-4.69970703125,-4.2724609375,4.638671875,11.125320434570312,23.00422668457031,-31.37600898742676
-0.27099609375,0.49853515625,0.82861328125,-3.90625,-3.47900390625,6.16455078125,11.081186294555664,23.18697166442871,-31.14137077331543
-0.28955078125,0.5078125,0.8232421875,-3.2958984375,-2.3193359375,6.4697265625,11.116048812866213,23.415456771850586,-30.87445831298828
-0.270751953125,0.498046875,0.81298828125,-1.03759765625,-1.52587890625,7.568359375,11.12750244140625,23.729984283447266,-30.55691337585449
-0.270751953125,0.51171875,0.82470703125,1.40380859375,-1.0986328125,8.97216796875,11.119175910949707,24.154035568237305,-30.18078422546387
-0.286865234375,0.50341796875,0.8291015625,4.33349609375,-0.42724609375,13.0615234375,11.099411964416504,24.68708419799805,-29.65055274963379
-0.271484375,0.494873046875,0.82177734375,7.50732421875,0.0,15.0146484375,11.030756950378418,25.33315277099609,-29.04882431030273
-0.270263671875,0.520263671875,0.818359375,10.07080078125,-0.3662109375,16.845703125,10.90469455718994,26.120248794555664,-28.38443946838379
-0.265869140625,0.537841796875,0.809814453125,11.04736328125,1.15966796875,17.39501953125,10.808989524841307,26.96713638305664,-27.67483901977539
-0.25927734375,0.5673828125,0.798095703125,12.5732421875,2.50244140625,17.822265625,10.729148864746094,27.918588638305664,-26.92237663269043
-0.2763671875,0.57568359375,0.804931640625,10.68115234375,2.25830078125,18.73779296875,10.645798683166504,28.76642799377441,-26.15235710144043
-0.276611328125,0.573974609375,0.78173828125,10.7421875,1.5869140625,18.6767578125,10.545486450195312,29.605918884277344,-25.40380477905273
-0.267822265625,0.589111328125,0.786865234375,9.765625,1.220703125,17.333984375,10.42688274383545,30.383310317993164,-24.7175350189209
-0.263671875,0.61474609375,0.78076171875,7.2021484375,0.79345703125,15.13671875,10.320895195007324,31.06511116027832,-24.11751747131348
-0.25439453125,0.615966796875,0.77099609375,3.11279296875,1.52587890625,12.5732421875,10.275615692138672,31.558977127075195,-23.5967960357666
-0.29443359375,0.59716796875,0.798095703125,2.13623046875,1.52587890625,11.65771484375,10.325313568115234,31.9164981842041,-23.126079559326172
-0.286376953125,0.60546875,0.786376953125,2.197265625,-0.30517578125,12.8173828125,10.269946098327637,32.293163299560554,-22.6531982421875
-0.30078125,0.61181640625,0.785888671875,-0.91552734375,-1.89208984375,11.23046875,10.223105430603027,32.52555465698242,-22.272140502929688
-0.274169921875,0.606201171875,0.78662109375,-1.8310546875,-2.0751953125,9.27734375,10.158547401428224,32.68979263305664,-21.966663360595703
-0.285400390625,0.603515625,0.792724609375,-2.01416015625,-1.708984375,8.1787109375,10.153368949890137,32.82135772705078,-21.695180892944336
-0.275634765625,0.673583984375,0.77197265625,-3.7841796875,-2.50244140625,6.53076171875,10.12325954437256,33.012657165527344,-21.47247314453125
-0.266845703125,0.624267578125,0.783447265625,-7.9345703125,-3.35693359375,4.08935546875,10.11101245880127,32.914146423339844,-21.37153625488281
-0.271240234375,0.626708984375,0.766357421875,-9.46044921875,-5.18798828125,1.8310546875,10.103645324707033,32.765625,-21.38223648071289
-0.26708984375,0.64990234375,0.760498046875,-11.41357421875,-4.82177734375,-1.0986328125,10.15839958190918,32.577247619628906,-21.474809646606445
-0.251220703125,0.651611328125,0.77099609375,-14.83154296875,-4.08935546875,-1.40380859375,10.203039169311523,32.250057220458984,-21.561599731445312
-0.27587890625,0.62548828125,0.786376953125,-15.93017578125,-4.08935546875,-0.67138671875,10.2827787399292,31.82866477966309,-21.632471084594727
-0.263916015625,0.6044921875,0.773681640625,-16.54052734375,-2.86865234375,-2.197265625,10.419595718383787,31.37548065185547,-21.729217529296875
-0.283935546875,0.60302734375,0.7783203125,-16.78466796875,-2.99072265625,-4.57763671875,10.636220932006836,30.90411949157715,-21.909313201904297
-0.287109375,0.611328125,0.79443359375,-17.578125,-4.69970703125,-4.7607421875,10.78388214111328,30.40397834777832,-22.128421783447266
-0.2802734375,0.586669921875,0.78369140625,-17.7001953125,-6.4697265625,-3.60107421875,10.838598251342773,29.88950538635254,-22.3437614440918
-0.28515625,0.564208984375,0.80078125,-16.66259765625,-7.14111328125,-2.99072265625,10.862728118896484,29.374086380004886,-22.5578670501709
-0.27197265625,0.576416015625,0.782958984375,-14.58740234375,-7.01904296875,-2.8076171875,10.862174034118652,29.01002311706543,-22.74839782714844
-0.2568359375,0.578857421875,0.791259765625,-13.61083984375,-7.8125,-3.23486328125,10.803589820861816,28.688201904296875,-22.966711044311523
-0.252685546875,0.576171875,0.79150390625,-14.404296875,-8.30078125,-2.5634765625,10.707852363586426,28.34551239013672,-23.16808319091797
-0.2509765625,0.5771484375,0.78076171875,-14.58740234375,-7.568359375,-3.35693359375,10.656644821166992,28.02281379699707,-23.377227783203125
-0.265380859375,0.588134765625,0.7802734375,-11.1083984375,-6.103515625,-1.03759765625,10.64301300048828,27.89191818237305,-23.46826171875
-0.269287109375,0.577392578125,0.7890625,-10.8642578125,-5.859375,2.13623046875,10.58623504638672,27.766326904296875,-23.44506072998047
-0.24951171875,0.58056640625,0.775146484375,-11.3525390625,-4.69970703125,2.9296875,10.520965576171877,27.661285400390625,-23.365291595458984
-0.2646484375,0.558837890625,0.78125,-10.1318359375,-4.0283203125,1.3427734375,10.547889709472656,27.55111694335937,-23.33848571777344
-0.272216796875,0.55419921875,0.805419921875,-8.544921875,-5.2490234375,1.52587890625,10.53257656097412,27.46529769897461,-23.33428192138672
-0.27490234375,0.53125,0.79541015625,-6.4697265625,-5.92041015625,2.74658203125,10.489623069763184,27.44011688232422,-23.303607940673828
-0.255859375,0.548828125,0.80078125,-2.01416015625,-4.8828125,7.01904296875,10.356488227844238,27.65299987792969,-23.09423637390137
-0.2490234375,0.5634765625,0.7861328125,1.64794921875,-3.0517578125,9.521484375,10.233314514160156,28.07217788696289,-22.755184173583984
-0.2509765625,0.54345703125,0.7890625,4.2724609375,-2.01416015625,9.033203125,10.166735649108887,28.53742599487305,-22.426868438720703
-0.231201171875,0.580078125,0.7822265625,6.591796875,-0.79345703125,8.9111328125,10.094074249267578,29.15881538391113,-22.070676803588867
-0.25830078125,0.586669921875,0.784423828125,7.26318359375,0.8544921875,10.07080078125,10.11096477508545,29.802600860595703,-21.645862579345703
-0.2548828125,0.577880859375,0.764892578125,8.72802734375,2.62451171875,12.87841796875,10.131591796875,30.51376724243164,-21.090669631958008
-0.247314453125,0.57275390625,0.784912109375,13.7939453125,4.08935546875,16.7236328125,10.0902738571167,31.391603469848636,-20.384492874145508
-0.253662109375,0.56640625,0.78369140625,16.17431640625,4.21142578125,20.32470703125,9.984169006347656,32.34029006958008,-19.56301498413086
-0.246826171875,0.58837890625,0.762939453125,18.00537109375,3.72314453125,20.5078125,9.83582878112793,33.390907287597656,-18.746198654174805
-0.25341796875,0.58447265625,0.769287109375,19.775390625,2.74658203125,20.751953125,9.653851509094238,34.44917678833008,-17.96014976501465
-0.271728515625,0.572998046875,0.73486328125,23.8037109375,2.8076171875,22.76611328125,9.481264114379883,35.66154479980469,-17.116003036499027
-0.238037109375,0.622802734375,0.73095703125,29.1748046875,2.8076171875,26.55029296875,9.115318298339844,37.15307235717773,-16.15217399597168
-0.24169921875,0.630126953125,0.724853515625,29.23583984375,4.08935546875,29.96826171875,8.704339027404785,38.62392807006836,-15.06964874267578
-0.24072265625,0.64599609375,0.726318359375,32.16552734375,4.7607421875,33.3251953125,8.208987236022951,40.186614990234375,-13.888850212097168
-0.2412109375,0.638671875,0.72998046875,35.21728515625,3.90625,36.31591796875,7.599781513214111,41.787330627441406,-12.673458099365234
-0.208984375,0.653564453125,0.683349609375,36.9873046875,3.35693359375,38.818359375,6.837722301483153,43.48487091064453,-11.421573638916016
-0.211669921875,0.6298828125,0.685546875,39.1845703125,3.60107421875,38.2080078125,6.108243942260742,45.1384391784668,-10.224761962890623
-0.228515625,0.633056640625,0.688720703125,45.0439453125,3.173828125,39.55078125,5.357970714569092,46.94637680053711,-9.039690971374512
-0.196533203125,0.7080078125,0.656494140625,53.16162109375,-1.46484375,49.560546875,4.087971210479736,49.17130661010742,-7.754218578338622
-0.17919921875,0.699462890625,0.615478515625,52.42919921875,-1.5869140625,51.7578125,2.7262206077575684,51.30825805664063,-6.479174613952638
-0.180419921875,0.67041015625,0.6123046875,51.57470703125,0.67138671875,46.38671875,1.6129394769668581,53.25439834594727,-5.328749656677246
-0.17822265625,0.66943359375,0.594482421875,49.62158203125,-2.197265625,35.21728515625,0.8022969365119934,55.05001831054688,-4.578991889953613
-0.156982421875,0.678955078125,0.5859375,45.47119140625,-6.28662109375,28.50341796875,0.08059127628803253,56.62808609008789,-4.149350643157959
-0.159912109375,0.669921875,0.569091796875,40.46630859375,-13.00048828125,23.01025390625,-0.567995548248291,57.95904541015625,-4.089442253112793
-0.1328125,0.639892578125,0.513916015625,36.62109375,-20.32470703125,16.78466796875,-1.17597234249115,59.15082550048828,-4.430018901824951
-0.091552734375,0.63671875,0.47216796875,37.841796875,-22.8271484375,13.12255859375,-1.7779302597045898,60.43763732910156,-4.9503746032714835
-0.08154296875,0.6708984375,0.416015625,40.83251953125,-21.05712890625,10.009765625,-2.2270066738128658,61.9854507446289,-5.4918622970581055
-0.09619140625,0.65625,0.42041015625,46.142578125,-13.427734375,10.43701171875,-2.4755613803863525,63.644126892089844,-5.769104480743407
-0.082763671875,0.70703125,0.4208984375,52.55126953125,-10.43701171875,13.85498046875,-2.8280513286590576,65.56137084960939,-5.898124694824219
-0.07958984375,0.7666015625,0.408203125,55.35888671875,-10.6201171875,16.2353515625,-3.2709429264068604,67.62300109863281,-6.019979476928711
-0.0830078125,0.83544921875,0.37646484375,49.49951171875,-9.033203125,10.1318359375,-3.4435038566589355,69.52241516113281,-6.200568199157715
-0.072265625,0.873046875,0.373779296875,42.8466796875,-7.9345703125,2.5634765625,-3.3369417190551762,71.1281967163086,-6.455282211303711
-0.114990234375,0.860595703125,0.382568359375,39.12353515625,-6.8359375,-1.77001953125,-2.947993755340576,72.4912338256836,-6.721454620361327
-0.096923828125,0.92236328125,0.3720703125,37.59765625,-10.43701171875,-6.2255859375,-2.4934008121490483,73.8250503540039,-7.1805806159973145
-0.111572265625,0.93115234375,0.363037109375,33.935546875,-12.63427734375,-7.14111328125,-2.0029878616333012,74.98638916015625,-7.732173442840576
-0.11767578125,0.947998046875,0.333740234375,36.43798828125,-11.90185546875,-4.33349609375,-1.608900785446167,76.27085876464844,-8.227097511291504
-0.0986328125,1.001220703125,0.32080078125,39.48974609375,-9.33837890625,3.47900390625,-1.5508859157562256,77.68354797363281,-8.553055763244629
-0.138916015625,1.004638671875,0.302490234375,39.306640625,-5.92041015625,7.14111328125,-1.517270565032959,79.06928253173828,-8.720261573791504
-0.138671875,1.01953125,0.28076171875,38.75732421875,-5.67626953125,8.60595703125,-1.5392310619354248,80.43168640136719,-8.875604629516602
-0.141845703125,1.015869140625,0.287841796875,38.87939453125,-6.04248046875,10.986328125,-1.645550012588501,81.72935485839844,-9.037914276123047
-0.12060546875,1.042724609375,0.263427734375,36.865234375,-8.056640625,11.29150390625,-1.815385103225708,82.9624252319336,-9.289361953735352
-0.110595703125,1.0361328125,0.267333984375,32.1044921875,-8.30078125,10.498046875,-1.9628654718399048,83.94654083251953,-9.56160831451416
-0.125244140625,0.988037109375,0.244384765625,31.3720703125,-6.7138671875,11.474609375,-2.0891335010528564,84.88481903076172,-9.773123741149902
-0.13671875,1.014892578125,0.2333984375,35.15625,-8.9111328125,14.404296875,-2.311199426651001,85.97863006591797,-10.070601463317873
-0.084716796875,1.077392578125,0.234375,33.38623046875,-11.71875,15.56396484375,-2.6927564144134517,86.99037170410156,-10.487581253051758
-0.07421875,1.0107421875,0.206298828125,25.08544921875,-10.7421875,14.58740234375,-3.0235602855682373,87.66059875488281,-10.87479019165039
-0.10986328125,0.984375,0.222900390625,27.03857421875,-7.9345703125,13.85498046875,-3.222437858581543,88.33247375488281,-11.151511192321776
-0.134521484375,0.994140625,0.213134765625,30.57861328125,-11.29150390625,15.625,-3.4308588504791264,89.15557098388672,-11.566633224487305
-0.093505859375,1.07275390625,0.189453125,28.86962890625,-16.7236328125,14.09912109375,-3.6671874523162837,89.97303771972656,-12.210489273071287
-0.06201171875,1.062744140625,0.191650390625,21.66748046875,-16.05224609375,8.6669921875,-3.734504222869873,90.4618148803711,-12.829221725463867
-0.074462890625,1.03125,0.164794921875,16.41845703125,-12.3291015625,3.90625,-3.575652599334717,90.75678253173828,-13.300071716308596
-0.0771484375,1.000732421875,0.16015625,17.88330078125,-9.82666015625,2.99072265625,-3.37528657913208,91.09111785888672,-13.670924186706545
-0.09326171875,1.04150390625,0.151123046875,23.4375,-7.568359375,7.32421875,-3.3263442516326904,91.66150665283205,-13.958810806274414
-0.055908203125,1.101318359375,0.12646484375,24.90234375,-5.9814453125,10.7421875,-3.499870777130127,92.33113861083984,-14.194269180297852
-0.0732421875,1.076171875,0.14453125,17.9443359375,-4.2724609375,9.6435546875,-3.5861132144927983,92.6496810913086,-14.358415603637695
-0.088134765625,1.05126953125,0.121337890625,17.4560546875,-5.37109375,7.8125,-3.5569424629211426,92.98123931884766,-14.566061973571776
-0.08447265625,1.070068359375,0.122802734375,17.333984375,-7.62939453125,6.9580078125,-3.4993104934692383,93.30158233642578,-14.863256454467773
-0.08740234375,1.091552734375,0.11181640625,13.18359375,-8.36181640625,5.67626953125,-3.3868024349212646,93.47197723388672,-15.189346313476562
-0.0703125,1.085205078125,0.10009765625,8.36181640625,-8.60595703125,3.84521484375,-3.2385082244873047,93.46470642089844,-15.52279281616211
-0.08251953125,1.0576171875,0.08740234375,6.34765625,-8.72802734375,4.21142578125,-3.08056902885437,93.39840698242188,-15.864346504211426
-0.06982421875,1.05615234375,0.082763671875,8.7890625,-10.19287109375,7.87353515625,-3.0974373817443848,93.44490814208984,-16.274848937988278
-0.068115234375,1.051513671875,0.083740234375,7.6904296875,-10.498046875,8.30078125,-3.1327502727508545,93.44366455078124,-16.69851303100586
-0.06787109375,1.034912109375,0.07666015625,5.18798828125,-10.25390625,7.14111328125,-3.1195943355560303,93.35435485839844,-17.109979629516598
-0.067626953125,1.00927734375,0.1083984375,3.60107421875,-12.02392578125,4.638671875,-3.002283811569214,93.1338119506836,-17.582012176513672
-0.062744140625,0.9873046875,0.089111328125,2.44140625,-14.2822265625,2.25830078125,-2.798895835876465,92.91687774658205,-18.141521453857425
-0.05615234375,0.98876953125,0.08251953125,2.99072265625,-15.380859375,1.40380859375,-2.5840072631835938,92.74546813964844,-18.745023727416992
-0.042236328125,0.986328125,0.05908203125,4.0283203125,-15.7470703125,2.25830078125,-2.443066358566284,92.6739501953125,-19.36829376220703
-0.01025390625,1.019775390625,-0.002685546875,-2.5634765625,-9.33837890625,-1.0986328125,-3.3513293266296387,91.92157745361328,-24.85564613342285
-0.023193359375,1.011962890625,0.0048828125,-4.69970703125,-8.23974609375,-2.01416015625,-3.0744993686676025,91.64899444580078,-25.177797317504886
-0.1298828125,0.748779296875,-0.038330078125,2.86865234375,-4.57763671875,43.0908203125,-4.277108669281007,91.81417846679688,-25.42209053039551
0.05126953125,1.586181640625,-0.087890625,-9.21630859375,-5.2490234375,8.60595703125,-3.981070518493652,88.98638153076172,-27.72233390808105
-0.1298828125,0.887451171875,-0.00390625,-10.68115234375,-7.6904296875,3.662109375,-3.646830081939697,88.6145248413086,-28.03366851806641
-0.129638671875,1.0146484375,-0.091552734375,-10.986328125,-12.20703125,4.0283203125,-3.388548851013184,88.44829559326172,-28.53676986694336
