0.169921875,0.918701171875,0.388671875,-3.0517578125,2.62451171875,-1.03759765625,-13.660935401916506,67.22872924804689,161.33413696289062
0.137939453125,0.910400390625,0.4033203125,-2.86865234375,2.3193359375,-1.89208984375,-13.324925422668455,67.04078674316406,161.40533447265625
0.151123046875,0.928466796875,0.38037109375,-1.220703125,1.64794921875,-0.42724609375,-13.092891693115234,66.99230194091797,161.45730590820312
0.13330078125,0.954833984375,0.406494140625,-1.52587890625,1.28173828125,1.0986328125,-12.882344245910645,66.89987182617189,161.5262451171875
0.128173828125,0.968017578125,0.403564453125,-5.0048828125,-2.38037109375,6.65283203125,-12.926895141601562,66.70056915283203,161.54095458984375
0.159423828125,0.9404296875,0.37744140625,-5.37109375,-2.9296875,8.9111328125,-13.13914966583252,66.52135467529297,161.5641326904297
0.161376953125,0.928955078125,0.377685546875,-5.43212890625,-1.220703125,7.2021484375,-13.261301040649414,66.32790374755861,161.6256866455078
0.175048828125,0.913818359375,0.380859375,-6.9580078125,0.18310546875,2.3193359375,-13.212586402893065,66.06719970703125,161.66372680664062
0.160888671875,0.919189453125,0.37646484375,-7.26318359375,1.708984375,-1.8310546875,-12.957167625427244,65.82196807861328,161.68458557128906
0.130615234375,0.921630859375,0.386474609375,-6.65283203125,3.60107421875,-2.99072265625,-12.56941032409668,65.58099365234375,161.75839233398438
0.126953125,0.923583984375,0.3681640625,-8.1787109375,3.35693359375,-0.8544921875,-12.271971702575685,65.32454681396484,161.8475341796875
0.15283203125,0.909423828125,0.34765625,-7.6904296875,2.685546875,0.54931640625,-12.113340377807615,65.13053894042969,161.9270782470703
0.149658203125,0.90576171875,0.339599609375,-6.2255859375,5.126953125,-1.03759765625,-11.857810974121096,65.00476837158203,162.06568908691406
0.126708984375,0.901611328125,0.372802734375,-6.2255859375,5.31005859375,-2.25830078125,-11.50879192352295,64.81172943115234,162.2046356201172
0.12744140625,0.887451171875,0.345703125,-5.2490234375,6.9580078125,-1.64794921875,-11.17668628692627,64.69959259033203,162.4040985107422
0.138916015625,0.878662109375,0.3720703125,-2.13623046875,7.87353515625,-0.9765625,-10.89169692993164,64.64178466796875,162.6616973876953
0.138427734375,0.8720703125,0.40380859375,2.5634765625,9.46044921875,1.03759765625,-10.660030364990234,64.68183898925781,163.02688598632812
0.161376953125,0.896240234375,0.405517578125,8.97216796875,9.94873046875,5.37109375,-10.631312370300293,64.97972869873047,163.48170471191406
0.183349609375,0.940185546875,0.427001953125,11.23046875,12.20703125,4.8828125,-10.580806732177734,65.33917236328125,164.01437377929688
0.153564453125,1.0146484375,0.439697265625,9.70458984375,15.07568359375,0.1220703125,-10.229727745056152,65.66044616699219,164.56869506835938
0.172119140625,1.078125,0.442626953125,2.50244140625,13.12255859375,-3.47900390625,-9.815225601196287,65.75209808349611,164.98550415039062
0.155029296875,1.12451171875,0.4521484375,-3.7841796875,13.24462890625,-6.8359375,-9.249063491821287,65.61799621582031,165.34837341308594
0.176513671875,1.1220703125,0.484375,-10.8642578125,14.6484375,-9.21630859375,-8.630514144897461,65.15118408203125,165.72935485839844
0.14990234375,1.146240234375,0.49072265625,-16.9677734375,17.02880859375,-13.61083984375,-7.780073642730713,64.47039794921875,166.1118927001953
0.1328125,1.177490234375,0.500244140625,-21.484375,19.10400390625,-15.13671875,-6.831122398376465,63.64405822753906,166.52786254882812
0.128173828125,1.187744140625,0.496826171875,-21.54541015625,18.98193359375,-9.765625,-6.098376274108888,62.85795593261719,167.0192108154297
0.13818359375,1.231689453125,0.43310546875,-22.88818359375,25.146484375,4.33349609375,-5.790483474731445,62.13608932495117,167.9662322998047
0.1181640625,1.216552734375,0.390625,-30.029296875,29.23583984375,7.01904296875,-5.469719886779785,61.20600891113281,169.09617614746094
0.092041015625,1.171142578125,0.386962890625,-39.6728515625,32.3486328125,1.46484375,-4.8455095291137695,59.919166564941406,170.21900939941406
0.0546875,1.12158203125,0.37109375,-52.490234375,34.0576171875,-14.0380859375,-3.586869955062866,58.21009063720703,171.06463623046875
-0.021484375,1.093994140625,0.391845703125,-65.12451171875,32.53173828125,-22.27783203125,-1.958196043968201,56.04446411132813,-188.3546295166016
-0.025146484375,1.02880859375,0.40869140625,-72.509765625,25.146484375,-20.8740234375,-0.5743972659111023,53.61433792114258,-188.02919006347656
0.000244140625,0.92724609375,0.43896484375,-71.59423828125,22.88818359375,-15.44189453125,0.4906903505325317,51.18016815185547,-187.68284606933597
-0.044921875,0.971435546875,0.423828125,-70.25146484375,24.2919921875,-12.39013671875,1.5670322179794312,48.97018051147461,-187.24981689453125
-0.074462890625,0.872802734375,0.448974609375,-69.64111328125,23.25439453125,-5.06591796875,2.448549032211304,46.73978042602539,-186.6818389892578
-0.041748046875,0.852294921875,0.419921875,-64.88037109375,22.39990234375,1.5869140625,3.0309016704559326,44.83848571777344,-185.96517944335938
-0.105712890625,0.80419921875,0.46142578125,-65.97900390625,23.3154296875,3.96728515625,3.7314612865448,42.83778762817383,-185.17379760742188
-0.111083984375,0.677490234375,0.4892578125,-62.07275390625,20.08056640625,8.544921875,4.252970218658446,40.84904861450195,-184.3553771972656
-0.080322265625,0.62548828125,0.489501953125,-53.22265625,17.88330078125,7.50732421875,4.667551517486572,39.20569229125977,-183.6317443847656
-0.085693359375,0.604248046875,0.492431640625,-49.560546875,20.263671875,-0.1220703125,5.368547439575195,37.71868133544922,-183.0925750732422
-0.08935546875,0.581298828125,0.50390625,-47.05810546875,20.263671875,-10.43701171875,6.3166236877441415,36.29415130615234,-182.89498901367188
-0.081298828125,0.56640625,0.497802734375,-44.189453125,20.20263671875,-24.71923828125,7.54410457611084,34.96974563598633,-183.1746368408203
-0.09033203125,0.585693359375,0.507080078125,-43.15185546875,24.10888671875,-32.2265625,9.035649299621582,33.720367431640625,-183.6244964599609
-0.158203125,0.556396484375,0.554443359375,-36.80419921875,26.91650390625,-32.3486328125,10.738065719604492,32.602767944335945,-184.05506896972656
-0.18310546875,0.6181640625,0.60205078125,-28.076171875,23.92578125,-18.00537109375,11.985529899597168,31.970502853393555,-184.0574951171875
-0.2099609375,0.60546875,0.61376953125,-22.5830078125,17.2119140625,-6.65283203125,12.783794403076172,31.585790634155273,-183.81504821777344
-0.20703125,0.624267578125,0.615234375,-21.66748046875,8.36181640625,-1.220703125,13.124497413635256,31.28633689880371,-183.5590667724609
-0.18310546875,0.57568359375,0.61962890625,-30.09033203125,3.35693359375,-7.01904296875,13.354857444763185,30.49628257751465,-183.6318359375
-0.178955078125,0.5634765625,0.63525390625,-29.84619140625,0.9765625,-16.4794921875,13.66770839691162,29.60454368591309,-184.0970458984375
-0.1728515625,0.61474609375,0.661865234375,-30.57861328125,1.953125,-23.5595703125,14.093725204467773,28.71149635314941,-184.7797088623047
-0.205810546875,0.630859375,0.69384765625,-31.6162109375,3.0517578125,-25.7568359375,14.63250732421875,27.76209259033203,-185.52560424804688
-0.208740234375,0.704833984375,0.710205078125,-26.42822265625,4.57763671875,-24.169921875,15.148808479309082,27.168292999267575,-186.15464782714844
-0.245849609375,0.774658203125,0.733154296875,-29.052734375,4.638671875,-20.08056640625,15.62049388885498,26.591508865356445,-186.61024475097656
-0.26123046875,0.75390625,0.76611328125,-35.15625,-3.5400390625,-14.16015625,15.692096710205078,25.729066848754886,-187.01243591308597
-0.205322265625,0.742919921875,0.774169921875,-33.5693359375,-6.2255859375,-16.54052734375,15.58559513092041,24.90615081787109,-187.54812622070312
-0.221923828125,0.769775390625,0.78759765625,-34.0576171875,-5.4931640625,-21.66748046875,15.611124992370605,24.065317153930664,-188.2535095214844
-0.240234375,0.77880859375,0.801025390625,-35.21728515625,-6.40869140625,-20.751953125,15.606329917907715,23.20682716369629,171.06484985351562
-0.173828125,0.84375,0.78515625,-39.6728515625,-6.34765625,-22.216796875,15.488722801208494,22.30611228942871,170.3686065673828
-0.181884765625,0.80517578125,0.80078125,-51.45263671875,0.0,-28.076171875,15.695189476013185,20.86175537109375,169.52981567382812
-0.223876953125,0.60986328125,0.857421875,-56.45751953125,-1.77001953125,-37.2314453125,16.005762100219727,18.781822204589844,168.20843505859375
-0.275146484375,0.595947265625,0.9453125,-43.88427734375,-0.06103515625,-44.43359375,16.478761672973633,17.06825828552246,166.59500122070312
-0.197509765625,0.854248046875,0.85009765625,-34.5458984375,-2.99072265625,-35.2783203125,16.559982299804688,16.374202728271484,165.46426391601562
-0.179443359375,0.790283203125,0.81591796875,-51.57470703125,2.01416015625,-26.2451171875,16.695077896118164,15.107280731201172,164.74740600585938
-0.191162109375,0.690673828125,0.8017578125,-43.8232421875,0.732421875,-15.625,16.6873779296875,14.186819076538086,164.41729736328125
-0.076416015625,0.760498046875,0.7119140625,-41.9921875,3.35693359375,-18.4326171875,16.60441780090332,13.581987380981445,164.07554626464844
-0.148193359375,0.64892578125,0.6875,-63.17138671875,18.4326171875,-52.3681640625,17.560667037963867,11.646262168884276,162.44500732421875
-0.2216796875,0.530029296875,0.749755859375,-60.24169921875,16.90673828125,-63.29345703125,18.58390045166016,9.399808883666992,160.24147033691406
-0.1787109375,0.547119140625,0.763427734375,-50.35400390625,17.15087890625,-61.1572265625,19.387287139892575,7.635120868682861,158.12876892089844
-0.15576171875,0.501953125,0.747802734375,-47.119140625,21.728515625,-53.8330078125,20.202646255493164,6.075104713439941,156.3228759765625
-0.1875,0.5458984375,0.751220703125,-41.07666015625,23.98681640625,-49.62158203125,21.099048614501953,4.9128146171569815,154.72511291503906
-0.25634765625,0.556884765625,0.775146484375,-38.0859375,20.32470703125,-44.73876953125,21.914283752441406,3.9193286895751953,153.31265258789062
-0.276611328125,0.5537109375,0.7490234375,-41.3818359375,11.474609375,-35.82763671875,22.37026023864746,2.96030855178833,152.27354431152344
-0.294677734375,0.528076171875,0.746826171875,-45.47119140625,10.986328125,-32.8369140625,22.810487747192386,1.857992887496948,151.35194396972656
-0.302978515625,0.46240234375,0.734375,-46.20361328125,7.62939453125,-27.4658203125,23.11047172546387,0.7294189333915709,150.62649536132812
-0.284912109375,0.41455078125,0.770263671875,-38.63525390625,6.34765625,-21.97265625,23.26101493835449,-0.09973552078008653,150.10289001464844
-0.285400390625,0.4638671875,0.77197265625,-37.17041015625,12.26806640625,-19.34814453125,23.63957214355469,-0.7002289295196533,149.7415313720703
-0.347412109375,0.4541015625,0.735595703125,-34.0576171875,11.04736328125,-10.43701171875,24.1312313079834,-1.0113863945007324,149.77716064453125
-0.339599609375,0.3935546875,0.769287109375,-34.60693359375,8.1787109375,-10.80322265625,24.439218521118164,-1.4965676069259644,149.74610900878906
-0.3935546875,0.34326171875,0.799560546875,-27.64892578125,7.26318359375,-13.73291015625,24.781578063964844,-1.9027526378631592,149.5295867919922
-0.346435546875,0.408203125,0.803466796875,-22.76611328125,1.64794921875,-8.11767578125,24.791954040527344,-1.8366494178771973,149.64552307128906
-0.339111328125,0.447021484375,0.81201171875,-26.611328125,3.90625,-7.6904296875,24.87107086181641,-1.8449764251708984,149.80792236328125
-0.380615234375,0.4521484375,0.820068359375,-31.67724609375,2.62451171875,-9.33837890625,24.97282409667969,-2.0989818572998047,149.89483642578125
-0.4140625,0.40185546875,0.85400390625,-37.353515625,-0.54931640625,-14.09912109375,24.96995735168457,-2.7979884147644043,149.72216796875
-0.435546875,0.35400390625,0.882080078125,-32.958984375,-13.36669921875,-17.9443359375,24.4604434967041,-3.4795236587524414,149.3691864013672
-0.401611328125,0.446533203125,0.90625,-30.94482421875,-14.5263671875,-21.30126953125,23.828474044799805,-3.9304933547973633,148.95777893066406
-0.4140625,0.469482421875,0.894287109375,-34.60693359375,-14.5263671875,-21.728515625,23.249326705932614,-4.46651029586792,148.5487823486328
-0.414306640625,0.285888671875,0.92138671875,-37.29248046875,-16.6015625,-24.2919921875,22.560964584350586,-5.499269485473633,147.89405822753906
-0.442138671875,0.312744140625,0.903564453125,-26.30615234375,-17.15087890625,-27.099609375,21.92911529541016,-6.03340482711792,147.16180419921875
-0.41064453125,0.34619140625,0.961669921875,-18.310546875,-18.5546875,-25.08544921875,21.15962028503418,-6.137934684753418,146.5463104248047
-0.418212890625,0.37744140625,0.9814453125,-10.3759765625,-18.61572265625,-16.17431640625,20.453582763671875,-5.734978675842285,146.3169403076172
-0.476318359375,0.388916015625,1.049072265625,-2.13623046875,-20.32470703125,-5.37109375,19.797189712524414,-4.892617225646973,146.51611328125
-0.470458984375,0.37841796875,1.026123046875,1.5869140625,-23.5595703125,7.62939453125,19.08050537109375,-3.756750106811523,147.23814392089844
-0.39208984375,0.428466796875,0.95458984375,1.15966796875,-26.67236328125,8.23974609375,18.16795921325684,-2.528227567672729,147.99615478515625
-0.415771484375,0.42626953125,0.900146484375,-2.0751953125,-22.39990234375,1.46484375,17.524259567260742,-1.5520708560943604,148.417724609375
-0.392333984375,0.494140625,0.793701171875,-8.48388671875,-19.71435546875,-5.79833984375,17.038837432861328,-0.7495265603065491,148.5609588623047
-0.4873046875,0.36669921875,0.842041015625,-15.68603515625,-15.31982421875,-20.01953125,16.894784927368164,-0.7548964619636536,147.987060546875
-0.507568359375,0.359619140625,0.855712890625,-13.7939453125,-20.69091796875,-20.69091796875,16.566448211669922,-0.7194727063179016,147.37791442871094
-0.496826171875,0.335693359375,0.83642578125,-15.625,-27.83203125,-21.17919921875,15.968534469604492,-0.7904871106147766,146.7392120361328
-0.435791015625,0.27099609375,0.802490234375,-14.16015625,-35.82763671875,-18.37158203125,15.000448226928713,-0.8560406565666199,146.19143676757812
-0.326904296875,0.282958984375,0.772216796875,-1.89208984375,-34.66796875,-16.78466796875,13.907032012939453,-0.3209659159183502,145.7180633544922
-0.2763671875,0.3564453125,0.753173828125,6.34765625,-27.2216796875,-16.41845703125,13.045527458190918,0.7322670817375183,145.27334594726562
-0.302490234375,0.385986328125,0.79541015625,7.01904296875,-17.4560546875,-13.5498046875,12.63365364074707,1.821156620979309,144.91751098632812
-0.331298828125,0.341796875,0.845947265625,2.13623046875,-16.4794921875,-12.87841796875,12.309890747070312,2.539083242416382,144.53256225585938
-0.3837890625,0.3076171875,0.833984375,-0.30517578125,-16.7236328125,-14.95361328125,12.124226570129395,3.037450790405273,144.02899169921875
-0.380615234375,0.25927734375,0.807373046875,2.5634765625,-18.00537109375,-10.986328125,11.917308807373047,3.5764644145965576,143.65428161621094
-0.332275390625,0.302734375,0.7607421875,7.9345703125,-14.34326171875,-7.9345703125,11.787135124206545,4.485555648803711,143.43185424804688
-0.333984375,0.3544921875,0.752685546875,9.21630859375,-7.2021484375,-10.986328125,11.960082054138185,5.5168561935424805,143.1194305419922
-0.383056640625,0.35693359375,0.792236328125,5.4931640625,-4.5166015625,-15.380859375,12.327767372131348,6.281158924102782,142.61993408203125
-0.380859375,0.354736328125,0.808837890625,4.638671875,-4.8828125,-15.2587890625,12.65337371826172,6.963012218475343,142.1154327392578
-0.341552734375,0.383544921875,0.806640625,3.662109375,-6.9580078125,-12.87841796875,12.78969955444336,7.671863079071045,141.7089385986328
-0.303955078125,0.358642578125,0.837646484375,-0.732421875,-5.18798828125,-9.94873046875,12.87639617919922,8.134005546569824,141.40750122070312
-0.326171875,0.294677734375,0.858154296875,-1.52587890625,-4.5166015625,-6.65283203125,13.013303756713867,8.415217399597168,141.20298767089844
-0.299560546875,0.312255859375,0.83984375,-0.8544921875,-4.21142578125,-1.708984375,13.080585479736328,8.815921783447266,141.21205139160156
-0.3193359375,0.224365234375,0.84033203125,0.3662109375,1.3427734375,4.5166015625,13.384047508239744,9.10601806640625,141.45751953125
-0.341796875,0.237548828125,0.834716796875,10.55908203125,6.40869140625,10.31494140625,13.88740348815918,9.890442848205566,141.98147583007812
-0.364501953125,0.23193359375,0.858642578125,27.28271484375,8.85009765625,25.2685546875,14.375524520874025,11.439935684204102,143.12506103515625
-0.27392578125,0.3125,0.869873046875,47.9736328125,16.4794921875,47.30224609375,14.680381774902346,14.190245628356935,145.26473999023438
-0.341064453125,0.3818359375,0.870849609375,69.580078125,23.98681640625,63.53759765625,15.092885971069336,18.044898986816406,148.1650390625
-0.282958984375,0.521728515625,0.863525390625,79.833984375,26.67236328125,82.3974609375,14.971364974975586,22.66396713256836,151.8812713623047
-0.261474609375,0.44287109375,0.918701171875,81.4208984375,37.4755859375,110.04638671875,14.441057205200195,27.238422393798828,156.68601989746094
-0.2724609375,0.397705078125,0.94384765625,114.44091796875,46.630859375,138.85498046875,13.27916431427002,33.03700637817383,162.5433349609375
-0.265869140625,0.571533203125,0.837890625,134.1552734375,62.92724609375,167.1142578125,11.3766450881958,39.93075942993164,169.56944274902344
-0.3408203125,0.650390625,0.7939453125,132.080078125,83.6181640625,202.1484375,8.539897918701174,46.607139587402344,-182.14727783203125
-0.348876953125,0.76513671875,0.65966796875,131.53076171875,89.599609375,227.47802734375,4.321434020996094,52.91883850097656,-173.4864501953125
-0.290283203125,0.775634765625,0.559326171875,128.60107421875,87.95166015625,240.53955078125,-1.1336299180984497,58.32181167602539,-165.1696014404297
-0.149169921875,0.7744140625,0.469482421875,125.0,77.1484375,226.86767578125,-7.09415340423584,62.79895782470703,-158.03146362304688
-0.04052734375,0.853515625,0.4140625,115.17333984375,69.76318359375,202.57568359375,-12.825206756591795,66.37712860107422,-151.97161865234375
-0.019287109375,0.980712890625,0.390869140625,97.22900390625,67.5048828125,160.58349609375,-17.186880111694336,68.98896789550781,-146.8876953125
-0.118896484375,1.045654296875,0.4404296875,58.9599609375,49.4384765625,108.94775390625,-19.68003463745117,70.12066650390625,-143.30941772460938
-0.1513671875,0.98291015625,0.474853515625,36.0107421875,21.05712890625,90.2099609375,-21.738189697265625,70.53502655029297,-141.083984375
-0.043701171875,0.888671875,0.38037109375,22.15576171875,-9.58251953125,75.439453125,-23.76759529113769,70.9790267944336,-140.34274291992188
0.155517578125,0.875732421875,0.288330078125,9.765625,-21.78955078125,40.46630859375,-25.010652542114254,71.52558898925781,-140.69108581542972
0.189697265625,0.858642578125,0.387939453125,2.197265625,-14.83154296875,16.17431640625,-25.27383041381836,71.51517486572266,-140.9776153564453
0.185302734375,0.94580078125,0.47119140625,0.244140625,-5.06591796875,6.4697265625,-24.986406326293945,71.21638488769531,-140.9480438232422
0.087890625,0.979736328125,0.490966796875,-10.19287109375,-11.474609375,15.5029296875,-24.93098068237305,70.56224822998047,-141.06097412109375
0.08837890625,0.97119140625,0.43701171875,-12.5732421875,-26.30615234375,22.52197265625,-25.340560913085934,70.16049194335939,-141.7362518310547
0.186767578125,0.967041015625,0.344970703125,-15.56396484375,-39.24560546875,18.798828125,-25.977935791015625,70.12052917480469,-143.09555053710938
0.29443359375,0.91845703125,0.2822265625,-23.0712890625,-31.73828125,-0.67138671875,-26.024457931518555,69.88964080810547,-144.48248291015625
0.259765625,0.93798828125,0.27880859375,-24.90234375,-18.73779296875,-7.8125,-25.547197341918945,69.42475128173828,-145.4471893310547
0.15234375,1.000732421875,0.306640625,-21.97265625,-14.2822265625,-2.50244140625,-24.97710418701172,68.95661926269531,-146.14280700683594
0.1015625,1.052734375,0.333984375,-23.98681640625,-25.2685546875,9.21630859375,-24.91206169128418,68.51219940185547,-147.10023498535156
0.138427734375,1.060791015625,0.28076171875,-30.57861328125,-37.17041015625,12.51220703125,-25.228361129760746,68.12794494628906,-148.54689025878906
0.21826171875,0.98681640625,0.242431640625,-35.33935546875,-40.0390625,4.150390625,-25.46574592590332,67.72337341308594,-150.26913452148438
0.27001953125,0.9921875,0.22705078125,-41.93115234375,-33.3251953125,-12.939453125,-25.084705352783203,67.10846710205078,-152.0198211669922
0.240966796875,1.00732421875,0.29345703125,-46.32568359375,-21.78955078125,-22.03369140625,-24.14441108703613,66.05624389648439,-153.40399169921875
0.198486328125,0.96923828125,0.404052734375,-40.83251953125,-14.6484375,-21.05712890625,-23.08859825134277,64.85598754882811,-154.3904571533203
0.09814453125,0.954833984375,0.47509765625,-16.845703125,-12.87841796875,1.03759765625,-22.64489936828613,64.30313110351561,-154.8548126220703
0.15478515625,0.92578125,0.408203125,-2.38037109375,-17.02880859375,21.6064453125,-23.16267204284668,64.37594604492189,-155.14584350585938
0.2109375,0.915283203125,0.291259765625,4.94384765625,-8.36181640625,29.78515625,-23.957149505615234,64.802734375,-155.04856872558594
0.224853515625,0.864990234375,0.287109375,7.8125,11.8408203125,31.8603515625,-24.51227760314941,64.9505615234375,-154.1000213623047
0.204833984375,0.867919921875,0.29931640625,10.3759765625,20.99609375,37.41455078125,-25.04357719421387,64.96159362792969,-152.66905212402344
0.190185546875,0.822021484375,0.32373046875,15.56396484375,27.2216796875,49.072265625,-25.85004425048828,64.85324859619139,-150.7190704345703
0.234619140625,0.864013671875,0.328369140625,23.25439453125,29.541015625,65.3076171875,-27.253101348876953,64.86124420166016,-148.36434936523438
0.236083984375,0.85791015625,0.349853515625,24.4140625,26.7333984375,73.6083984375,-28.94744110107422,64.76091003417969,-145.90769958496094
0.2783203125,0.854248046875,0.32177734375,28.076171875,23.0712890625,64.3310546875,-30.40884208679199,64.96490478515625,-143.7842254638672
0.21435546875,0.921630859375,0.308837890625,23.13232421875,20.20263671875,37.53662109375,-30.73316764831543,65.35652160644531,-142.34230041503906
0.204345703125,0.89306640625,0.294189453125,18.00537109375,17.63916015625,25.57373046875,-30.6549129486084,65.71320343017578,-141.2435302734375
0.224853515625,0.848876953125,0.2998046875,16.11328125,19.34814453125,18.98193359375,-30.3803768157959,65.95548248291016,-140.166015625
0.204833984375,0.827880859375,0.2705078125,30.8837890625,24.23095703125,16.6015625,-29.932897567749023,66.7640380859375,-138.95404052734378
0.20751953125,0.839599609375,0.2724609375,41.3818359375,27.34375,23.62060546875,-29.73044395446777,67.84197998046875,-137.47505187988278
0.233642578125,0.875244140625,0.259765625,42.8466796875,29.84619140625,27.52685546875,-29.713335037231445,68.91577911376953,-135.84196472167972
0.222412109375,0.942138671875,0.21630859375,35.15625,34.60693359375,25.93994140625,-29.54925346374512,69.71583557128906,-134.09947204589844
0.267822265625,0.943603515625,0.19287109375,24.5361328125,40.1611328125,23.193359375,-29.32979965209961,70.02696228027344,-132.18148803710938
0.30712890625,1.002685546875,0.1572265625,17.7001953125,52.55126953125,22.4609375,-28.984235763549805,69.92045593261719,-129.79574584960938
0.27490234375,1.04345703125,0.20361328125,13.916015625,69.82421875,32.1044921875,-28.661455154418945,69.16628265380861,-126.48538208007812
0.32958984375,1.03271484375,0.22216796875,6.89697265625,80.87158203125,32.5927734375,-28.26469421386719,67.90630340576172,-122.69483947753906
0.306396484375,1.046875,0.272216796875,0.0,95.21484375,14.2822265625,-26.84046936035156,66.26595306396484,-118.63668060302734
0.19482421875,1.037109375,0.27978515625,-6.9580078125,106.62841796875,-6.34765625,-24.21641731262207,64.54434967041016,-114.62248992919922
0.122802734375,1.058349609375,0.302978515625,-1.220703125,108.70361328125,-7.38525390625,-21.37392234802246,63.29833602905274,-110.69019317626952
0.1123046875,1.0537109375,0.293212890625,5.79833984375,104.91943359375,4.82177734375,-19.059690475463867,62.57255935668945,-106.78019714355469
0.154541015625,1.04736328125,0.22705078125,19.10400390625,102.9052734375,23.62060546875,-17.61328125,62.58617782592773,-102.67074584960938
0.17333984375,1.0810546875,0.1982421875,27.7099609375,109.19189453125,28.50341796875,-16.331989288330078,63.01974487304688,-98.26738739013672
0.16259765625,1.112060546875,0.138671875,24.35302734375,113.46435546875,24.96337890625,-14.914422035217285,63.51218032836914,-93.81073760986328
0.1083984375,1.07861328125,0.14404296875,7.14111328125,114.2578125,9.94873046875,-12.914238929748535,63.4801254272461,-89.60366821289062
0.123046875,0.993408203125,0.17041015625,-6.40869140625,108.88671875,-2.8076171875,-10.658352851867676,63.074195861816406,-85.82442474365234
0.097900390625,0.937255859375,0.227294921875,-8.11767578125,102.6611328125,-7.4462890625,-8.356266021728517,62.67333602905274,-82.34809112548828
0.102294921875,0.948486328125,0.275146484375,5.2490234375,95.21484375,-3.23486328125,-6.423108100891112,62.877906799316406,-79.05089569091797
0.07666015625,1.029541015625,0.316650390625,15.93017578125,89.9658203125,-2.99072265625,-4.62033224105835,63.59173965454102,-75.9157943725586
0.02001953125,1.091552734375,0.337890625,18.61572265625,80.2001953125,-6.591796875,-2.8514482975006104,64.50530242919922,-73.16446685791016
-0.060791015625,1.13720703125,0.351318359375,8.7890625,54.01611328125,-2.5634765625,-1.6201162338256836,65.09716796875,-71.26416015625
0.005859375,1.050537109375,0.327880859375,2.9296875,31.8603515625,6.2255859375,-1.2663863897323608,65.46858978271484,-70.00923156738281
0.076904296875,0.990478515625,0.33447265625,3.84521484375,21.1181640625,13.73291015625,-1.5375577211380005,65.81623840332031,-69.01820373535156
0.1845703125,0.941650390625,0.300537109375,8.85009765625,18.61572265625,28.74755859375,-2.6446468830108643,66.36660003662111,-67.88015747070311
0.17431640625,0.94482421875,0.327880859375,8.7890625,22.5830078125,35.82763671875,-3.88782262802124,66.79972076416016,-66.49028015136719
0.140625,0.94775390625,0.331787109375,10.009765625,22.8271484375,39.6728515625,-5.154139518737793,67.22374725341797,-65.03865051269531
0.146484375,0.910400390625,0.334716796875,9.94873046875,16.11328125,40.58837890625,-6.539986610412598,67.58402252197266,-63.825416564941406
0.216552734375,0.935302734375,0.339111328125,13.18359375,16.9677734375,35.15625,-7.81196403503418,68.04747009277344,-62.6699447631836
0.211669921875,0.983642578125,0.313720703125,14.16015625,24.10888671875,28.38134765625,-8.661039352416992,68.57560729980469,-61.364051818847656
0.18505859375,1.02880859375,0.297119140625,5.615234375,33.87451171875,24.23095703125,-9.119536399841307,68.74285125732422,-59.76057434082031
0.173828125,1.00244140625,0.3017578125,-1.3427734375,38.6962890625,20.81298828125,-9.34800910949707,68.56922149658203,-58.01977920532226
0.129150390625,1.020751953125,0.324462890625,-7.4462890625,41.93115234375,14.404296875,-9.171509742736816,68.11962890625,-56.24774932861328
0.130615234375,1.00439453125,0.4052734375,-14.16015625,36.31591796875,8.11767578125,-8.833770751953125,67.30287170410156,-54.7594108581543
0.143798828125,1.023681640625,0.37841796875,-15.625,34.72900390625,2.74658203125,-8.342243194580076,66.56047058105469,-53.43501281738281
0.0859375,1.06787109375,0.36376953125,-13.916015625,35.7666015625,-3.47900390625,-7.458775043487549,66.05860137939453,-52.201332092285156
0.0869140625,1.11767578125,0.27294921875,-11.41357421875,31.6162109375,7.99560546875,-7.1189022064208975,65.83001708984375,-50.95678329467773
0.10986328125,1.080322265625,0.251220703125,-12.63427734375,31.73828125,23.74267578125,-7.411289691925049,65.55274963378906,-49.45072555541992
0.136474609375,1.00341796875,0.23828125,-18.310546875,34.36279296875,33.75244140625,-8.075244903564451,64.99851989746094,-47.677940368652344
0.18408203125,0.913330078125,0.220703125,-29.47998046875,41.19873046875,29.9072265625,-8.573905944824219,63.9600830078125,-45.7149772644043
0.134521484375,0.864990234375,0.26318359375,-38.818359375,44.5556640625,19.10400390625,-8.457867622375487,62.46649932861328,-43.80990219116211
0.113037109375,0.8505859375,0.288330078125,-45.5322265625,44.25048828125,12.51220703125,-7.974462032318115,60.70477294921875,-42.043739318847656
0.126708984375,0.863037109375,0.357421875,-44.7998046875,43.64013671875,11.23046875,-7.483232021331787,58.93604278564453,-40.3276596069336
0.10302734375,0.869384765625,0.3837890625,-42.90771484375,41.748046875,13.427734375,-7.013347625732423,57.28042602539063,-38.64811325073242
0.07421875,0.842529296875,0.404296875,-37.59765625,39.55078125,8.48388671875,-6.305649280548097,55.83195495605469,-37.15928649902344
0.009033203125,0.885009765625,0.430419921875,-17.88330078125,34.85107421875,-4.8828125,-5.1356377601623535,55.32806777954102,-36.14830780029297
-0.099853515625,1.01025390625,0.380126953125,-5.31005859375,25.81787109375,-2.38037109375,-4.0700087547302255,55.59148025512695,-35.39605712890625
-0.093505859375,1.040771484375,0.35888671875,0.0,9.70458984375,17.822265625,-4.127382278442384,56.12715530395508,-34.71527862548828
0.042236328125,0.972900390625,0.31591796875,1.77001953125,-1.52587890625,41.07666015625,-5.462945461273193,56.73725891113281,-33.902854919433594
