0.001953125,0.99072265625,-0.0830078125,-8.4228515625,-4.7607421875,2.25830078125,-2.625040054321289,86.1029052734375,-166.3682861328125
0.003173828125,0.986572265625,-0.0869140625,-8.544921875,-4.7607421875,1.46484375,-2.626984119415283,86.0896224975586,-166.57864379882812
-0.013916015625,0.985595703125,-0.079833984375,-8.97216796875,-4.5166015625,2.25830078125,-2.593203544616699,86.06239318847656,-166.76861572265625
-0.0009765625,0.99658203125,-0.083740234375,-8.48388671875,-4.21142578125,1.64794921875,-2.565484046936035,86.06200408935547,-166.94798278808594
0.00244140625,0.995361328125,-0.081298828125,-8.544921875,-4.39453125,1.953125,-2.5698840618133545,86.05236053466797,-167.14744567871094
-0.002685546875,0.97412109375,-0.0751953125,-8.4228515625,-4.8828125,1.708984375,-2.5431911945343018,86.04058074951172,-167.3526611328125
-0.010498046875,0.982666015625,-0.07666015625,-8.48388671875,-4.94384765625,2.44140625,-2.528964042663574,86.02861785888672,-167.55838012695312
-0.009033203125,0.980712890625,-0.0673828125,-8.056640625,-4.57763671875,1.64794921875,-2.4858629703521733,86.00276184082031,-167.74810791015625
0.001220703125,0.992919921875,-0.08251953125,-8.1787109375,-4.5166015625,1.953125,-2.480457067489624,86.01505279541016,-167.93812561035156
-0.00732421875,0.9716796875,-0.081298828125,-8.6669921875,-4.638671875,2.197265625,-2.4654700756073,86.00872039794922,-168.13246154785156
0.001953125,0.991455078125,-0.07666015625,-8.544921875,-4.82177734375,1.708984375,-2.4509716033935547,86.00572967529297,-168.33233642578125
-0.00732421875,0.98681640625,-0.073974609375,-8.85009765625,-4.82177734375,1.953125,-2.428117036819458,85.97313690185547,-168.53363037109375
0.00439453125,0.97216796875,-0.0703125,-7.9345703125,-4.45556640625,1.64794921875,-2.4201068878173833,85.97186279296875,-168.72061157226562
0.00244140625,0.990478515625,-0.084716796875,-7.99560546875,-4.57763671875,1.89208984375,-2.4284839630126958,85.97899627685547,-168.9246063232422
-0.00048828125,0.983642578125,-0.067138671875,-8.48388671875,-4.7607421875,2.25830078125,-2.4341683387756348,85.94685363769531,-169.12179565429688
0.0009765625,0.984619140625,-0.080810546875,-8.60595703125,-4.638671875,1.953125,-2.4307827949523926,85.94197845458984,-169.3162841796875
0.0087890625,0.994384765625,-0.083251953125,-8.11767578125,-4.39453125,1.64794921875,-2.455199956893921,85.9361801147461,-169.5126190185547
-0.00244140625,0.98681640625,-0.08154296875,-7.6904296875,-4.33349609375,2.13623046875,-2.4495906829833984,85.9691162109375,-169.6946258544922
-0.0048828125,0.986083984375,-0.0732421875,-8.544921875,-4.94384765625,1.953125,-2.432804107666016,85.94883728027344,-169.90069580078125
-0.00341796875,0.985595703125,-0.06396484375,-8.23974609375,-4.0283203125,2.13623046875,-2.413851022720337,85.90496063232422,-170.08657836914062
-0.00390625,0.989013671875,-0.066162109375,-8.4228515625,-4.39453125,1.953125,-2.399389743804932,85.87445831298828,-170.26979064941406
0.00830078125,0.974853515625,-0.08203125,-8.23974609375,-4.82177734375,1.89208984375,-2.41270112991333,85.89192199707031,-170.47169494628906
-0.011474609375,0.982421875,-0.06640625,-8.85009765625,-4.5166015625,2.13623046875,-2.3876962661743164,85.85980987548828,-170.68394470214844
-0.0048828125,0.977783203125,-0.080810546875,-9.033203125,-5.31005859375,2.38037109375,-2.3917555809021,85.84346771240234,-170.90390014648438
-0.008544921875,0.968994140625,-0.066650390625,-8.6669921875,-4.8828125,2.01416015625,-2.3711507320404053,85.81058502197266,-171.10655212402344
-0.005126953125,0.98583984375,-0.077880859375,-7.75146484375,-4.2724609375,1.77001953125,-2.3509163856506348,85.82295989990234,-171.28855895996094
-0.007568359375,0.97998046875,-0.078125,-8.97216796875,-4.57763671875,2.38037109375,-2.3483200073242188,85.80259704589844,-171.47877502441406
0.0107421875,1.000732421875,-0.080322265625,-9.033203125,-5.06591796875,2.44140625,-2.391446352005005,85.78271484375,-171.6881866455078
-0.0126953125,0.978759765625,-0.077392578125,-7.62939453125,-4.638671875,2.197265625,-2.3752965927124023,85.7893295288086,-171.8761749267578
-0.009765625,0.97802734375,-0.078369140625,-8.60595703125,-4.45556640625,1.708984375,-2.3396754264831543,85.7857437133789,-172.0635986328125
0.003173828125,0.982666015625,-0.061767578125,-7.8125,-4.08935546875,1.5869140625,-2.329279661178589,85.77455139160156,-172.2348175048828
-0.00439453125,0.9892578125,-0.077880859375,-8.11767578125,-4.8828125,1.953125,-2.3135206699371342,85.80042266845703,-172.43116760253906
-0.00830078125,0.97705078125,-0.054931640625,-8.85009765625,-4.82177734375,2.197265625,-2.3038759231567383,85.73322296142578,-172.6292724609375
0.002685546875,0.97900390625,-0.06494140625,-9.033203125,-4.94384765625,2.01416015625,-2.3134658336639404,85.68436431884766,-172.83352661132812
0.0068359375,0.988525390625,-0.082763671875,-9.21630859375,-4.8828125,1.953125,-2.323704242706299,85.71235656738281,-173.0204315185547
-0.004638671875,0.98779296875,-0.07080078125,-8.72802734375,-4.638671875,2.01416015625,-2.314894437789917,85.6880874633789,-173.2131805419922
-0.01025390625,0.971923828125,-0.076416015625,-7.99560546875,-4.69970703125,2.25830078125,-2.303176164627075,85.70968627929688,-173.4082794189453
0.0107421875,0.968017578125,-0.07080078125,-7.75146484375,-4.8828125,2.197265625,-2.3279404640197754,85.73240661621094,-173.59376525878906
-0.0048828125,0.981689453125,-0.077392578125,-7.99560546875,-4.33349609375,2.197265625,-2.324715614318848,85.75222778320312,-173.7744903564453
-0.00439453125,0.980224609375,-0.0849609375,-8.23974609375,-4.57763671875,1.8310546875,-2.3088936805725098,85.77946472167969,-173.9666748046875
-0.004150390625,0.962158203125,-0.06982421875,-8.23974609375,-4.5166015625,2.01416015625,-2.2885844707489014,85.80792999267578,-174.1529541015625
-0.01171875,0.98291015625,-0.077392578125,-8.30078125,-4.57763671875,1.89208984375,-2.2595150470733643,85.81260681152344,-174.3440704345703
-0.00146484375,0.994873046875,-0.06884765625,-8.9111328125,-5.06591796875,2.3193359375,-2.273519515991211,85.77197265625,-174.55239868164062
0.0009765625,0.990966796875,-0.0810546875,-8.48388671875,-4.39453125,2.01416015625,-2.263808250427246,85.7990951538086,-174.73211669921875
-0.014404296875,0.986328125,-0.08837890625,-8.72802734375,-4.39453125,1.953125,-2.2317612171173096,85.81095123291016,-174.91659545898438
0.00634765625,0.973876953125,-0.078125,-7.62939453125,-4.638671875,1.708984375,-2.2395005226135254,85.84565734863281,-175.11032104492188
-0.008544921875,0.987548828125,-0.087646484375,-8.85009765625,-5.31005859375,2.25830078125,-2.225464105606079,85.85694885253906,-175.31385803222656
0.005126953125,0.97802734375,-0.0849609375,-8.48388671875,-4.5166015625,1.89208984375,-2.237473726272583,85.87035369873047,-175.5027618408203
-0.010986328125,0.96435546875,-0.079345703125,-7.9345703125,-5.06591796875,1.708984375,-2.205482482910156,85.89574432373047,-175.71388244628906
-0.00439453125,0.981689453125,-0.08447265625,-9.21630859375,-4.8828125,2.25830078125,-2.1878695487976074,85.9148941040039,-175.88851928710938
-0.004150390625,0.98095703125,-0.080810546875,-7.01904296875,-4.2724609375,1.77001953125,-2.174090623855591,85.9740219116211,-176.0674285888672
0.0009765625,0.9814453125,-0.065673828125,-7.75146484375,-4.2724609375,1.77001953125,-2.172412395477295,85.9667739868164,-176.24490356445312
-0.011962890625,0.982177734375,-0.0751953125,-7.568359375,-4.33349609375,1.77001953125,-2.1454305648803706,85.99579620361328,-176.41566467285156
-0.001953125,0.98974609375,-0.0771484375,-8.1787109375,-4.57763671875,1.89208984375,-2.1438755989074707,85.99575805664062,-176.6057891845703
0.008544921875,0.9765625,-0.065185546875,-8.7890625,-4.8828125,1.89208984375,-2.1674375534057617,85.94660949707031,-176.8070831298828
0.011962890625,0.9775390625,-0.078857421875,-8.056640625,-4.8828125,1.953125,-2.219395399093628,85.94503021240234,-176.9984130859375
0.005126953125,0.98828125,-0.070068359375,-8.60595703125,-5.0048828125,2.197265625,-2.244565486907959,85.91498565673828,-177.20455932617188
-0.00341796875,0.98974609375,-0.07080078125,-7.568359375,-4.150390625,1.46484375,-2.2177753448486333,85.92779541015625,-177.37881469726562
0.00732421875,0.9892578125,-0.089111328125,-7.9345703125,-4.08935546875,1.953125,-2.2366764545440674,85.96725463867188,-177.56044006347656
0.01220703125,0.999267578125,-0.096435546875,-8.48388671875,-4.82177734375,1.8310546875,-2.262113332748413,85.99844360351562,-177.76255798339844
-0.213623046875,0.9599609375,-0.127197265625,-9.70458984375,-9.765625,2.25830078125,-1.8023529052734373,86.05525207519531,-178.16537475585938
-0.11474609375,1.091064453125,-0.095703125,-13.5498046875,-46.32568359375,6.53076171875,-1.919036626815796,86.28601837158203,-180.4890289306641
0.341064453125,1.201904296875,-0.226806640625,-3.11279296875,-70.80078125,8.6669921875,-2.962876081466675,86.8135757446289,-183.31719970703125
-0.0380859375,0.9697265625,-0.131591796875,-10.55908203125,-50.4150390625,8.1787109375,-3.1876444816589355,86.91570281982422,-185.3391876220703
0.0888671875,0.995849609375,0.007080078125,-7.6904296875,-33.8134765625,4.7607421875,-3.495662212371826,86.71495056152344,-186.53646850585938
-0.013671875,0.933349609375,-0.078369140625,-9.70458984375,-15.07568359375,3.0517578125,-3.4787399768829346,86.6695785522461,-187.1524810791016
-0.06396484375,0.91259765625,-0.088623046875,-7.75146484375,-16.357421875,3.23486328125,-3.348030805587769,86.73516845703125,-187.82130432128903
-0.081787109375,1.227783203125,-0.179443359375,-9.765625,-16.29638671875,3.7841796875,-3.369710683822632,86.98825073242188,-188.11605834960938
-0.146728515625,1.103515625,-0.123291015625,-17.08984375,34.5458984375,19.8974609375,-3.6602356433868413,86.5719223022461,-186.7154693603516
-0.201904296875,0.95947265625,0.06689453125,-20.99609375,-16.6015625,10.55908203125,-3.514204978942871,85.73574829101562,-187.35667419433597
0.215087890625,1.099853515625,-0.0029296875,-16.90673828125,-43.45703125,-10.7421875,-3.4781551361083984,85.26615905761719,170.9181671142578
0.246826171875,1.359130859375,0.10888671875,-29.23583984375,-21.54541015625,-8.6669921875,-3.478493452072144,84.1419677734375,170.03146362304688
0.03271484375,1.31103515625,-0.03076171875,-1.52587890625,-7.50732421875,6.53076171875,-3.9325485229492183,81.6688461303711,166.9343719482422
0.01611328125,1.37744140625,-0.046142578125,7.26318359375,2.3193359375,13.427734375,-4.259274959564209,82.3577651977539,167.01478576660156
0.060791015625,1.42529296875,-0.077392578125,11.5966796875,-5.92041015625,0.1220703125,-4.222605228424071,83.25003051757812,166.74932861328125
-0.005615234375,1.471923828125,-0.04931640625,21.91162109375,-10.55908203125,0.9765625,-4.12977933883667,84.48590850830078,166.30914306640625
-0.06787109375,1.35302734375,-0.06005859375,29.541015625,-14.404296875,-5.615234375,-3.520796298980713,86.16490173339844,165.73641967773438
0.022216796875,1.15576171875,-0.107666015625,45.166015625,-9.33837890625,-14.2822265625,-2.8733131885528564,88.3416976928711,165.31727600097656
-0.00634765625,1.265380859375,-0.159423828125,59.4482421875,7.62939453125,-23.5595703125,-1.809158563613892,91.04199981689452,165.6063995361328
0.015380859375,1.427734375,-0.123291015625,55.7861328125,-1.8310546875,-41.93115234375,-0.005306235514581204,93.2640380859375,165.45999145507812
0.041748046875,1.318115234375,-0.1005859375,37.841796875,-16.29638671875,-43.45703125,1.6984256505966189,94.79854583740234,164.93728637695312
0.1025390625,1.262451171875,-0.080322265625,25.5126953125,-25.0244140625,-35.5224609375,2.951906681060791,95.72268676757812,164.072265625
0.031494140625,1.03173828125,-0.006591796875,-3.0517578125,-31.43310546875,-28.25927734375,3.894730567932129,94.94180297851562,162.71762084960938
0.114013671875,0.777587890625,-0.213623046875,-13.73291015625,-38.75732421875,-33.26416015625,4.882116317749023,94.67697143554688,161.3147430419922
0.028076171875,0.962646484375,-0.2666015625,-0.91552734375,-31.31103515625,-31.31103515625,5.98001766204834,94.94552612304688,160.20689392089844
-0.083740234375,1.08642578125,-0.1435546875,12.20703125,-30.21240234375,-24.47509765625,7.039324760437013,95.50092315673828,159.17837524414062
-0.15625,1.060791015625,-0.12158203125,21.240234375,-17.02880859375,-35.64453125,8.574385643005371,96.30357360839844,158.65098571777344
-0.162841796875,0.99658203125,-0.1171875,24.0478515625,-12.6953125,-44.7998046875,10.432581901550293,97.21707916259766,158.36013793945312
-0.093505859375,0.940185546875,-0.18017578125,23.13232421875,-11.8408203125,-40.0390625,11.543363571166992,98.09795379638672,157.92919921875
-0.0341796875,0.9453125,-0.192138671875,17.578125,-28.25927734375,4.08935546875,11.173974990844727,98.69295501708984,156.7879180908203
-0.05419921875,0.951416015625,-0.115234375,17.822265625,-33.14208984375,41.8701171875,9.41891098022461,99.03235626220705,155.17254638671875
-0.096923828125,0.914306640625,-0.091064453125,21.66748046875,-31.005859375,61.03515625,7.090013027191162,99.3827896118164,153.54229736328125
-0.17822265625,0.8447265625,-0.148193359375,8.23974609375,-26.123046875,40.58837890625,5.85369873046875,99.57185363769531,152.2318115234375
-0.186279296875,0.7509765625,-0.176025390625,1.3427734375,-35.21728515625,-3.47900390625,6.53413724899292,99.6025390625,150.87118530273438
-0.08935546875,0.735107421875,-0.2216796875,0.48828125,-37.29248046875,-50.78125,9.151227951049805,99.6940460205078,149.9955596923828
-0.0068359375,0.917236328125,-0.252685546875,-21.1181640625,-15.07568359375,-69.51904296875,11.638272285461426,99.03884887695312,149.89813232421875
0.175537109375,1.0146484375,-0.25439453125,-46.2646484375,3.41796875,-35.58349609375,12.2000732421875,97.44966888427734,150.3021697998047
0.0283203125,0.946044921875,-0.19384765625,-63.41552734375,29.296875,13.18359375,10.425317764282227,95.25852966308594,151.6880645751953
-0.32080078125,0.85546875,-0.08056640625,-61.46240234375,45.59326171875,47.79052734375,8.783957481384277,93.07307434082031,153.37342834472656
-0.43994140625,0.8935546875,-0.144775390625,-53.89404296875,24.5361328125,30.09033203125,8.216116905212402,91.2627182006836,154.33334350585938
-0.26416015625,0.821533203125,-0.18603515625,-50.72021484375,9.1552734375,-6.89697265625,9.204715728759766,89.75923919677734,154.67486572265625
-0.209228515625,0.72509765625,-0.171142578125,-33.38623046875,4.69970703125,-29.84619140625,10.661018371582033,88.96015930175781,154.93479919433594
-0.157958984375,0.656494140625,-0.16748046875,-12.87841796875,0.06103515625,-26.79443359375,11.839438438415527,89.02670288085938,155.03013610839844
-0.04443359375,0.764892578125,-0.1611328125,-5.0048828125,7.62939453125,-4.08935546875,11.418054580688475,89.35652923583984,155.68067932128906
-0.1416015625,0.784423828125,-0.086669921875,-11.41357421875,27.03857421875,18.12744140625,10.655844688415527,89.3742446899414,156.84027099609375
-0.151611328125,0.85009765625,-0.078369140625,-15.80810546875,19.34814453125,15.31982421875,10.030263900756836,89.10408020019531,157.67388916015625
-0.122314453125,0.96630859375,-0.139892578125,-14.6484375,14.95361328125,1.8310546875,10.026655197143556,89.07614135742188,158.37123107910156
-0.123779296875,0.9501953125,-0.18994140625,-14.7705078125,15.44189453125,-11.77978515625,10.402400970458984,89.06710815429688,159.07546997070312
-0.088134765625,0.887939453125,-0.2470703125,-15.2587890625,14.70947265625,-13.24462890625,10.756024360656738,89.20671844482422,159.78431701660156
-0.148193359375,0.94091796875,-0.230224609375,-16.05224609375,15.93017578125,-6.65283203125,10.848172187805176,89.22920989990234,160.53173828125
-0.2099609375,0.977783203125,-0.245361328125,-31.18896484375,10.986328125,-4.0283203125,11.064513206481934,88.63489532470703,161.08377075195312
-0.2412109375,0.92041015625,-0.205078125,-41.015625,6.28662109375,-19.8974609375,12.00627326965332,87.56754302978516,161.4159698486328
-0.238525390625,0.9306640625,-0.252685546875,-24.71923828125,1.40380859375,-45.59326171875,13.918679237365724,87.24510955810547,161.53514099121094
-0.26171875,0.822509765625,-0.22119140625,-2.13623046875,3.23486328125,-61.58447265625,16.523078918457028,87.84253692626953,161.73226928710938
-0.234130859375,0.83642578125,-0.19775390625,12.20703125,4.150390625,-66.40625,19.13922691345215,88.96142578125,162.0100555419922
-0.233642578125,0.901123046875,-0.142822265625,-5.43212890625,4.5166015625,-58.65478515625,21.296615600585934,89.19188690185547,162.3014678955078
-0.19775390625,0.918212890625,-0.109375,-27.587890625,2.38037109375,-51.6357421875,22.994983673095703,88.41338348388672,162.4797821044922
-0.23095703125,0.902099609375,-0.11865234375,-41.80908203125,0.9765625,-51.8798828125,24.72415542602539,87.08979034423828,162.59034729003906
-0.265869140625,0.87109375,-0.127685546875,-27.64892578125,-3.2958984375,-54.5654296875,26.58831596374512,86.3177719116211,162.5087432861328
-0.2841796875,0.86572265625,-0.13037109375,-12.51220703125,0.3662109375,-53.03955078125,28.37481117248535,86.25617980957031,162.60623168945312
-0.33984375,0.856201171875,-0.1455078125,-10.55908203125,-1.220703125,-52.42919921875,30.200572967529297,86.2773208618164,162.66477966308594
-0.369140625,0.75927734375,-0.149658203125,-24.59716796875,-4.7607421875,-50.537109375,32.03984832763672,85.69359588623047,162.59083557128906
-0.35498046875,0.73876953125,-0.13330078125,-36.19384765625,-1.40380859375,-48.7060546875,33.73305130004883,84.70429229736328,162.66082763671875
-0.370849609375,0.785400390625,-0.095947265625,-38.9404296875,2.5634765625,-56.640625,35.667884826660156,83.57571411132812,162.8068084716797
-0.41357421875,0.846435546875,-0.05078125,-22.76611328125,1.5869140625,-55.72509765625,37.50857543945313,82.93822479248047,162.81922912597656
-0.46630859375,0.798095703125,-0.058837890625,-15.2587890625,-4.57763671875,-49.13330078125,39.15481567382813,82.45980072021484,162.57005310058594
-0.4501953125,0.71337890625,-0.037353515625,-17.822265625,-1.77001953125,-52.6123046875,40.95949172973633,81.88905334472656,162.397216796875
-0.514892578125,0.778564453125,-0.017333984375,-40.4052734375,14.58740234375,-67.19970703125,43.40091323852539,80.8337173461914,162.91513061523438
-0.509765625,0.818359375,-0.034912109375,-49.560546875,11.474609375,-84.8388671875,46.3691635131836,79.25418090820312,163.12179565429688
-0.505126953125,0.823486328125,-0.048828125,-40.52734375,12.0849609375,-85.693359375,49.25346755981445,78.10782623291016,163.35829162597656
-0.523193359375,0.7412109375,-0.045166015625,-15.68603515625,13.12255859375,-78.67431640625,51.90229797363281,78.07462310791016,163.74766540527344
-0.565673828125,0.7353515625,-0.0537109375,-6.8359375,9.6435546875,-76.2939453125,54.41980743408203,78.28492736816406,164.00482177734375
-0.532958984375,0.7685546875,-0.02587890625,-9.6435546875,4.94384765625,-72.998046875,56.55864715576172,78.06853485107422,163.9374542236328
-0.54541015625,0.774169921875,-0.058837890625,-13.18359375,3.90625,-65.00244140625,58.32889938354492,77.88218688964844,164.03712463378906
-0.569091796875,0.784423828125,-0.08203125,-20.5078125,5.7373046875,-69.39697265625,60.25725555419922,77.54927062988281,164.29454040527344
-0.633056640625,0.77294921875,-0.0634765625,-25.7568359375,6.4697265625,-87.890625,62.94050598144531,76.60778045654297,164.1577606201172
-0.672119140625,0.73828125,-0.05029296875,-4.39453125,8.48388671875,-97.83935546875,66.01557922363281,76.33601379394531,163.8722381591797
-0.6767578125,0.709716796875,-0.061767578125,13.73291015625,5.126953125,-79.1015625,68.27670288085939,76.933837890625,163.76197814941406
-0.647216796875,0.6943359375,-0.062255859375,15.93017578125,0.79345703125,-70.61767578125,70.06710815429689,77.41455841064453,163.4567108154297
-0.67919921875,0.681396484375,-0.0732421875,3.11279296875,2.5634765625,-68.78662109375,71.80198669433594,77.65277862548828,163.4652557373047
-0.70654296875,0.72119140625,-0.0673828125,-2.9296875,5.4931640625,-68.90869140625,73.47029113769531,77.98213958740234,163.85633850097656
-0.716796875,0.702880859375,-0.0888671875,-2.197265625,-2.62451171875,-64.8193359375,74.90150451660156,77.46605682373047,163.34585571289062
-0.7470703125,0.579833984375,-0.084716796875,-0.54931640625,-13.916015625,-70.6787109375,76.59822845458984,74.522216796875,160.32220458984375
-0.78466796875,0.56201171875,-0.06787109375,-5.4931640625,-17.08984375,-75.86669921875,78.36444854736328,69.19987487792969,155.13401794433594
-0.768310546875,0.575439453125,-0.040771484375,-11.16943359375,-10.009765625,-72.81494140625,79.86565399169922,63.47400665283203,149.8100128173828
-0.817626953125,0.584228515625,-0.05078125,-18.310546875,0.244140625,-76.2939453125,81.48465728759766,57.39690017700195,144.5237274169922
-0.826416015625,0.5380859375,-0.09521484375,-15.2587890625,-3.72314453125,-77.33154296875,82.89515686035156,46.75099563598633,134.53268432617188
-0.80322265625,0.4560546875,-0.09228515625,-4.21142578125,-5.18798828125,-71.2890625,83.81937408447266,30.217439651489254,117.90733337402344
-0.842041015625,0.404296875,-0.103759765625,8.11767578125,-4.69970703125,-70.4345703125,84.29037475585938,3.581141710281372,89.64710998535156
-0.865234375,0.451904296875,-0.072021484375,10.07080078125,-2.74658203125,-72.998046875,84.14957427978516,-26.608509063720703,57.29911804199219
-0.8466796875,0.455078125,-0.068115234375,9.8876953125,0.9765625,-71.533203125,83.5928955078125,-48.21783828735352,34.72009658813477
-0.8740234375,0.43115234375,-0.06103515625,9.21630859375,5.31005859375,-67.32177734375,82.81394958496094,-62.284523010253906,20.289709091186523
-0.925537109375,0.41015625,-0.063720703125,5.43212890625,-0.91552734375,-61.03515625,81.8937759399414,-68.83983612060547,13.699010848999025
-0.872314453125,0.38232421875,-0.09033203125,0.6103515625,-4.69970703125,-51.33056640625,81.19212341308594,-72.03988647460938,10.592241287231444
-0.908447265625,0.35009765625,-0.084716796875,-4.94384765625,-1.64794921875,-41.748046875,80.7462387084961,-74.89192962646484,7.984580993652344
-0.940673828125,0.36767578125,-0.107666015625,-7.75146484375,0.8544921875,-40.52734375,80.36821746826172,-78.2987060546875,4.916034698486328
-0.929931640625,0.349365234375,-0.094482421875,-5.79833984375,1.3427734375,-40.0390625,79.97322082519531,-81.17449188232422,2.3095216751098637
-0.867919921875,0.298583984375,-0.109619140625,-4.33349609375,-0.06103515625,-31.06689453125,79.83975982666016,-83.42899322509766,0.2463531494140625
-0.85546875,0.318359375,-0.10595703125,-5.859375,-0.79345703125,-20.1416015625,80.12759399414062,-85.10652923583984,-1.2316594123840332
-0.852294921875,0.361083984375,-0.116455078125,-11.16943359375,-6.2255859375,-9.46044921875,80.83161163330078,-85.44396209716797,-1.2161703109741209
-0.939697265625,0.354736328125,-0.118896484375,-13.61083984375,-9.46044921875,-9.58251953125,81.41741180419922,-84.7885971069336,-0.106964111328125
-0.950439453125,0.30078125,-0.11376953125,-8.544921875,-5.31005859375,-19.47021484375,81.56050109863281,-85.47589874267578,-0.4653587341308594
-0.966796875,0.278564453125,-0.10107421875,-1.64794921875,0.30517578125,-31.67724609375,81.25194549560547,-87.67858123779297,-2.516998767852783
-0.920166015625,0.283447265625,-0.072509765625,1.15966796875,1.64794921875,-37.41455078125,80.78085327148438,-89.48389434814453,-4.257565975189209
-0.918701171875,0.320556640625,-0.062744140625,-3.23486328125,0.732421875,-32.1044921875,80.56582641601562,-90.7833251953125,-5.371620655059815
-0.918701171875,0.27490234375,-0.1162109375,-9.033203125,-2.197265625,-24.84130859375,80.52155303955078,-92.32380676269531,-6.508312225341798
-0.921630859375,0.266845703125,-0.127197265625,-13.0615234375,-1.708984375,-18.61572265625,80.6691665649414,-94.37722778320312,-8.029533386230469
-0.9384765625,0.258544921875,-0.112548828125,-10.80322265625,-0.42724609375,-16.54052734375,80.85232543945312,-96.47672271728516,-9.69805145263672
-0.989990234375,0.278564453125,-0.09130859375,-10.3759765625,1.40380859375,-20.751953125,80.8893051147461,-98.5093765258789,-11.290739059448242
-0.920654296875,0.2294921875,-0.1044921875,-9.33837890625,0.732421875,-26.9775390625,80.6510238647461,-100.1969223022461,-12.513625144958494
-0.894775390625,0.205078125,-0.09912109375,-11.41357421875,2.44140625,-15.80810546875,80.74597930908203,-102.84326171875,-14.680742263793945
-0.91015625,0.210205078125,-0.118896484375,-13.73291015625,0.91552734375,-1.5869140625,81.2927017211914,-106.59487915039062,-17.947616577148438
-0.967529296875,0.246826171875,-0.11474609375,-15.625,-3.662109375,7.99560546875,82.16771697998047,-110.4969253540039,-21.401424407958984
-0.982177734375,0.261962890625,-0.123291015625,-13.73291015625,-2.44140625,4.150390625,82.8255615234375,-115.5695343017578,-26.082921981811523
-1.0107421875,0.236083984375,-0.123046875,-11.77978515625,0.48828125,-5.126953125,83.075927734375,-120.46070098876952,-30.50922966003418
-0.989990234375,0.23095703125,-0.132568359375,-9.09423828125,4.150390625,-17.02880859375,82.92916870117188,-124.16809844970705,-33.67383575439453
-0.9375,0.267333984375,-0.115234375,-11.53564453125,2.62451171875,-19.22607421875,82.82430267333984,-126.95841979980469,-35.85356903076172
-0.93212890625,0.249267578125,-0.106201171875,-12.3291015625,3.2958984375,-13.48876953125,82.82222747802734,-130.95179748535156,-39.22339630126953
-0.920654296875,0.210205078125,-0.137451171875,-17.02880859375,-0.244140625,-2.50244140625,83.02090454101562,-137.33247375488278,-44.80243682861328
-0.8876953125,0.18017578125,-0.1494140625,-20.3857421875,-2.5634765625,4.39453125,83.28524780273438,-146.0512237548828,-52.515098571777344
-0.840576171875,0.15478515625,-0.147216796875,-22.03369140625,-1.708984375,18.37158203125,83.55216979980469,-162.3470458984375,-67.39820861816406
-0.836181640625,0.11328125,-0.13720703125,-24.169921875,1.64794921875,47.4853515625,83.42052459716797,166.36395263671875,-96.44050598144531
-0.816650390625,0.168701171875,-0.116455078125,-23.37646484375,0.79345703125,76.59912109375,81.97901916503906,133.86993408203122,-127.43655395507812
-0.861083984375,0.225830078125,-0.12841796875,-26.06201171875,-0.67138671875,102.47802734375,78.73080444335938,115.7201919555664,-144.94940185546875
-0.87109375,0.27490234375,-0.128173828125,-28.4423828125,-6.16455078125,129.39453125,73.96728515625,105.51014709472656,-154.5183868408203
-0.8974609375,0.309814453125,-0.15576171875,-29.72412109375,-5.55419921875,136.53564453125,68.69010925292969,100.38843536376952,-158.86744689941406
-0.892578125,0.350830078125,-0.153564453125,-28.50341796875,-7.568359375,134.521484375,63.47401428222656,97.1492691040039,-161.33616638183594
-0.794189453125,0.453125,-0.08056640625,-20.3857421875,-5.859375,137.6953125,57.95666885375977,94.95459747314452,-163.01028442382812
-0.78076171875,0.504150390625,-0.10302734375,-16.2353515625,-4.39453125,140.07568359375,52.39188766479492,93.66632080078124,-163.92564392089844
-0.802734375,0.51416015625,-0.155029296875,-17.39501953125,1.64794921875,133.6669921875,47.26657104492188,93.09542846679688,-164.02198791503906
-0.862060546875,0.433349609375,-0.1640625,-15.44189453125,-0.6103515625,117.24853515625,43.21424102783203,92.65705871582031,-164.09921264648438
-0.774169921875,0.427001953125,-0.146728515625,-12.20703125,-13.12255859375,120.05615234375,39.14177703857422,91.94458770751952,-164.80661010742188
-0.689208984375,0.50048828125,-0.132080078125,-6.89697265625,-18.06640625,125.6103515625,34.73574066162109,91.37353515625,-165.69467163085938
-0.697265625,0.601318359375,-0.1171875,1.28173828125,-17.51708984375,129.8828125,30.14292335510254,91.18499755859376,-166.52821350097656
-0.71142578125,0.573486328125,-0.1044921875,7.87353515625,-13.24462890625,126.220703125,25.935606002807614,91.40113067626952,-167.1565399169922
-0.69189453125,0.570556640625,-0.136962890625,15.68603515625,-7.14111328125,118.65234375,22.14938735961914,92.16146850585938,-167.50360107421875
-0.6962890625,0.577880859375,-0.14453125,8.48388671875,-5.37109375,101.98974609375,19.15255546569824,92.6689682006836,-167.81236267089844
-0.604248046875,0.543212890625,-0.11328125,-2.50244140625,-6.34765625,90.39306640625,16.648487091064453,92.6747817993164,-168.19285583496094
-0.54638671875,0.578857421875,-0.05322265625,-11.1083984375,-3.23486328125,74.40185546875,14.707700729370115,92.22051239013672,-168.45912170410156
-0.469970703125,0.618408203125,-0.077880859375,-16.17431640625,0.30517578125,82.09228515625,12.300575256347654,91.69570922851562,-168.5430145263672
-0.44287109375,0.58203125,-0.10205078125,-22.5830078125,5.2490234375,93.8720703125,9.502655982971193,91.06715393066406,-168.38905334472656
-0.45751953125,0.494873046875,-0.1015625,-31.73828125,9.521484375,107.48291015625,6.445308208465576,90.14268493652344,-168.0298614501953
-0.453369140625,0.52001953125,-0.06689453125,-33.63037109375,27.52685546875,136.16943359375,2.309013843536377,89.08802032470703,-166.90151977539062
-0.435302734375,0.669921875,-0.055419921875,-35.5224609375,35.33935546875,135.986328125,-1.9181941747665403,87.84759521484375,-165.3719940185547
-0.409912109375,0.767578125,-0.0390625,-32.65380859375,41.93115234375,124.32861328125,-5.655607223510742,86.58025360107422,-163.49069213867188
-0.280029296875,0.78466796875,-0.053955078125,-18.9208984375,54.13818359375,116.69921875,-9.192031860351562,85.7646713256836,-161.05072021484375
-0.235595703125,0.71142578125,-0.0771484375,-5.92041015625,65.00244140625,116.5771484375,-12.59117603302002,85.34390258789062,-158.12908935546875
-0.193359375,0.600341796875,-0.073486328125,8.056640625,67.9931640625,106.689453125,-15.480224609375,85.33729553222656,-155.0926971435547
-0.134765625,0.5986328125,-0.0537109375,11.8408203125,69.7021484375,76.66015625,-17.244552612304688,85.29903411865234,-152.0519256591797
-0.1220703125,0.667236328125,-0.0263671875,13.427734375,69.2138671875,59.6923828125,-18.34537506103516,85.15547943115234,-149.0388641357422
-0.045166015625,0.83935546875,-0.129638671875,11.77978515625,58.59375,55.7861328125,-19.56368637084961,85.3099136352539,-146.5562744140625
-0.05078125,0.904541015625,-0.187744140625,-4.0283203125,48.64501953125,80.01708984375,-21.734447479248047,84.98822784423828,-144.4379425048828
-0.047607421875,0.72119140625,-0.1083984375,-10.3759765625,52.06298828125,106.38427734375,-24.808216094970703,84.07320404052734,-141.97718811035156
-0.040283203125,0.617919921875,-0.0244140625,-7.38525390625,75.86669921875,116.39404296875,-27.991065979003906,82.35739135742188,-138.18309020996094
-0.056884765625,0.7998046875,-0.031982421875,-4.94384765625,88.92822265625,69.2138671875,-29.01280212402344,80.45992279052734,-133.94580078125
-0.047607421875,0.9873046875,-0.1220703125,-12.14599609375,65.24658203125,20.5078125,-28.21855545043945,79.22175598144531,-131.22427368164062
0.01953125,1.014404296875,-0.193603515625,-23.5595703125,37.17041015625,5.4931640625,-27.188373565673828,78.42623901367188,-129.98040771484378
0.22119140625,0.7900390625,0.00927734375,-18.1884765625,40.6494140625,26.0009765625,-27.42632293701172,77.21524810791016,-128.15913391113278
0.248779296875,0.862548828125,0.07275390625,-6.591796875,65.5517578125,18.98193359375,-27.12130355834961,75.86923217773438,-125.24712371826172
0.00537109375,1.137939453125,0.0283203125,-12.5732421875,76.5380859375,-0.9765625,-25.310848236083984,74.46028900146484,-122.22020721435548
-0.078125,1.361328125,-0.09716796875,-42.41943359375,31.25,-16.90673828125,-23.289201736450195,73.13739013671875,-121.47605895996094
0.224365234375,1.134521484375,-0.0263671875,-53.52783203125,-3.2958984375,-3.60107421875,-22.757360458374023,71.81663513183594,-121.96173095703124
0.425537109375,1.0927734375,0.021240234375,-39.73388671875,24.0478515625,21.05712890625,-23.220199584960934,70.38788604736328,-120.93578338623048
0.0712890625,1.4755859375,-0.00732421875,-57.373046875,63.1103515625,19.59228515625,-22.32364273071289,67.81861114501953,-118.42079162597656
0.04443359375,1.41845703125,-0.091064453125,-86.0595703125,49.1943359375,3.5400390625,-20.965375900268555,64.70565032958984,-116.8447723388672
0.191162109375,1.082763671875,-0.097900390625,-81.9091796875,57.67822265625,-3.0517578125,-19.513324737548828,61.89602279663086,-115.14339447021484
0.147705078125,0.775146484375,-0.01806640625,-20.44677734375,97.59521484375,13.24462890625,-17.87922477722168,60.97790145874024,-111.63972473144531
-0.103515625,1.03466796875,-0.062744140625,18.4326171875,93.44482421875,-4.33349609375,-15.153727531433105,62.01820755004883,-108.67781066894531
-0.106689453125,1.2373046875,-0.045166015625,24.7802734375,46.0205078125,-34.60693359375,-12.387961387634276,63.91374969482422,-107.92536926269531
0.004150390625,1.540771484375,-0.176513671875,32.53173828125,13.671875,-41.259765625,-10.253911018371582,66.48857116699219,-108.37850189208984
0.188232421875,1.40771484375,-0.091796875,22.0947265625,24.90234375,-26.42822265625,-8.835868835449219,68.31942749023439,-108.03801727294922
0.1181640625,1.168212890625,-0.027099609375,19.71435546875,58.28857421875,-13.5498046875,-7.40862512588501,69.70413208007811,-106.16648864746094
-0.162353515625,1.111328125,-0.053466796875,24.84130859375,60.48583984375,-10.25390625,-5.6307616233825675,71.32537078857422,-104.11216735839844
-0.176025390625,1.33447265625,-0.125244140625,15.68603515625,29.35791015625,-11.962890625,-4.321284770965576,72.77680969238281,-103.22129821777344
-0.023193359375,1.52294921875,-0.21630859375,-10.68115234375,3.41796875,-14.22119140625,-3.549139499664306,73.31425476074219,-103.32716369628906
0.099609375,1.359375,-0.247314453125,-45.8984375,-12.26806640625,-13.12255859375,-3.2284057140350337,72.5372543334961,-104.01338958740234
0.1904296875,1.0966796875,-0.216552734375,-51.45263671875,-13.12255859375,-2.0751953125,-3.5793423652648926,71.57789611816406,-104.59668731689452
0.053955078125,1.03662109375,-0.2060546875,-34.0576171875,-3.0517578125,3.173828125,-3.729628324508667,71.33785247802734,-104.74281311035156
0.044677734375,1.1513671875,-0.2431640625,-10.1318359375,8.544921875,13.671875,-4.099255084991455,72.04698944091797,-104.32167053222656
0.05615234375,1.19482421875,-0.235595703125,1.0986328125,14.22119140625,18.5546875,-4.598844528198242,73.1290054321289,-103.63494873046876
0.01220703125,1.1513671875,-0.246337890625,9.46044921875,14.892578125,20.93505859375,-5.099645614624023,74.5317611694336,-102.9157485961914
-0.027587890625,1.0830078125,-0.17724609375,8.97216796875,-3.173828125,21.3623046875,-5.713088512420653,75.82646179199219,-102.9048080444336
-0.076416015625,1.0322265625,-0.100341796875,4.33349609375,-11.29150390625,15.56396484375,-6.041001796722412,76.78680419921875,-103.27395629882812
-0.046875,1.0078125,-0.05078125,-0.244140625,-16.845703125,8.97216796875,-6.201583385467528,77.45904541015625,-103.9205322265625
0.0498046875,0.996826171875,-0.03076171875,0.1220703125,-10.43701171875,1.5869140625,-6.224018573760986,78.0576400756836,-104.37742614746094
0.0771484375,1.0654296875,-0.10693359375,-5.859375,-0.48828125,5.79833984375,-6.381025791168213,78.50071716308594,-104.4241180419922
0.105224609375,1.0703125,-0.156005859375,-14.83154296875,-0.8544921875,15.869140625,-6.988895893096924,78.65670013427734,-104.41826629638672
-0.026611328125,0.97314453125,-0.114990234375,-17.822265625,-3.72314453125,19.4091796875,-7.4515910148620605,78.6413345336914,-104.5005111694336
-0.083251953125,0.981689453125,-0.139404296875,-15.9912109375,-14.22119140625,14.6484375,-7.666877746582031,78.80891418457031,-105.04833984375
-0.0400390625,1.021728515625,-0.152587890625,-12.451171875,-17.76123046875,6.40869140625,-7.676309585571289,79.1588363647461,-105.80587005615234
0.082763671875,1.03125,-0.14013671875,-6.7138671875,-12.3291015625,-1.03759765625,-7.614002227783202,79.67303466796875,-106.39885711669922
0.1259765625,0.975341796875,-0.1201171875,-8.23974609375,-9.765625,6.04248046875,-7.9180498123168945,80.05564880371094,-106.8336181640625
0.06591796875,0.94921875,-0.08251953125,-8.23974609375,-6.28662109375,13.671875,-8.349132537841799,80.3246841430664,-107.0716781616211
0.16845703125,0.936279296875,-0.086181640625,2.5634765625,-8.97216796875,-13.671875,-7.948304176330566,81.06007385253906,-107.6004638671875
-0.019287109375,1.2451171875,-0.278564453125,-6.53076171875,19.8974609375,-7.99560546875,-7.187613010406494,81.53034210205078,-106.96914672851562
0.018798828125,1.107666015625,-0.13232421875,-4.45556640625,7.99560546875,4.08935546875,-7.066096305847168,81.90067291259766,-106.70111846923828
0.026611328125,1.140380859375,-0.15380859375,-13.36669921875,0.8544921875,2.13623046875,-6.9275007247924805,81.97063446044922,-106.73117065429688
-0.01611328125,0.98583984375,-0.086669921875,-24.658203125,-18.798828125,-3.84521484375,-6.575851440429688,81.57911682128906,-107.56562042236328
0.03076171875,0.977783203125,-0.119384765625,-33.0810546875,-34.72900390625,-8.85009765625,-6.25076150894165,81.01048278808594,-109.07052612304688
0.026611328125,0.968017578125,-0.091064453125,-36.19384765625,-38.26904296875,-17.2119140625,-5.637777328491211,80.28614807128906,-110.76220703125
0.147705078125,1.478271484375,-0.03515625,0.30517578125,-31.6162109375,2.0751953125,-5.9273924827575675,80.84663391113281,-112.04515075683594
0.0068359375,0.99560546875,-0.11962890625,-9.8876953125,-5.2490234375,1.8310546875,-5.820364475250244,81.08831024169922,-112.30662536621094
0.022216796875,0.96435546875,-0.070068359375,-9.33837890625,-4.33349609375,2.01416015625,-5.752201557159424,81.23372650146484,-112.51825714111328
0.011474609375,0.963623046875,-0.064453125,-8.60595703125,-4.150390625,1.77001953125,-5.650035858154298,81.38915252685547,-112.72188568115234
-0.001708984375,0.9873046875,-0.10498046875,-9.1552734375,-2.197265625,1.77001953125,-5.511178970336914,81.59589385986328,-112.85521697998048
-0.000244140625,0.986083984375,-0.0810546875,-8.7890625,-5.0048828125,2.197265625,-5.412009239196777,81.76619720458984,-113.09082794189452
-0.00341796875,0.992919921875,-0.07470703125,-7.50732421875,-4.45556640625,1.77001953125,-5.288503646850586,81.96339416503906,-113.30428314208984
0.007568359375,1.000732421875,-0.100341796875,-7.38525390625,-5.0048828125,2.25830078125,-5.2170748710632315,82.2147445678711,-113.5405502319336
-0.00341796875,0.964599609375,-0.0791015625,-7.32421875,-4.69970703125,1.64794921875,-5.0959882736206055,82.41706085205078,-113.76314544677734
0.007568359375,0.9990234375,-0.078369140625,-8.1787109375,-4.7607421875,2.01416015625,-5.018607139587402,82.56912231445312,-113.9841537475586
0.002685546875,0.9697265625,-0.061279296875,-9.21630859375,-5.06591796875,2.3193359375,-4.945989608764648,82.64031982421875,-114.21197509765624
0.0078125,0.982421875,-0.085693359375,-7.6904296875,-4.8828125,1.64794921875,-4.86083984375,82.82268524169922,-114.43970489501952
0.00732421875,0.98291015625,-0.06396484375,-8.85009765625,-4.7607421875,1.77001953125,-4.7807888984680185,82.90139770507812,-114.65679931640624
-0.00927734375,1.0009765625,-0.06201171875,-8.1787109375,-4.94384765625,1.46484375,-4.654421806335449,82.99726867675781,-114.8813934326172
0.01513671875,0.9833984375,-0.078369140625,-7.9345703125,-4.45556640625,2.197265625,-4.615570068359375,83.13651275634766,-115.08502960205078
-0.00439453125,0.99072265625,-0.058837890625,-8.1787109375,-5.06591796875,1.89208984375,-4.52310037612915,83.21703338623047,-115.31037902832031
0.0048828125,0.981689453125,-0.074462890625,-8.72802734375,-4.82177734375,1.953125,-4.457007884979248,83.30818939208984,-115.52779388427734
0.005126953125,0.973876953125,-0.072998046875,-7.4462890625,-4.33349609375,1.708984375,-4.3818397521972665,83.44332122802734,-115.72602081298828
-0.002685546875,0.97265625,-0.06201171875,-8.11767578125,-4.94384765625,1.708984375,-4.29343843460083,83.52283477783203,-115.94596862792969
-0.011474609375,0.9794921875,-0.07470703125,-8.11767578125,-4.69970703125,2.0751953125,-4.201767921447754,83.62604522705078,-116.15596771240234
-0.002197265625,0.975341796875,-0.095703125,-8.72802734375,-4.638671875,2.197265625,-4.139907360076903,83.74897003173828,-116.36571502685548
-0.001220703125,0.981201171875,-0.062744140625,-9.09423828125,-5.0048828125,2.0751953125,-4.078108787536621,83.7770767211914,-116.58447265625
-0.00146484375,0.99169921875,-0.067626953125,-8.30078125,-4.5166015625,1.89208984375,-4.00884485244751,83.84376525878906,-116.7847137451172
0.003662109375,0.97802734375,-0.0849609375,-8.1787109375,-5.126953125,2.0751953125,-3.9640722274780273,83.95587921142578,-117.01085662841795
-0.00927734375,0.98779296875,-0.067138671875,-8.7890625,-4.638671875,2.25830078125,-3.895817041397095,83.995361328125,-117.21350860595705
-0.011474609375,0.993896484375,-0.076416015625,-8.30078125,-3.84521484375,2.0751953125,-3.814975261688232,84.07040405273438,-117.38610076904295
0.009521484375,0.973876953125,-0.091796875,-7.75146484375,-4.57763671875,1.8310546875,-3.77880597114563,84.20503234863281,-117.59066009521484
-0.0009765625,0.97900390625,-0.060302734375,-8.36181640625,-4.39453125,1.953125,-3.722712278366089,84.23633575439453,-117.78229522705078
-0.010009765625,0.983154296875,-0.068603515625,-8.97216796875,-4.8828125,2.25830078125,-3.6621501445770255,84.26134490966797,-117.99310302734376
-0.005126953125,0.9873046875,-0.0693359375,-7.9345703125,-4.57763671875,1.64794921875,-3.589693784713745,84.3270034790039,-118.19365692138672
-0.00537109375,0.98291015625,-0.058837890625,-8.36181640625,-5.126953125,2.13623046875,-3.540523052215576,84.35076904296875,-118.41226959228516
